31978
31944
31884
32058
32028
32047
32354
32127
32047
31701
32417
31952
32086
32208
31857
32161
32138
31923
32171
31864
32019
31856
31857
31876
32156
31945
31504
31882
32113
31821
31883
31807
31793
31876
31945
31650
32039
32074
32167
31792
32014
31821
31939
31991
32061
31923
31862
31987
32012
32196
31980
31950
32227
31851
32090
32159
32005
31791
31799
31895
32031
31866
32122
32004
32008
32128
31997
31895
31702
31860
32139
31655
32104
32016
31803
31978
31861
31909
31874
31513
31938
32024
31855
31408
31651
31640
31664
31866
31783
31689
31816
31342
31689
31404
31667
31726
31485
31249
31486
31236
31618
31663
31357
31787
31749
31375
31563
31642
31430
31272
31558
31463
31532
31137
31146
31580
31413
31219
31495
31201
31647
31331
31480
31183
31125
31304
31568
30972
30978
31550
31772
31195
30981
31624
31585
31205
31313
31185
30976
31111
31430
31224
31277
31439
30847
31160
30887
30911
30945
31077
31171
31036
30746
31172
30868
30694
30598
30840
31084
30693
30841
30561
30937
30498
30623
30494
30552
30791
30679
30496
30668
30447
30547
30504
30844
30458
30590
30336
30401
30393
30209
30227
30166
30339
30400
30144
30142
29855
30280
30198
30174
30162
29971
30367
29737
29992
29849
30068
29593
29559
29814
29720
29691
29581
29532
29545
29448
29381
29478
29506
29626
28973
29316
29224
29060
29118
29081
29226
29129
28605
28738
28939
28536
28379
28395
28551
28226
28129
28329
28005
27711
27603
27673
27839
27593
27510
27183
27312
27356
27163
26689
26989
27277
27178
27223
27042
27102
26927
27152
27292
27349
27105
27155
27273
27654
27331
27261
27150
27189
27534
27373
27591
27593
27933
27875
28076
28008
28134
28335
28438
28591
28461
28426
28649
28584
28721
28951
28990
28948
29135
28940
28942
29145
29314
29254
29204
29560
29400
29690
29778
29442
29707
29478
29719
29627
29909
29610
29618
29836
29986
29990
29864
30172
30070
29762
30346
30090
30300
30185
29997
30235
30034
30551
30397
30610
30258
30198
30353
30414
30796
30362
30505
30396
30361
30612
30347
30478
30832
30833
30500
30420
30797
30921
30488
30843
30678
30678
30480
30881
30944
30897
30995
30997
30891
30927
31279
31211
31378
31004
31002
30518
31204
31253
30933
30738
31354
31166
31210
31255
31400
31314
31175
31449
31078
31405
31282
31102
31387
31574
31382
31134
31320
31258
31295
31154
31178
31257
31641
31398
31314
31181
31683
31264
31439
31145
31533
31430
31630
31679
31482
31397
31504
31245
31590
31615
31571
31530
31283
31567
31820
31215
31551
31485
32000
31803
31634
31631
32021
31886
31770
31893
31740
31732
31645
31938
31594
31813
31953
31431
31911
32025
31832
31762
31855
31818
32014
31641
31834
32107
31874
31816
31699
31831
31875
31861
31869
31833
31819
31766
31950
32219
32038
32182
31743
32300
32071
31803
31883
31985
31671
31523
32218
32046
32044
32215
32252
31675
32001
31861
32016
32160
31747
32204
32116
31922
31564
32135
31845
31724
31739
31858
31983
32106
31733
32040
31882
31889
31932
31972
31824
31972
31960
31985
32220
32003
32203
31732
32084
31872
32022
31862
31892
31977
31666
32048
32213
32234
32142
31689
31738
31796
32387
31924
32109
31977
31643
31829
31884
31704
32061
32310
31726
31941
31803
32177
31938
31879
31831
32057
32069
31973
32000
32086
32010
31952
32074
31842
32098
32055
31905
32044
32235
31794
31920
32081
32082
32004
31882
32025
31935
32004
31811
32153
31798
31993
31657
31877
31915
32031
32178
31837
32305
31868
31954
31963
32108
32039
31942
32061
31773
31958
31786
31742
31959
31520
31807
31974
32193
32262
31860
31831
32119
31819
32029
31874
31978
31876
32084
31892
31856
31873
32044
31995
31696
31743
31664
31916
31649
32057
31826
31901
31746
31741
31803
31954
32162
32049
31830
31700
32151
31282
31582
31594
31611
31948
31990
31727
31792
32053
31882
31528
31843
31542
31457
31574
31613
31869
31457
31276
31461
31215
31499
31785
31504
31712
31365
31474
31562
31564
31531
31495
31623
31659
31586
31430
31498
31653
31461
31441
31619
31023
31246
31188
31027
31585
31229
31338
31185
31510
31463
31125
31190
31328
31182
31273
31248
31340
31094
30943
30773
31160
31008
30953
31121
31115
31306
31234
31027
30822
31372
31020
31176
30958
30864
31126
30892
30880
30897
31216
30903
30883
31014
30678
30649
30866
31049
30781
30610
30584
30441
30779
30724
30312
30790
30470
30627
30545
30395
30154
30154
30478
30399
30427
30558
30467
30231
30379
30166
30226
30185
29855
29995
30061
30520
29826
29872
29830
30233
29839
29623
29768
29687
29859
30117
29841
29730
29500
29725
29588
29462
29684
29476
29467
29311
29440
29338
29357
29093
29056
29338
28932
28929
28892
29036
28921
28682
28771
28780
28729
28717
28334
28311
28102
28214
28045
28319
28040
28027
27640
27761
27470
27771
27523
27544
27309
26917
27171
26955
27163
27418
27007
27144
26869
27113
26883
26918
26937
26990
27100
27056
26926
27060
26971
27125
27322
27295
27422
27700
27288
27689
27743
27999
28027
28155
28300
28299
28292
28473
28562
28558
28660
28668
28598
28818
29081
28730
29162
29180
28808
28952
29044
29049
29120
29427
29242
29515
29270
29679
29652
29605
29715
29384
29857
29778
29985
29623
30190
29721
29652
29660
30100
30125
29904
30321
29825
30261
29986
30165
30131
29896
30285
30149
30270
30415
30060
30354
30161
30351
30346
30570
30410
30748
30299
30876
30615
30673
30796
30801
30912
30558
30686
30901
30823
30904
30688
30602
30794
30721
30877
30735
30608
31023
31050
30968
31156
30856
30760
30796
31085
31000
31156
31016
31159
31286
31020
30998
31069
30980
31170
31468
31410
30964
31516
31178
31334
31188
31194
31174
31007
31350
31376
31201
31188
31263
31221
31280
31337
31069
31173
31245
31821
31388
31487
31494
31279
31477
31566
31440
31375
31352
31495
31216
31630
31930
31638
31070
31876
31617
31837
31614
31539
31790
31760
31611
31357
31943
32293
31535
31773
31654
31742
32002
31729
31629
31950
31572
31731
31906
31481
31714
31681
31657
31542
31799
31696
31732
31768
31657
31818
31553
31737
31867
31940
32089
31700
31860
31909
31925
31902
32003
31983
32062
31920
31951
31912
32248
32283
32126
32255
32098
31641
31981
31906
32145
31661
32008
31863
31846
32109
31908
32005
31943
31908
31840
32016
32047
31994
31895
32184
32315
32188
32270
32120
31954
31935
32279
32306
31859
31939
31968
32048
32275
32007
32159
31957
32178
32184
31854
32115
31879
32030
32343
31832
