141084
141140
141351
141060
140787
141598
140768
140896
140524
141145
140824
141463
141353
139811
140502
140263
140946
141109
141048
141345
140578
141109
140772
141132
141086
141045
140597
140784
141117
140733
140743
140669
140732
140594
140879
140613
140745
140470
140249
141168
140850
140808
140614
140522
140544
140668
140308
140262
139917
140256
140175
139962
140278
140036
139788
140330
138861
139559
139499
140251
138608
138643
138979
138082
137910
136506
135339
134687
134187
132736
131431
131037
130053
129450
128510
127184
126806
125193
124527
123835
123594
124341
122642
123497
123304
123997
124375
125184
125010
125461
125738
126115
126515
127074
127682
128046
128651
128638
129508
130726
130961
131159
132312
132787
132954
133554
133979
133456
134176
134232
134841
134313
135318
136314
136325
136473
137025
136745
136087
136364
136703
137878
136758
137264
137799
138427
137240
137810
137984
138081
137864
137726
136947
137205
136949
137601
136482
136834
135928
134818
134292
132924
131796
130794
129028
128270
126316
125620
124976
124520
125319
124066
124272
124513
125760
126345
126787
126777
127987
128849
129464
130359
130689
131249
131422
132515
132957
134116
134724
134603
135316
135682
136558
136478
136962
137015
137232
137994
137422
137874
138380
138214
139106
138657
139356
139022
139052
138805
139538
139875
138356
139403
139245
139477
139855
139125
139658
140059
139733
139828
139431
139604
138970
139747
139357
138397
138521
138862
138680
137026
137302
136033
135457
134553
132840
131320
129917
128820
128151
128058
127668
128309
129087
128959
129513
130591
132387
133070
134678
135121
135888
136027
136220
137536
137741
138376
138634
138710
138121
138580
139272
139829
139411
138998
139442
139528
139244
140031
139942
140345
139580
139671
139741
139887
139311
139863
138547
139097
138855
137642
137392
137406
137646
136043
134626
133830
132123
131533
130397
128864
128240
127362
128326
127171
128340
129211
130628
130771
132661
134485
134915
136326
136387
137701
137324
138518
138456
139371
138166
139093
139285
139591
139044
139215
139277
139633
139050
140173
140107
139883
140024
139251
139801
139182
139572
139378
139535
139012
139651
138700
139145
138512
139129
138808
138396
137808
137692
137895
136989
137239
136510
135891
135825
135539
134207
134149
133264
133165
132841
131849
131238
130457
129148
128776
127121
126801
126176
125189
125235
123939
123677
123963
123762
124701
124908
125540
126978
127815
129497
130287
131846
132511
133680
134651
135373
137050
136605
137360
137825
138413
138524
138426
137622
138339
138934
137966
138766
138793
138133
138069
138416
138416
137853
137447
137431
137550
137546
137746
137008
136183
137370
136871
136258
136163
135949
134642
135812
135065
134840
134450
134367
132721
133376
132609
132608
131714
130865
130784
130043
129353
129144
128257
127627
126788
126522
125721
125083
124138
123943
123201
123100
123245
122966
122538
122668
123104
123192
123731
124867
125864
126477
128494
129336
130443
132037
133126
134794
135147
136252
137245
137301
138359
138673
139043
139634
138937
139552
140005
140013
139611
140178
141013
140138
140097
140243
139982
140183
140043
141157
140172
140602
140022
141299
140463
140636
140857
140412
140386
140907
140352
140611
141018
141177
140819
140425
140798
141134
141413
140475
141429
140920
141415
140417
140426
140498
141310
141346
140862
141252
141908
140820
140523
140679
141832
141524
140766
141245
140777
141355
140821
141068
140898
140010
141838
141081
141479
140836
140369
141560
141141
141383
140393
141230
140757
140596
141762
141513
141269
141100
140766
141223
140618
141006
141576
141201
140803
141033
141778
141318
141821
141704
141082
140687
141516
141178
141046
141057
141589
141226
141222
140874
140595
141080
142380
141247
141203
141417
140933
140600
141275
140752
141541
141697
141574
140724
140811
141141
140842
140554
140855
140522
140794
140331
140863
141152
141710
141500
140925
140745
140847
140829
141373
140603
140411
140623
140817
140295
139926
141615
140570
140859
140786
140958
140296
140190
140557
140114
139572
140457
139778
139627
139630
139411
139373
139695
139604
140101
138460
139046
139065
138570
137549
137657
136195
135055
134920
133508
131916
130042
128337
128038
127237
125879
125176
123597
124107
123393
122316
122565
122507
122672
122379
122612
123073
123954
124822
125060
126011
125764
126713
127945
127948
129424
129314
129041
129975
130898
132069
131557
132386
133473
133275
134359
134719
134966
134477
134988
135687
136228
136251
136369
136089
136697
136540
136810
137232
137234
137008
137836
137812
137708
137640
137644
138218
137994
137742
138097
138018
138271
137819
136938
137801
138191
136732
136871
136534
136715
135695
134452
134204
133050
131699
130482
129540
127841
125864
125254
124463
124075
123516
123804
123684
124007
124420
124109
125681
126476
126901
128248
129225
129602
130271
131877
131250
132536
133418
134212
135198
134706
135559
135565
136106
136603
137017
136982
138077
137147
137578
137948
138295
137548
138122
138489
138722
139303
139152
138715
139087
138507
138690
139556
138909
138454
138950
138597
139049
138859
139451
139040
138995
138427
138345
138488
138491
138257
137593
138865
137616
137370
136365
136976
135451
133978
132971
130959
130432
129175
128566
127909
127862
127181
127327
128115
129353
129833
131795
132675
133899
134042
135755
136554
137147
137601
137872
138942
139158
138465
139024
138753
139899
139553
138838
139575
139826
139597
140028
139123
138864
139705
139539
139197
139207
138582
138910
138570
139042
138326
137268
137146
135903
136612
135626
134317
133654
133529
132004
131189
130137
129285
128537
127569
127487
127617
127925
128349
129516
130245
131488
133643
134614
135885
135989
137507
137791
137740
138263
138318
138843
139067
139489
139054
139030
139111
139792
139319
139224
139602
139192
138767
138672
139092
138603
138823
138662
138158
138392
137712
138695
138323
138841
138478
137674
137950
137172
137086
137789
136714
135855
136739
135062
135810
134842
134745
134073
133573
133429
132541
131696
131110
130404
129911
129214
128605
127850
127088
126040
126012
125025
124152
123646
123393
123731
124158
125119
125303
126110
126701
127770
129537
130913
131738
133688
134066
134691
135885
135946
136416
136573
137833
137514
137184
137455
137768
138140
137013
137199
136987
137554
137130
137902
137441
137180
137404
137146
136673
135410
135988
136080
135160
135095
135789
135452
134951
133517
133818
133169
132983
132064
132609
132038
131244
130868
130581
130163
129763
128874
128306
127253
127604
126758
126442
125862
125381
124910
124490
123803
124108
123875
124004
123233
123442
123329
123336
123622
124563
125194
126294
126782
127490
128917
130538
131729
133227
134176
134615
135639
135865
137131
137514
137319
138292
138602
139091
139114
140126
139672
139738
140234
139771
140011
139745
139891
140538
140045
140491
140724
140114
140050
140646
141015
139839
141000
140627
141223
140915
140069
141040
140486
140840
141137
140884
140335
140573
140975
140719
141457
140953
141004
140673
140245
141338
141003
140553
140833
140831
140662
140730
140626
140706
141273
140922
140528
140900
140577
140974
140970
140889
141012
140998
140737
141199
140935
140610
