24891
24830
24909
24782
25046
24964
24920
24797
24717
25144
24732
25259
25012
24808
24706
25167
24778
24965
24948
25168
24624
24767
24844
24743
24897
25049
24956
25349
24779
24954
25149
24719
24918
24865
24873
25102
24675
24956
24882
24927
24878
24801
25009
25102
24937
24644
24793
24665
24795
24506
24832
24746
24759
24830
25067
24680
24828
24698
24702
24819
24682
24693
24620
24597
24726
24405
24372
24458
24212
24496
24227
24507
24118
23987
24062
24084
23942
23753
23529
23673
23451
23198
23119
22909
22906
22731
22886
22572
22502
22738
22627
22473
22819
22684
22553
22519
22493
22755
22641
22784
22886
22920
23120
22941
23130
23041
23158
23417
23298
23305
23160
23236
23241
23241
23717
23461
23434
23479
23750
23518
23524
23931
23559
23671
23589
23769
23871
23880
23733
23699
23765
23865
23833
23582
23636
24066
24004
24090
23915
23968
23928
23844
23734
23770
23643
23281
23349
22999
23056
22803
22624
22551
22406
22641
22592
22436
22754
22611
22390
22543
22631
22492
23020
22872
23121
22988
22944
23107
23154
23108
23113
23493
23392
23592
23523
23658
23380
23685
23440
23715
23683
23860
23881
24125
23775
23769
24116
24197
24222
24005
24323
24172
24163
24360
24173
24087
24239
24280
24307
24303
24188
24062
24182
24327
24130
24217
24114
24266
24129
24037
23964
24184
24101
23817
23862
23975
23365
23454
22925
23133
22787
23043
22919
22907
22885
23030
22972
23227
23317
23543
23483
23431
24015
23641
23931
23937
24117
23801
24020
24219
24226
24272
24420
24268
24279
24381
24408
24301
24604
24262
24614
24637
24090
24455
24339
24176
24166
24177
23892
24088
23757
23722
23874
23373
23405
23164
22955
22845
23163
22642
22766
22823
22889
23068
23191
23390
23318
23474
23820
23871
24028
24124
23881
24164
24100
24061
24168
24246
24455
24127
24296
24464
24143
24524
24296
23870
24393
24393
24395
24411
24007
24310
24391
24126
23986
23837
24115
24209
23938
23811
24039
23634
23999
23826
23818
23713
23447
23702
23355
23574
23503
23171
23258
23260
23317
23227
22863
22956
22880
22692
22746
22708
22879
22450
22569
22159
22492
22373
22258
22460
22755
22223
22717
22887
23193
23251
23404
23408
23516
23799
23677
23804
23844
24151
23925
24125
24060
23906
24116
24281
24018
23960
23986
24065
23739
23954
24289
23855
23769
23768
23781
23977
23871
23669
23859
23648
23721
23439
23816
23754
23460
23711
23389
23287
23331
23090
23293
23263
23186
23166
23139
22840
23225
22608
22869
22714
22556
22826
23004
22535
22643
22432
22773
22549
22280
22337
22337
22763
22479
22705
22769
22791
22801
22955
23114
23177
23377
23486
23559
23637
23911
24037
24473
24156
24300
24324
24463
24508
24415
24772
24547
24862
24896
25035
24753
24698
24941
24927
25049
24767
24914
24871
24702
24828
24791
24843
24915
24802
24576
24868
25056
25088
24896
24844
25020
24814
24651
24962
24902
24622
25074
24703
24933
24827
24919
24975
24865
25085
25040
24856
25149
24997
24673
25057
25160
24789
24724
24918
24921
24891
25094
25025
24879
25006
24809
24957
24803
25003
24985
24976
24664
24977
24692
25178
25066
24890
24797
24709
25030
25317
25019
25160
24639
24775
25013
24799
24907
25015
24968
24944
24942
25107
24938
24871
25031
24817
24898
24895
25124
25066
25010
24851
24805
25007
24875
25042
24762
24907
24710
24844
25168
24749
24960
25019
24965
24956
24720
24827
24793
24929
24675
25157
24902
25100
24881
24985
24627
24916
24575
24861
24887
24938
24941
24824
24953
24869
24882
24772
24828
24897
24987
24885
24891
24979
24994
24804
24916
24706
24672
24813
24895
24910
24635
24535
24814
24586
24910
24925
24817
25096
24667
24931
24880
24859
24793
25010
24811
24746
25177
24942
24710
24755
24817
24502
24479
24559
24339
24366
24214
24311
24008
24064
23909
23642
23460
23287
23299
23055
23139
23114
22630
22361
22618
22794
22480
22712
22382
22383
22643
22691
22527
22788
22635
22672
22930
22791
22690
22668
22909
23119
23308
22997
22902
23089
23389
23455
23217
23263
23618
23646
23601
23552
23675
23496
23650
23813
23831
23678
23969
23875
23664
23793
23891
24050
23750
24068
23767
23792
24088
23922
23674
23924
23949
23896
23985
24160
23964
23820
23869
23835
24019
23682
23553
23450
23191
23429
23124
23108
22924
22616
22867
22310
22329
22839
22573
21969
22264
22436
22597
22393
22484
22784
22630
22438
22796
22932
22883
23072
23321
23395
23381
23410
23236
23713
23693
23458
23583
23822
23722
23792
23811
23699
23869
23516
23861
23716
24282
24253
24037
24034
23989
23933
24144
24121
24003
24316
24192
24120
24084
24136
24473
24094
24277
24078
24212
24191
24334
23989
24218
24225
24101
23838
23695
23858
23510
23400
22972
22857
22849
22904
22574
22667
22619
22759
22898
23190
22964
23125
23360
23676
23646
23771
23867
23860
23860
24020
24367
24128
24198
24429
24283
24444
24500
24351
24361
24227
24533
24257
24288
24403
24476
24177
24011
24000
24214
23953
23901
23688
23547
23699
23582
23397
23616
23141
23267
23189
23223
22979
22675
22451
22763
22821
22775
22974
23183
23346
23318
23632
23736
23964
23812
23868
24087
24103
24268
23975
24097
24212
24141
23971
24191
24170
24559
23895
24335
24029
24221
24052
23755
23945
24026
24276
24030
23732
23853
24093
24026
23984
23887
23912
23881
23740
23742
23604
23477
24079
23529
23219
23631
23652
22949
23249
23500
23181
22927
22720
22955
22503
22708
22657
22702
22600
22519
22386
22427
22337
22367
22549
22333
22636
22950
22760
22689
23198
23084
23099
23248
23248
23510
23735
23446
23901
24080
23731
23621
23879
24067
23969
24112
23692
23820
23713
23803
23814
23820
23908
23399
23715
23736
23715
23546
23730
23759
23791
23539
23471
23569
23529
23132
23507
23291
23371
23566
23365
23195
23047
22904
23194
23069
22815
22964
22828
22882
22612
22669
22584
22714
22498
22685
22427
22505
22637
22465
22578
22626
22619
22819
22882
22623
23067
22938
23310
23145
23316
23565
23525
23688
23952
24122
24307
24045
24698
24491
24344
24374
24509
24484
24574
24851
24591
24689
24922
24602
24791
24733
24449
24844
24794
24782
24812
25093
24922
24851
24944
24817
24858
24867
24929
24773
24776
24956
25045
25022
24878
24769
24700
24924
25001
24965
24936
24772
24699
24882
24957
25010
24958
24837
25116
24964
24757
24936
24817
25092
24937
24921
25114
24932
24877
24879
25227
24912
24689
25178
25103
24812
24545
24792
24853
24838
24911
25170
25155
25037
