27985
28029
27800
28007
28104
28225
28083
27880
28180
27922
27912
27877
27920
27854
28218
28033
28095
28184
27985
28022
28205
28090
27990
27927
27968
28148
27980
28073
27945
28273
27673
28089
27898
27893
27997
27529
27994
27985
27837
27850
27957
28007
27768
27986
28046
28083
28374
27864
28368
27906
27689
28194
28135
27971
27681
27780
27705
28065
27891
27983
27587
27718
28008
27729
27638
27743
27730
27621
27924
27409
27455
27477
27498
27389
27408
26960
27096
27000
26682
26217
26341
25967
25917
25648
25430
25634
25169
25412
25305
25290
25334
25143
25225
25206
25058
25219
25184
25229
25203
25091
25222
25370
25220
25347
25555
25525
25718
25696
25402
25814
26180
25838
26011
25876
26289
26055
26223
26646
26459
26101
26306
26407
26270
26271
26626
26356
26655
26384
26387
26843
26363
26627
26599
26550
26862
26504
26486
26337
26530
26529
26515
26484
26760
26099
26129
26094
25943
25788
25866
25510
25301
25187
25121
25186
24517
25045
24816
24688
24863
24883
25266
24986
25262
25228
25153
25555
25352
25328
25375
25482
25810
25739
25916
25861
25968
26086
26142
26245
26260
26213
26240
26528
26318
26577
26553
26788
26436
26715
26739
26679
26902
26759
26723
26759
26592
26848
26822
26853
26932
26950
27035
27063
27197
27073
27122
27100
26778
26842
27103
26894
26849
26667
26895
26647
26726
26216
26000
25674
25907
25511
25441
25216
25163
25410
25468
25299
25653
25755
25738
25906
26264
26372
26483
26235
26532
26671
26620
26967
26894
27046
27219
27484
27298
27366
26996
27412
27056
27229
26895
27060
27093
27364
26947
26939
26910
27038
26853
26682
26890
26430
26413
26188
26159
26200
25810
25831
25466
25282
25501
25351
25144
25299
25663
25377
25509
25803
25927
26489
26417
26626
26474
26983
27089
27104
26964
26892
27032
27146
26987
26992
27287
27101
26932
26967
26692
27201
26954
27124
26918
26905
26784
26586
26695
26827
26923
26728
26798
26562
26701
26565
26444
26470
26035
26338
26304
26111
25988
26204
26018
25925
25883
25853
25545
25322
25642
25183
25391
24990
25037
25041
25227
24893
25018
24760
24967
24876
24756
24683
24906
24726
25203
25113
25420
25544
25551
25942
26276
26063
26091
26147
26578
26504
26926
26625
26765
26645
26683
26435
26969
26638
26969
26834
27030
26837
26820
26885
26634
26541
26813
26765
26729
26819
26454
26709
26398
26458
26476
26195
26385
26082
26310
26227
26092
26223
26002
26043
26050
25863
25870
25838
25735
25535
25258
25669
25286
25446
25492
25378
25163
24991
24840
25105
24873
24992
25041
24995
25223
25193
25295
25265
25478
25526
25442
25818
25926
26218
26321
26333
26688
27170
26798
27124
27180
27254
27102
27489
27205
27836
27966
27699
27509
27748
27691
27958
27953
27811
27758
28000
27916
27854
27894
27838
27874
27990
27920
27941
28141
27971
27759
27754
28119
27730
28265
27984
27871
28351
28062
27895
28199
27891
28186
28306
27744
27911
28206
28291
27996
27980
28336
27943
27886
28220
27821
28050
28215
28128
28248
28185
28185
28170
28021
27744
27785
28464
28169
27904
27932
28236
28313
27819
28100
28137
27608
27925
28089
28067
28154
27843
27892
27949
28194
28168
28029
28088
28154
28160
28007
27812
27943
27967
28048
28416
28138
28319
28229
28172
28119
28019
28136
27886
27823
27786
27975
28339
27971
27783
28001
28106
27845
28024
28095
27972
28057
27822
27994
28112
28013
28230
27914
27893
27895
27966
27846
27979
28081
28130
28200
27787
28140
27955
28086
28232
28043
28174
27943
28023
28107
28174
27852
28057
27893
28299
27974
27672
28071
27757
27730
27943
28101
27885
28187
27918
28078
27911
27729
27919
27767
27847
27596
27822
28046
27797
27982
27892
28123
27530
27704
27754
27829
27752
27951
27870
27830
27504
27421
27460
27550
27486
27148
27078
27113
26907
27062
26742
26853
26221
26303
26253
25832
25479
25363
25321
25312
25221
25250
25135
24999
25078
25125
24986
25120
25086
25053
25157
25206
25139
25210
25351
25441
25229
25753
25519
25501
25632
25676
25643
25807
25959
25833
26222
26336
26249
26434
25967
26370
26020
26263
26451
26370
26538
26578
26641
26535
26465
26664
26396
26610
26605
26718
26720
26425
26557
26985
26713
26737
26714
26274
26611
26503
26713
26851
26370
26387
25885
26367
25989
25965
25566
25500
25247
25007
24811
24817
24736
24710
24786
24609
25115
24525
24608
24804
24853
25117
24972
24944
25307
25439
25018
25563
25568
25607
25824
25767
25902
26320
26218
25992
26077
26540
26506
26341
26375
26461
26370
26684
26655
26671
26578
26550
26642
26584
26788
26694
26881
26577
26906
26902
26841
26741
27083
26825
27120
27009
26853
26944
26886
27063
26844
26901
26734
26715
26740
26706
26445
26040
26175
26020
25366
25490
25194
25147
25087
24826
25249
24967
25411
25206
25694
26085
25972
26136
26198
26585
26552
26852
26846
26617
27054
27135
27208
27099
27427
27006
26923
27003
27149
27246
27090
27255
27063
27080
26900
26666
26985
26712
26446
26799
26446
26283
26120
26410
26092
26119
25710
25695
25460
25228
25434
25161
24912
25129
25122
25549
25423
25873
25814
25918
25823
26510
26773
26796
26659
26869
26962
26847
26779
26902
26859
26958
26940
26809
26907
26959
26691
27015
26569
27080
27129
26363
26953
26594
26559
26553
26710
26535
26484
26707
26450
26248
26506
26388
26632
26020
26396
26073
26126
26130
25571
26058
25866
25606
25925
25640
25174
25320
25091
25532
25281
24780
25089
24917
24910
24979
24950
25061
24760
24841
24621
24908
25216
25233
25297
25258
25676
25317
25763
26178
26126
26310
26428
26502
26572
26440
26487
26688
26331
26609
26749
26516
26386
26446
26493
26311
26314
26257
26661
26811
26419
26140
26192
26266
26311
26389
26033
26434
25936
26389
26050
26180
25947
25876
25827
26021
25796
25654
25684
25493
25907
25609
25223
25463
25249
25456
25360
25092
25317
25060
25189
25023
25035
24867
24955
25185
25624
24915
25450
25158
25554
25673
25716
26088
26000
26320
26467
26663
26561
27058
27094
27018
27303
27466
27426
27539
27693
27594
27776
27864
27598
27489
27834
28065
27695
27969
27729
27632
28007
28201
27895
28077
27894
27885
27899
27876
27866
27922
27968
27946
27716
27959
28348
27693
28032
28166
27937
27767
27771
27898
27895
27923
28057
28028
28157
28265
27906
27496
27766
27976
28085
28001
27907
27908
28199
28156
28119
28031
28068
28007
28133
27888
27972
27772
28025
28200
28040
27936
27985
28093
27866
27748
28151
27795
28238
28148
