44335
44220
44158
44713
44251
44583
44055
44394
44528
44709
44119
44140
44408
44027
44313
44228
44152
44479
44706
44528
44319
43803
44222
43986
44162
44237
44059
44508
44394
44424
44254
44298
44354
43972
44280
44112
44611
44401
44273
44497
44492
44304
44319
44317
44285
44073
44279
44262
44438
44078
44664
44388
43856
44330
43942
43985
43991
44317
44002
44238
44574
44104
44313
43903
44360
43910
44004
44230
43841
44175
43866
44191
44255
44053
43973
44059
43729
43617
43408
43539
43532
43038
43429
42883
42973
42958
43010
42665
42769
42450
42176
42177
42528
42223
42134
42429
42029
42028
42391
42345
42084
42127
42137
41837
42258
42152
42228
41861
42072
42170
41947
42027
41724
42069
42084
42039
42220
41681
41922
42340
42113
42226
42089
42144
42283
41904
42090
42356
42351
42090
41895
42391
42058
42419
42418
42184
42452
42466
42418
42158
42309
42214
42492
42189
42365
42048
42027
42418
41882
41881
41881
41550
41415
41552
41265
41194
40903
41320
40805
41148
41088
41181
40709
40999
40983
41091
40843
40872
41215
41111
41149
41257
41143
41370
41686
41324
41086
41439
41084
41372
41475
41462
41700
41520
41630
41215
41322
41442
42015
41445
41475
41600
41593
41886
41610
41822
41821
41708
42016
42058
42383
41770
42172
42027
41951
42062
42295
41836
41927
41828
41886
41611
41747
41924
41851
41920
41488
41154
41077
41214
40931
40947
40804
40717
40634
40908
40509
40641
40458
40820
40746
40784
40927
41221
41330
41093
41641
41739
41704
41529
42198
41803
41680
41814
41937
42222
41868
41750
42123
41870
41978
41647
41439
41884
42122
41843
41369
41233
41293
41452
41124
41040
41057
40843
40960
40692
40836
40327
40726
41291
40914
40960
40718
41142
41225
41438
41593
41620
41487
41842
41825
42113
42060
42126
42168
41546
42063
42276
41994
41468
42141
42104
41680
41722
41928
41552
41954
42126
41705
41862
42057
41859
42049
41713
41824
41717
41672
41407
41353
41560
41585
41527
41632
41567
41304
41523
41289
41035
41191
41192
41228
40998
41013
40935
41070
40574
41202
40955
41110
41082
40573
41024
41063
40834
41202
41095
41438
41182
41256
41151
41304
42025
41666
41802
42147
42003
41849
42371
42206
42151
42353
42413
42329
42343
42609
42833
42281
42105
42077
42158
42120
42487
42113
42409
42447
42490
42161
42240
42216
42518
42303
42208
42317
42159
42393
42232
42125
42235
42183
42161
41995
42075
41992
41592
41815
42129
42190
41897
41658
41790
41515
42044
41646
41943
41795
41946
41613
41940
41565
41726
42115
41877
41849
42287
42288
42810
42376
42622
42815
42727
43060
43262
43094
43260
43186
43437
43767
43427
43634
43736
43575
44066
43968
44027
43849
44248
44021
44357
43990
43938
44538
44217
44344
44119
44702
43814
44320
44222
44386
44429
44187
44113
44298
44398
44173
44333
44261
44069
44450
44467
44433
44414
44295
44164
44485
44342
44601
44509
44215
44186
44436
44432
44228
44501
44424
44478
44440
44321
44297
43948
44692
44249
44096
43988
44304
44349
44720
44602
44050
43932
44209
44359
44198
44224
44616
44613
44322
44574
44144
44564
44156
44342
44605
44385
44536
44316
44205
44469
44308
44248
44506
44464
44383
44640
44151
44580
44208
44216
44273
44367
44025
44200
44490
44609
43997
44370
43903
44419
44512
44330
44379
44545
44511
44914
44223
44380
44850
43835
44629
44247
44513
44405
44615
44397
43930
44498
44619
44492
44434
44369
44404
44643
44223
44802
44592
44061
44284
44038
44379
44305
44146
44530
44560
44464
43788
44231
43799
44311
44172
44492
44310
44355
44399
44021
44425
44264
44206
44011
44259
44096
44190
43794
44031
44211
44110
44263
43983
44270
44135
44305
44431
44404
44133
44075
44153
44143
44385
43980
44323
44210
44178
44155
44207
43779
43944
44228
43984
43946
43652
43870
43831
43832
43530
43803
42994
43690
43538
43003
43586
43095
42876
42492
42878
42797
42636
42575
42614
41787
41942
42151
42157
42207
41628
42211
41773
41650
41572
41742
41960
41694
41778
41776
41368
41724
41837
41975
41867
41715
42023
41750
41927
41681
42292
41694
42269
41516
42283
41995
42049
41994
42344
41870
42336
42325
42107
42090
42365
41958
42016
41891
41955
42562
42245
41981
42218
42003
42301
42157
42301
42182
42478
42072
42409
41964
41992
42123
41759
42069
41652
41766
41525
41411
41239
41301
41232
41112
40928
41288
41011
40594
40823
40954
40808
40628
40966
41103
40354
40975
41257
40759
40874
40983
40662
40789
40812
40927
41378
41362
41060
41505
41265
41250
41155
41574
41992
41685
41449
41747
41726
41577
41734
41741
41733
41491
41608
41796
41659
41675
41426
41741
41749
41617
41821
41681
41732
41889
41896
41837
41860
41701
41315
41816
41665
41929
41512
41348
41285
41190
40986
40905
40990
40448
40971
40526
40719
40534
40461
40762
40290
40887
40941
40983
41074
41085
41193
41068
41199
41838
41711
41553
41707
41987
42037
41900
41855
41774
41879
42035
42002
41711
41756
41619
41107
41470
41486
41544
40949
41065
41102
40719
40925
41099
40760
40400
40297
40605
40606
40375
40698
40694
40793
40706
41049
41005
40888
41138
41536
41566
41569
41558
41469
41739
42160
41773
41537
41924
41504
41419
41617
41958
41854
41733
41621
41768
41808
41737
41388
41429
42345
41667
41366
41651
41154
41647
41793
41610
41461
41590
41553
41232
41311
41013
41195
41182
41030
41167
41001
41084
41090
41554
40807
40779
40728
40584
40875
41027
40796
41062
41310
40909
40667
40853
41031
41131
41225
41090
41629
41307
41053
41604
41692
41455
41506
42210
41690
41743
41969
42116
42243
42137
41785
42365
42199
41973
41905
42164
42182
42324
42357
41936
42395
41999
42518
42096
41934
41616
42274
42290
42080
42271
41749
41839
42000
42182
41728
42042
41713
42220
41473
41985
41528
42064
41706
41741
41978
42100
41868
41771
42073
41551
41977
41845
41867
42070
42297
41951
42157
41795
41979
41708
42225
41815
42390
42573
42428
42705
42693
43026
43110
42978
43356
43351
43219
43217
43611
43816
43655
43747
44024
43592
43971
43584
43704
43971
44242
43693
44176
44051
43994
44689
44643
44200
44187
44209
44165
44229
44273
44483
44065
44204
44150
44092
43855
44675
44508
44222
44242
44227
44199
44214
44232
44175
44384
44145
44274
44190
44052
44039
44012
44515
44761
44483
44053
44464
44063
44264
44483
44276
44649
44718
44259
44274
44152
44398
43966
44329
44597
44456
44970
44502
44395
44368
44558
44457
44008
44565
44205
44340
44286
44271
44462
44661
44536
