21133
21060
21424
20974
21076
21305
21295
21249
21288
21042
21111
21421
21163
21148
21298
21312
21389
21275
21382
21014
21192
21316
21444
21299
21177
21061
21317
21426
21252
21328
21259
21245
21256
21259
21439
21481
21341
20896
21145
21243
21181
21137
21077
21437
21372
21458
21198
21135
21050
20926
21125
21391
21110
21164
21498
21189
20987
21121
21009
21351
21110
20990
21083
21200
21304
21082
20736
20981
21138
21329
21275
21240
21128
21202
21108
21220
20954
20987
21089
21284
21174
20826
20961
21087
21300
20977
20793
21045
20948
20868
20727
20962
20734
20862
20661
20717
20612
20556
20611
20497
20815
20586
20610
20572
20468
20494
20719
20530
20735
20641
20482
20686
20455
20604
20274
20415
20603
20630
20627
20538
20652
20529
20563
20740
20338
20479
20356
20617
20655
20347
20505
20493
20216
20498
20403
20700
20625
20118
20572
20369
20720
20269
20419
20005
20318
20429
20393
20431
20354
20231
20319
20286
20202
20302
20216
20259
20353
20208
19995
20303
20244
19874
20191
19869
20000
19838
19877
20058
20220
19709
19784
19809
19681
19958
19909
19799
19802
20098
20087
19977
19606
20118
19922
19734
19838
19869
19795
19951
19798
19781
19833
19932
19738
20014
19378
19875
19715
19883
19873
19610
19853
19767
19863
19760
19847
19603
19854
19641
19821
19583
19704
19715
19678
19842
19484
19678
19377
19540
19666
19502
19382
19626
19322
19376
19205
19372
19220
19253
18774
19045
19040
19297
19074
19076
19272
19161
19193
18929
19083
19166
19130
19199
19539
19093
19297
19223
19175
19194
19254
19247
19288
19124
19201
19267
19115
19072
19105
19092
19010
18924
18956
19271
19223
19051
19154
19076
19324
19200
19054
19330
19165
19276
19291
19228
19555
19197
19738
19493
19690
19613
19680
19680
19849
19748
19622
19655
19889
19741
19975
19588
19775
19840
19640
19508
19652
19962
19568
19698
19771
19806
19670
19809
19892
19732
19858
19793
19592
19730
20117
19802
19758
20051
20088
19693
20065
20020
19813
19726
19861
19894
20048
19818
19889
19586
19673
19812
19983
20157
20025
19806
20144
20036
20233
19923
19866
20086
19934
19750
20160
20218
20241
20294
20397
20368
20319
20046
20439
20387
20427
20449
20141
20389
20410
20198
20499
20531
20620
20684
20549
20468
20427
20576
20485
20529
20726
20363
20274
20448
20568
20557
20414
20417
20350
20315
20375
20781
20458
20358
20485
20516
20299
20502
20590
20503
20638
20393
20677
20560
20628
20489
20525
20545
20858
20679
20893
20692
20766
20836
20934
20690
20637
20652
20757
20851
20845
20771
20958
21052
20934
20914
20849
20844
21198
20845
20710
20959
21213
21192
20915
21280
21202
21159
21276
21037
21093
21256
21090
20913
21036
21333
21227
21306
21253
21226
21367
21038
21456
21129
21506
20814
21103
21302
21281
21241
21201
21343
21446
21091
21392
21027
21181
21329
21023
21402
21252
21205
21380
21018
21243
21536
21464
21154
21232
21629
21296
21337
21354
21348
21417
21252
21458
21260
21247
20887
21226
21326
21300
21085
21181
21158
21153
21233
21134
21263
20969
21014
21292
21505
21272
21423
21436
21274
21214
21271
21229
21135
21136
21291
21345
21125
21180
21350
21264
21270
21300
21590
21179
21540
21268
21311
21204
21461
21328
21266
21133
21265
21444
21456
21241
21155
21346
21240
21121
21274
21374
21219
21272
21298
21015
21045
21289
21258
21018
21217
21272
21446
21534
21167
21461
21381
21328
20995
21263
21138
21169
21112
21244
21025
21185
21295
21042
20837
21507
21312
21187
21416
21383
21413
20868
21259
21138
21091
21055
21442
20952
21116
21088
21120
21148
21152
20956
21148
21049
20827
21144
21050
21029
20928
21069
21051
21095
21301
21091
21161
21394
21180
21075
21207
21151
21094
21124
21182
21303
21356
20860
21170
21248
21399
21066
21358
20891
21034
21254
21034
21076
21138
21074
21015
20975
21062
20970
20911
21091
21092
20685
20901
20920
20535
20928
20781
20946
20606
20661
20555
20818
20623
20413
20858
20484
20597
20505
20706
20575
20502
20532
20155
20715
20246
20458
20593
20530
20646
20596
20426
20653
20363
20434
20220
20527
20519
20385
20319
20560
20462
20549
20504
20130
20572
20413
20597
20168
20300
20304
20435
20138
20315
20165
20509
20484
20159
20477
20293
20349
20464
20318
20197
20295
20270
20108
20254
20154
20245
20048
20162
20280
19995
20012
20076
19833
20081
19908
20203
20060
19926
19967
20174
19698
19990
19652
20019
20063
19911
19748
19996
19839
19815
19857
19789
19935
19650
19855
19721
19745
19571
19721
19536
19845
19733
19774
19748
20079
19800
19807
19592
19435
19830
19807
19753
19486
19770
19621
19774
19608
19784
19720
19259
19478
19627
19432
19759
19568
19773
19643
19465
19881
19751
19741
19397
19406
19288
19455
19336
19101
19166
19021
19031
18972
19239
18999
19184
19118
19199
19390
18907
19133
18854
19427
19132
19187
19177
19046
19301
19157
19081
19097
19370
19238
19208
19099
19452
19013
19110
19104
19356
19310
19045
18952
19439
19062
19034
18818
19228
18958
19263
19381
19264
19568
19180
19152
19408
19294
19166
19581
19469
19394
19618
19552
19804
19489
19579
19413
19362
19489
19701
19678
19765
19587
19778
19625
19573
19774
19911
19757
19836
19646
19729
19945
19891
19810
19625
19478
19613
19986
19798
19743
20037
19845
19861
19862
19905
19778
19585
19989
19889
19816
19822
19901
19774
20055
19871
19718
19980
19920
19912
19904
19941
19891
19760
19986
20254
19901
20033
20180
19898
20166
20063
20215
20123
20382
20280
20331
20327
20374
20357
20257
19996
20233
20286
20078
20350
20421
20304
20233
20298
20221
20602
20262
20256
20362
20307
20389
20400
20304
20416
20392
20368
20316
20412
20257
20263
20457
20306
20721
20333
20354
20237
20265
20509
20462
20585
20668
20306
20882
20135
20868
20593
20566
20514
20596
20564
20611
20500
20585
20542
20745
20837
20808
20670
20622
20688
20800
20886
20813
20835
20972
20637
21146
20850
20882
20928
21137
20907
21350
20941
20809
20966
21475
21146
21069
21152
21230
21072
21165
21315
21078
21265
21279
21184
21351
21172
21061
21208
21223
20876
20981
21233
21001
21294
21101
21369
21450
20823
21003
21082
21278
21432
21044
21283
21056
21121
21117
21388
21260
21086
21358
21268
21108
21042
20875
21275
21203
21167
21210
20933
21208
21264
21126
21185
21068
21091
21165
21332
21161
21447
21131
21126
21324
21141
21240
21096
21560
21104
21242
21283
21114
21374
21749
21139
21204
21059
21366
21286
21371
