7109
7052
7089
7084
7213
6947
7093
7150
7081
7214
7170
7144
7082
7077
7230
7024
7089
7001
6981
7117
7189
7088
7149
7193
7045
7080
7052
7182
7128
7093
7086
7057
7240
6978
7031
6970
7231
7181
7074
7011
7036
7111
7149
7065
7102
7061
7134
7191
7077
6984
7197
7102
7242
6969
6986
6956
7138
7094
7104
7101
7053
7001
7256
7004
7073
7128
7094
7017
7021
7059
6984
7122
7085
6917
7115
7184
7103
6958
7109
7123
7120
7105
7083
7087
7065
7134
7076
7198
7016
7050
7141
7156
7056
6993
7144
7011
7176
7029
7013
7281
7216
7084
6957
7150
7156
7062
6960
7007
7051
6978
7088
7053
7242
7060
7078
7165
7045
7021
7117
7210
6960
7048
7090
7120
7008
7067
7013
7137
7098
7011
7076
7029
7027
7055
7059
6896
7082
7011
7116
6973
6895
7088
7054
7128
7050
7095
6869
6963
7030
7075
6871
7007
7081
7139
6921
7061
7066
7084
7123
6862
7082
6880
6995
6898
6885
6990
7130
7001
7052
6880
6978
7026
7049
7063
6990
7044
6996
6903
6918
6937
6840
6865
6971
6927
6825
7088
7011
6878
6958
6786
6829
6874
6781
6839
6859
6776
6729
6792
6721
6735
6768
6719
6788
6644
6743
6687
6696
6675
6610
6530
6808
6457
6440
6597
6459
6448
6375
6459
6135
6321
6235
6202
6037
5960
5955
5867
5721
5598
5440
5259
5271
5143
5138
4882
4811
4742
4715
4796
4609
4687
4595
4664
4651
4614
4668
4894
4779
4849
4898
4844
4732
4814
4623
4666
4650
4672
4586
4660
4801
4781
4768
4872
5111
5129
5214
5335
5255
5596
5532
5693
5715
5856
6005
6089
6095
6106
6243
6307
6360
6383
6451
6485
6452
6455
6604
6581
6704
6614
6561
6673
6703
6655
6749
6784
6805
6780
6654
6775
6737
6824
6951
6746
6815
6969
6976
6866
6811
6830
6876
6850
6948
6910
6833
7003
6929
6844
6963
7004
7087
6909
6991
7093
6975
7036
7023
7042
7031
7073
7095
6848
6931
7065
6932
7033
6870
7059
6826
6947
7021
7122
6914
7043
7136
6951
7122
7029
6980
7084
7029
7134
6995
6908
7137
7092
7032
7141
7074
6980
7120
7115
6993
7091
7116
7083
7153
6812
7161
7129
7037
7112
7198
7013
7051
7175
7120
7075
7106
7042
7012
7078
7068
7189
7075
7013
7117
7058
7279
7146
6994
7045
7177
7234
7097
7029
7094
7216
7077
7055
7084
7129
7002
6954
7050
7159
7074
7011
7121
7170
7212
7178
7121
7212
7036
7191
7130
6969
7016
7124
7251
7104
6994
7018
6963
7174
6976
7090
7020
6968
7156
7150
7166
7076
7038
7231
7109
7101
7273
7032
7029
6984
7153
7042
7194
7065
7167
7089
7173
7014
7050
7012
7168
6888
7031
7142
7230
7136
7136
7197
7096
7085
7072
7117
7009
7102
7090
7064
7165
7002
7038
7033
7026
7076
6947
7092
7158
7016
7144
7189
7092
7031
6960
7221
7095
7005
6916
7085
7080
7193
7160
6968
7046
7121
7195
7044
7135
7135
7255
7032
7009
7083
7187
6966
7012
7091
7151
7185
7136
7061
7112
6959
7094
6904
7074
7238
7150
6962
7138
6989
7061
7075
7138
6990
7065
7158
7075
7083
7141
7149
7128
7099
7247
7141
6945
7150
7084
7014
7121
7171
7133
7142
7098
7154
7074
7192
7000
7116
7075
7215
7085
7151
7063
7272
7122
7090
7157
7151
7029
7196
6953
7133
6881
6943
6984
7157
7129
7187
7063
7151
7039
7071
7079
7012
7093
7014
6969
7062
7006
7013
7184
7198
6991
7018
6993
7011
7112
7045
7108
7120
7123
7089
6985
7001
7053
7157
7164
7134
7109
6950
6993
7209
6952
7053
7235
7005
7154
6988
6927
7128
7035
7099
7083
7232
7135
7150
7050
7068
6960
7117
7064
7050
7147
7059
7103
7009
7034
7056
7186
6906
6994
6949
7220
7111
7118
7015
7142
6875
6956
7143
6965
7046
6981
7098
7078
7159
6953
7069
6992
7067
6899
7040
7007
7195
6958
7045
6989
7122
6972
6964
7116
6978
7185
6969
7047
7164
7031
7140
7120
7045
6978
6970
6955
7071
7007
6953
7039
6990
7046
7023
7096
7064
6892
7025
7002
6876
7112
7048
6843
6941
6861
6887
6930
6907
6858
7064
6968
6910
6971
6939
6950
6974
6936
6885
7028
6770
6978
6855
6870
6905
6837
6920
6985
6865
6959
6691
7012
6876
6824
6836
6814
6919
6870
6756
6924
6835
6810
6738
6741
6734
6807
6716
6780
6739
6616
6472
6697
6697
6651
6504
6548
6538
6382
6357
6335
6307
6235
6346
6224
6130
6234
5885
6042
5739
5862
5559
5574
5305
5291
5193
5012
4936
4959
4673
4727
4779
4689
4618
4573
4732
4595
4556
4653
4703
4882
4670
4812
4870
4780
4712
4736
4660
4669
4507
4680
4552
4590
4692
4781
4824
4866
4937
5062
5138
5303
5391
5514
5591
5687
5794
5972
5933
5922
6123
6248
6329
6367
6336
6412
6426
6486
6379
6598
6443
6484
6533
6680
6526
6807
6695
6795
6718
6784
6727
6700
6878
6740
6900
6800
6885
6874
6927
6821
6769
6826
6774
6971
6806
6810
6902
7046
6773
6949
6883
6879
6882
6910
6914
7090
6812
6827
6890
6785
6883
6969
6993
7060
7000
6968
7022
6994
6896
6926
7064
6971
6846
6968
7081
7047
6938
6923
6808
7017
6993
6998
7102
7032
7002
6888
7048
7141
7038
7001
7147
6978
7043
7152
7054
7178
7153
7165
7082
7087
7136
6990
7135
6964
6965
7078
7164
6979
7053
7136
6903
7015
6965
6890
7092
7104
7028
7105
7078
7158
6939
6940
6925
6959
6894
7079
6993
7027
7073
7121
7094
7163
7141
7089
7075
7032
7116
7086
6961
7116
7093
7049
7132
7046
7188
6992
7123
7176
7011
7058
7109
7105
7042
7056
7272
6985
7053
7224
7003
6946
6959
6974
7051
7000
7007
7166
7093
7070
7045
7023
6982
7025
7108
7037
7037
7175
7180
7086
7169
7296
6985
7042
7122
7105
7005
7126
7146
7155
7195
6956
7097
7027
7010
7065
7118
7068
7303
7164
7064
7073
7079
7160
7141
7163
7069
7028
7123
7052
7109
7114
7042
7105
7092
7087
7098
7124
7077
7082
7072
7067
7094
7158
7063
7160
7034
7000
7079
7003
7017
7128
7012
7161
