4514
4449
4508
4523
4577
4469
4470
4604
4538
4607
4583
4583
4491
4533
4584
4431
4480
4482
4421
4455
4602
4557
4515
4595
4484
4442
4478
4514
4506
4477
4507
4462
4607
4424
4482
4419
4634
4553
4464
4452
4488
4531
4546
4495
4482
4554
4622
4540
4473
4501
4575
4492
4697
4443
4437
4426
4497
4441
4465
4528
4485
4413
4602
4423
4490
4544
4554
4479
4458
4534
4510
4514
4496
4447
4523
4582
4512
4453
4543
4541
4508
4527
4502
4522
4494
4628
4461
4657
4482
4471
4581
4585
4399
4480
4455
4481
4579
4367
4376
4665
4613
4452
4386
4585
4494
4582
4404
4477
4458
4460
4516
4443
4617
4507
4486
4576
4439
4435
4589
4521
4402
4529
4500
4467
4485
4481
4419
4538
4447
4438
4530
4501
4404
4425
4466
4376
4463
4414
4591
4491
4360
4558
4449
4495
4511
4502
4357
4448
4441
4507
4389
4429
4504
4427
4453
4507
4526
4515
4502
4323
4499
4358
4403
4430
4367
4449
4524
4395
4427
4422
4432
4476
4462
4481
4364
4482
4444
4421
4390
4469
4345
4383
4398
4400
4383
4511
4472
4315
4418
4309
4436
4318
4330
4338
4378
4351
4231
4345
4242
4321
4320
4272
4378
4139
4311
4275
4265
4270
4241
4187
4364
4092
4079
4148
4158
4077
4030
4091
3909
4022
3909
3968
3869
3832
3850
3790
3610
3603
3471
3324
3343
3265
3288
3078
3060
3026
3027
3081
2964
2957
2952
2895
2979
2977
2978
3121
3021
3115
3116
3124
3004
3056
2979
2891
2954
3013
2905
3008
3027
3052
3049
3013
3239
3266
3351
3425
3355
3531
3483
3589
3643
3691
3811
3904
3917
3957
3996
4003
4011
4067
4210
4105
4161
4077
4215
4132
4254
4286
4138
4228
4247
4254
4255
4398
4336
4323
4236
4304
4268
4253
4387
4305
4342
4472
4354
4370
4286
4390
4373
4484
4386
4409
4314
4448
4449
4377
4420
4481
4477
4396
4446
4462
4452
4444
4429
4480
4546
4499
4551
4359
4355
4530
4395
4438
4364
4488
4361
4485
4509
4531
4416
4374
4533
4431
4527
4504
4395
4505
4455
4567
4458
4406
4548
4529
4513
4532
4516
4394
4598
4552
4414
4561
4519
4509
4511
4288
4509
4570
4492
4541
4589
4455
4489
4567
4506
4478
4587
4508
4371
4521
4558
4540
4457
4430
4520
4478
4581
4467
4452
4490
4508
4550
4504
4442
4491
4556
4518
4492
4581
4570
4429
4496
4517
4541
4484
4433
4514
4483
4595
4586
4575
4593
4439
4559
4586
4443
4463
4507
4601
4562
4562
4506
4426
4622
4421
4481
4453
4420
4577
4590
4568
4481
4438
4604
4499
4508
4607
4483
4464
4392
4603
4470
4586
4477
4514
4521
4570
4435
4435
4455
4549
4343
4523
4516
4682
4574
4562
4668
4528
4450
4451
4502
4497
4550
4504
4510
4589
4444
4491
4516
4545
4515
4432
4543
4494
4494
4557
4618
4541
4484
4485
4601
4585
4491
4283
4472
4581
4488
4577
4484
4467
4547
4511
4440
4585
4482
4607
4518
4444
4571
4495
4370
4532
4607
4517
4497
4493
4485
4602
4394
4447
4432
4399
4568
4552
4521
4535
4428
4493
4537
4557
4403
4504
4559
4477
4500
4539
4555
4494
4555
4536
4532
4411
4503
4445
4454
4562
4435
4525
4565
4483
4531
4531
4546
4491
4553
4538
4541
4451
4517
4478
4601
4512
4447
4474
4536
4494
4552
4396
4578
4378
4445
4493
4571
4580
4645
4443
4556
4491
4485
4568
4432
4482
4436
4451
4541
4471
4434
4549
4602
4467
4423
4448
4552
4501
4494
4518
4573
4586
4470
4473
4388
4544
4524
4501
4513
4526
4428
4463
4641
4494
4438
4555
4420
4555
4452
4513
4541
4471
4490
4485
4563
4441
4516
4461
4465
4409
4526
4442
4523
4561
4494
4486
4478
4492
4495
4658
4328
4436
4406
4585
4546
4467
4467
4532
4388
4449
4632
4433
4501
4466
4507
4551
4575
4426
4630
4466
4536
4367
4465
4431
4616
4450
4569
4416
4457
4467
4419
4448
4478
4533
4450
4435
4519
4522
4483
4455
4436
4444
4395
4474
4457
4456
4432
4500
4420
4459
4585
4554
4463
4366
4495
4469
4380
4502
4503
4406
4412
4390
4380
4423
4391
4336
4566
4399
4433
4459
4421
4472
4437
4435
4305
4456
4355
4392
4434
4364
4409
4301
4404
4446
4409
4456
4313
4563
4337
4327
4329
4376
4404
4370
4368
4335
4388
4280
4278
4329
4416
4339
4294
4262
4262
4214
4066
4276
4246
4220
4182
4122
4168
4051
4030
4004
4022
3945
4080
3933
3840
4008
3732
3816
3662
3729
3509
3543
3365
3334
3311
3191
3168
3184
2963
3003
3008
2991
2910
2962
2998
2905
2888
2931
2972
3087
2996
3071
3112
3058
2962
3000
2922
2971
2783
3006
2918
2936
2965
3094
3024
3102
3172
3190
3201
3379
3382
3583
3560
3597
3706
3747
3824
3733
3932
3998
4013
4092
4076
4036
4058
4159
4089
4177
4102
4124
4183
4248
4115
4269
4270
4350
4281
4307
4288
4260
4444
4209
4398
4310
4495
4344
4412
4305
4292
4295
4302
4419
4294
4342
4375
4500
4349
4486
4340
4325
4358
4418
4451
4533
4324
4390
4375
4308
4334
4464
4401
4516
4382
4460
4513
4468
4380
4383
4437
4430
4372
4459
4496
4523
4443
4369
4299
4473
4444
4439
4508
4470
4424
4356
4499
4534
4510
4512
4571
4416
4499
4542
4504
4560
4513
4529
4431
4483
4481
4423
4478
4454
4390
4477
4553
4450
4523
4582
4423
4531
4448
4396
4535
4499
4447
4434
4494
4593
4409
4357
4361
4409
4382
4534
4477
4450
4548
4553
4435
4471
4544
4475
4449
4472
4505
4555
4373
4508
4485
4487
4556
4402
4582
4505
4525
4630
4477
4541
4503
4512
4432
4522
4569
4494
4441
4662
4506
4430
4462
4415
4542
4436
4431
4521
4552
4495
4423
4438
4448
4391
4455
4470
4421
4619
4505
4448
4557
4613
4473
4435
4559
4535
4430
4543
4512
4487
4528
4451
4409
4467
4439
4494
4534
4571
4646
4573
4472
4450
4498
4559
4527
4644
4422
4488
4478
4415
4468
4528
4509
4560
4512
4530
4498
4508
4502
4471
4484
4555
4515
4570
4474
4557
4428
4486
4498
4411
4497
4545
4467
4577
