8821
8772
8796
8785
8931
8690
8776
8929
8803
8903
8853
8936
8771
8862
8991
8727
8778
8778
8733
8791
8912
8817
8905
8953
8693
8759
8805
8930
8901
8850
8818
8752
9047
8741
8747
8761
8990
8932
8773
8684
8763
8892
8883
8711
8779
8750
8840
8876
8830
8675
8981
8811
9013
8715
8675
8678
8867
8833
8754
8832
8740
8647
8953
8718
8838
8826
8820
8724
8728
8729
8725
8834
8845
8653
8798
8883
8799
8653
8877
8838
8821
8865
8813
8746
8759
8836
8763
8901
8757
8763
8848
8823
8761
8697
8845
8728
8817
8695
8705
9005
8913
8815
8621
8825
8886
8760
8713
8682
8761
8687
8814
8815
8902
8785
8803
8836
8790
8744
8822
9001
8678
8774
8821
8865
8792
8795
8692
8848
8751
8747
8817
8798
8658
8756
8770
8603
8787
8759
8819
8649
8570
8795
8805
8836
8706
8821
8587
8596
8844
8814
8566
8741
8725
8848
8639
8844
8759
8800
8813
8515
8771
8684
8704
8621
8569
8607
8818
8643
8725
8508
8742
8632
8692
8833
8745
8692
8675
8597
8619
8573
8546
8508
8629
8570
8471
8782
8691
8564
8581
8465
8516
8482
8392
8492
8496
8434
8413
8459
8371
8387
8407
8315
8463
8277
8345
8341
8283
8230
8172
8140
8512
8039
7993
8160
8010
8016
7947
7997
7619
7822
7718
7668
7511
7331
7386
7311
7101
6878
6726
6580
6582
6371
6372
6080
6000
5877
5875
5940
5647
5795
5749
5731
5809
5747
5892
6043
5951
6059
6132
5971
5903
5949
5739
5808
5729
5811
5738
5795
5995
5959
5933
6094
6286
6352
6558
6608
6569
6973
6882
7155
7133
7276
7419
7584
7598
7554
7824
7872
7896
7869
7992
8048
7979
8055
8192
8125
8323
8167
8161
8352
8352
8254
8318
8407
8450
8386
8328
8420
8460
8497
8632
8451
8499
8672
8567
8548
8514
8543
8593
8507
8600
8600
8475
8649
8671
8498
8643
8639
8757
8579
8645
8754
8649
8702
8785
8690
8692
8701
8809
8502
8620
8737
8570
8747
8546
8806
8584
8688
8773
8794
8565
8699
8853
8658
8809
8788
8659
8727
8719
8812
8741
8590
8761
8832
8771
8825
8765
8665
8858
8793
8632
8773
8806
8759
8884
8522
8820
8853
8743
8870
8863
8736
8725
8850
8804
8809
8947
8773
8711
8788
8782
8945
8795
8784
8894
8737
9010
8856
8716
8732
8873
8941
8768
8777
8850
8977
8834
8833
8720
8922
8709
8688
8749
8816
8813
8726
8898
8859
8941
8924
8826
8973
8757
8980
8844
8691
8722
8870
8981
8800
8683
8663
8706
8930
8739
8872
8716
8725
8904
8904
8905
8826
8727
8988
8831
8857
8968
8782
8717
8631
8935
8718
8952
8829
8833
8866
8907
8757
8780
8718
8803
8606
8699
8970
9017
8880
8870
8946
8766
8852
8770
8830
8714
8814
8845
8754
8863
8741
8755
8715
8782
8854
8720
8871
8850
8768
8877
8880
8889
8829
8715
8940
8890
8809
8575
8850
8813
8884
8943
8661
8753
8804
8917
8817
8828
8833
9023
8758
8644
8779
8951
8698
8690
8830
8856
8894
8873
8869
8782
8747
8765
8626
8782
9021
8996
8618
8898
8692
8756
8738
8845
8716
8825
8893
8773
8823
8792
8883
8835
8816
8955
8843
8710
8905
8757
8769
8848
8823
8896
8797
8826
8883
8838
8965
8696
8832
8754
8943
8865
8894
8713
8990
8862
8810
8919
8814
8755
8958
8674
8837
8628
8631
8686
8899
8860
8927
8780
8916
8722
8792
8793
8716
8830
8747
8664
8815
8768
8791
8796
8898
8665
8764
8703
8735
8839
8760
8796
8829
8843
8816
8682
8725
8787
8841
8866
8850
8804
8700
8736
8906
8622
8823
8952
8797
8884
8719
8699
8776
8737
8757
8739
8856
8826
8888
8814
8898
8687
8796
8760
8768
8858
8769
8814
8745
8757
8745
8848
8545
8739
8682
8995
8872
8812
8750
8769
8497
8635
8908
8711
8825
8706
8815
8826
8838
8688
8814
8696
8817
8645
8748
8776
8864
8703
8851
8726
8865
8673
8691
8844
8706
8898
8701
8778
8888
8743
8815
8809
8713
8663
8697
8658
8760
8695
8697
8732
8635
8735
8710
8898
8763
8561
8729
8690
8503
8792
8831
8599
8611
8507
8575
8650
8531
8566
8695
8653
8640
8629
8616
8641
8642
8551
8603
8739
8432
8686
8529
8501
8663
8553
8578
8672
8553
8673
8332
8638
8523
8460
8478
8425
8574
8531
8427
8516
8532
8465
8451
8382
8351
8431
8386
8390
8344
8177
8044
8309
8367
8270
8104
8141
8057
7993
7953
7916
7848
7709
7810
7771
7618
7667
7282
7457
7100
7301
6928
6886
6593
6624
6435
6291
6165
6210
5864
5855
5926
5844
5774
5659
5945
5713
5685
5848
5876
6058
5775
5936
6098
5915
5898
5863
5785
5804
5587
5760
5700
5709
5830
5888
6007
6040
6185
6335
6378
6551
6682
6851
6999
7032
7215
7392
7342
7457
7553
7721
7903
7933
7903
7993
8005
8015
7914
8168
7984
8032
8113
8238
8175
8396
8321
8386
8315
8420
8344
8239
8513
8411
8523
8426
8625
8550
8654
8521
8388
8459
8410
8721
8496
8465
8606
8757
8424
8567
8529
8501
8576
8607
8603
8746
8542
8554
8583
8413
8495
8680
8720
8745
8692
8690
8699
8729
8572
8642
8785
8678
8551
8678
8797
8740
8648
8601
8484
8700
8747
8659
8851
8669
8714
8528
8764
8853
8825
8699
8923
8683
8746
8838
8746
8859
8892
8874
8841
8803
8785
8693
8806
8649
8685
8868
8863
8686
8764
8858
8590
8740
8608
8600
8735
8886
8795
8846
8773
8856
8640
8685
8700
8698
8711
8811
8682
8755
8780
8898
8799
8822
8918
8857
8774
8774
8831
8804
8641
8868
8800
8803
8859
8731
8916
8653
8886
8887
8660
8671
8785
8757
8784
8772
8979
8660
8761
8972
8633
8632
8658
8727
8682
8710
8688
8904
8795
8681
8754
8772
8709
8732
8846
8695
8791
8860
8976
8795
8941
8961
8641
8741
8776
8813
8664
8965
8801
8903
8784
8596
8787
8711
8825
8818
8741
8767
9045
8900
8807
8785
8830
8826
9019
8804
8863
8750
8908
8738
8836
8787
8835
8839
8765
8864
8715
8850
8731
8763
8878
8822
8763
8911
8767
8911
8725
8747
8830
8705
8727
8873
8750
8959
