15061
14922
15113
15069
15141
15158
15073
15207
15101
15141
15112
15326
15113
15152
15345
15216
15068
15120
15075
15147
15222
15259
15219
15269
14983
14933
15095
15291
15342
15153
15198
14901
15296
15119
15160
15081
15282
15138
15061
14925
15108
15164
15156
15057
15194
15045
15223
15238
15200
15159
15251
15070
15320
15145
14896
14910
15173
15092
15115
15173
15217
14922
15292
15000
15174
15136
15183
15050
15044
15071
15064
15160
15259
14997
15130
15121
15158
14940
15194
15178
15022
15041
15088
14953
15083
15202
15042
15210
15052
15008
15208
15209
15011
15168
15052
15060
15225
15066
15018
15424
15087
14974
14829
15185
15222
15100
15125
15083
15049
15034
15212
15127
15272
15144
15159
15098
15073
14986
15097
15278
15071
15046
15185
15095
15152
14994
14877
15148
14952
15020
15086
14984
14922
15016
14970
14814
15056
15047
15060
14918
14856
15046
15184
15143
15022
15151
14902
14868
15071
15067
14807
14948
15079
15135
14912
15179
15098
14983
14998
14751
15044
14855
14876
14727
14721
14827
15028
14740
14887
14625
14976
14828
15016
15201
14873
14886
14808
14772
14737
14724
14762
14612
14719
14666
14464
14870
14924
14651
14729
14600
14652
14659
14526
14542
14582
14660
14486
14496
14342
14317
14548
14372
14607
14338
14342
14365
14172
14255
13988
13981
14358
13883
13873
14017
13932
13751
13625
13839
13329
13421
13067
13149
12775
12621
12858
12465
12267
12016
11466
11371
11214
10963
10864
10591
10286
10247
10175
10164
9824
9796
9824
9898
9949
9964
10169
10307
10259
10313
10402
10266
10122
10154
9993
9940
9911
9883
9804
9898
10225
10135
10257
10418
10690
10910
11270
11337
11451
11803
11928
12319
12262
12544
12844
12937
13087
13101
13347
13461
13626
13520
13696
13736
13788
13808
14035
13913
14176
13999
13931
14281
14291
14139
14300
14389
14487
14405
14377
14429
14476
14543
14724
14504
14391
14760
14680
14581
14641
14675
14820
14665
14614
14777
14423
14721
14913
14689
14921
14987
14904
14850
14927
14830
14891
15013
14950
14846
14823
15002
14876
14741
14713
15050
14739
14992
14888
15005
14853
14798
14891
15018
14875
15010
15202
14833
15055
15085
14862
15139
14968
15143
14962
14836
14959
15073
14994
15107
14986
14911
15033
15051
14892
15142
15105
14992
15308
14801
15092
15198
15030
15142
15279
15003
15032
15107
15034
15141
15371
15142
14987
15055
15029
15229
14996
14970
15151
15149
15197
15195
15181
15100
15169
15215
15123
15121
15024
15237
15236
15099
14897
15260
15110
15214
14955
15294
15133
15061
15229
15367
15223
15196
15180
15212
14986
15178
15275
15038
15062
15335
15231
15250
15008
15001
14994
15139
15060
15233
15008
15019
15238
15295
15310
15206
14959
15491
15112
15294
15346
15255
14991
14997
15290
15010
15287
15116
15118
15125
15291
15149
15083
14986
15144
14928
15062
15407
15393
15228
15075
15273
14962
15201
15185
15121
15145
15185
15161
15200
15187
15181
15107
15160
15017
15213
15044
15272
15018
15070
15297
15275
15232
15032
15048
15325
15080
15281
14793
15114
15126
15162
15208
15033
15079
15096
15293
15186
15077
15215
15384
15143
15043
15044
15279
15011
15022
15036
15257
15237
15347
15334
15142
15001
15085
15000
15225
15318
15403
14927
15231
15127
14983
15187
15135
15084
15217
15183
15082
15045
14991
15170
15179
15056
15324
15248
15096
15201
14988
15113
15013
15210
15177
15067
15114
15178
15175
15332
15061
15127
15083
15292
15362
15297
15000
15356
15231
15146
15343
15161
15091
15362
15108
15250
14966
14883
14982
15349
15190
15354
14994
15350
14971
15257
15028
14877
15187
15013
14930
15092
15062
15113
15064
15138
14984
15001
15066
15174
15239
15197
14974
15129
15281
15011
15020
14963
15215
15180
15271
15138
15040
15069
15167
15177
14985
15142
15254
15185
15167
14932
15048
15084
15074
15138
14972
15032
15300
15247
15042
15201
14890
15160
15151
15071
15072
15062
15049
15053
15009
14978
15117
14854
15059
14906
15261
15172
15113
15138
15098
14819
14827
15136
14877
15176
14974
15042
14976
15117
14851
15170
14956
15010
14944
15051
14974
15228
14896
15204
14891
15066
15059
14965
15147
14948
15144
14979
15174
15238
14944
15012
15043
15046
14831
15010
14882
14906
15189
15017
14953
14898
14994
14974
15213
15038
14727
14933
14928
14684
14944
15118
14719
14862
14704
14863
14898
14766
14772
15017
14751
14818
14786
14815
14727
14854
14684
14846
14842
14705
14773
14777
14644
14742
14626
14773
14855
14691
14820
14477
14738
14602
14501
14618
14465
14772
14493
14516
14569
14478
14521
14371
14280
14277
14455
14338
14359
14316
14121
13979
14333
14220
14090
13839
14021
13950
13795
13772
13613
13602
13303
13380
13308
13042
13034
12617
12813
12288
12388
11931
11874
11422
11276
11084
10934
10600
10698
10211
10169
10181
9926
9901
9605
10174
9792
9821
9998
10191
10282
9979
10134
10424
10164
10148
10136
9804
9873
9612
9900
9883
9852
10031
10107
10288
10418
10539
10852
10906
11246
11517
11659
12050
12177
12389
12496
12757
12804
12967
13277
13437
13536
13583
13710
13720
13767
13720
13958
13764
13719
13919
14114
14156
14563
14199
14331
14236
14347
14193
14333
14584
14414
14586
14504
14649
14468
14727
14587
14427
14506
14550
14825
14588
14800
14609
14794
14508
14521
14740
14732
14658
14761
14814
14948
14710
14776
14864
14695
14506
15085
14964
14807
14854
14795
14819
14934
14781
14838
15043
14990
14786
14870
15008
14971
14919
14840
14847
14868
15000
14969
15050
15000
14982
14619
15083
15192
15115
14830
15195
14783
15075
15026
14992
15235
15168
15233
15114
14905
14997
14954
15098
14927
14899
15248
15187
14992
15167
15154
14793
14993
14923
14743
15222
15218
15027
15202
15097
15039
14984
14887
15136
14852
14931
15229
15003
14917
14998
15209
15174
15041
15263
15214
15137
15154
15185
15095
14948
15113
15010
15095
15189
15023
15318
14933
15280
15177
14850
15132
14959
14851
15005
15105
15300
14852
15076
15266
14880
14979
14910
15059
15067
14855
14930
15157
15221
14979
14993
15070
15048
15137
15211
15051
15089
15170
15198
15208
15403
15414
14921
14903
15183
15103
15033
15335
15172
15276
15168
14946
15184
14992
15114
15098
15137
14995
15298
15252
15275
15064
15204
15134
15294
15090
15161
15060
15203
14993
15148
15151
15193
15133
15189
15341
14957
15179
15096
15055
15293
15139
15147
15267
15065
15311
14986
14993
15122
14999
14969
15168
15076
15273
