18489
18376
18659
18461
18463
18635
18514
18744
18502
18568
18532
18699
18569
18556
18716
18717
18496
18530
18427
18515
18685
18779
18722
18791
18448
18309
18532
18700
18878
18552
18577
18357
18863
18533
18647
18469
18831
18577
18447
18363
18583
18564
18565
18468
18579
18315
18689
18536
18635
18705
18679
18605
18751
18512
18347
18287
18618
18549
18589
18666
18651
18359
18735
18449
18587
18517
18658
18447
18543
18505
18431
18669
18583
18476
18600
18510
18603
18360
18672
18544
18381
18368
18625
18373
18593
18645
18517
18672
18448
18400
18669
18682
18467
18699
18488
18500
18670
18578
18428
18973
18558
18301
18289
18603
18644
18587
18654
18400
18443
18451
18628
18581
18727
18523
18556
18448
18521
18538
18460
18698
18548
18452
18643
18532
18431
18414
18332
18466
18335
18388
18497
18421
18367
18523
18467
18255
18477
18413
18491
18186
18189
18539
18521
18563
18429
18573
18375
18449
18504
18354
18219
18330
18406
18570
18314
18562
18531
18336
18287
18165
18402
18222
18242
18221
18132
18203
18483
18188
18239
17968
18383
18214
18364
18516
18236
18270
18066
18124
18144
18181
18172
18016
17943
18057
17762
18179
18197
17970
18033
17957
18022
18003
17891
17830
17902
17988
17723
17754
17667
17631
17809
17667
17861
17577
17560
17679
17435
17494
17191
17149
17564
16961
17057
17146
17032
16898
16686
16821
16329
16431
16037
16147
15676
15399
15691
15201
14998
14745
14219
14046
13735
13474
13346
12998
12672
12557
12397
12463
12050
12062
12053
12214
12231
12319
12447
12703
12524
12696
12703
12531
12379
12405
12331
12127
12157
12078
12191
12239
12485
12474
12679
12713
13120
13376
13783
13856
14041
14557
14640
15123
15049
15410
15654
15826
16023
16083
16378
16557
16828
16680
16913
16804
16921
16949
17256
16993
17387
17205
17195
17547
17576
17390
17484
17620
17822
17640
17620
17603
17830
17880
18085
17856
17732
18088
17989
17957
18078
18147
18195
18092
17937
18002
17816
18029
18396
18105
18186
18337
18293
18135
18319
18205
18241
18292
18332
18314
18140
18357
18261
18137
18144
18427
18108
18442
18153
18270
18302
18163
18237
18563
18337
18369
18562
18306
18524
18560
18330
18537
18408
18542
18400
18275
18339
18475
18458
18568
18443
18336
18491
18454
18263
18487
18664
18467
18720
18163
18469
18684
18509
18571
18789
18475
18472
18558
18496
18508
18783
18565
18455
18441
18405
18724
18423
18366
18576
18646
18635
18620
18683
18560
18638
18764
18580
18523
18495
18617
18760
18475
18387
18644
18521
18711
18242
18798
18516
18525
18664
18810
18675
18519
18589
18652
18416
18544
18743
18391
18549
18811
18618
18685
18446
18409
18395
18525
18520
18742
18364
18411
18689
18796
18712
18616
18431
18888
18580
18741
18853
18831
18454
18463
18658
18407
18897
18632
18545
18564
18635
18604
18620
18458
18644
18313
18468
18867
18779
18717
18503
18676
18414
18685
18625
18538
18606
18621
18680
18643
18592
18705
18569
18595
18485
18632
18521
18650
18550
18520
18819
18733
18617
18423
18447
18840
18475
18707
18212
18591
18550
18621
18592
18475
18412
18599
18671
18604
18495
18821
18807
18542
18405
18510
18698
18364
18448
18437
18616
18665
18745
18776
18535
18464
18538
18432
18646
18847
18800
18330
18732
18498
18478
18665
18499
18583
18603
18583
18537
18529
18401
18581
18606
18439
18799
18810
18609
18593
18358
18508
18566
18577
18484
18414
18651
18633
18520
18710
18510
18670
18556
18684
18769
18693
18387
18886
18752
18579
18787
18564
18500
18751
18619
18718
18377
18367
18486
18731
18672
18799
18470
18819
18394
18650
18486
18321
18611
18410
18410
18639
18483
18628
18513
18450
18405
18479
18496
18638
18642
18613
18538
18572
18511
18469
18430
18422
18603
18543
18777
18626
18448
18513
18657
18592
18390
18548
18692
18612
18696
18388
18558
18590
18485
18604
18432
18535
18723
18677
18540
18543
18272
18584
18546
18542
18495
18405
18506
18501
18436
18389
18503
18274
18368
18299
18609
18663
18487
18555
18494
18218
18298
18604
18283
18593
18443
18452
18437
18507
18220
18521
18306
18506
18284
18504
18302
18605
18382
18491
18278
18426
18412
18379
18581
18376
18607
18497
18627
18715
18458
18456
18432
18380
18240
18360
18201
18348
18573
18335
18444
18246
18428
18371
18617
18449
18116
18290
18406
18038
18335
18472
18109
18127
18119
18238
18263
18199
18125
18515
18136
18152
18185
18099
18207
18190
18072
18092
18230
17996
18210
18191
18079
18092
17888
18119
18206
17978
18150
17900
18053
17915
17844
17897
17767
18072
17883
17676
17758
17777
17852
17676
17605
17702
17727
17642
17621
17549
17390
17160
17573
17537
17321
16996
17252
17139
16879
16857
16622
16687
16399
16422
16316
16151
15939
15540
15609
15145
15311
14557
14508
14051
13861
13640
13423
13004
13033
12566
12573
12509
12210
12148
11813
12411
12037
12167
12253
12458
12599
12302
12561
12679
12509
12486
12445
12104
12106
11839
12072
12116
12105
12306
12396
12631
12807
13001
13320
13461
13766
14120
14268
14767
15021
15242
15294
15547
15739
15938
16249
16510
16551
16661
16766
16807
16854
16861
17217
16971
16794
17047
17242
17419
17858
17464
17667
17512
17568
17468
17605
17875
17722
17822
17787
18024
17777
18050
17983
17712
17866
17883
18172
17962
18155
17832
18117
17845
17905
18047
18016
17999
18202
18078
18285
18071
18149
18311
18091
17915
18545
18326
18165
18335
18207
18164
18275
18218
18224
18371
18323
18260
18129
18372
18331
18304
18311
18285
18243
18479
18441
18404
18394
18408
18134
18483
18655
18522
18199
18631
18108
18584
18417
18372
18583
18506
18636
18502
18279
18395
18395
18510
18412
18336
18573
18607
18401
18609
18448
18188
18349
18410
18153
18612
18648
18453
18574
18498
18554
18358
18359
18468
18116
18403
18777
18463
18325
18443
18593
18686
18531
18763
18673
18584
18630
18693
18559
18327
18617
18369
18604
18644
18447
18772
18331
18660
18503
18278
18614
18332
18261
18466
18479
18725
18232
18510
18650
18324
18408
18354
18586
18350
18399
18383
18522
18586
18407
18359
18431
18440
18671
18675
18550
18433
18602
18630
18618
18830
18763
18343
18290
18721
18594
18494
18803
18660
18683
18605
18350
18654
18427
18603
18464
18539
18415
18735
18654
18665
18512
18594
18638
18706
18492
18566
18509
18690
18545
18475
18633
18648
18576
18596
18762
18423
18642
18511
18493
18700
18631
18600
18742
18488
18733
18393
18407
18563
18435
18485
18648
18479
18682
