10520
10467
10492
10538
10583
10493
10483
10640
10516
10606
10572
10677
10496
10617
10769
10499
10488
10500
10436
10523
10622
10538
10646
10756
10384
10436
10563
10648
10619
10555
10530
10416
10683
10461
10534
10491
10639
10651
10474
10390
10523
10571
10615
10441
10536
10489
10543
10625
10595
10388
10751
10525
10773
10466
10389
10402
10623
10565
10428
10526
10559
10325
10672
10425
10558
10522
10507
10387
10504
10422
10421
10475
10625
10358
10514
10547
10524
10369
10551
10567
10523
10538
10483
10441
10480
10576
10475
10582
10534
10473
10597
10539
10435
10475
10550
10435
10610
10415
10463
10699
10583
10581
10319
10534
10655
10523
10506
10429
10543
10473
10544
10525
10691
10466
10516
10490
10469
10413
10537
10717
10415
10501
10556
10567
10583
10501
10339
10591
10451
10473
10503
10478
10368
10424
10418
10280
10483
10432
10543
10317
10272
10468
10487
10525
10417
10530
10362
10371
10543
10523
10277
10449
10534
10537
10347
10550
10500
10551
10480
10273
10444
10336
10412
10251
10254
10263
10510
10299
10423
10170
10423
10347
10365
10477
10355
10261
10322
10191
10289
10228
10301
10191
10288
10264
10164
10474
10405
10280
10233
10129
10189
10134
9980
10139
10164
10162
10043
10087
9978
10027
10045
9928
10122
9943
9932
10027
9881
9879
9723
9696
10096
9629
9585
9755
9609
9625
9419
9628
9114
9310
9155
9137
8954
8798
8858
8730
8524
8307
8012
7886
7798
7590
7600
7327
7196
7063
7031
7027
6761
6879
6870
6948
6978
6919
6989
7181
7121
7202
7310
7173
7057
7100
6855
6890
6873
6887
6841
6902
7144
7104
7097
7273
7515
7619
7807
7903
7916
8326
8316
8539
8526
8722
8881
9048
9054
9003
9327
9420
9456
9374
9580
9590
9512
9680
9783
9645
9924
9742
9726
9934
9959
9820
9927
9982
10129
10012
10022
10061
10144
10191
10265
10072
10126
10320
10232
10166
10186
10254
10319
10167
10240
10303
10103
10307
10330
10260
10269
10297
10379
10292
10293
10403
10362
10346
10435
10363
10373
10376
10449
10225
10278
10412
10273
10485
10296
10544
10338
10393
10495
10497
10341
10410
10614
10357
10567
10486
10352
10483
10435
10526
10416
10296
10507
10564
10401
10485
10450
10379
10514
10477
10351
10496
10514
10440
10677
10161
10542
10549
10474
10562
10556
10463
10456
10566
10505
10506
10716
10531
10397
10561
10476
10663
10486
10453
10620
10471
10647
10545
10509
10455
10597
10613
10557
10468
10535
10664
10621
10597
10431
10661
10417
10474
10442
10603
10558
10423
10657
10712
10652
10617
10552
10645
10433
10664
10640
10417
10449
10690
10684
10513
10395
10403
10369
10620
10458
10671
10470
10359
10590
10587
10634
10505
10359
10700
10544
10667
10690
10519
10471
10413
10686
10424
10696
10544
10518
10571
10669
10439
10451
10461
10536
10351
10484
10726
10775
10647
10509
10703
10424
10572
10540
10522
10436
10561
10572
10495
10639
10482
10513
10511
10486
10560
10386
10645
10501
10455
10647
10593
10619
10459
10424
10659
10629
10566
10238
10612
10506
10554
10681
10367
10474
10573
10722
10546
10516
10491
10701
10541
10390
10470
10630
10413
10435
10534
10640
10621
10647
10677
10491
10476
10482
10379
10476
10760
10757
10315
10602
10456
10485
10478
10505
10435
10585
10626
10528
10529
10455
10584
10489
10468
10722
10535
10452
10633
10452
10488
10582
10588
10603
10561
10565
10563
10599
10681
10450
10489
10507
10723
10651
10620
10402
10739
10629
10549
10663
10562
10506
10704
10425
10647
10344
10366
10445
10619
10590
10661
10378
10632
10507
10531
10531
10358
10511
10487
10461
10523
10511
10518
10500
10647
10365
10500
10373
10520
10572
10580
10491
10540
10622
10549
10457
10412
10588
10555
10590
10519
10525
10403
10573
10655
10373
10531
10673
10468
10566
10362
10400
10448
10417
10488
10407
10578
10614
10653
10509
10652
10440
10516
10490
10473
10585
10484
10491
10472
10435
10372
10543
10271
10428
10383
10720
10594
10594
10488
10572
10222
10394
10604
10368
10557
10461
10486
10475
10503
10351
10516
10385
10494
10334
10402
10510
10631
10411
10564
10403
10582
10389
10401
10599
10397
10622
10383
10479
10598
10424
10439
10464
10483
10296
10445
10383
10423
10438
10332
10405
10397
10419
10385
10577
10473
10214
10423
10379
10142
10460
10596
10280
10303
10143
10280
10355
10279
10285
10446
10325
10378
10387
10371
10284
10389
10200
10329
10389
10125
10360
10217
10181
10350
10173
10257
10361
10225
10354
9956
10303
10224
10102
10209
10063
10268
10172
10006
10142
10146
10151
10083
10015
9984
10080
9990
9994
9979
9774
9643
9877
9968
9856
9675
9679
9671
9575
9462
9530
9451
9207
9311
9256
9070
9196
8748
8907
8536
8655
8312
8218
7952
7859
7676
7582
7371
7436
7031
7011
7078
6972
6925
6743
7063
6791
6788
6966
7062
7183
6908
7087
7269
7056
7041
7017
6862
6869
6650
6903
6838
6877
6970
7069
7179
7225
7436
7643
7621
7875
8004
8183
8415
8404
8582
8789
8811
8941
9066
9181
9356
9528
9401
9575
9591
9566
9405
9786
9615
9575
9688
9846
9790
10113
9878
10023
9866
10063
9950
9867
10168
10064
10154
10074
10304
10204
10310
10115
10073
10128
10044
10363
10192
10198
10265
10449
10108
10211
10225
10147
10203
10310
10285
10402
10179
10267
10334
10123
10162
10414
10439
10413
10374
10380
10389
10405
10259
10278
10496
10394
10222
10292
10460
10402
10351
10267
10189
10381
10483
10408
10563
10362
10508
10220
10469
10621
10523
10357
10630
10324
10472
10481
10429
10542
10573
10622
10610
10459
10505
10371
10501
10314
10383
10637
10581
10370
10493
10628
10312
10469
10290
10262
10491
10604
10523
10553
10461
10530
10374
10409
10402
10369
10424
10593
10436
10413
10439
10601
10555
10575
10674
10542
10487
10520
10592
10492
10349
10531
10472
10524
10536
10464
10639
10373
10681
10648
10331
10424
10468
10359
10475
10490
10653
10359
10475
10734
10348
10335
10355
10472
10477
10434
10430
10563
10563
10413
10502
10436
10388
10441
10511
10376
10499
10588
10660
10614
10710
10761
10389
10334
10527
10492
10410
10686
10573
10658
10497
10326
10470
10418
10524
10548
10528
10467
10741
10628
10598
10497
10572
10590
10668
10508
10606
10474
10670
10471
10509
10484
10516
10513
10520
10599
10364
10595
10515
10472
10592
10552
10504
10639
10488
10649
10430
10476
10526
10460
10403
10623
10488
10693
