13354
13271
13370
13383
13393
13364
13361
13480
13386
13423
13365
13612
13387
13414
13639
13438
13329
13384
13376
13430
13481
13435
13509
13591
13250
13229
13472
13542
13543
13408
13453
13231
13564
13363
13407
13316
13546
13510
13337
13251
13408
13444
13435
13286
13520
13307
13494
13539
13499
13364
13519
13329
13556
13361
13204
13226
13449
13362
13400
13457
13498
13247
13585
13306
13461
13431
13414
13244
13347
13270
13338
13388
13508
13304
13369
13408
13424
13246
13436
13462
13282
13397
13353
13225
13301
13477
13393
13430
13388
13287
13389
13468
13335
13396
13365
13319
13544
13303
13363
13663
13415
13315
13111
13478
13509
13361
13372
13293
13441
13329
13447
13393
13549
13402
13404
13344
13345
13248
13384
13510
13322
13378
13485
13374
13417
13323
13183
13389
13208
13320
13365
13299
13210
13284
13319
13094
13344
13293
13359
13206
13130
13341
13428
13477
13304
13437
13179
13151
13339
13330
13087
13254
13382
13422
13223
13433
13395
13316
13317
13077
13287
13146
13169
13025
13099
13107
13343
13094
13241
13004
13297
13133
13336
13402
13169
13110
13133
13065
13040
13043
13050
12958
13104
13044
12858
13217
13269
13036
13057
12942
12930
12967
12823
12881
12910
13017
12829
12864
12697
12734
12849
12732
12863
12677
12652
12776
12580
12595
12364
12347
12774
12228
12251
12394
12321
12244
12062
12234
11775
11874
11586
11612
11349
11199
11341
11095
10895
10673
10145
10020
9929
9695
9682
9331
9158
9028
9022
9021
8698
8720
8710
8755
8801
8799
8966
9129
9100
9129
9237
9069
9005
9009
8859
8772
8762
8777
8709
8773
9047
9002
9060
9250
9461
9684
10015
10075
10086
10508
10560
10928
10818
11118
11310
11446
11606
11555
11817
11963
12018
11954
12134
12136
12173
12241
12411
12351
12636
12400
12310
12590
12631
12453
12618
12777
12847
12777
12771
12787
12847
12924
13014
12851
12838
13119
12972
12906
12964
13001
13150
12935
12953
13047
12800
13113
13237
13024
13211
13205
13181
13135
13193
13218
13176
13210
13250
13179
13164
13215
13249
13086
13110
13278
13046
13301
13190
13329
13150
13126
13276
13323
13111
13307
13441
13184
13394
13370
13154
13397
13262
13362
13304
13135
13290
13379
13258
13414
13293
13214
13331
13325
13155
13464
13369
13257
13575
13044
13371
13440
13265
13408
13466
13263
13297
13457
13327
13403
13615
13419
13216
13313
13382
13508
13325
13297
13487
13421
13469
13386
13419
13317
13489
13495
13439
13397
13334
13550
13542
13378
13208
13508
13295
13440
13258
13569
13409
13255
13450
13568
13499
13467
13477
13500
13317
13483
13518
13293
13298
13613
13547
13459
13264
13255
13212
13449
13417
13487
13308
13270
13436
13526
13522
13494
13281
13729
13385
13598
13655
13494
13343
13258
13573
13335
13530
13446
13398
13397
13553
13431
13317
13278
13404
13214
13320
13676
13633
13476
13412
13555
13321
13473
13467
13415
13380
13464
13421
13450
13488
13410
13363
13396
13357
13422
13306
13502
13339
13362
13572
13523
13533
13257
13359
13603
13450
13500
13068
13416
13378
13487
13455
13267
13370
13485
13557
13480
13348
13410
13630
13385
13302
13375
13499
13283
13256
13357
13480
13512
13554
13582
13430
13298
13365
13307
13436
13571
13699
13158
13498
13357
13300
13402
13388
13393
13487
13504
13359
13363
13326
13453
13402
13341
13592
13467
13370
13517
13270
13341
13350
13491
13485
13342
13378
13435
13399
13558
13344
13387
13404
13579
13552
13584
13275
13647
13520
13400
13583
13445
13372
13624
13351
13495
13253
13250
13322
13596
13486
13589
13244
13551
13268
13529
13383
13181
13466
13338
13275
13326
13360
13375
13354
13440
13282
13351
13383
13434
13426
13514
13294
13394
13516
13327
13317
13241
13483
13399
13503
13448
13357
13291
13433
13493
13278
13419
13529
13404
13427
13270
13361
13355
13279
13398
13255
13348
13532
13487
13345
13474
13202
13479
13470
13348
13406
13367
13315
13332
13370
13253
13367
13162
13275
13233
13589
13515
13430
13399
13360
13069
13173
13472
13150
13471
13274
13352
13243
13441
13159
13417
13241
13409
13175
13304
13257
13470
13227
13456
13171
13365
13302
13199
13476
13176
13498
13204
13383
13497
13231
13293
13320
13352
13136
13271
13265
13147
13463
13289
13224
13169
13228
13256
13529
13315
13044
13248
13239
12963
13264
13401
13072
13142
12949
13137
13181
13066
13098
13298
13077
13154
13146
13142
13087
13119
13042
13114
13211
12988
13146
13018
12976
13138
12938
13183
13177
13022
13114
12801
13032
13013
12851
12972
12789
13069
12910
12826
12894
12853
12920
12723
12681
12705
12836
12717
12713
12680
12520
12372
12704
12624
12516
12219
12417
12366
12187
12065
12039
12038
11763
11892
11802
11570
11607
11150
11354
10863
10994
10579
10480
10092
10035
9803
9693
9365
9465
9026
8990
9038
8854
8785
8526
9024
8663
8661
8839
8979
9084
8814
8937
9225
9000
9001
8975
8727
8733
8487
8775
8732
8768
8951
8945
9119
9240
9405
9627
9722
9959
10205
10337
10739
10735
10938
11098
11268
11332
11452
11713
11918
12064
12055
12177
12145
12150
12167
12394
12254
12187
12367
12493
12593
12875
12499
12738
12574
12770
12569
12632
12941
12749
12901
12875
13040
12853
13057
12940
12788
12915
12848
13197
12980
13068
12979
13173
12878
12856
13059
13044
12977
13045
13087
13249
13008
13045
13153
13024
12869
13349
13273
13156
13161
13134
13172
13284
13076
13169
13343
13228
13079
13078
13246
13264
13202
13085
13120
13205
13234
13302
13387
13250
13289
12951
13407
13464
13403
13164
13465
13086
13375
13358
13296
13444
13460
13507
13402
13255
13373
13191
13326
13104
13195
13585
13479
13271
13389
13475
13136
13234
13226
13065
13429
13496
13402
13391
13320
13339
13277
13193
13373
13178
13204
13498
13315
13211
13263
13489
13415
13418
13459
13483
13389
13406
13492
13364
13236
13415
13288
13376
13427
13288
13595
13193
13545
13444
13130
13328
13231
13186
13325
13362
13536
13094
13357
13550
13162
13227
13216
13262
13346
13152
13279
13443
13499
13296
13327
13277
13266
13318
13438
13295
13379
13476
13438
13468
13643
13677
13184
13202
13423
13368
13319
13598
13501
13567
13428
13169
13395
13273
13430
13403
13359
13376
13558
13480
13517
13339
13439
13440
13625
13356
13412
13365
13511
13298
13464
13403
13464
13409
13429
13569
13263
13371
13370
13341
13497
13432
13444
13540
13346
13560
13249
13311
13413
13291
13210
13450
13416
13520
