11672
11622
11633
11651
11782
11652
11640
11764
11700
11737
11656
11840
11664
11745
11936
11640
11619
11702
11621
11721
11744
11709
11749
11895
11546
11579
11775
11880
11821
11693
11644
11541
11808
11673
11689
11611
11791
11790
11615
11557
11672
11697
11731
11541
11724
11628
11725
11779
11725
11605
11893
11703
11890
11617
11546
11549
11735
11673
11603
11697
11718
11492
11869
11630
11751
11737
11659
11542
11637
11575
11590
11662
11812
11559
11649
11684
11683
11537
11725
11754
11630
11715
11650
11569
11605
11720
11613
11685
11690
11595
11710
11705
11584
11670
11678
11610
11799
11612
11631
11918
11722
11635
11434
11649
11774
11656
11673
11599
11700
11577
11672
11678
11826
11651
11654
11671
11655
11506
11688
11847
11570
11643
11710
11707
11753
11625
11503
11744
11575
11629
11630
11608
11502
11609
11575
11373
11593
11547
11698
11501
11392
11587
11665
11704
11612
11679
11540
11526
11633
11634
11400
11562
11694
11674
11490
11658
11653
11653
11592
11404
11586
11505
11530
11407
11410
11405
11641
11416
11483
11314
11582
11436
11552
11606
11498
11388
11487
11323
11415
11347
11376
11294
11406
11365
11203
11589
11565
11404
11371
11232
11315
11278
11155
11192
11255
11314
11208
11179
11074
11100
11175
11054
11194
11041
11024
11132
10962
11018
10792
10817
11199
10640
10640
10867
10675
10684
10477
10659
10206
10367
10132
10090
9898
9729
9828
9644
9450
9234
8882
8721
8660
8478
8440
8103
8001
7856
7845
7830
7518
7614
7562
7653
7742
7684
7808
7927
7930
7984
8090
7901
7811
7871
7657
7670
7622
7640
7598
7608
7954
7876
7901
8086
8259
8462
8679
8774
8788
9208
9240
9481
9414
9715
9876
10017
10113
10025
10319
10419
10504
10381
10635
10601
10609
10695
10856
10751
11029
10836
10737
10984
11006
10866
10984
11133
11241
11100
11109
11158
11249
11279
11363
11193
11210
11451
11351
11248
11277
11340
11462
11271
11331
11386
11219
11427
11519
11408
11453
11450
11486
11444
11451
11558
11467
11476
11577
11501
11506
11477
11629
11370
11420
11563
11368
11634
11469
11647
11494
11508
11604
11637
11461
11588
11723
11499
11724
11646
11465
11637
11578
11634
11582
11439
11630
11720
11503
11646
11568
11570
11704
11573
11488
11738
11664
11553
11845
11310
11682
11745
11617
11679
11751
11561
11604
11746
11647
11650
11887
11719
11501
11630
11665
11797
11633
11621
11742
11641
11766
11666
11698
11609
11771
11797
11713
11706
11639
11798
11819
11694
11549
11799
11626
11652
11576
11786
11676
11536
11758
11848
11769
11740
11742
11753
11579
11797
11788
11581
11554
11849
11818
11727
11510
11556
11524
11735
11581
11794
11612
11511
11767
11768
11740
11751
11553
11900
11607
11873
11881
11709
11619
11581
11845
11557
11834
11756
11676
11710
11844
11651
11616
11625
11692
11479
11626
11899
11911
11786
11672
11863
11576
11783
11711
11703
11600
11788
11656
11624
11736
11649
11649
11652
11583
11744
11599
11764
11662
11635
11791
11818
11819
11597
11565
11830
11762
11761
11364
11724
11674
11726
11770
11537
11657
11747
11857
11716
11668
11663
11898
11683
11568
11665
11779
11590
11552
11697
11795
11783
11787
11832
11655
11582
11644
11626
11716
11901
11946
11469
11741
11629
11608
11667
11667
11624
11717
11779
11629
11651
11578
11713
11685
11646
11876
11738
11653
11791
11587
11626
11683
11785
11742
11659
11677
11709
11779
11843
11640
11675
11654
11862
11813
11849
11543
11925
11817
11679
11814
11720
11677
11855
11629
11807
11506
11548
11623
11841
11728
11863
11520
11793
11560
11715
11653
11483
11680
11622
11634
11660
11634
11640
11637
11754
11490
11622
11591
11704
11689
11744
11650
11651
11812
11639
11562
11530
11768
11689
11766
11720
11657
11596
11728
11785
11484
11749
11809
11629
11711
11499
11598
11604
11564
11644
11506
11679
11809
11782
11655
11743
11541
11669
11626
11628
11720
11666
11653
11619
11685
11532
11698
11392
11560
11589
11869
11769
11729
11669
11693
11368
11493
11782
11456
11724
11643
11645
11623
11681
11505
11675
11487
11688
11459
11561
11596
11814
11529
11696
11500
11721
11539
11521
11743
11468
11771
11511
11659
11800
11548
11556
11562
11640
11470
11594
11577
11515
11662
11538
11540
11525
11574
11522
11719
11598
11371
11542
11564
11303
11580
11696
11421
11473
11290
11393
11466
11395
11398
11573
11427
11478
11479
11517
11430
11498
11374
11443
11560
11312
11465
11312
11302
11503
11249
11454
11479
11346
11464
11108
11366
11388
11173
11344
11116
11358
11290
11138
11267
11216
11254
11095
11067
11054
11164
11074
11120
11035
10883
10710
11018
11043
10922
10679
10816
10743
10580
10496
10546
10509
10189
10308
10311
10085
10197
9688
9873
9462
9600
9223
9125
8833
8740
8516
8478
8161
8269
7847
7813
7821
7699
7689
7462
7842
7544
7536
7723
7835
7953
7696
7831
8035
7836
7817
7763
7636
7625
7372
7661
7591
7647
7771
7799
7926
8049
8227
8416
8486
8718
8897
9080
9343
9372
9539
9737
9797
9846
10046
10225
10396
10530
10465
10660
10643
10573
10544
10821
10719
10648
10768
10909
10936
11228
10913
11087
10970
11128
10985
10944
11268
11139
11244
11174
11401
11229
11376
11266
11182
11253
11172
11534
11334
11361
11351
11570
11224
11306
11366
11302
11301
11408
11408
11552
11327
11338
11451
11271
11293
11606
11565
11501
11491
11443
11527
11583
11425
11456
11622
11563
11392
11419
11535
11523
11503
11400
11392
11498
11591
11568
11645
11516
11625
11309
11674
11747
11663
11476
11782
11483
11643
11561
11582
11702
11692
11774
11736
11599
11684
11449
11682
11449
11518
11838
11756
11561
11602
11790
11455
11554
11496
11361
11687
11786
11694
11700
11581
11681
11528
11552
11635
11506
11549
11789
11594
11541
11562
11747
11717
11754
11775
11755
11617
11695
11764
11633
11538
11671
11603
11647
11705
11590
11806
11527
11864
11778
11451
11538
11569
11474
11655
11619
11774
11430
11638
11849
11465
11510
11495
11546
11653
11523
11567
11706
11786
11560
11603
11544
11525
11595
11691
11560
11643
11747
11781
11773
11900
11895
11491
11469
11728
11645
11579
11883
11728
11780
11684
11501
11649
11565
11696
11657
11696
11665
11901
11771
11736
11664
11690
11711
11860
11643
11726
11638
11799
11579
11710
11634
11689
11703
11705
11804
11506
11726
11684
11639
11817
11692
11656
11843
11621
11845
11521
11630
11692
11593
11512
11710
11622
11863
