11380
11325
11344
11363
11489
11347
11349
11490
11407
11467
11381
11539
11362
11455
11635
11352
11325
11413
11340
11426
11460
11395
11459
11603
11261
11278
11480
11570
11479
11427
11374
11289
11540
11377
11387
11328
11497
11510
11369
11260
11393
11440
11462
11305
11450
11366
11426
11490
11458
11321
11607
11416
11606
11330
11274
11292
11459
11369
11303
11398
11437
11186
11559
11355
11444
11424
11379
11245
11358
11282
11286
11353
11519
11277
11362
11392
11383
11252
11438
11463
11321
11436
11374
11313
11316
11429
11359
11418
11407
11333
11427
11412
11306
11358
11370
11316
11481
11312
11368
11602
11434
11397
11170
11365
11493
11377
11379
11314
11418
11294
11379
11393
11541
11363
11326
11364
11362
11234
11413
11569
11293
11370
11408
11444
11487
11368
11221
11410
11326
11343
11330
11363
11211
11302
11289
11091
11303
11286
11422
11236
11119
11303
11373
11400
11305
11387
11233
11246
11371
11384
11118
11256
11414
11406
11220
11379
11348
11388
11313
11108
11304
11191
11254
11108
11139
11113
11379
11140
11245
11032
11274
11211
11237
11327
11253
11126
11193
11044
11148
11051
11091
11037
11135
11109
10934
11322
11252
11098
11102
10974
11031
10993
10881
10939
10999
11024
10916
10915
10802
10820
10899
10768
10947
10782
10750
10863
10666
10740
10521
10527
10939
10384
10389
10557
10411
10406
10223
10406
9939
10113
9926
9850
9654
9492
9585
9428
9227
8979
8667
8525
8452
8270
8218
7881
7843
7647
7654
7633
7336
7425
7412
7481
7524
7530
7601
7745
7705
7794
7886
7723
7615
7693
7467
7487
7417
7436
7392
7445
7757
7685
7701
7878
8075
8260
8442
8531
8570
8982
9020
9240
9202
9461
9627
9778
9847
9763
10080
10187
10244
10144
10368
10343
10344
10438
10601
10475
10734
10554
10506
10743
10742
10607
10689
10845
10975
10840
10851
10883
10960
10996
11097
10911
10926
11177
11053
10976
11028
11074
11209
11012
11060
11104
10956
11159
11226
11119
11149
11157
11213
11147
11179
11275
11163
11195
11316
11219
11230
11215
11335
11072
11146
11259
11097
11371
11177
11360
11200
11239
11327
11345
11163
11302
11424
11206
11436
11353
11193
11359
11301
11356
11285
11150
11341
11451
11246
11338
11297
11267
11406
11297
11204
11426
11366
11282
11547
11014
11389
11462
11336
11434
11453
11282
11342
11475
11364
11367
11591
11428
11229
11362
11401
11519
11342
11352
11471
11315
11481
11386
11408
11308
11480
11496
11418
11405
11371
11523
11525
11409
11273
11544
11327
11362
11314
11489
11378
11255
11500
11547
11520
11443
11444
11452
11309
11525
11519
11279
11289
11564
11545
11411
11221
11279
11241
11453
11322
11487
11329
11216
11477
11460
11466
11442
11215
11588
11344
11580
11601
11392
11335
11275
11547
11283
11566
11439
11406
11401
11569
11347
11313
11333
11391
11202
11363
11605
11626
11495
11386
11587
11281
11501
11426
11395
11299
11478
11409
11343
11452
11351
11350
11383
11298
11446
11326
11488
11375
11356
11510
11516
11514
11298
11288
11551
11485
11459
11081
11439
11358
11451
11525
11223
11349
11458
11578
11448
11404
11393
11606
11387
11289
11345
11496
11311
11247
11409
11513
11499
11503
11558
11349
11317
11355
11317
11412
11615
11650
11219
11465
11344
11322
11361
11340
11325
11405
11473
11358
11392
11302
11430
11357
11352
11611
11443
11367
11516
11298
11340
11401
11481
11455
11370
11428
11433
11479
11549
11357
11362
11385
11583
11554
11548
11255
11647
11540
11373
11532
11435
11396
11561
11358
11528
11219
11265
11331
11532
11457
11564
11259
11524
11303
11429
11366
11186
11376
11330
11349
11384
11374
11366
11349
11454
11182
11353
11299
11422
11388
11475
11325
11380
11522
11351
11298
11292
11467
11401
11498
11422
11385
11302
11434
11519
11200
11444
11509
11351
11414
11224
11318
11303
11272
11370
11254
11409
11506
11489
11371
11470
11290
11377
11361
11344
11436
11376
11339
11305
11355
11235
11423
11111
11315
11298
11589
11476
11419
11384
11406
11078
11223
11498
11178
11439
11350
11358
11327
11403
11214
11380
11215
11372
11180
11274
11314
11511
11238
11392
11248
11441
11245
11250
11459
11202
11486
11224
11392
11508
11289
11278
11285
11347
11173
11301
11272
11215
11363
11244
11266
11232
11279
11209
11426
11319
11067
11273
11294
11022
11304
11432
11133
11212
11011
11127
11183
11105
11120
11296
11160
11208
11199
11220
11172
11237
11067
11173
11272
11005
11200
11042
11018
11199
10994
11149
11194
11080
11207
10823
11125
11111
10928
11061
10862
11077
11014
10853
10971
10940
10985
10849
10820
10795
10899
10796
10841
10770
10604
10473
10741
10784
10664
10432
10535
10478
10331
10240
10296
10249
9966
10063
10023
9834
9960
9449
9661
9223
9379
8998
8911
8591
8520
8330
8242
7971
8042
7647
7618
7631
7516
7495
7295
7645
7358
7379
7557
7638
7768
7500
7647
7863
7635
7632
7582
7422
7424
7194
7488
7391
7439
7561
7630
7741
7852
8050
8206
8303
8496
8681
8859
9121
9112
9302
9532
9558
9617
9801
9962
10133
10262
10197
10400
10379
10324
10273
10539
10415
10409
10480
10629
10640
10943
10658
10802
10688
10839
10730
10680
10981
10872
10986
10886
11151
10962
11137
10990
10891
10965
10922
11252
11041
11070
11092
11274
10961
11049
11066
11041
11027
11147
11126
11254
11029
11086
11193
11003
11018
11311
11287
11231
11220
11198
11244
11308
11146
11139
11379
11254
11100
11141
11271
11244
11233
11113
11101
11204
11332
11278
11405
11244
11364
11024
11382
11465
11390
11190
11519
11214
11360
11282
11276
11412
11444
11488
11447
11292
11403
11187
11386
11167
11233
11537
11464
11262
11318
11519
11158
11297
11184
11069
11389
11499
11421
11376
11268
11409
11244
11273
11311
11222
11260
11475
11308
11258
11274
11486
11428
11476
11493
11476
11341
11397
11496
11355
11231
11383
11303
11373
11426
11307
11511
11246
11561
11482
11165
11250
11319
11196
11368
11335
11472
11183
11354
11572
11189
11221
11217
11254
11369
11281
11301
11420
11483
11300
11332
11259
11239
11296
11419
11260
11355
11448
11521
11482
11600
11625
11228
11202
11450
11342
11293
11564
11416
11487
11377
11191
11369
11277
11399
11377
11415
11359
11587
11482
11445
11383
11422
11453
11559
11385
11452
11347
11521
11311
11384
11347
11402
11408
11387
11518
11202
11468
11394
11378
11522
11427
11339
11554
11354
11550
11274
11333
11387
11309
11244
11432
11348
11582
