15625
15497
15707
15635
15661
15717
15649
15776
15675
15724
15668
15879
15722
15696
15895
15791
15641
15675
15608
15736
15769
15877
15803
15921
15534
15494
15669
15866
15917
15744
15758
15472
15866
15698
15750
15606
15828
15731
15650
15481
15678
15710
15725
15664
15778
15604
15840
15767
15760
15728
15807
15663
15911
15713
15445
15488
15751
15687
15697
15790
15807
15511
15834
15576
15769
15711
15759
15624
15603
15645
15630
15703
15800
15614
15713
15688
15744
15535
15757
15755
15574
15623
15655
15516
15708
15734
15631
15775
15655
15594
15777
15770
15578
15776
15662
15635
15802
15664
15565
16055
15649
15544
15443
15734
15801
15695
15717
15663
15643
15630
15794
15731
15848
15694
15762
15664
15670
15576
15651
15838
15675
15602
15732
15679
15725
15564
15423
15686
15512
15596
15694
15538
15475
15629
15565
15380
15599
15579
15688
15452
15413
15607
15729
15717
15613
15726
15456
15465
15641
15630
15374
15545
15654
15746
15466
15726
15667
15509
15558
15320
15650
15438
15431
15279
15284
15418
15604
15317
15463
15184
15546
15376
15574
15720
15449
15477
15364
15357
15312
15298
15340
15193
15280
15259
14996
15405
15465
15243
15259
15142
15182
15229
15095
15119
15102
15235
15002
15052
14909
14874
15097
14928
15143
14876
14910
14930
14699
14790
14491
14512
14865
14398
14359
14567
14436
14259
14099
14338
13827
13903
13574
13640
13252
13094
13328
12916
12719
12444
11942
11800
11654
11398
11288
10990
10683
10602
10536
10539
10192
10199
10199
10256
10306
10378
10541
10710
10592
10717
10795
10655
10503
10545
10379
10319
10293
10228
10212
10247
10607
10538
10664
10850
11062
11329
11660
11755
11876
12261
12340
12833
12726
13051
13306
13438
13610
13604
13840
13999
14167
14051
14221
14231
14303
14320
14554
14431
14752
14507
14471
14805
14797
14688
14793
14943
15038
14958
14925
14947
15008
15112
15285
15068
14933
15328
15237
15144
15170
15258
15402
15197
15162
15316
14967
15267
15517
15295
15481
15530
15456
15384
15493
15411
15494
15604
15514
15399
15376
15588
15448
15305
15250
15635
15314
15565
15404
15579
15434
15365
15448
15622
15452
15560
15747
15419
15628
15688
15428
15654
15544
15663
15566
15385
15530
15646
15593
15647
15536
15466
15586
15609
15463
15727
15687
15558
15874
15366
15696
15782
15588
15693
15843
15571
15605
15693
15633
15698
15917
15715
15593
15618
15582
15828
15555
15547
15780
15688
15801
15739
15785
15695
15755
15826
15673
15727
15632
15773
15789
15641
15527
15815
15685
15835
15478
15905
15723
15629
15810
15933
15823
15733
15760
15732
15578
15743
15871
15614
15664
15914
15782
15841
15571
15572
15552
15711
15624
15820
15590
15586
15806
15888
15900
15789
15573
16085
15695
15875
15928
15867
15581
15541
15881
15626
15868
15655
15670
15701
15843
15741
15679
15612
15744
15451
15637
16006
15975
15837
15625
15843
15528
15815
15726
15688
15729
15758
15739
15759
15749
15767
15680
15745
15643
15818
15616
15842
15629
15637
15853
15833
15785
15590
15595
15900
15632
15844
15377
15695
15699
15743
15762
15630
15662
15634
15835
15752
15675
15837
15989
15723
15610
15620
15811
15541
15607
15603
15803
15814
15942
15899
15721
15570
15638
15592
15753
15971
15985
15498
15795
15686
15546
15730
15702
15638
15728
15736
15661
15617
15528
15686
15740
15647
15893
15879
15687
15777
15557
15676
15628
15756
15697
15636
15663
15737
15753
15916
15623
15743
15701
15840
15928
15848
15588
15992
15808
15704
15887
15710
15691
15917
15697
15855
15561
15451
15561
15944
15785
15871
15576
15917
15531
15859
15641
15471
15753
15581
15497
15712
15635
15692
15609
15678
15533
15605
15618
15765
15817
15790
15568
15697
15809
15586
15632
15539
15813
15730
15842
15718
15616
15628
15765
15729
15570
15730
15796
15759
15743
15514
15588
15651
15612
15676
15568
15603
15861
15813
15572
15775
15448
15703
15712
15667
15626
15605
15645
15582
15568
15555
15689
15415
15605
15405
15806
15752
15654
15716
15679
15405
15420
15705
15448
15733
15553
15582
15510
15725
15395
15708
15526
15662
15508
15603
15523
15810
15461
15746
15449
15617
15608
15529
15750
15504
15684
15564
15764
15810
15517
15590
15603
15595
15413
15613
15416
15468
15769
15555
15525
15433
15622
15528
15778
15614
15308
15460
15498
15231
15480
15683
15277
15426
15284
15425
15433
15324
15338
15619
15320
15384
15345
15361
15310
15362
15216
15425
15397
15261
15332
15313
15253
15273
15169
15345
15411
15210
15353
15029
15277
15163
15041
15168
14980
15310
15062
15027
15116
14995
15064
14901
14791
14828
14977
14868
14889
14841
14657
14531
14913
14780
14633
14370
14547
14474
14319
14248
14119
14131
13793
13877
13797
13561
13514
13116
13306
12744
12920
12375
12306
11834
11660
11509
11355
11010
11090
10652
10578
10577
10312
10258
9983
10537
10143
10230
10376
10583
10670
10353
10535
10792
10525
10540
10545
10212
10246
9973
10267
10275
10246
10393
10483
10660
10816
10971
11276
11316
11662
11934
12096
12480
12687
12839
12960
13259
13284
13431
13749
13935
14075
14072
14213
14278
14243
14254
14511
14296
14260
14425
14637
14696
15103
14727
14902
14812
14859
14774
14900
15146
14957
15132
15055
15185
15005
15309
15191
15004
15058
15140
15380
15138
15340
15126
15378
15038
15094
15271
15258
15172
15374
15351
15558
15277
15358
15479
15278
15041
15690
15536
15360
15415
15361
15370
15494
15367
15428
15597
15534
15379
15432
15551
15552
15435
15448
15462
15414
15583
15550
15588
15566
15558
15217
15651
15781
15707
15405
15770
15361
15655
15581
15567
15791
15746
15793
15672
15450
15561
15550
15649
15507
15474
15819
15766
15543
15720
15665
15369
15515
15525
15296
15776
15789
15589
15783
15676
15647
15572
15456
15702
15395
15511
15841
15590
15497
15569
15772
15770
15640
15824
15778
15730
15709
15765
15683
15536
15686
15589
15671
15735
15590
15877
15513
15840
15745
15434
15716
15522
15419
15538
15666
15870
15443
15652
15860
15456
15561
15534
15648
15602
15427
15510
15707
15819
15530
15569
15636
15607
15740
15790
15612
15666
15755
15763
15770
15969
15985
15511
15468
15801
15662
15586
15900
15783
15822
15722
15511
15765
15564
15754
15681
15723
15576
15879
15826
15834
15618
15772
15698
15896
15642
15732
15680
15778
15616
15709
15771
15791
15732
15772
15939
15541
15723
15683
15644
15832
15689
15726
15812
15645
15829
15562
15585
15683
15569
15575
15745
15642
15873
