8531
8465
8505
8501
8655
8369
8511
8643
8519
8624
8565
8629
8510
8577
8678
8447
8520
8478
8419
8524
8630
8537
8628
8651
8421
8460
8524
8631
8597
8544
8535
8479
8705
8426
8463
8436
8666
8651
8493
8409
8503
8603
8575
8452
8524
8463
8548
8591
8556
8396
8657
8527
8720
8417
8393
8398
8574
8531
8465
8561
8459
8368
8676
8442
8542
8545
8520
8439
8432
8469
8412
8543
8546
8374
8517
8604
8518
8374
8600
8554
8531
8570
8561
8463
8493
8564
8460
8587
8458
8463
8591
8553
8483
8423
8569
8450
8554
8421
8428
8704
8619
8492
8324
8527
8588
8454
8443
8392
8465
8385
8515
8515
8631
8475
8535
8542
8476
8439
8534
8700
8412
8492
8523
8586
8479
8484
8435
8562
8476
8469
8538
8511
8378
8470
8467
8316
8524
8470
8538
8379
8297
8529
8532
8537
8447
8514
8317
8333
8543
8535
8297
8445
8443
8580
8369
8542
8489
8505
8541
8205
8486
8379
8366
8331
8310
8362
8535
8378
8423
8251
8432
8360
8405
8520
8472
8415
8407
8290
8330
8307
8270
8229
8363
8314
8198
8509
8416
8283
8294
8173
8207
8208
8129
8222
8193
8152
8130
8203
8115
8117
8131
8058
8181
7994
8061
8059
7997
7959
7918
7879
8213
7791
7727
7915
7740
7770
7651
7754
7381
7572
7484
7408
7280
7083
7151
7070
6863
6687
6508
6358
6341
6159
6166
5873
5801
5682
5679
5769
5449
5616
5552
5552
5594
5542
5698
5854
5778
5854
5915
5786
5699
5766
5558
5606
5572
5621
5549
5620
5785
5745
5722
5886
6100
6147
6330
6381
6346
6732
6645
6898
6915
7047
7175
7354
7349
7282
7573
7624
7632
7615
7751
7794
7740
7800
7905
7884
8046
7879
7905
8076
8079
7994
8071
8140
8177
8114
8046
8159
8188
8255
8344
8171
8230
8393
8320
8251
8220
8261
8313
8231
8345
8305
8187
8380
8389
8221
8350
8353
8490
8307
8363
8452
8362
8447
8495
8410
8398
8419
8557
8204
8337
8470
8297
8455
8265
8528
8295
8381
8493
8493
8288
8452
8538
8397
8498
8504
8383
8461
8405
8524
8426
8333
8504
8534
8489
8539
8462
8385
8572
8526
8336
8480
8512
8483
8596
8284
8555
8564
8450
8577
8596
8423
8428
8538
8530
8503
8607
8482
8424
8517
8494
8635
8510
8483
8598
8470
8743
8573
8420
8437
8606
8658
8500
8474
8566
8660
8522
8536
8432
8605
8414
8385
8447
8531
8522
8429
8574
8575
8634
8648
8568
8667
8474
8669
8537
8407
8448
8606
8693
8517
8405
8392
8402
8634
8442
8584
8423
8421
8616
8601
8617
8547
8428
8673
8561
8560
8682
8468
8431
8346
8637
8410
8634
8525
8562
8577
8636
8478
8483
8427
8541
8322
8452
8700
8710
8604
8606
8645
8471
8563
8485
8543
8441
8511
8520
8473
8598
8453
8462
8465
8504
8545
8413
8578
8574
8493
8594
8581
8598
8498
8417
8655
8615
8524
8280
8551
8522
8606
8666
8379
8466
8496
8635
8512
8558
8532
8732
8485
8361
8483
8654
8415
8396
8529
8604
8590
8601
8575
8470
8433
8494
8348
8537
8740
8714
8348
8599
8402
8473
8457
8566
8416
8543
8604
8440
8518
8542
8606
8549
8525
8648
8562
8437
8602
8496
8511
8567
8518
8617
8559
8525
8590
8533
8669
8396
8523
8460
8636
8589
8613
8427
8674
8586
8518
8624
8515
8462
8667
8394
8550
8350
8330
8427
8599
8576
8610
8493
8621
8424
8519
8543
8426
8527
8442
8383
8534
8479
8515
8520
8594
8398
8480
8417
8449
8547
8497
8501
8533
8546
8528
8409
8441
8501
8571
8576
8547
8522
8394
8437
8624
8346
8535
8685
8512
8580
8429
8426
8504
8459
8492
8483
8584
8554
8599
8510
8584
8409
8519
8480
8479
8570
8508
8538
8468
8475
8478
8572
8287
8482
8420
8716
8575
8521
8454
8503
8263
8369
8591
8413
8518
8422
8524
8531
8538
8403
8504
8401
8529
8381
8447
8458
8568
8450
8549
8425
8554
8393
8407
8564
8403
8604
8398
8477
8599
8480
8545
8534
8419
8377
8446
8374
8476
8415
8408
8448
8361
8449
8424
8595
8465
8269
8464
8413
8241
8522
8499
8267
8327
8224
8307
8353
8252
8269
8426
8365
8360
8354
8322
8366
8358
8280
8317
8485
8165
8393
8278
8217
8353
8288
8259
8344
8259
8370
8054
8393
8218
8184
8198
8147
8313
8228
8147
8253
8262
8203
8173
8087
8069
8162
8122
8120
8074
7912
7808
8051
8081
8004
7832
7859
7805
7723
7687
7644
7598
7445
7592
7523
7373
7441
7036
7238
6854
7051
6721
6661
6400
6420
6223
6061
5962
5993
5672
5687
5740
5651
5591
5469
5752
5550
5503
5666
5677
5857
5603
5744
5893
5731
5703
5674
5577
5627
5392
5593
5513
5538
5660
5698
5797
5857
5988
6100
6182
6348
6474
6652
6751
6827
6974
7135
7093
7198
7309
7500
7641
7666
7669
7730
7747
7744
7672
7903
7744
7757
7849
7985
7898
8128
8062
8143
8038
8115
8070
7987
8235
8124
8272
8158
8329
8297
8346
8237
8121
8193
8160
8451
8229
8191
8295
8486
8162
8292
8251
8201
8306
8330
8323
8476
8256
8273
8295
8139
8252
8425
8426
8477
8413
8418
8441
8402
8286
8351
8485
8395
8293
8392
8499
8461
8368
8337
8207
8436
8478
8398
8562
8376
8426
8257
8459
8598
8523
8446
8649
8419
8460
8567
8477
8584
8598
8608
8556
8526
8470
8397
8508
8363
8381
8559
8576
8404
8474
8582
8318
8461
8339
8313
8454
8579
8487
8560
8483
8564
8358
8385
8415
8429
8431
8532
8410
8496
8486
8603
8480
8537
8601
8564
8462
8467
8557
8517
8353
8556
8518
8514
8556
8439
8589
8360
8585
8614
8374
8389
8514
8478
8488
8514
8706
8374
8495
8685
8375
8364
8390
8405
8411
8420
8429
8610
8517
8398
8483
8443
8442
8467
8554
8441
8501
8585
8690
8495
8640
8682
8338
8456
8489
8526
8416
8685
8530
8637
8539
8307
8494
8420
8506
8531
8496
8485
8759
8618
8511
8495
8565
8572
8688
8571
8549
8465
8606
8458
8514
8519
8506
8540
8477
8550
8440
8545
8427
8467
8558
8534
8527
8629
8499
8607
8401
8457
8530
8426
8447
8593
8453
8660
