13084
13021
13088
13109
13119
13107
13098
13193
13131
13158
13084
13334
13092
13160
13346
13159
13026
13083
13093
13165
13179
13114
13190
13340
12979
12951
13227
13255
13269
13125
13172
12978
13273
13073
13105
13034
13252
13222
13043
12966
13131
13138
13156
12988
13248
13012
13194
13228
13194
13083
13256
13091
13277
13076
12938
12938
13161
13076
13081
13149
13194
12960
13279
13039
13164
13136
13122
12950
13032
13015
13042
13099
13225
13000
13060
13100
13139
12959
13170
13174
13008
13111
13063
12940
13043
13162
13071
13143
13124
13002
13108
13194
13060
13108
13087
13022
13227
13018
13063
13366
13140
13062
12837
13171
13219
13080
13081
13001
13164
13060
13177
13138
13249
13131
13064
13058
13045
12946
13110
13228
13033
13102
13190
13111
13162
13045
12903
13133
12939
13018
13071
13008
12946
13023
13034
12784
13043
13007
13085
12938
12799
13054
13105
13171
13017
13128
12910
12882
13059
13047
12844
12955
13091
13144
12928
13135
13076
13035
13024
12802
13006
12880
12873
12760
12805
12820
13056
12805
12978
12729
13014
12864
13072
13097
12906
12809
12872
12797
12739
12767
12765
12705
12827
12773
12607
12937
12982
12781
12773
12657
12675
12675
12530
12613
12658
12713
12564
12584
12425
12469
12571
12454
12589
12399
12392
12513
12297
12344
12113
12107
12503
11984
11991
12153
12077
11983
11796
11981
11500
11631
11323
11365
11128
10934
11080
10846
10682
10403
9955
9810
9726
9474
9460
9122
8975
8833
8804
8821
8491
8543
8519
8566
8620
8645
8772
8933
8913
8944
9044
8881
8819
8829
8655
8574
8562
8583
8526
8591
8885
8813
8861
9057
9260
9474
9823
9857
9850
10273
10343
10687
10559
10897
11073
11202
11354
11306
11574
11718
11764
11701
11885
11876
11904
11954
12143
12082
12370
12138
12033
12314
12363
12208
12358
12522
12580
12478
12489
12514
12585
12654
12746
12592
12598
12829
12707
12630
12667
12713
12887
12682
12687
12783
12530
12831
12937
12746
12937
12941
12897
12825
12891
12946
12874
12957
12976
12907
12898
12910
12967
12818
12800
12987
12746
13023
12917
13056
12889
12835
13007
13050
12820
12999
13142
12891
13129
13073
12891
13087
12965
13075
13021
12868
13025
13112
12974
13121
13020
12937
13039
13019
12883
13191
13082
12986
13275
12747
13075
13175
12979
13125
13181
12976
13011
13166
13049
13111
13365
13116
12928
13053
13108
13233
13042
13018
13211
13133
13183
13122
13135
13027
13201
13172
13140
13133
13059
13284
13281
13111
12966
13227
13009
13141
12948
13253
13138
12962
13168
13263
13213
13198
13202
13210
13034
13189
13227
13016
13019
13317
13271
13180
12967
12953
12931
13174
13073
13201
13009
12967
13157
13281
13225
13193
12991
13435
13101
13320
13324
13218
13082
12971
13290
13061
13203
13163
13088
13113
13240
13123
13047
13009
13128
12911
13044
13357
13349
13203
13130
13276
13020
13177
13189
13155
13066
13196
13148
13117
13183
13114
13094
13101
13043
13118
13002
13214
13068
13053
13277
13249
13254
12998
13073
13274
13173
13226
12775
13132
13092
13187
13165
12988
13066
13178
13279
13181
13072
13127
13353
13105
13026
13106
13220
12989
12989
13056
13192
13208
13267
13294
13128
13003
13065
13036
13127
13323
13387
12855
13217
13079
13046
13118
13100
13131
13173
13224
13104
13086
13033
13186
13129
13087
13285
13212
13078
13242
13012
13028
13054
13215
13194
13094
13091
13171
13143
13278
13070
13083
13129
13289
13257
13298
13008
13387
13235
13111
13306
13169
13090
13360
13082
13214
12956
12966
13043
13309
13208
13301
12947
13258
12951
13232
13106
12887
13161
13053
13000
13033
13069
13088
13078
13177
13005
13059
13105
13161
13120
13226
13026
13119
13216
13054
13024
12923
13178
13123
13197
13142
13036
12995
13140
13203
12998
13108
13228
13100
13143
12978
13058
13066
12999
13124
12965
13073
13245
13185
13086
13205
12934
13170
13162
13085
13126
13093
13033
13017
13070
12963
13091
12858
12979
12970
13302
13234
13148
13101
13090
12795
12889
13203
12854
13177
12984
13075
12959
13156
12884
13108
12934
13146
12874
13005
13007
13182
12944
13176
12888
13101
12993
12906
13174
12876
13183
12951
13093
13231
12957
13007
13037
13062
12839
12979
12976
12903
13162
12976
12957
12897
12962
13004
13238
13019
12752
12962
12970
12722
13005
13102
12777
12849
12672
12840
12896
12766
12812
13028
12817
12874
12839
12895
12802
12843
12755
12830
12969
12705
12858
12748
12697
12873
12667
12884
12883
12765
12833
12507
12758
12733
12568
12704
12506
12773
12649
12536
12638
12591
12629
12450
12413
12442
12561
12451
12439
12408
12264
12101
12440
12374
12245
11935
12148
12097
11910
11816
11806
11769
11502
11639
11571
11337
11367
10913
11110
10640
10776
10358
10264
9889
9826
9611
9493
9167
9224
8823
8807
8865
8675
8615
8341
8826
8482
8483
8651
8775
8909
8625
8751
9009
8811
8815
8765
8525
8554
8315
8590
8533
8594
8758
8765
8918
9047
9198
9445
9500
9740
9994
10113
10496
10523
10715
10875
11054
11056
11215
11474
11661
11786
11785
11930
11891
11883
11893
12131
11982
11930
12082
12228
12338
12587
12227
12463
12335
12488
12331
12345
12681
12477
12653
12597
12779
12563
12758
12653
12511
12621
12590
12901
12723
12776
12726
12910
12612
12613
12771
12747
12676
12745
12812
12983
12731
12757
12861
12695
12586
13047
12987
12903
12889
12845
12905
13001
12804
12885
13001
12952
12808
12805
12986
12974
12906
12802
12817
12931
12960
12995
13084
12967
13004
12691
13107
13150
13123
12864
13166
12832
13079
13053
12979
13145
13192
13213
13143
12957
13081
12903
13063
12832
12914
13303
13194
12987
13090
13201
12845
12939
12919
12806
13152
13235
13143
13101
13022
13061
13005
12903
13077
12930
12923
13236
13045
12933
12968
13190
13147
13167
13185
13202
13088
13117
13210
13092
12957
13124
12996
13075
13169
13005
13294
12905
13261
13154
12837
13033
12966
12907
13062
13059
13251
12816
13068
13244
12877
12918
12936
12966
13071
12858
12982
13172
13213
13011
13030
12990
12984
13034
13150
13004
13092
13184
13173
13155
13344
13370
12919
12905
13111
13073
13025
13308
13191
13281
13111
12867
13101
12982
13135
13078
13081
13085
13287
13188
13214
13071
13164
13194
13335
13066
13147
13095
13226
13002
13194
13107
13177
13118
13149
13290
12964
13068
13083
13056
13204
13172
13133
13257
13046
13232
12951
13035
13116
12978
12941
13176
13117
13257
