9386
9318
9392
9358
9479
9298
9342
9512
9366
9450
9423
9509
9358
9451
9592
9332
9322
9347
9307
9420
9472
9385
9468
9546
9266
9345
9411
9510
9480
9409
9362
9298
9622
9343
9339
9315
9542
9511
9348
9243
9339
9464
9423
9253
9365
9329
9437
9444
9441
9250
9559
9386
9608
9314
9245
9256
9456
9437
9315
9422
9312
9195
9525
9284
9394
9366
9400
9288
9338
9312
9297
9411
9450
9229
9370
9438
9376
9224
9424
9407
9375
9417
9406
9288
9315
9377
9366
9488
9351
9348
9390
9396
9322
9284
9411
9302
9394
9290
9278
9585
9505
9437
9191
9404
9456
9341
9308
9266
9350
9253
9404
9384
9467
9370
9365
9401
9364
9289
9412
9586
9254
9343
9435
9442
9359
9367
9238
9417
9322
9264
9395
9355
9176
9300
9306
9171
9323
9334
9411
9190
9149
9361
9359
9393
9271
9393
9160
9193
9363
9380
9105
9311
9327
9422
9215
9387
9359
9378
9351
9123
9356
9222
9282
9135
9132
9170
9368
9219
9310
9060
9297
9217
9241
9346
9297
9197
9224
9147
9171
9108
9138
9084
9203
9128
9000
9346
9266
9150
9152
8997
9058
9022
8925
9032
9052
9011
8952
8995
8909
8953
8964
8859
9008
8825
8852
8901
8833
8786
8662
8663
9064
8582
8515
8709
8531
8556
8428
8512
8103
8312
8178
8169
7969
7835
7866
7776
7586
7355
7170
6994
6999
6813
6765
6501
6389
6246
6280
6278
6026
6160
6130
6129
6179
6113
6240
6424
6347
6457
6509
6355
6287
6308
6120
6157
6119
6146
6112
6136
6360
6348
6330
6471
6705
6788
6964
7055
7026
7422
7382
7627
7588
7738
7895
8081
8076
8062
8330
8376
8409
8363
8532
8539
8514
8600
8727
8652
8868
8701
8697
8862
8887
8766
8852
8938
9039
8932
8860
8956
9011
9059
9184
8998
9055
9222
9102
9065
9066
9108
9164
9063
9141
9151
9048
9213
9226
9103
9197
9181
9320
9174
9221
9283
9212
9224
9349
9258
9263
9281
9338
9086
9213
9308
9153
9326
9117
9402
9158
9266
9341
9352
9176
9254
9464
9198
9402
9344
9211
9298
9317
9401
9307
9139
9340
9395
9290
9350
9312
9232
9408
9352
9189
9345
9397
9323
9471
9065
9405
9399
9338
9442
9458
9330
9309
9383
9377
9392
9566
9388
9292
9330
9334
9537
9344
9369
9423
9325
9590
9416
9322
9287
9434
9502
9367
9324
9411
9532
9468
9424
9292
9476
9327
9297
9294
9466
9393
9264
9467
9480
9518
9469
9426
9503
9292
9530
9452
9309
9317
9445
9543
9369
9225
9263
9251
9493
9289
9467
9295
9239
9472
9471
9474
9387
9277
9526
9400
9431
9532
9364
9313
9222
9522
9276
9552
9424
9386
9413
9475
9317
9339
9298
9408
9182
9319
9557
9578
9503
9388
9516
9328
9427
9359
9374
9293
9418
9451
9375
9464
9293
9362
9324
9387
9434
9284
9480
9400
9328
9475
9453
9445
9344
9272
9505
9453
9394
9147
9440
9384
9419
9503
9211
9319
9388
9532
9374
9384
9370
9568
9335
9223
9349
9527
9276
9272
9354
9467
9471
9494
9502
9346
9314
9331
9207
9330
9603
9578
9188
9444
9276
9315
9338
9388
9313
9404
9481
9344
9384
9353
9445
9415
9378
9569
9417
9287
9472
9330
9354
9436
9403
9494
9397
9394
9423
9430
9541
9234
9387
9351
9542
9450
9480
9274
9559
9446
9416
9540
9432
9333
9544
9275
9439
9197
9222
9288
9499
9448
9474
9294
9508
9328
9377
9377
9263
9399
9341
9276
9389
9362
9392
9395
9444
9227
9344
9264
9338
9414
9387
9353
9407
9459
9401
9232
9256
9363
9409
9420
9412
9369
9281
9357
9528
9180
9389
9530
9333
9465
9276
9277
9311
9284
9313
9307
9437
9428
9507
9351
9500
9278
9362
9326
9345
9405
9353
9378
9315
9322
9265
9396
9103
9321
9263
9545
9454
9417
9317
9412
9017
9242
9503
9268
9427
9304
9355
9345
9421
9230
9383
9281
9350
9180
9306
9360
9479
9280
9417
9284
9420
9260
9248
9464
9297
9504
9224
9366
9437
9321
9353
9356
9266
9213
9280
9217
9336
9238
9297
9287
9216
9338
9287
9458
9363
9114
9288
9246
8996
9361
9412
9161
9182
9042
9153
9226
9136
9146
9253
9203
9222
9203
9206
9200
9227
9093
9171
9275
9003
9258
9082
9071
9219
9094
9145
9218
9127
9234
8877
9223
9071
8986
9040
8995
9125
9064
8936
9075
9087
9043
9011
8937
8870
8992
8925
8930
8856
8689
8573
8869
8915
8789
8653
8667
8604
8503
8446
8448
8391
8221
8290
8289
8131
8182
7788
7963
7573
7748
7389
7356
7027
7046
6827
6720
6588
6601
6252
6245
6316
6226
6130
6008
6304
6054
6034
6202
6246
6406
6146
6301
6477
6308
6307
6267
6149
6153
5961
6145
6084
6110
6181
6299
6368
6481
6582
6790
6797
6984
7126
7282
7455
7506
7703
7819
7862
7930
8056
8194
8386
8483
8405
8531
8527
8531
8371
8682
8534
8563
8636
8764
8722
9000
8894
8909
8825
8950
8863
8771
9066
8959
9095
8956
9174
9076
9238
9076
8935
8991
8950
9239
9070
9030
9133
9355
8976
9112
9107
9064
9117
9186
9181
9274
9120
9108
9160
8998
9057
9253
9292
9294
9235
9289
9302
9295
9137
9193
9312
9254
9127
9214
9384
9294
9213
9153
9076
9234
9346
9263
9404
9207
9307
9097
9328
9425
9402
9258
9489
9232
9335
9357
9322
9444
9441
9460
9407
9338
9363
9228
9362
9201
9266
9483
9451
9228
9359
9445
9164
9317
9185
9147
9314
9469
9367
9437
9331
9388
9238
9254
9269
9249
9296
9387
9256
9328
9302
9485
9364
9414
9494
9401
9346
9336
9412
9365
9204
9413
9344
9397
9402
9317
9526
9243
9500
9456
9225
9286
9350
9289
9338
9337
9559
9232
9321
9570
9219
9244
9198
9285
9267
9305
9249
9456
9392
9243
9347
9316
9287
9294
9401
9261
9373
9428
9523
9395
9510
9536
9212
9259
9384
9364
9273
9563
9395
9508
9364
9149
9343
9293
9444
9414
9338
9374
9623
9467
9390
9354
9410
9418
9574
9396
9449
9296
9483
9318
9403
9371
9382
9403
9358
9449
9266
9446
9331
9356
9436
9384
9336
9486
9344
9499
9284
9285
9424
9292
9249
9426
9325
9558
