11951
11873
11917
11961
12056
11954
11943
12061
12004
12013
11941
12165
11939
12055
12226
11927
11903
11979
11908
12000
12020
12008
12047
12178
11839
11847
12043
12152
12127
11968
11962
11810
12103
11956
11970
11891
12100
12065
11907
11834
11959
12005
12025
11831
12024
11885
12024
12109
12044
11904
12156
11985
12153
11930
11825
11777
12009
11951
11893
11992
12021
11802
12159
11920
12041
11999
11964
11831
11944
11880
11884
11957
12080
11822
11962
11966
11967
11816
12027
12032
11909
12014
11935
11838
11890
12015
11938
11975
11965
11837
11996
12002
11896
11952
11954
11907
12079
11886
11909
12188
11995
11925
11710
11940
12074
11936
11937
11867
12001
11899
11962
11986
12107
11906
11961
11940
11921
11799
11985
12123
11902
11920
12017
11983
12019
11927
11783
12032
11860
11886
11919
11897
11786
11898
11854
11628
11902
11826
11958
11782
11672
11863
11952
11985
11902
11991
11834
11811
11908
11899
11681
11849
11985
12007
11775
11957
11927
11953
11905
11680
11881
11787
11788
11672
11687
11702
11935
11670
11764
11598
11861
11685
11832
11906
11768
11698
11798
11582
11692
11640
11646
11567
11678
11654
11504
11863
11843
11698
11677
11516
11566
11543
11425
11446
11540
11600
11470
11465
11359
11349
11437
11347
11464
11346
11290
11387
11237
11312
11069
11055
11454
10908
10900
11150
10979
10936
10757
10928
10471
10598
10362
10346
10169
9978
10074
9916
9691
9477
9107
8947
8877
8716
8643
8327
8177
8070
8038
8020
7713
7786
7764
7834
7908
7903
7996
8115
8126
8185
8297
8101
8001
8068
7835
7848
7810
7816
7769
7808
8141
8051
8099
8295
8461
8662
8920
9018
9007
9414
9467
9715
9645
9949
10107
10234
10387
10286
10570
10687
10728
10627
10878
10857
10845
10968
11110
11017
11310
11109
10983
11267
11277
11140
11263
11423
11503
11362
11376
11439
11505
11557
11638
11488
11507
11752
11610
11515
11542
11617
11728
11571
11598
11645
11488
11712
11796
11661
11741
11744
11784
11741
11745
11846
11761
11754
11887
11798
11820
11784
11905
11654
11695
11839
11655
11929
11751
11940
11784
11760
11893
11904
11766
11875
12016
11778
12005
11929
11719
11929
11874
11892
11911
11710
11909
11997
11783
11951
11862
11826
12005
11846
11793
12026
11947
11858
12156
11588
11940
12060
11885
11977
12028
11821
11859
12024
11937
11934
12175
11979
11789
11893
11962
12083
11905
11908
12021
11942
12046
11959
11993
11888
12049
12081
12007
11991
11919
12096
12112
11989
11833
12107
11919
11958
11849
12102
11948
11810
12063
12151
12060
12031
12030
12044
11852
12080
12064
11883
11855
12143
12124
12027
11814
11853
11798
12034
11873
12068
11880
11810
12049
12073
12019
12056
11836
12184
11910
12182
12180
11988
11919
11872
12146
11850
12089
12029
11966
11996
12120
11940
11897
11877
11973
11777
11888
12188
12195
12066
11967
12151
11868
12047
12004
12014
11907
12080
11953
11930
12028
11950
11949
11938
11888
12008
11896
12056
11921
11939
12081
12099
12110
11866
11877
12112
12044
12037
11626
12024
11944
12015
12017
11850
11959
12038
12154
11997
11955
11943
12217
11969
11833
11953
12074
11868
11851
11961
12067
12062
12087
12141
11972
11868
11929
11923
12027
12214
12222
11755
12037
11900
11877
11950
11947
11904
12023
12078
11913
11922
11885
12000
11980
11958
12135
12029
11928
12103
11862
11892
11969
12064
12029
11941
11934
12008
12031
12136
11911
11925
11951
12118
12095
12119
11844
12251
12107
11953
12104
12011
11956
12148
11942
12081
11778
11820
11915
12105
12048
12141
11812
12096
11841
11999
11945
11783
11943
11922
11916
11926
11893
11916
11942
12065
11780
11899
11893
12000
12000
12027
11931
11928
12110
11937
11836
11801
12054
11963
12041
12003
11914
11876
12024
12066
11769
12032
12097
11906
11995
11795
11887
11908
11829
11953
11798
11951
12076
12073
11917
12054
11823
11964
11951
11918
12004
11951
11957
11919
11954
11808
11992
11704
11844
11873
12149
12069
12041
11952
11990
11656
11772
12053
11734
12031
11922
11923
11887
11983
11766
11959
11781
11982
11743
11826
11881
12085
11823
12018
11796
11982
11841
11808
12024
11754
12043
11795
11940
12083
11859
11848
11812
11940
11742
11859
11871
11786
11945
11841
11829
11774
11865
11817
12021
11878
11670
11836
11842
11621
11844
11991
11692
11755
11541
11678
11760
11658
11674
11868
11721
11744
11757
11795
11694
11737
11664
11710
11840
11586
11746
11623
11589
11742
11514
11714
11756
11639
11743
11384
11639
11658
11454
11639
11393
11649
11544
11412
11532
11501
11533
11364
11326
11335
11452
11338
11381
11339
11169
10994
11292
11310
11185
10922
11110
11005
10852
10743
10784
10759
10457
10585
10567
10334
10433
9938
10105
9708
9840
9450
9359
9028
8966
8737
8676
8358
8455
8020
8014
8014
7884
7870
7637
8026
7723
7710
7893
8010
8153
7877
8030
8225
8023
8011
7960
7799
7811
7574
7847
7784
7843
7971
7991
8125
8234
8436
8624
8704
8929
9115
9282
9579
9595
9750
9968
10069
10086
10286
10451
10649
10751
10746
10927
10892
10849
10833
11067
10947
10898
11035
11206
11200
11502
11178
11380
11235
11395
11232
11222
11519
11405
11544
11452
11682
11479
11671
11532
11441
11515
11421
11801
11602
11660
11633
11838
11479
11571
11643
11604
11551
11669
11706
11842
11587
11597
11739
11538
11568
11892
11853
11748
11778
11722
11813
11849
11681
11750
11908
11855
11670
11683
11802
11790
11773
11687
11677
11808
11873
11862
11933
11815
11888
11584
11970
12009
11954
11752
12039
11726
11928
11865
11870
11998
11989
12044
12012
11875
11978
11708
11950
11739
11800
12156
12048
11838
11868
12070
11748
11842
11790
11657
11996
12083
12004
11981
11886
11940
11839
11839
11924
11791
11824
12081
11904
11808
11830
12038
12001
12044
12060
12050
11887
11988
12048
11923
11815
11960
11875
11952
11996
11877
12118
11799
12141
12056
11719
11839
11839
11774
11926
11889
12055
11702
11937
12117
11762
11824
11800
11811
11922
11793
11861
11999
12076
11855
11894
11822
11783
11887
11994
11864
11920
12015
12064
12033
12189
12179
11764
11734
12014
11961
11875
12154
12015
12065
11975
11783
11934
11835
11971
11945
11979
11937
12200
12033
11996
11927
12001
11995
12180
11942
11999
11936
12086
11867
12025
11951
11984
11982
11990
12091
11802
11988
11936
11937
12081
11999
11944
12133
11896
12100
11809
11884
11962
11883
11796
11999
11935
12134
