11090
11034
11056
11088
11182
11079
11076
11214
11133
11186
11101
11281
11073
11163
11340
11078
11055
11119
11056
11128
11183
11106
11180
11336
10956
10974
11174
11280
11208
11148
11074
10985
11253
11073
11113
11053
11185
11225
11102
10990
11107
11164
11187
11007
11154
11078
11144
11204
11179
11019
11312
11119
11309
11036
10981
10979
11190
11083
11039
11117
11125
10899
11266
11063
11134
11132
11070
10961
11062
10981
11008
11040
11214
10974
11089
11092
11098
10937
11144
11183
11026
11145
11065
11019
11032
11156
11069
11142
11124
11053
11161
11110
11034
11055
11112
10998
11180
11023
11062
11304
11146
11139
10893
11091
11226
11112
11103
11019
11115
11001
11086
11081
11254
11078
11077
11076
11082
10950
11135
11290
11000
11086
11146
11170
11190
11094
10933
11125
11045
11042
11067
11083
10941
10997
10997
10816
11024
11001
11144
10916
10845
11028
11087
11083
11023
11102
10965
10946
11099
11121
10843
10983
11115
11120
10921
11102
11076
11088
10996
10816
11025
10920
10986
10804
10867
10862
11113
10838
10992
10756
11009
10908
10937
11026
10958
10855
10924
10768
10861
10795
10823
10739
10837
10826
10680
11030
10954
10843
10818
10702
10731
10723
10573
10669
10748
10747
10636
10647
10517
10569
10600
10492
10668
10504
10486
10579
10426
10463
10281
10267
10650
10140
10126
10288
10169
10119
9950
10147
9655
9846
9664
9600
9438
9250
9353
9201
9011
8743
8440
8322
8240
8050
8004
7696
7623
7450
7447
7451
7132
7253
7246
7294
7350
7325
7391
7564
7540
7595
7694
7550
7440
7496
7279
7297
7227
7238
7216
7259
7545
7483
7498
7665
7884
8063
8209
8317
8342
8769
8794
9010
8953
9226
9383
9533
9580
9508
9837
9929
9983
9892
10093
10080
10090
10191
10352
10215
10469
10285
10250
10468
10473
10376
10438
10560
10707
10590
10588
10625
10703
10745
10829
10617
10669
10894
10781
10736
10739
10828
10908
10728
10778
10842
10685
10860
10910
10811
10860
10875
10945
10840
10881
10971
10923
10894
11053
10935
10951
10936
11064
10781
10881
10970
10815
11077
10852
11056
10900
10962
11057
11070
10880
10998
11132
10930
11138
11052
10913
11076
10983
11090
11005
10877
11080
11154
11000
11067
11014
10992
11143
11036
10935
11152
11084
10998
11242
10722
11115
11171
11040
11149
11168
11033
11032
11171
11102
11093
11288
11117
10959
11098
11093
11215
11086
11049
11193
11026
11215
11115
11129
11035
11197
11226
11120
11104
11094
11261
11231
11125
10957
11243
11023
11089
11028
11203
11116
10968
11232
11276
11247
11172
11146
11206
11023
11256
11221
10993
11013
11267
11277
11111
10943
11005
10955
11164
11041
11224
11041
10925
11195
11176
11186
11135
10945
11301
11067
11289
11287
11121
11033
10997
11252
11007
11278
11148
11104
11115
11268
11064
11031
11048
11111
10894
11063
11306
11329
11208
11089
11275
10985
11198
11108
11099
10994
11174
11139
11061
11170
11041
11074
11106
11050
11153
11007
11200
11074
11060
11235
11183
11202
11012
11009
11272
11209
11179
10774
11161
11094
11145
11260
10923
11040
11148
11290
11139
11123
11101
11298
11102
10999
11039
11199
10999
10978
11131
11234
11221
11235
11298
11051
11045
11078
11040
11094
11327
11355
10923
11179
11048
11066
11061
11098
11037
11127
11184
11091
11096
11038
11156
11082
11064
11328
11136
11056
11214
11014
11038
11141
11189
11172
11095
11157
11128
11193
11288
11071
11072
11075
11295
11265
11251
10988
11360
11244
11066
11227
11158
11108
11270
11048
11233
10923
10964
11018
11233
11192
11261
10972
11210
11043
11135
11087
10899
11080
11035
11048
11106
11081
11071
11042
11188
10931
11076
10971
11133
11095
11166
11062
11107
11232
11091
11026
11003
11192
11143
11238
11146
11117
10990
11138
11234
10938
11145
11211
11039
11151
10936
11008
11043
10981
11097
10960
11143
11196
11215
11093
11198
11033
11121
11075
11042
11151
11094
11069
11022
11048
10963
11141
10838
11008
11010
11293
11168
11126
11072
11130
10797
10959
11190
10895
11156
11068
11079
11063
11108
10921
11079
10936
11074
10883
10991
11075
11215
10986
11135
10980
11163
10952
10979
11190
10916
11205
10956
11091
11201
11014
10991
10994
11067
10902
11034
10974
10951
11068
10939
10972
10961
10987
10931
11162
11034
10788
10994
11008
10709
11053
11148
10841
10900
10695
10837
10927
10835
10844
11027
10890
10926
10931
10942
10884
10974
10767
10862
10980
10711
10958
10765
10737
10926
10712
10851
10914
10796
10923
10527
10853
10835
10662
10776
10604
10800
10755
10568
10674
10656
10716
10606
10549
10512
10639
10525
10552
10526
10348
10194
10459
10498
10392
10208
10235
10215
10092
9999
10061
9987
9703
9801
9772
9553
9715
9234
9403
8978
9135
8770
8680
8375
8317
8109
8024
7759
7837
7451
7396
7442
7344
7279
7106
7452
7153
7190
7358
7447
7574
7309
7453
7670
7449
7444
7381
7234
7237
7003
7316
7203
7256
7359
7463
7556
7650
7835
8017
8078
8299
8460
8624
8880
8874
9090
9288
9307
9386
9565
9734
9896
10036
9912
10132
10121
10068
10004
10293
10155
10134
10211
10370
10365
10674
10398
10546
10406
10573
10492
10412
10722
10596
10732
10606
10857
10725
10855
10721
10600
10689
10624
10967
10755
10781
10835
10994
10689
10786
10795
10751
10760
10881
10836
10963
10729
10802
10934
10715
10746
11001
11006
10972
10958
10941
10964
11026
10860
10850
11084
10965
10814
10859
11010
10965
10920
10816
10804
10922
11027
10987
11120
10963
11086
10764
11076
11188
11110
10898
11215
10923
11039
11015
11014
11152
11164
11211
11167
11024
11100
10901
11096
10895
10965
11246
11165
10925
11045
11216
10876
11028
10877
10829
11092
11185
11110
11111
11020
11111
10957
11003
11013
10943
10982
11208
11063
10977
10987
11204
11124
11169
11235
11153
11056
11110
11187
11050
10941
11104
11035
11084
11130
11027
11249
10967
11270
11199
10883
10987
11013
10934
11070
11083
11196
10908
11067
11279
10923
10933
10940
11004
11083
10986
10987
11130
11199
10990
11059
10981
10980
11021
11126
10976
11073
11165
11252
11194
11327
11340
10936
10923
11149
11044
11001
11267
11131
11200
11080
10916
11072
10988
11108
11092
11177
11077
11319
11200
11176
11078
11136
11192
11260
11083
11170
11043
11240
11009
11120
11061
11126
11107
11118
11225
10957
11180
11105
11080
11231
11136
11060
11239
11071
11248
10982
11059
11111
11035
10978
11161
11059
11302
