17348
17261
17492
17280
17361
17424
17324
17601
17377
17445
17378
17532
17415
17422
17648
17560
17351
17389
17288
17430
17494
17620
17523
17654
17268
17183
17392
17526
17677
17444
17477
17142
17668
17393
17497
17379
17608
17436
17311
17223
17428
17415
17443
17392
17477
17230
17526
17370
17469
17485
17515
17482
17616
17392
17218
17141
17450
17382
17435
17494
17534
17181
17546
17293
17442
17379
17489
17309
17335
17391
17354
17505
17470
17328
17442
17384
17420
17223
17489
17436
17256
17264
17415
17202
17420
17485
17392
17503
17331
17271
17491
17488
17352
17569
17340
17374
17487
17386
17258
17780
17450
17187
17128
17504
17465
17393
17501
17302
17327
17341
17508
17400
17540
17365
17397
17310
17348
17345
17330
17555
17345
17333
17497
17397
17347
17272
17188
17337
17224
17227
17385
17282
17213
17386
17266
17093
17332
17323
17378
17094
17118
17360
17370
17427
17277
17439
17202
17229
17372
17270
17062
17218
17283
17410
17184
17442
17364
17192
17170
17006
17324
17098
17136
17069
16969
17119
17335
17060
17118
16830
17219
17102
17238
17368
17114
17131
16981
17034
17038
17044
17026
16868
16855
16887
16646
17062
17131
16862
16925
16854
16858
16870
16784
16787
16740
16869
16608
16695
16543
16558
16734
16593
16708
16464
16476
16557
16331
16428
16096
16109
16564
15926
16003
16117
16018
15868
15658
15829
15363
15385
15033
15142
14684
14491
14730
14291
14080
13806
13325
13181
12920
12643
12546
12211
11883
11781
11623
11713
11345
11282
11316
11442
11450
11515
11675
11917
11732
11892
11932
11766
11622
11663
11553
11416
11382
11349
11393
11455
11747
11709
11898
11955
12310
12549
12938
13049
13146
13630
13732
14208
14129
14418
14760
14872
15042
15086
15385
15504
15758
15624
15844
15785
15839
15884
16210
15949
16336
16123
16134
16430
16475
16296
16375
16555
16721
16550
16522
16559
16691
16775
16980
16745
16619
17022
16864
16853
16941
16989
17061
16902
16830
16921
16676
16934
17244
16977
17075
17206
17149
17011
17169
17055
17158
17202
17223
17151
17026
17259
17161
16999
17002
17330
16964
17307
17005
17196
17138
17038
17102
17404
17170
17263
17400
17169
17379
17433
17195
17382
17269
17381
17275
17123
17214
17371
17291
17413
17272
17164
17358
17297
17190
17402
17467
17283
17590
17073
17350
17475
17326
17428
17633
17289
17350
17384
17346
17373
17636
17439
17307
17308
17232
17602
17313
17245
17418
17481
17487
17487
17533
17371
17483
17561
17387
17401
17348
17474
17546
17343
17190
17494
17406
17526
17122
17584
17358
17382
17501
17707
17534
17398
17484
17460
17272
17435
17599
17301
17419
17665
17461
17576
17316
17270
17246
17451
17400
17568
17248
17277
17544
17621
17600
17497
17334
17776
17391
17560
17673
17636
17327
17292
17561
17270
17736
17401
17407
17429
17473
17453
17423
17336
17481
17213
17310
17745
17665
17548
17344
17550
17267
17542
17448
17383
17472
17507
17533
17515
17418
17561
17419
17424
17333
17512
17378
17536
17375
17364
17661
17573
17457
17305
17301
17660
17350
17592
17079
17461
17403
17483
17426
17302
17312
17395
17551
17453
17417
17670
17686
17414
17243
17368
17549
17254
17305
17288
17529
17487
17586
17671
17425
17316
17429
17282
17464
17737
17639
17173
17557
17398
17291
17501
17356
17408
17426
17450
17393
17408
17236
17424
17441
17330
17628
17628
17475
17491
17198
17417
17356
17439
17379
17325
17501
17488
17394
17600
17412
17467
17420
17554
17631
17574
17267
17712
17546
17427
17603
17369
17393
17594
17506
17557
17249
17244
17317
17654
17526
17671
17333
17671
17267
17542
17371
17165
17459
17291
17253
17421
17350
17469
17378
17282
17276
17342
17318
17502
17548
17502
17347
17412
17457
17331
17280
17268
17471
17416
17581
17496
17346
17384
17494
17416
17264
17395
17513
17460
17571
17267
17405
17472
17332
17457
17297
17352
17593
17517
17314
17472
17145
17414
17419
17482
17328
17270
17358
17329
17308
17246
17365
17116
17261
17142
17523
17534
17335
17382
17405
17077
17119
17422
17117
17444
17285
17290
17283
17405
17066
17364
17223
17382
17218
17358
17220
17463
17217
17369
17177
17287
17285
17203
17459
17234
17411
17364
17475
17571
17285
17281
17242
17286
17098
17211
17089
17173
17461
17260
17233
17135
17336
17218
17488
17299
16962
17151
17293
16897
17178
17323
16951
17088
16990
17101
17130
17068
16995
17371
16954
17057
17005
17031
17037
17087
16907
17009
17135
16895
17043
17051
16925
16986
16804
17023
17056
16888
17079
16794
16954
16811
16664
16801
16652
16970
16732
16626
16681
16644
16716
16594
16490
16547
16600
16553
16543
16459
16261
16086
16519
16419
16268
15998
16157
16078
15822
15823
15623
15658
15359
15441
15303
15106
14944
14565
14695
14196
14369
13684
13598
13143
13007
12784
12563
12232
12288
11820
11807
11755
11413
11386
11048
11684
11246
11371
11493
11704
11805
11560
11752
11904
11727
11708
11645
11368
11337
11102
11356
11382
11380
11569
11641
11831
12002
12213
12481
12598
12923
13248
13398
13834
14104
14316
14337
14608
14741
14919
15259
15445
15591
15663
15753
15812
15792
15800
16120
15918
15774
15993
16177
16322
16711
16345
16519
16431
16465
16411
16502
16771
16610
16739
16693
16874
16665
16952
16888
16590
16792
16786
17024
16854
17024
16733
17006
16735
16767
16946
16883
16884
17104
17001
17200
16906
17047
17203
16923
16738
17377
17223
17045
17164
17126
17069
17160
17081
17102
17262
17157
17104
17041
17218
17269
17158
17169
17187
17098
17358
17290
17268
17289
17262
17044
17368
17523
17373
17069
17486
16996
17462
17313
17255
17433
17399
17483
17396
17117
17252
17289
17362
17213
17197
17443
17500
17245
17439
17322
17054
17173
17251
17012
17505
17471
17323
17465
17360
17327
17206
17192
17336
17042
17201
17595
17285
17211
17264
17474
17487
17329
17583
17543
17484
17485
17517
17369
17203
17463
17291
17457
17509
17282
17562
17163
17504
17424
17132
17476
17246
17088
17292
17324
17558
17108
17381
17519
17143
17241
17241
17392
17253
17242
17197
17434
17447
17257
17212
17283
17368
17510
17537
17376
17316
17459
17477
17507
17642
17657
17202
17097
17511
17432
17365
17609
17508
17573
17462
17200
17464
17286
17433
17336
17414
17285
17556
17536
17534
17355
17466
17460
17601
17327
17400
17361
17480
17387
17339
17487
17496
17417
17479
17649
17295
17478
17355
17370
17563
17462
17446
17546
17366
17539
17267
17315
17406
17319
17345
17495
17374
17567
