17068
16989
17197
17013
17075
17131
17065
17305
17101
17176
17082
17247
17125
17104
17346
17258
17065
17109
17010
17148
17184
17319
17245
17377
17002
16884
17101
17248
17383
17142
17202
16872
17362
17122
17225
17071
17286
17168
17030
16922
17126
17119
17138
17108
17192
16955
17231
17105
17189
17180
17220
17190
17365
17101
16912
16860
17188
17101
17129
17230
17233
16927
17264
17013
17150
17129
17200
17014
17030
17103
17072
17189
17187
17042
17165
17098
17117
16914
17221
17188
16955
17008
17127
16923
17125
17181
17074
17217
17047
16980
17206
17193
17073
17303
17016
17085
17211
17114
16984
17487
17161
16930
16867
17189
17162
17113
17209
17046
17033
17056
17232
17117
17263
17079
17126
17009
17093
17050
17056
17265
17061
17014
17205
17108
17089
16990
16903
17080
16935
16980
17094
16984
16940
17117
17001
16810
17039
17043
17111
16850
16832
17070
17134
17146
16987
17151
16929
16928
17072
17013
16770
16959
17028
17153
16881
17198
17078
16887
16916
16732
17061
16831
16834
16758
16707
16831
17045
16774
16819
16527
16956
16773
16962
17087
16837
16869
16707
16746
16745
16733
16774
16597
16581
16631
16367
16802
16863
16597
16611
16565
16559
16591
16496
16533
16483
16589
16332
16426
16287
16277
16452
16328
16458
16171
16194
16258
16053
16169
15845
15840
16292
15692
15745
15865
15767
15608
15393
15579
15098
15138
14783
14884
14455
14258
14509
14054
13863
13572
13111
12947
12714
12422
12336
11987
11676
11589
11436
11513
11146
11101
11133
11235
11254
11336
11480
11710
11562
11696
11756
11606
11452
11475
11352
11225
11204
11147
11190
11269
11545
11535
11699
11756
12084
12340
12725
12828
12942
13418
13511
13983
13899
14199
14514
14657
14790
14838
15135
15235
15476
15361
15583
15518
15580
15606
15941
15721
16077
15849
15858
16167
16232
16048
16148
16289
16445
16267
16242
16283
16430
16495
16683
16477
16337
16714
16605
16574
16633
16696
16786
16604
16565
16673
16398
16633
16931
16704
16804
16935
16871
16741
16893
16768
16891
16941
16938
16866
16750
16960
16883
16726
16716
17049
16693
17003
16747
16913
16838
16761
16807
17094
16887
16991
17117
16868
17095
17147
16892
17084
16979
17093
16980
16848
16949
17065
17022
17133
16996
16864
17043
17055
16919
17090
17182
16970
17312
16822
17079
17190
17001
17169
17352
17027
17049
17091
17081
17087
17367
17135
17025
17044
16942
17313
17015
16943
17159
17176
17228
17172
17248
17069
17203
17278
17100
17135
17060
17220
17257
17042
16923
17212
17102
17239
16848
17301
17065
17090
17208
17419
17255
17138
17208
17178
17012
17144
17284
17033
17138
17374
17176
17270
17025
16984
16942
17140
17086
17266
16973
17030
17259
17342
17285
17204
17032
17469
17137
17291
17413
17360
17070
17005
17287
16998
17425
17110
17116
17146
17203
17168
17123
17072
17191
16917
17039
17439
17396
17266
17051
17289
16976
17242
17133
17111
17192
17224
17216
17220
17153
17265
17151
17153
17046
17215
17101
17251
17097
17086
17327
17271
17195
16995
17041
17363
17068
17297
16805
17184
17106
17207
17161
17003
17035
17084
17263
17166
17138
17374
17417
17111
16971
17072
17273
16959
17019
17018
17250
17210
17315
17363
17139
17017
17123
17008
17171
17462
17386
16900
17238
17107
16969
17217
17084
17117
17148
17196
17103
17108
16955
17152
17167
17043
17326
17321
17176
17198
16954
17146
17090
17181
17105
17035
17186
17183
17134
17330
17095
17181
17122
17271
17355
17292
16970
17437
17238
17112
17339
17095
17114
17307
17198
17263
16969
16939
17027
17360
17215
17378
17064
17398
16953
17281
17057
16884
17174
17018
16949
17134
17049
17171
17073
17013
16991
17055
17035
17224
17252
17224
17080
17149
17183
17068
17043
16992
17190
17110
17295
17218
17081
17097
17218
17154
16978
17109
17218
17150
17266
16982
17071
17158
17053
17177
17003
17059
17309
17211
17020
17183
16873
17134
17112
17194
17065
16989
17064
17031
17021
16967
17096
16851
17000
16839
17253
17242
17087
17085
17129
16790
16819
17133
16835
17187
17001
17022
16991
17115
16785
17099
16979
17109
16916
17061
16935
17176
16924
17087
16874
16997
16984
16914
17163
16939
17117
17071
17171
17290
16983
16978
16985
17021
16828
16917
16825
16884
17189
17000
16928
16839
17055
16955
17207
17018
16689
16856
16978
16605
16880
17078
16684
16844
16695
16864
16842
16779
16724
17071
16673
16777
16722
16772
16764
16799
16625
16734
16850
16636
16753
16763
16664
16697
16545
16716
16778
16632
16793
16511
16670
16548
16412
16514
16348
16706
16432
16366
16421
16357
16465
16274
16205
16261
16315
16275
16269
16190
16011
15843
16249
16121
15993
15726
15889
15809
15559
15536
15362
15411
15092
15192
15048
14842
14711
14332
14435
13950
14154
13462
13385
12926
12781
12556
12339
12013
12081
11627
11592
11548
11211
11187
10867
11478
11035
11185
11315
11516
11613
11356
11553
11726
11536
11490
11447
11168
11149
10907
11160
11191
11200
11366
11454
11626
11800
12012
12271
12409
12713
13022
13184
13612
13895
14047
14144
14384
14486
14668
15008
15209
15309
15394
15491
15566
15531
15539
15861
15614
15524
15724
15907
16065
16454
16091
16241
16121
16200
16127
16225
16514
16371
16472
16413
16582
16399
16669
16613
16325
16517
16514
16777
16576
16744
16493
16727
16463
16490
16675
16637
16581
16810
16707
16921
16628
16783
16910
16648
16455
17093
16926
16773
16896
16815
16803
16895
16785
16815
16973
16920
16824
16797
16939
16977
16890
16876
16893
16818
17037
17004
16978
16970
16965
16739
17078
17230
17099
16812
17194
16720
17130
17021
16984
17120
17141
17204
17112
16825
16957
16975
17106
16912
16907
17151
17187
16953
17151
17045
16775
16885
16963
16724
17220
17202
17047
17169
17051
17046
16931
16918
17044
16774
16919
17336
17019
16909
16985
17191
17212
17034
17283
17264
17170
17198
17224
17076
16937
17138
16998
17166
17193
17003
17264
16868
17238
17163
16849
17181
16964
16813
16993
17055
17291
16826
17083
17224
16871
16958
16953
17088
16974
16956
16921
17159
17170
16965
16936
17001
17064
17228
17262
17075
17034
17172
17188
17228
17360
17365
16932
16815
17226
17123
17061
17332
17222
17283
17164
16948
17173
17018
17154
17082
17128
16993
17273
17239
17264
17064
17165
17184
17317
17027
17135
17092
17201
17092
17070
17187
17197
17117
17162
17358
17013
17206
17073
17069
17292
17158
17124
17251
17060
17246
16989
17026
17104
17052
17076
17190
17085
17268
