10800
10744
10789
10803
10866
10789
10769
10920
10826
10897
10836
10970
10778
10886
11041
10797
10770
10819
10765
10830
10903
10834
10910
11064
10672
10704
10856
10976
10920
10858
10799
10697
10971
10762
10815
10777
10917
10939
10781
10701
10840
10852
10903
10711
10853
10764
10837
10924
10874
10695
11032
10807
11036
10755
10696
10684
10898
10820
10719
10825
10837
10597
10975
10751
10835
10825
10784
10673
10759
10698
10702
10752
10916
10668
10789
10803
10799
10625
10831
10867
10775
10847
10760
10727
10760
10868
10757
10847
10829
10772
10889
10817
10731
10781
10832
10715
10886
10719
10739
10996
10879
10842
10616
10814
10929
10810
10813
10710
10807
10739
10814
10784
10978
10773
10783
10792
10765
10672
10845
10989
10710
10791
10850
10862
10897
10801
10623
10869
10744
10744
10780
10786
10648
10697
10707
10533
10744
10704
10838
10605
10546
10752
10775
10789
10715
10813
10651
10646
10823
10807
10562
10702
10836
10830
10623
10835
10783
10830
10733
10558
10722
10608
10672
10519
10551
10560
10807
10566
10721
10465
10719
10617
10645
10742
10648
10542
10623
10467
10568
10504
10552
10457
10552
10553
10424
10760
10692
10558
10546
10396
10443
10435
10294
10393
10452
10465
10330
10363
10240
10287
10333
10214
10394
10216
10203
10301
10140
10177
9994
9984
10376
9860
9835
10005
9869
9873
9681
9884
9380
9572
9396
9384
9196
9024
9108
8980
8789
8501
8220
8087
7999
7813
7796
7511
7407
7260
7227
7247
6937
7059
7060
7123
7155
7118
7189
7373
7321
7416
7505
7365
7223
7301
7057
7095
7044
7062
7037
7085
7346
7285
7315
7470
7709
7834
8013
8108
8116
8554
8541
8773
8717
8975
9119
9271
9303
9244
9584
9677
9736
9625
9830
9834
9813
9935
10073
9919
10199
10015
9981
10196
10195
10099
10178
10259
10431
10303
10312
10327
10407
10442
10533
10342
10396
10612
10500
10435
10460
10531
10623
10435
10488
10557
10409
10583
10604
10542
10544
10581
10670
10562
10579
10700
10638
10611
10751
10651
10634
10649
10758
10494
10593
10696
10533
10792
10580
10783
10624
10669
10763
10766
10599
10686
10863
10633
10843
10772
10628
10772
10698
10805
10710
10575
10757
10863
10680
10753
10752
10692
10816
10751
10636
10804
10796
10730
10948
10437
10818
10838
10747
10848
10843
10769
10739
10875
10810
10770
10992
10814
10682
10826
10773
10931
10772
10745
10889
10731
10932
10850
10818
10734
10886
10916
10850
10786
10806
10951
10905
10874
10686
10959
10731
10783
10706
10899
10819
10697
10937
10972
10957
10880
10838
10911
10720
10958
10944
10708
10734
10958
10991
10803
10661
10721
10653
10913
10738
10962
10762
10650
10893
10901
10919
10825
10649
11013
10776
10966
10980
10799
10764
10713
10968
10699
10979
10840
10813
10830
10965
10737
10725
10737
10838
10618
10792
11019
11045
10934
10785
10995
10696
10870
10830
10802
10706
10875
10824
10793
10878
10748
10802
10795
10752
10868
10677
10899
10773
10746
10919
10887
10913
10741
10708
10943
10916
10874
10500
10901
10799
10845
10940
10656
10750
10850
11001
10838
10835
10779
10984
10819
10666
10752
10926
10708
10678
10837
10933
10917
10940
10963
10768
10743
10795
10715
10787
11033
11027
10626
10867
10744
10779
10766
10800
10734
10858
10890
10809
10789
10743
10867
10774
10776
11003
10831
10733
10942
10735
10754
10859
10890
10858
10804
10876
10838
10895
10971
10756
10779
10799
11015
10946
10926
10693
11062
10937
10834
10925
10857
10796
11010
10727
10930
10615
10675
10736
10903
10887
10959
10667
10920
10767
10822
10800
10624
10792
10774
10755
10803
10786
10794
10754
10909
10629
10783
10694
10814
10822
10852
10776
10806
10933
10806
10741
10683
10873
10841
10905
10818
10798
10700
10858
10940
10644
10820
10953
10754
10852
10638
10704
10738
10696
10802
10687
10840
10905
10930
10794
10910
10710
10796
10783
10777
10860
10796
10772
10728
10732
10656
10832
10542
10699
10681
11008
10862
10875
10748
10866
10512
10673
10924
10611
10869
10759
10770
10757
10809
10649
10787
10636
10801
10598
10691
10797
10919
10698
10838
10701
10875
10674
10670
10890
10665
10915
10666
10778
10883
10710
10728
10731
10785
10602
10733
10665
10680
10762
10638
10701
10654
10731
10658
10884
10741
10496
10703
10721
10449
10720
10870
10565
10591
10430
10558
10650
10547
10568
10722
10634
10644
10654
10661
10602
10674
10481
10598
10652
10411
10673
10498
10452
10637
10438
10537
10636
10502
10644
10217
10593
10509
10388
10494
10342
10529
10458
10300
10406
10405
10437
10364
10255
10248
10355
10254
10279
10247
10066
9920
10164
10239
10118
9927
9939
9940
9820
9734
9804
9709
9465
9553
9499
9315
9466
8985
9151
8748
8910
8532
8447
8161
8077
7895
7797
7554
7632
7232
7213
7262
7170
7103
6906
7256
6966
6978
7172
7250
7379
7102
7258
7468
7262
7238
7203
7032
7048
6827
7108
7026
7066
7162
7265
7366
7420
7630
7832
7833
8081
8234
8391
8633
8634
8837
9017
9046
9172
9310
9476
9623
9775
9658
9857
9850
9824
9712
10032
9882
9862
9953
10108
10077
10374
10120
10288
10135
10299
10223
10133
10440
10327
10455
10334
10579
10436
10576
10417
10355
10391
10316
10666
10471
10456
10532
10720
10417
10504
10492
10451
10472
10558
10546
10687
10454
10531
10628
10396
10446
10726
10718
10673
10662
10655
10675
10717
10579
10575
10785
10690
10529
10570
10727
10671
10637
10540
10508
10644
10758
10685
10833
10662
10782
10490
10776
10901
10814
10634
10926
10596
10760
10743
10716
10840
10852
10896
10883
10776
10785
10632
10783
10598
10683
10934
10878
10623
10781
10921
10601
10760
10589
10548
10796
10880
10801
10817
10730
10810
10661
10684
10716
10660
10704
10889
10759
10688
10730
10897
10833
10852
10943
10833
10769
10805
10887
10771
10612
10823
10737
10804
10817
10750
10947
10668
10951
10934
10611
10703
10712
10622
10764
10778
10903
10621
10766
10990
10623
10658
10656
10743
10785
10703
10705
10867
10886
10698
10783
10710
10695
10712
10809
10685
10790
10865
10949
10938
11006
11040
10650
10630
10847
10775
10700
10973
10857
10947
10774
10640
10757
10701
10815
10814
10848
10775
10998
10904
10904
10766
10843
10900
10961
10798
10884
10776
10952
10741
10798
10792
10796
10788
10823
10915
10637
10892
10822
10778
10895
10866
10771
10926
10792
10946
10715
10778
10818
10754
10670
10889
10773
10978
