1214
1197
1200
1189
1273
1160
1168
1166
1183
1251
1148
1229
1181
1169
1189
1171
1183
1192
1140
1178
1221
1180
1254
1239
1201
1176
1191
1137
1180
1188
1168
1143
1222
1174
1197
1214
1207
1225
1170
1206
1159
1165
1226
1185
1212
1107
1230
1222
1200
1179
1220
1167
1263
1128
1180
1170
1153
1159
1188
1177
1168
1166
1217
1156
1150
1185
1225
1155
1169
1198
1175
1176
1180
1186
1220
1231
1120
1114
1127
1198
1224
1167
1179
1199
1172
1173
1219
1191
1199
1183
1194
1218
1134
1162
1214
1156
1218
1191
1160
1273
1249
1205
1149
1173
1205
1208
1224
1173
1156
1229
1189
1151
1217
1186
1170
1204
1142
1186
1240
1211
1110
1250
1213
1140
1197
1184
1162
1180
1136
1194
1140
1234
1178
1146
1191
1109
1133
1152
1295
1224
1126
1201
1216
1190
1199
1207
1133
1166
1205
1153
1168
1123
1191
1094
1140
1198
1172
1136
1149
1103
1200
1127
1137
1183
1131
1167
1189
1137
1149
1138
1192
1184
1210
1150
1123
1161
1141
1165
1136
1205
1129
1174
1124
1141
1187
1218
1193
1145
1189
1111
1148
1170
1117
1143
1162
1146
1091
1169
1098
1150
1124
1141
1219
1102
1169
1165
1078
1143
1161
1078
1144
1088
1039
1088
1070
1039
1074
1112
1061
1032
1030
1057
982
961
1005
1029
963
958
935
856
856
867
888
833
792
791
805
824
777
792
762
823
795
769
774
860
813
826
822
833
802
799
796
733
801
800
786
817
802
787
846
768
868
872
878
914
912
921
922
945
949
995
1005
1011
1013
1044
1068
1047
1055
1091
1089
1067
1121
1031
1070
1134
1130
1122
1066
1096
1052
1109
1095
1172
1152
1145
1083
1138
1153
1120
1164
1149
1132
1158
1144
1161
1107
1186
1147
1140
1198
1157
1119
1180
1205
1087
1155
1145
1145
1151
1149
1203
1141
1164
1175
1216
1188
1135
1204
1088
1151
1176
1146
1177
1142
1159
1194
1197
1264
1210
1152
1164
1223
1195
1182
1216
1071
1197
1145
1173
1191
1212
1199
1185
1177
1242
1170
1145
1224
1196
1153
1206
1229
1187
1174
1140
1201
1243
1142
1189
1201
1162
1186
1197
1203
1211
1186
1148
1147
1222
1201
1180
1180
1151
1175
1175
1171
1185
1168
1150
1139
1171
1164
1154
1174
1226
1216
1188
1191
1213
1088
1182
1195
1188
1164
1168
1141
1186
1201
1212
1125
1196
1205
1217
1222
1150
1173
1212
1206
1211
1243
1225
1136
1216
1174
1200
1152
1171
1233
1197
1238
1145
1159
1252
1246
1240
1243
1174
1206
1153
1167
1122
1237
1186
1176
1186
1238
1110
1108
1184
1139
1133
1196
1203
1214
1173
1202
1244
1199
1166
1141
1226
1138
1179
1112
1177
1252
1200
1210
1209
1197
1208
1172
1178
1207
1159
1210
1222
1174
1190
1203
1203
1243
1149
1124
1135
1195
1187
1204
1159
1154
1234
1176
1177
1168
1221
1211
1149
1154
1224
1165
1192
1165
1224
1164
1161
1140
1189
1225
1184
1151
1141
1160
1244
1223
1181
1165
1175
1241
1178
1186
1224
1189
1181
1127
1176
1171
1201
1140
1146
1203
1137
1188
1210
1187
1151
1181
1237
1181
1219
1177
1163
1192
1174
1171
1157
1276
1145
1186
1192
1123
1197
1183
1156
1190
1205
1225
1204
1137
1175
1172
1225
1165
1301
1203
1211
1146
1189
1190
1181
1211
1227
1199
1116
1159
1213
1163
1135
1221
1204
1158
1208
1206
1191
1193
1212
1215
1253
1192
1150
1145
1185
1176
1168
1175
1193
1209
1164
1130
1259
1178
1193
1160
1105
1209
1196
1207
1190
1170
1147
1197
1214
1139
1185
1165
1155
1147
1221
1184
1182
1189
1189
1135
1171
1167
1169
1197
1163
1164
1165
1164
1200
1191
1145
1187
1149
1152
1187
1135
1209
1216
1187
1186
1181
1166
1238
1115
1159
1156
1212
1152
1149
1193
1226
1125
1177
1173
1200
1163
1196
1204
1145
1228
1169
1219
1154
1171
1187
1130
1123
1217
1169
1173
1148
1202
1148
1180
1190
1219
1204
1114
1219
1171
1128
1212
1159
1153
1178
1200
1131
1199
1132
1119
1195
1141
1119
1197
1113
1190
1171
1175
1149
1218
1171
1168
1147
1143
1120
1086
1123
1213
1139
1200
1133
1142
1155
1120
1135
1147
1162
1129
1175
1123
1152
1103
1111
1123
1158
1117
1102
1116
1138
1101
1148
1113
1088
1095
1055
1112
1106
1074
1078
1043
1029
1072
1102
1035
1005
1060
998
1012
926
977
947
909
916
886
827
853
846
864
760
757
856
815
793
756
779
750
767
793
756
818
811
801
840
778
774
776
742
784
700
807
784
785
783
797
796
807
833
790
851
903
912
934
959
929
954
988
1028
990
1060
1068
1042
1109
1083
1095
1039
1084
1093
1084
1054
1105
1086
1118
1106
1102
1095
1113
1102
1145
1129
1123
1185
1122
1152
1117
1146
1112
1148
1152
1138
1147
1109
1157
1132
1152
1165
1160
1123
1166
1098
1170
1111
1193
1176
1190
1163
1168
1138
1126
1124
1136
1137
1137
1108
1166
1183
1192
1159
1186
1190
1117
1189
1185
1164
1152
1193
1131
1105
1147
1183
1139
1202
1143
1204
1107
1157
1187
1168
1203
1221
1166
1156
1190
1190
1231
1191
1207
1146
1188
1148
1123
1208
1165
1188
1136
1230
1233
1189
1212
1170
1205
1197
1133
1197
1181
1175
1156
1199
1169
1153
1119
1112
1153
1162
1172
1187
1187
1184
1217
1167
1180
1187
1198
1189
1164
1238
1230
1151
1172
1157
1170
1248
1157
1212
1173
1154
1207
1178
1205
1173
1224
1156
1222
1205
1193
1214
1239
1089
1210
1143
1218
1114
1200
1194
1186
1194
1129
1154
1221
1208
1169
1179
1208
1231
1254
1210
1191
1153
1212
1199
1180
1190
1180
1196
1183
1233
1172
1186
1152
1137
1129
1212
1233
1202
1223
1198
1197
1158
1173
1236
1214
1180
1229
1172
1163
1160
1149
1171
1176
1193
1243
1217
1173
1181
1158
1174
1146
1159
1190
1155
1232
1213
1226
1150
1211
1207
1184
1210
1199
1226
1210
