637
635
608
629
679
572
620
608
598
642
569
630
622
604
597
588
617
609
571
576
659
598
624
620
625
601
619
576
605
604
592
590
618
602
619
651
610
634
620
607
587
588
633
625
608
560
670
628
589
623
620
602
655
574
606
603
585
589
638
633
622
625
617
594
570
608
660
609
599
636
593
612
615
643
633
638
567
550
576
614
634
578
591
619
604
613
660
599
675
618
620
616
595
609
625
605
629
596
588
620
644
650
592
599
643
631
636
624
555
619
607
575
618
619
577
610
550
584
646
643
596
662
624
570
604
610
603
621
569
610
618
612
611
569
616
577
586
607
652
641
578
636
627
597
624
626
579
595
629
579
612
592
633
571
659
636
628
595
580
550
615
612
583
612
557
613
588
577
563
590
597
635
629
592
594
623
573
604
574
626
595
597
614
563
624
625
610
589
589
559
595
610
567
622
603
583
566
609
594
554
605
582
653
558
601
616
553
602
633
548
602
553
550
555
521
551
534
544
536
519
519
545
506
508
508
537
477
499
479
436
436
432
464
435
415
402
431
415
397
410
369
459
383
378
373
443
410
444
425
426
444
413
421
393
407
417
392
429
399
406
437
423
455
443
454
480
479
467
470
503
480
526
521
524
513
563
522
538
536
514
562
549
572
558
550
587
586
564
550
580
551
565
570
625
577
595
531
596
578
570
583
600
567
617
603
591
587
588
575
604
630
607
560
611
632
561
572
567
593
583
569
627
566
594
627
641
612
581
604
569
617
619
576
600
581
610
599
616
653
620
590
640
650
617
630
649
562
559
595
592
613
601
617
600
628
656
605
551
641
585
576
644
646
634
589
596
604
615
576
613
636
611
603
614
638
619
618
592
575
631
633
620
597
581
622
609
625
597
587
562
590
563
560
594
598
620
599
629
620
621
537
631
595
633
606
602
570
631
632
634
587
568
625
627
637
584
626
638
636
598
652
639
591
613
567
612
616
583
613
634
637
580
593
635
659
631
639
582
629
582
611
561
636
604
603
643
628
565
570
603
580
574
611
607
642
612
613
622
607
610
602
644
594
584
569
578
657
630
652
637
600
624
608
614
612
599
628
661
613
582
612
578
649
608
586
590
621
596
605
608
583
603
602
609
619
630
629
563
560
665
600
658
630
645
568
591
608
617
666
581
613
586
604
637
644
602
573
596
665
595
609
631
625
606
579
581
582
610
568
589
644
556
593
643
613
605
615
630
620
635
629
624
581
632
588
582
655
585
595
597
583
636
634
617
610
635
647
596
597
613
613
614
602
660
620
607
599
621
596
595
657
620
611
615
599
590
599
624
617
593
592
632
618
630
578
625
628
627
667
609
583
597
621
596
618
630
620
604
577
655
603
598
636
567
616
657
644
633
578
606
623
605
558
600
613
580
621
627
584
586
618
612
590
572
599
586
617
592
586
629
562
616
614
615
616
607
595
592
611
624
619
605
618
592
590
630
573
592
581
618
602
594
627
637
589
621
606
609
624
628
615
612
618
623
642
607
610
635
577
578
627
594
630
607
600
599
625
629
597
637
575
633
587
553
608
596
576
572
568
566
602
588
541
617
581
563
604
582
586
599
628
578
627
587
601
589
575
607
570
553
635
576
607
564
573
605
571
600
573
578
574
630
553
608
566
581
591
584
583
539
569
564
552
579
542
558
554
517
555
595
554
520
551
524
566
560
510
514
541
495
514
493
488
481
456
461
466
414
442
421
444
401
382
454
414
364
383
410
419
404
423
373
439
437
411
403
384
389
391
382
424
363
422
374
388
425
382
420
379
442
391
465
462
471
492
475
482
485
504
514
490
530
550
557
547
549
563
522
584
546
555
523
583
558
589
568
577
583
582
569
587
580
590
607
581
626
560
606
552
586
596
560
604
589
586
573
588
589
600
565
608
576
615
586
639
605
613
632
596
609
594
595
563
580
572
563
590
609
623
587
633
613
595
621
607
614
578
656
580
572
574
591
597
615
591
579
573
583
611
620
622
623
586
623
596
586
629
607
606
579
594
622
599
619
588
606
558
631
651
622
636
613
571
586
604
614
589
605
589
609
601
563
584
579
568
581
571
619
614
616
642
623
588
633
605
581
625
655
622
591
616
612
589
631
619
599
572
555
614
597
625
602
619
622
617
650
619
619
627
564
635
562
608
565
609
606
604
592
564
587
622
611
614
613
635
609
643
610
600
566
626
629
579
607
574
615
567
640
605
624
595
578
595
630
650
607
630
590
611
605
610
627
617
628
612
626
577
581
553
601
607
613
621
626
613
578
601
623
576
599
611
580
619
599
629
608
635
616
613
629
629
632
607
