21645
21518
21870
21601
21591
21705
21574
21983
21671
21704
21727
21860
21733
21704
21949
21851
21616
21748
21570
21731
21841
21918
21926
21970
21532
21481
21691
21877
22118
21758
21717
21488
22030
21735
21785
21631
21976
21751
21554
21525
21762
21789
21685
21689
21609
21518
21773
21670
21736
21907
21822
21758
21986
21598
21452
21385
21710
21774
21751
21825
21869
21504
21900
21643
21696
21703
21865
21640
21653
21706
21694
21794
21756
21537
21830
21679
21749
21563
21795
21755
21542
21458
21745
21542
21737
21824
21732
21843
21525
21550
21836
22005
21587
21846
21666
21560
21734
21707
21528
22173
21592
21385
21362
21749
21694
21726
21825
21535
21588
21671
21684
21754
21874
21593
21773
21544
21731
21719
21572
21814
21753
21626
21737
21753
21616
21507
21506
21583
21550
21505
21575
21590
21467
21593
21534
21464
21688
21530
21629
21358
21276
21643
21694
21631
21693
21618
21491
21575
21585
21549
21379
21508
21567
21671
21425
21683
21664
21452
21329
21264
21559
21346
21297
21345
21251
21375
21530
21208
21231
21079
21513
21273
21510
21634
21366
21330
21163
21196
21169
21211
21241
21178
20987
21095
20819
21267
21207
20999
21069
20991
21195
21064
20892
20849
21039
21017
20703
20723
20637
20665
20792
20752
20804
20491
20491
20632
20463
20482
20082
20145
20587
19867
19899
20007
19982
19740
19536
19678
19160
19242
18796
18944
18406
18023
18251
17754
17538
17164
16596
16501
16112
15735
15530
15198
14906
14748
14575
14550
14205
14114
14121
14313
14224
14427
14509
14796
14662
14852
14824
14682
14613
14516
14410
14219
14214
14107
14304
14305
14577
14601
14766
14804
15391
15625
16065
16225
16342
17062
17149
17682
17659
18016
18307
18529
18723
18818
19217
19317
19552
19625
19777
19729
19801
19929
20212
20021
20348
20212
20210
20601
20619
20317
20505
20588
20827
20583
20665
20666
20839
20817
21137
20890
20689
21084
20996
21052
21139
21176
21301
21156
20910
21039
21013
21014
21501
21168
21232
21339
21545
21141
21360
21270
21380
21289
21405
21477
21284
21542
21307
21245
21295
21557
21264
21513
21237
21400
21424
21282
21367
21662
21532
21517
21676
21342
21769
21661
21462
21633
21531
21662
21475
21337
21568
21550
21516
21676
21636
21489
21612
21579
21432
21649
21760
21541
21857
21265
21520
21791
21614
21766
21916
21469
21590
21705
21728
21666
22025
21627
21539
21620
21513
21812
21638
21456
21750
21771
21872
21708
21881
21701
21921
21944
21774
21734
21552
21754
21860
21700
21482
21829
21624
21852
21434
22023
21762
21668
21851
21926
21778
21652
21794
21811
21595
21762
21991
21571
21732
21963
21880
21919
21564
21603
21567
21734
21658
21934
21459
21525
21858
21886
21893
21748
21669
22078
21798
21953
21969
21905
21583
21571
21751
21525
21990
21779
21683
21630
21658
21730
21765
21629
21677
21418
21618
21981
21997
21916
21663
21888
21672
21829
21724
21726
21688
21781
21848
21835
21619
21801
21686
21725
21642
21904
21611
21775
21680
21667
22004
21890
21844
21626
21661
22104
21704
21900
21335
21760
21666
21752
21730
21837
21445
21724
21893
21827
21646
21948
21998
21742
21538
21730
21901
21551
21600
21631
21832
21768
21910
21975
21610
21610
21770
21646
21840
21980
21935
21572
21809
21657
21610
21833
21725
21790
21704
21731
21753
21648
21498
21717
21773
21573
21894
21875
21778
21702
21607
21685
21651
21692
21617
21546
21796
21777
21549
21829
21672
21869
21676
21813
21948
21770
21551
22006
21883
21692
21946
21768
21692
21915
21828
21862
21588
21406
21581
21894
21911
22111
21600
21946
21564
21746
21659
21465
21770
21582
21482
21799
21764
21781
21684
21652
21488
21600
21719
21752
21779
21751
21672
21708
21572
21611
21575
21519
21730
21603
21888
21870
21553
21653
21723
21682
21445
21686
21784
21806
21831
21668
21675
21662
21641
21698
21523
21725
21829
21852
21661
21665
21392
21631
21670
21732
21654
21488
21749
21715
21642
21445
21586
21425
21519
21411
21731
21756
21745
21720
21582
21219
21385
21780
21402
21720
21587
21585
21682
21653
21308
21664
21319
21666
21483
21530
21430
21669
21556
21631
21365
21533
21611
21422
21771
21500
21668
21626
21741
21811
21675
21467
21472
21517
21399
21511
21347
21483
21725
21432
21526
21279
21539
21476
21810
21460
21173
21388
21504
21166
21392
21542
21256
21315
21201
21360
21371
21232
21302
21610
21176
21091
21240
21205
21217
21266
21178
21248
21282
21001
21329
21265
21153
21128
21010
21193
21271
20913
21151
21059
21142
20948
20918
20951
20802
21138
20996
20759
20691
20735
20875
20627
20590
20696
20647
20596
20643
20451
20336
20147
20553
20434
20119
19941
20101
19930
19616
19817
19507
19544
19186
19231
19104
18956
18619
18133
18239
17699
17828
17063
16962
16530
16262
15930
15717
15212
15216
14681
14659
14541
14296
14218
13871
14435
14023
14197
14310
14629
14699
14428
14614
14842
14631
14601
14587
14188
14190
13826
14090
14157
14150
14364
14506
14717
15056
15179
15631
15761
16039
16507
16686
17267
17567
17903
17881
18280
18474
18693
18970
19262
19364
19428
19617
19623
19795
19731
19986
19914
19745
20018
20123
20378
20721
20354
20696
20506
20566
20452
20741
20831
20703
20920
20808
21145
20822
20986
21028
20765
21005
20954
21142
20976
21179
20986
21119
20928
21004
21059
21068
21081
21319
21177
21380
21315
21158
21446
21273
21002
21643
21467
21225
21440
21307
21247
21382
21360
21340
21473
21401
21296
21236
21502
21421
21253
21394
21383
21387
21658
21567
21628
21523
21565
21259
21497
21688
21666
21276
21794
21329
21779
21568
21492
21679
21622
21690
21557
21386
21498
21458
21662
21495
21380
21716
21738
21560
21700
21662
21383
21528
21521
21198
21772
21779
21643
21701
21711
21664
21449
21463
21546
21348
21640
21972
21689
21443
21662
21670
21822
21642
21795
21723
21706
21769
21894
21684
21516
21675
21449
21754
21782
21511
21853
21473
21754
21627
21389
21710
21501
21474
21627
21643
21822
21375
21690
21792
21498
21616
21517
21870
21516
21527
21556
21518
21745
21605
21501
21619
21624
21806
21831
21715
21620
21793
21847
21842
21928
21852
21504
21406
21798
21778
21585
21986
21864
21902
21830
21513
21830
21638
21796
21604
21789
21523
21888
21780
21762
21588
21724
21754
21817
21703
21812
21674
21909
21680
21649
21779
21801
21652
21726
21895
21521
21855
21569
21701
21838
21813
21723
21915
21633
21875
21599
21551
21733
21483
21740
21823
21572
21833
