2796
2728
2819
2769
2870
2731
2734
2795
2797
2833
2804
2789
2707
2767
2777
2770
2757
2762
2662
2748
2829
2829
2803
2884
2716
2708
2758
2729
2786
2755
2762
2702
2825
2751
2789
2780
2809
2758
2720
2755
2774
2742
2789
2776
2822
2780
2844
2773
2752
2763
2825
2737
2934
2655
2745
2750
2724
2718
2749
2740
2724
2692
2810
2706
2758
2762
2817
2745
2740
2791
2773
2719
2728
2705
2780
2814
2708
2724
2774
2811
2848
2722
2799
2755
2756
2800
2738
2840
2685
2768
2791
2794
2682
2690
2773
2721
2823
2646
2658
2903
2826
2740
2664
2787
2803
2817
2781
2755
2726
2783
2790
2737
2787
2734
2718
2769
2666
2728
2842
2746
2688
2833
2830
2703
2800
2806
2691
2790
2688
2714
2776
2811
2731
2659
2751
2691
2738
2707
2854
2827
2689
2795
2795
2782
2768
2830
2658
2693
2760
2736
2702
2656
2781
2704
2753
2774
2801
2683
2738
2616
2784
2704
2737
2765
2637
2743
2756
2770
2673
2697
2759
2787
2801
2711
2700
2763
2704
2736
2655
2730
2678
2753
2677
2685
2711
2811
2723
2637
2715
2644
2675
2690
2647
2634
2674
2706
2559
2626
2590
2666
2653
2636
2726
2584
2618
2635
2555
2609
2639
2610
2697
2480
2504
2555
2533
2501
2505
2544
2423
2400
2345
2486
2352
2331
2321
2335
2183
2208
2119
2070
2018
2016
2080
1911
1870
1834
1854
1938
1832
1837
1819
1809
1856
1831
1812
1947
1906
1922
1929
1933
1814
1878
1836
1801
1854
1837
1765
1857
1835
1880
1909
1822
1997
2002
2024
2100
2050
2135
2177
2236
2236
2275
2353
2422
2417
2438
2448
2447
2423
2558
2555
2514
2597
2484
2516
2571
2606
2655
2557
2575
2566
2603
2600
2707
2682
2679
2546
2607
2667
2603
2717
2668
2656
2762
2657
2664
2602
2693
2673
2762
2774
2725
2596
2755
2748
2671
2700
2726
2726
2712
2760
2728
2771
2697
2703
2795
2793
2712
2867
2640
2654
2790
2705
2708
2691
2783
2740
2793
2813
2783
2747
2668
2765
2730
2759
2776
2672
2750
2730
2779
2761
2767
2827
2780
2787
2770
2775
2699
2848
2855
2754
2841
2825
2744
2759
2580
2777
2855
2731
2735
2863
2731
2756
2794
2757
2812
2759
2736
2661
2853
2740
2773
2735
2756
2749
2725
2788
2702
2761
2716
2699
2823
2726
2708
2765
2793
2757
2774
2781
2829
2720
2743
2761
2820
2756
2746
2730
2761
2785
2782
2811
2804
2788
2811
2825
2727
2770
2796
2841
2823
2855
2822
2698
2831
2694
2751
2748
2696
2831
2842
2788
2735
2745
2839
2767
2806
2809
2756
2764
2705
2815
2753
2829
2756
2780
2798
2797
2698
2690
2741
2747
2688
2774
2789
2821
2776
2768
2930
2771
2754
2698
2809
2727
2798
2766
2758
2895
2705
2838
2770
2798
2771
2712
2773
2812
2779
2794
2830
2790
2773
2787
2855
2862
2763
2627
2712
2793
2814
2792
2704
2756
2779
2799
2768
2803
2762
2817
2771
2723
2870
2838
2677
2728
2828
2779
2743
2762
2706
2814
2669
2698
2710
2696
2857
2838
2841
2755
2749
2807
2784
2840
2713
2802
2796
2710
2749
2751
2787
2762
2776
2795
2738
2702
2780
2758
2733
2793
2741
2742
2787
2792
2746
2787
2817
2785
2767
2805
2742
2700
2767
2717
2856
2780
2727
2797
2770
2762
2819
2713
2791
2775
2771
2753
2866
2808
2862
2673
2818
2764
2724
2848
2748
2761
2728
2723
2843
2721
2720
2820
2869
2726
2699
2776
2759
2764
2783
2778
2798
2795
2704
2715
2709
2758
2752
2720
2842
2792
2722
2748
2820
2741
2732
2793
2670
2811
2771
2814
2762
2771
2757
2732
2793
2686
2773
2709
2742
2702
2791
2708
2762
2800
2772
2729
2744
2768
2770
2864
2645
2740
2663
2812
2751
2739
2723
2832
2691
2779
2869
2712
2787
2782
2765
2793
2811
2726
2882
2677
2780
2745
2809
2750
2819
2703
2791
2661
2749
2694
2729
2714
2749
2771
2741
2749
2792
2784
2702
2685
2729
2732
2669
2793
2764
2716
2692
2799
2714
2752
2825
2832
2734
2677
2811
2758
2658
2746
2770
2696
2735
2731
2705
2670
2730
2609
2742
2687
2683
2732
2695
2790
2754
2706
2628
2766
2672
2710
2689
2708
2680
2593
2671
2769
2636
2776
2649
2760
2656
2695
2678
2680
2746
2659
2725
2654
2637
2632
2647
2629
2724
2654
2668
2635
2579
2603
2539
2626
2603
2581
2561
2568
2543
2493
2539
2448
2444
2418
2510
2402
2388
2403
2267
2360
2270
2312
2153
2153
2074
2039
1996
2001
1952
1979
1798
1841
1900
1822
1790
1839
1839
1784
1740
1866
1815
1882
1859
1885
1923
1853
1827
1832
1811
1824
1733
1855
1803
1824
1860
1852
1880
1881
1939
1933
1992
2130
2089
2211
2232
2219
2255
2293
2337
2289
2378
2437
2454
2516
2508
2530
2469
2560
2517
2561
2454
2541
2512
2559
2531
2634
2603
2656
2632
2686
2630
2589
2699
2601
2648
2622
2777
2674
2695
2669
2695
2659
2602
2713
2657
2637
2737
2726
2681
2743
2596
2703
2625
2698
2742
2805
2606
2756
2676
2612
2701
2685
2673
2756
2703
2748
2777
2728
2688
2646
2718
2697
2721
2761
2774
2741
2770
2658
2597
2739
2732
2710
2776
2722
2737
2631
2746
2780
2769
2818
2850
2665
2739
2829
2710
2801
2731
2799
2725
2733
2742
2677
2722
2740
2723
2674
2801
2829
2795
2777
2681
2795
2804
2746
2760
2721
2751
2732
2735
2822
2722
2652
2660
2698
2721
2775
2715
2753
2796
2803
2761
2748
2759
2749
2750
2789
2803
2793
2705
2786
2752
2747
2836
2735
2811
2746
2755
2835
2741
2809
2759
2788
2716
2811
2782
2778
2784
2861
2694
2741
2684
2768
2745
2712
2741
2820
2797
2745
2699
2743
2847
2707
2719
2806
2767
2850
2756
2695
2803
2828
2773
2762
2800
2826
2768
2738
2783
2783
2744
2726
2701
2695
2782
2796
2768
2864
2818
2843
2746
2709
2779
2798
2793
2849
2796
2740
2739
2701
2784
2801
2772
2838
2822
2765
2751
2754
2758
2731
2732
2779
2741
2818
2702
2793
2720
2777
2863
2690
2756
2807
2808
2788
