4808
4736
4792
4821
4885
4738
4765
4871
4815
4891
4885
4891
4792
4785
4882
4730
4784
4758
4725
4755
4909
4840
4817
4879
4764
4735
4769
4814
4817
4782
4795
4735
4895
4694
4765
4726
4916
4846
4743
4725
4759
4803
4818
4793
4773
4843
4897
4845
4750
4796
4857
4783
4974
4718
4740
4696
4791
4760
4766
4836
4767
4704
4879
4718
4787
4849
4845
4801
4752
4783
4778
4794
4744
4709
4826
4871
4788
4725
4827
4830
4811
4836
4772
4797
4763
4928
4754
4925
4739
4749
4840
4888
4662
4747
4773
4730
4875
4671
4679
4976
4912
4743
4688
4890
4792
4833
4679
4766
4767
4717
4783
4719
4896
4774
4754
4870
4743
4736
4856
4812
4676
4801
4792
4771
4760
4756
4687
4840
4746
4724
4805
4762
4675
4715
4748
4631
4772
4725
4867
4778
4661
4827
4730
4763
4797
4792
4648
4711
4740
4823
4651
4725
4784
4756
4743
4786
4815
4816
4801
4605
4780
4637
4676
4699
4647
4712
4829
4675
4734
4692
4692
4781
4767
4783
4653
4799
4708
4678
4667
4723
4633
4664
4667
4693
4628
4799
4740
4616
4681
4596
4685
4604
4607
4604
4646
4612
4505
4617
4506
4586
4566
4520
4627
4441
4607
4528
4542
4513
4497
4430
4660
4350
4343
4413
4427
4368
4296
4343
4152
4260
4164
4224
4102
4093
4087
4018
3845
3826
3687
3526
3554
3488
3477
3275
3257
3182
3202
3276
3137
3140
3133
3106
3157
3166
3175
3308
3233
3324
3324
3332
3161
3243
3172
3095
3177
3202
3095
3199
3254
3227
3270
3227
3468
3483
3568
3668
3579
3740
3721
3814
3877
3930
4056
4158
4149
4213
4216
4269
4287
4324
4494
4392
4425
4344
4486
4412
4538
4541
4402
4500
4488
4500
4502
4656
4619
4585
4494
4583
4540
4541
4661
4572
4589
4746
4647
4660
4576
4664
4651
4749
4665
4685
4620
4742
4738
4666
4694
4767
4766
4682
4728
4763
4719
4742
4711
4767
4827
4757
4842
4646
4635
4812
4695
4712
4660
4803
4651
4750
4798
4819
4677
4677
4810
4715
4802
4801
4680
4814
4728
4861
4736
4680
4847
4819
4800
4852
4797
4679
4861
4812
4684
4847
4788
4793
4788
4568
4776
4848
4799
4795
4880
4744
4760
4855
4816
4780
4851
4833
4670
4823
4854
4847
4740
4721
4800
4780
4832
4750
4723
4793
4793
4842
4777
4740
4778
4851
4831
4814
4828
4863
4718
4766
4799
4837
4731
4743
4784
4758
4885
4887
4835
4876
4716
4846
4869
4711
4729
4783
4905
4819
4842
4813
4719
4891
4712
4784
4747
4696
4891
4889
4870
4766
4738
4889
4776
4793
4894
4769
4732
4702
4866
4736
4885
4802
4803
4799
4870
4698
4734
4735
4828
4618
4789
4827
4974
4844
4851
4959
4821
4741
4727
4789
4803
4843
4798
4809
4898
4725
4780
4799
4860
4829
4703
4827
4834
4744
4838
4891
4800
4757
4749
4912
4849
4764
4586
4792
4865
4786
4874
4745
4761
4827
4806
4735
4862
4765
4894
4785
4714
4836
4789
4663
4799
4867
4804
4774
4819
4767
4911
4693
4738
4710
4691
4857
4848
4793
4826
4751
4769
4829
4837
4714
4765
4823
4739
4781
4776
4840
4810
4848
4827
4824
4712
4805
4764
4740
4842
4743
4810
4846
4753
4810
4819
4836
4759
4850
4809
4829
4744
4822
4766
4917
4826
4733
4782
4862
4779
4866
4700
4832
4648
4728
4766
4886
4856
4917
4706
4888
4766
4803
4848
4721
4757
4737
4757
4838
4756
4728
4848
4893
4735
4705
4734
4822
4783
4770
4813
4862
4879
4749
4750
4657
4833
4843
4815
4809
4802
4700
4734
4930
4779
4733
4874
4710
4845
4722
4794
4831
4737
4770
4780
4854
4728
4848
4748
4762
4685
4785
4730
4833
4832
4763
4756
4744
4761
4784
4941
4619
4710
4673
4882
4850
4752
4725
4863
4669
4725
4912
4697
4771
4763
4775
4785
4839
4689
4894
4746
4823
4644
4741
4698
4908
4740
4823
4677
4748
4746
4693
4747
4767
4843
4742
4712
4809
4800
4770
4756
4726
4720
4712
4746
4771
4764
4709
4791
4717
4766
4856
4854
4762
4643
4797
4760
4668
4780
4793
4663
4697
4663
4663
4702
4654
4605
4832
4668
4704
4739
4678
4739
4733
4714
4620
4739
4642
4673
4699
4635
4690
4580
4677
4733
4696
4730
4605
4823
4610
4616
4593
4672
4689
4653
4633
4614
4659
4589
4524
4618
4678
4623
4575
4549
4536
4465
4338
4524
4497
4489
4421
4400
4422
4320
4295
4260
4303
4194
4330
4172
4075
4250
3987
4041
3880
3957
3721
3786
3578
3533
3525
3381
3366
3362
3132
3188
3196
3184
3091
3140
3200
3096
3059
3119
3174
3280
3179
3268
3301
3259
3148
3201
3122
3169
3001
3192
3103
3124
3147
3282
3212
3292
3371
3384
3405
3585
3601
3794
3793
3847
3929
3963
4047
3983
4170
4234
4276
4354
4309
4304
4308
4428
4321
4443
4388
4363
4446
4542
4376
4554
4523
4632
4562
4572
4574
4524
4720
4501
4728
4585
4763
4592
4677
4583
4543
4569
4598
4682
4596
4576
4665
4786
4634
4785
4626
4600
4621
4696
4720
4795
4603
4687
4625
4604
4631
4731
4683
4810
4681
4748
4810
4780
4655
4647
4727
4732
4681
4749
4807
4801
4730
4656
4568
4745
4730
4711
4780
4774
4699
4638
4777
4846
4804
4769
4853
4688
4773
4831
4788
4881
4822
4828
4738
4766
4793
4682
4785
4718
4697
4769
4880
4723
4796
4868
4675
4809
4745
4654
4812
4767
4748
4745
4788
4889
4696
4654
4640
4699
4658
4799
4750
4743
4848
4831
4729
4770
4836
4764
4742
4739
4811
4846
4679
4806
4773
4783
4839
4679
4863
4777
4810
4921
4756
4818
4820
4810
4727
4802
4834
4778
4725
4914
4780
4724
4742
4654
4844
4714
4698
4799
4820
4791
4711
4742
4714
4697
4754
4760
4710
4918
4778
4719
4856
4900
4723
4746
4853
4818
4725
4823
4798
4798
4852
4728
4722
4756
4725
4764
4816
4862
4963
4860
4752
4700
4802
4877
4816
4942
4716
4767
4762
4689
4732
4812
4791
4839
4786
4798
4792
4791
4772
4772
4754
4825
4808
4827
4740
4867
4722
4758
4771
4694
4780
4830
4760
4855
