22516
22415
22721
22439
22490
22610
22452
22824
22563
22624
22582
22719
22556
22577
22803
22597
22480
22618
22413
22610
22676
22765
22816
22799
22388
22340
22555
22735
22986
22591
22570
22301
22889
22609
22634
22516
22823
22599
22423
22410
22606
22625
22520
22527
22461
22341
22632
22552
22621
22781
22688
22615
22795
22430
22317
22243
22529
22610
22591
22698
22697
22359
22774
22538
22560
22589
22715
22522
22453
22554
22569
22650
22633
22409
22680
22573
22592
22418
22647
22618
22406
22378
22640
22382
22591
22675
22556
22681
22350
22393
22758
22885
22450
22717
22505
22384
22620
22541
22424
23039
22461
22210
22268
22633
22520
22598
22724
22384
22394
22512
22538
22599
22738
22443
22644
22435
22597
22619
22381
22673
22574
22474
22594
22565
22488
22354
22373
22379
22438
22335
22406
22449
22292
22476
22411
22324
22511
22442
22472
22164
22061
22515
22563
22490
22534
22510
22320
22421
22450
22381
22199
22377
22431
22530
22237
22521
22534
22297
22161
22107
22388
22167
22184
22195
22090
22206
22389
22024
22023
21984
22350
22135
22371
22501
22201
22178
22036
22066
21965
22056
22095
22015
21831
21942
21637
22153
22036
21861
21935
21827
22011
21872
21718
21688
21863
21837
21508
21564
21432
21488
21674
21565
21682
21230
21332
21439
21256
21224
20901
20982
21313
20659
20717
20847
20763
20490
20316
20468
19958
20018
19529
19672
19089
18714
18971
18481
18238
17838
17265
17173
16748
16347
16134
15777
15507
15334
15113
15130
14753
14667
14700
14868
14788
14941
15105
15425
15260
15403
15402
15293
15206
15124
14982
14781
14755
14654
14862
14895
15143
15216
15348
15379
16051
16239
16717
16852
16993
17729
17796
18378
18380
18762
19043
19235
19499
19615
19996
20067
20328
20422
20546
20511
20612
20701
20956
20837
21161
21006
21043
21368
21460
21090
21354
21432
21700
21432
21456
21522
21659
21650
21961
21733
21529
21890
21798
21881
21991
22060
22131
21972
21727
21906
21839
21884
22358
21976
22074
22228
22454
21976
22218
22119
22246
22124
22240
22316
22146
22371
22141
22076
22153
22344
22065
22364
22168
22253
22249
22146
22232
22434
22330
22267
22535
22282
22595
22489
22303
22479
22393
22513
22301
22236
22388
22385
22392
22531
22486
22357
22478
22474
22323
22494
22582
22416
22674
22163
22361
22678
22506
22661
22742
22354
22381
22546
22564
22512
22875
22511
22398
22463
22386
22664
22557
22267
22671
22657
22721
22629
22736
22571
22814
22800
22616
22609
22383
22629
22731
22534
22323
22670
22518
22706
22307
22911
22586
22536
22801
22821
22704
22514
22630
22657
22388
22581
22893
22417
22595
22875
22753
22800
22451
22438
22416
22599
22533
22737
22290
22379
22748
22702
22734
22606
22572
22940
22659
22805
22835
22769
22431
22393
22627
22396
22866
22603
22534
22522
22534
22609
22615
22502
22526
22266
22495
22828
22852
22697
22544
22802
22490
22684
22606
22580
22500
22611
22685
22673
22444
22677
22575
22547
22497
22761
22447
22623
22526
22550
22864
22670
22678
22437
22530
22977
22543
22801
22230
22614
22593
22667
22664
22662
22292
22580
22742
22634
22527
22793
22812
22641
22413
22615
22732
22409
22468
22513
22715
22645
22771
22778
22515
22501
22630
22474
22685
22844
22764
22440
22655
22509
22449
22719
22537
22652
22511
22571
22580
22477
22360
22575
22706
22462
22748
22773
22671
22532
22450
22530
22534
22556
22435
22414
22688
22633
22374
22718
22502
22732
22517
22656
22809
22647
22396
22842
22743
22573
22815
22617
22517
22817
22646
22736
22459
22285
22478
22793
22735
22919
22478
22810
22441
22531
22493
22335
22608
22438
22332
22691
22602
22676
22542
22492
22355
22464
22554
22561
22625
22662
22476
22573
22495
22479
22464
22373
22554
22469
22679
22736
22407
22507
22637
22571
22294
22552
22646
22686
22702
22514
22502
22492
22502
22537
22398
22643
22702
22682
22531
22484
22257
22478
22514
22559
22479
22414
22625
22596
22507
22315
22485
22261
22362
22321
22562
22624
22578
22598
22417
22090
22250
22605
22203
22573
22451
22450
22519
22507
22142
22536
22195
22480
22361
22385
22306
22550
22474
22504
22207
22429
22475
22293
22646
22360
22529
22475
22599
22704
22548
22294
22247
22363
22255
22364
22213
22338
22612
22340
22386
22153
22389
22309
22646
22345
22042
22257
22341
22026
22204
22399
22058
22143
22052
22228
22169
22102
22120
22458
22063
21917
22081
22044
22036
22093
22003
22124
22071
21924
22175
22105
21956
21951
21859
22002
22101
21747
21998
21897
21921
21762
21737
21748
21670
21964
21799
21590
21523
21583
21704
21464
21400
21501
21429
21414
21523
21233
21110
21007
21383
21261
20888
20728
20909
20698
20415
20613
20294
20362
19953
19997
19798
19736
19390
18859
18948
18419
18546
17745
17629
17181
16887
16530
16350
15846
15797
15270
15233
15146
14862
14763
14447
14970
14517
14754
14841
15187
15306
15036
15234
15451
15158
15203
15116
14741
14745
14368
14666
14774
14719
14903
15102
15316
15655
15769
16254
16366
16687
17189
17303
17923
18263
18616
18627
18983
19218
19398
19744
20041
20126
20232
20374
20391
20609
20551
20812
20705
20490
20810
20937
21180
21506
21166
21493
21299
21381
21291
21547
21712
21582
21751
21598
21957
21639
21808
21825
21559
21818
21781
21986
21799
22051
21839
21959
21731
21868
21888
21852
21912
22126
22068
22246
22150
22023
22319
22096
21862
22540
22311
22057
22286
22060
22094
22235
22228
22230
22295
22242
22161
22056
22373
22254
22065
22200
22176
22301
22511
22412
22440
22315
22427
22098
22304
22550
22512
22101
22635
22167
22682
22390
22358
22548
22443
22552
22444
22232
22351
22327
22539
22349
22240
22562
22543
22424
22554
22533
22202
22358
22425
22032
22664
22619
22518
22547
22538
22473
22365
22369
22428
22198
22497
22787
22515
22345
22535
22524
22602
22489
22627
22573
22534
22643
22781
22575
22393
22473
22290
22636
22629
22427
22716
22389
22640
22467
22246
22552
22354
22353
22538
22458
22689
22271
22472
22648
22310
22487
22428
22724
22384
22404
22404
22390
22616
22447
22310
22462
22476
22650
22686
22580
22536
22652
22690
22681
22797
22671
22361
22240
22623
22625
22414
22814
22729
22788
22636
22410
22696
22488
22620
22503
22658
22400
22751
22662
22618
22401
22576
22625
22673
22619
22659
22535
22767
22538
22486
22643
22694
22534
22619
22805
22431
22648
22418
22554
22670
22698
22570
22769
22454
22705
22404
22416
22564
22395
22619
22680
22414
22687
