9101
9043
9091
9070
9203
8997
9052
9213
9078
9186
9138
9208
9064
9167
9305
9028
9062
9044
9036
9095
9197
9089
9217
9236
8958
9029
9107
9221
9207
9113
9096
9027
9347
9051
9038
9034
9245
9228
9068
8959
9058
9185
9163
8975
9093
9025
9116
9161
9123
8950
9286
9100
9315
9030
8959
8969
9151
9127
9039
9129
9031
8935
9249
8993
9106
9097
9097
9025
9039
9040
9012
9135
9156
8950
9086
9160
9079
8928
9143
9161
9099
9152
9103
9029
9025
9106
9061
9200
9077
9063
9118
9140
9058
8976
9135
8997
9115
9011
9001
9303
9189
9142
8895
9108
9158
9079
9016
8977
9051
8994
9074
9108
9183
9074
9056
9128
9063
9007
9113
9268
8966
9068
9126
9140
9088
9085
8941
9124
9043
9008
9096
9084
8914
9021
9046
8880
9060
9040
9109
8914
8853
9076
9066
9123
8991
9104
8877
8902
9096
9093
8840
9029
9040
9128
8944
9121
9038
9092
9082
8824
9049
8956
9025
8869
8832
8891
9093
8935
9034
8776
9019
8926
8952
9091
9019
8932
8939
8882
8916
8836
8828
8795
8908
8852
8720
9051
8985
8858
8891
8739
8798
8763
8650
8741
8774
8728
8692
8703
8646
8687
8692
8604
8742
8534
8598
8630
8547
8491
8442
8416
8780
8336
8227
8435
8278
8293
8166
8253
7864
8069
7961
7905
7742
7575
7634
7561
7327
7106
6943
6766
6805
6597
6569
6302
6186
6066
6079
6103
5822
5988
5932
5924
5988
5937
6064
6235
6164
6257
6315
6175
6087
6148
5946
5990
5921
5971
5913
5955
6175
6153
6121
6278
6489
6572
6775
6832
6792
7194
7134
7384
7350
7505
7639
7840
7845
7810
8069
8110
8176
8110
8276
8285
8272
8340
8455
8369
8588
8418
8427
8596
8616
8497
8595
8670
8747
8648
8577
8697
8730
8789
8901
8714
8791
8945
8837
8799
8805
8812
8870
8792
8902
8881
8761
8932
8949
8792
8921
8931
9049
8851
8933
9021
8927
8963
9076
8986
8972
8980
9083
8785
8913
9017
8850
9031
8826
9104
8867
8981
9048
9056
8876
8971
9156
8929
9093
9076
8930
9027
9029
9107
9013
8877
9044
9135
9049
9084
9050
8947
9134
9075
8904
9080
9102
9059
9181
8795
9105
9121
9038
9135
9154
9029
9017
9120
9081
9107
9264
9079
9008
9069
9048
9235
9061
9076
9163
9044
9304
9144
9001
9017
9146
9231
9060
9066
9117
9243
9163
9145
9021
9184
9023
8982
9019
9161
9099
8989
9170
9160
9226
9207
9128
9226
9031
9252
9140
8992
9036
9172
9274
9092
8952
8940
8959
9225
9013
9173
9003
8987
9201
9212
9157
9112
9018
9252
9112
9160
9240
9069
9014
8931
9226
8997
9268
9132
9112
9150
9192
9016
9055
9022
9117
8919
8980
9262
9306
9197
9128
9237
9039
9134
9064
9099
9003
9130
9148
9070
9159
8997
9063
9023
9096
9143
9014
9167
9118
9040
9150
9151
9165
9081
9001
9208
9180
9094
8867
9160
9086
9155
9240
8955
9036
9100
9249
9092
9107
9094
9298
9046
8941
9075
9268
8988
8989
9095
9166
9188
9176
9163
9060
9033
9059
8896
9049
9314
9280
8885
9177
8964
9023
9027
9106
9023
9133
9177
9050
9112
9055
9159
9118
9094
9252
9144
9000
9191
9026
9067
9141
9132
9201
9114
9125
9161
9153
9247
8960
9100
9065
9237
9143
9184
9001
9279
9149
9120
9226
9104
9056
9250
8958
9138
8916
8944
8979
9201
9154
9205
9032
9223
9027
9076
9084
9000
9103
9036
8975
9096
9056
9100
9109
9176
8936
9056
8994
9029
9131
9068
9062
9107
9170
9094
8940
8990
9084
9132
9138
9132
9100
8994
9044
9227
8896
9093
9233
9068
9173
9016
8976
9053
9024
9033
9014
9146
9144
9206
9073
9210
8981
9081
9030
9055
9123
9061
9105
9034
9037
8981
9137
8842
9026
8980
9278
9152
9136
9019
9101
8753
8935
9187
8995
9133
9018
9093
9091
9127
8938
9082
8988
9080
8905
9026
9059
9164
8984
9120
9010
9158
8962
8965
9162
8996
9199
8959
9066
9140
9029
9075
9076
8985
8955
8977
8945
9044
8964
9014
9009
8918
9033
8985
9165
9092
8827
9030
8952
8759
9079
9117
8871
8909
8789
8863
8942
8826
8855
8976
8928
8924
8913
8899
8910
8961
8825
8905
9015
8717
8996
8795
8789
8927
8828
8863
8977
8849
8951
8608
8954
8786
8719
8724
8706
8850
8795
8664
8794
8798
8746
8730
8659
8594
8717
8646
8693
8623
8419
8305
8563
8627
8519
8376
8402
8332
8253
8200
8187
8120
7955
8065
8021
7872
7932
7537
7716
7353
7520
7142
7125
6811
6830
6647
6499
6384
6406
6071
6060
6128
6018
5964
5837
6124
5884
5851
6015
6066
6223
5975
6123
6292
6117
6101
6055
5966
5985
5756
5933
5891
5911
6014
6092
6178
6264
6377
6558
6589
6779
6912
7059
7217
7266
7461
7601
7598
7666
7810
7958
8142
8195
8157
8259
8263
8253
8133
8418
8247
8280
8381
8494
8459
8706
8605
8664
8570
8689
8599
8496
8770
8666
8800
8681
8917
8812
8944
8815
8671
8710
8655
8994
8776
8736
8872
9039
8700
8836
8827
8799
8831
8918
8884
9016
8833
8840
8865
8719
8760
8983
9007
9029
8972
8997
9003
9003
8860
8909
9061
8961
8840
8942
9096
9009
8931
8880
8790
8965
9059
8959
9142
8937
9008
8811
9041
9121
9121
8994
9217
8964
9044
9111
9017
9159
9179
9177
9123
9086
9079
8954
9072
8931
8984
9200
9149
8973
9062
9154
8894
9010
8902
8882
9005
9184
9065
9142
9056
9117
8952
8972
8990
8981
9017
9087
8960
9039
9038
9191
9085
9129
9204
9137
9076
9075
9103
9101
8929
9143
9077
9099
9123
9024
9232
8935
9180
9177
8948
8989
9055
9018
9060
9053
9278
8942
9049
9265
8938
8934
8950
9025
8965
9003
8976
9176
9099
8966
9068
9043
9004
9031
9142
8977
9078
9149
9249
9092
9212
9238
8937
9002
9078
9058
8985
9265
9111
9194
9064
8870
9056
8988
9124
9110
9030
9067
9346
9186
9103
9066
9129
9102
9302
9114
9172
9009
9208
9033
9110
9074
9125
9114
9074
9141
9007
9163
9039
9073
9154
9104
9050
9195
9082
9229
9007
9029
9124
9016
9006
9140
9025
9258
