341
344
316
338
368
306
323
320
310
329
315
324
323
304
325
306
340
342
286
308
338
324
346
340
345
327
324
302
311
308
318
314
328
303
337
353
314
329
322
351
294
315
339
343
319
309
348
337
314
337
324
330
361
305
326
305
322
312
330
324
332
318
339
292
291
324
378
323
317
315
302
322
314
351
324
327
308
285
308
315
326
297
303
368
313
326
330
327
369
323
330
330
302
318
336
324
343
312
328
328
327
369
323
327
346
342
354
351
307
312
332
308
308
343
315
318
282
309
348
346
309
350
336
302
300
353
321
319
291
315
333
314
336
315
318
299
330
322
350
332
312
336
346
332
350
332
301
326
346
294
304
299
320
305
337
347
326
322
308
291
328
313
318
326
299
326
303
319
301
326
311
331
342
327
331
324
316
313
311
333
311
311
313
301
323
332
326
319
317
308
323
347
294
332
308
308
293
334
305
300
314
336
349
300
329
336
293
298
348
285
305
277
289
300
280
294
290
288
289
269
248
291
260
249
278
294
262
269
255
215
241
233
253
240
260
223
233
219
196
226
201
250
209
211
200
227
212
223
218
221
247
216
208
207
207
217
197
235
216
205
228
223
250
235
270
264
254
270
226
275
234
268
281
260
284
307
286
257
300
274
267
273
306
301
278
317
309
302
277
303
304
296
309
321
307
322
289
327
306
296
300
312
306
315
333
318
320
316
312
304
328
319
318
329
348
299
298
298
318
318
310
326
298
312
327
338
332
319
331
301
341
325
305
324
321
318
316
323
355
320
313
327
337
338
332
360
291
285
302
317
335
323
339
308
318
362
326
314
322
312
293
372
335
331
312
311
337
314
296
321
330
337
309
324
353
310
337
325
306
326
337
344
309
299
332
313
307
308
316
294
314
312
311
301
310
327
304
337
354
340
272
330
299
350
321
308
289
328
333
339
315
296
353
325
328
304
329
335
349
319
352
343
315
318
313
324
319
309
340
343
360
305
312
342
345
332
345
316
340
305
314
292
350
317
317
336
338
286
318
302
325
309
326
309
330
323
329
345
306
338
330
348
309
317
305
293
348
344
322
326
318
340
307
336
309
314
346
366
320
287
339
302
335
312
296
331
327
316
313
322
321
332
313
324
341
323
337
291
318
355
325
342
329
361
315
329
329
334
360
295
310
301
316
347
346
321
289
326
341
314
313
353
329
337
299
312
295
326
284
313
328
299
294
349
336
327
324
308
303
356
328
321
301
325
283
308
315
306
321
316
318
346
331
320
334
345
346
313
317
311
316
313
315
336
334
324
329
349
313
321
357
345
315
318
310
306
335
335
354
328
324
308
354
347
311
340
341
323
363
318
307
326
321
321
340
342
336
329
319
362
341
304
341
323
340
359
329
328
286
314
326
302
283
308
329
302
321
322
300
313
329
342
311
309
300
316
351
314
308
337
291
319
310
324
328
336
294
328
328
311
338
321
326
301
331
333
306
310
341
340
308
321
327
332
310
353
324
315
332
332
321
345
330
342
347
323
322
313
313
317
347
310
344
320
325
329
327
346
304
332
303
335
299
307
334
319
316
319
307
299
321
316
292
339
299
298
315
296
304
328
339
310
319
341
317
311
320
345
304
292
332
277
311
298
293
340
305
317
312
318
320
319
303
329
307
307
299
312
324
285
294
305
279
301
279
326
311
261
283
304
302
293
293
260
284
291
273
265
286
268
266
274
274
266
258
249
243
226
220
240
258
218
210
246
219
194
201
238
230
222
225
214
236
229
229
213
219
225
216
220
214
204
218
201
196
232
200
220
212
247
192
264
243
248
260
247
247
248
272
275
250
291
301
307
290
286
291
267
299
292
305
270
317
293
321
314
292
295
307
297
306
326
321
317
318
332
296
329
291
309
312
322
316
334
306
300
303
304
303
301
347
331
337
325
339
342
318
339
329
331
304
317
308
314
315
300
315
354
315
319
314
345
318
340
328
350
317
352
319
303
298
284
317
313
302
287
295
302
323
341
336
336
304
321
316
311
324
319
313
328
329
324
301
325
298
317
282
355
354
326
329
318
311
303
312
316
309
329
313
334
332
292
317
326
302
313
308
312
336
345
318
338
309
334
327
310
327
344
339
335
316
339
318
337
341
305
292
300
308
283
338
313
340
330
320
348
321
350
313
289
320
300
323
289
293
343
337
312
306
324
337
329
330
339
345
317
329
317
307
298
329
341
321
339
311
317
303
355
310
320
313
303
307
335
334
322
315
310
319
309
306
344
323
347
333
344
298
323
294
317
314
303
327
346
344
313
326
331
308
313
311
296
340
314
342
315
338
316
331
318
319
333
338
