9953
9893
9939
9936
10044
9889
9894
10055
9942
10043
9969
10061
9943
10031
10205
9906
9902
9918
9878
9970
10043
9979
10067
10119
9836
9878
10002
10058
10068
9997
9953
9858
10145
9876
9947
9879
10087
10051
9909
9796
9924
9989
10030
9836
9927
9926
9992
10045
10038
9815
10180
9957
10207
9891
9808
9844
10044
10005
9852
9964
9932
9764
10122
9844
9980
9961
9939
9839
9896
9873
9876
9949
10051
9789
9968
10001
9945
9806
9994
9983
9970
9966
9963
9885
9893
9975
9905
10052
9945
9898
9985
9940
9863
9885
9977
9892
9989
9844
9850
10139
10026
10013
9757
9970
10060
9932
9893
9841
9947
9855
9948
9930
10090
9899
9912
9946
9894
9849
9972
10162
9813
9940
9987
10003
9966
9923
9774
10012
9874
9871
9912
9947
9782
9880
9890
9725
9915
9877
9974
9784
9703
9922
9941
9948
9818
9911
9771
9771
9909
9939
9682
9854
9948
9968
9784
9921
9983
9953
9930
9712
9887
9767
9858
9654
9691
9687
9956
9771
9867
9633
9867
9802
9775
9900
9857
9734
9799
9661
9734
9657
9697
9638
9746
9692
9581
9893
9819
9691
9695
9565
9630
9552
9456
9597
9610
9609
9508
9546
9423
9500
9513
9414
9597
9375
9399
9450
9371
9334
9174
9156
9554
9083
9049
9184
9059
9103
8959
9070
8612
8808
8665
8640
8448
8303
8331
8250
8062
7821
7587
7453
7396
7195
7190
6883
6796
6659
6652
6653
6390
6543
6488
6574
6594
6516
6624
6797
6751
6844
6894
6746
6660
6708
6493
6538
6484
6504
6475
6509
6745
6707
6703
6880
7102
7183
7357
7469
7476
7868
7856
8102
8036
8214
8362
8557
8576
8542
8813
8909
8930
8872
9077
9070
8999
9133
9263
9127
9373
9217
9201
9357
9426
9302
9391
9446
9582
9460
9429
9490
9595
9646
9705
9492
9578
9775
9665
9588
9639
9672
9723
9609
9671
9711
9548
9763
9783
9679
9716
9728
9874
9705
9768
9841
9807
9805
9905
9821
9801
9819
9885
9630
9722
9851
9680
9932
9713
9999
9749
9826
9934
9903
9746
9833
10034
9776
10003
9910
9776
9890
9869
9958
9859
9724
9915
9989
9855
9899
9864
9803
9940
9928
9772
9919
9967
9883
10082
9632
9961
10002
9919
10001
10001
9908
9892
9984
9949
9934
10171
9953
9829
9958
9898
10105
9936
9929
10021
9915
10113
9994
9897
9886
9981
10066
9982
9914
9959
10100
10071
10001
9868
10053
9871
9898
9896
10032
9935
9837
10055
10115
10074
10056
10006
10078
9861
10071
10052
9855
9893
10064
10127
9952
9802
9840
9791
10088
9880
10064
9876
9788
10021
10053
10068
9955
9825
10108
9982
10043
10121
9930
9881
9818
10094
9825
10111
9974
9956
10026
10084
9828
9883
9897
9964
9767
9900
10152
10175
10063
9959
10143
9883
10005
9931
9967
9874
10003
10036
9923
10071
9875
9962
9900
9936
10018
9842
10035
9946
9883
10053
10000
10029
9900
9833
10066
10040
10006
9696
10033
9941
9982
10079
9795
9910
9988
10124
9977
9950
9930
10136
9932
9790
9911
10080
9854
9865
9958
10046
10011
10079
10077
9915
9887
9927
9787
9903
10167
10155
9754
10002
9840
9908
9918
9961
9873
9985
10041
9918
9939
9876
10023
9930
9933
10128
9987
9865
10076
9922
9916
9990
10024
10064
9983
9976
9984
10042
10106
9859
9934
9939
10133
10048
10046
9845
10144
10014
9991
10109
9992
9932
10147
9839
10054
9730
9793
9844
10045
10014
10068
9844
10068
9928
9971
9979
9818
9927
9908
9854
9951
9949
9935
9930
10025
9769
9916
9805
9899
9983
9994
9931
9975
10010
9952
9855
9821
10020
10011
9976
10008
9937
9857
9988
10101
9791
9962
10086
9928
10015
9828
9853
9896
9849
9904
9823
9999
10019
10097
9937
10076
9865
9933
9897
9887
10005
9933
9922
9846
9868
9815
9990
9692
9888
9832
10143
10014
10039
9889
9981
9668
9816
10039
9832
10018
9900
9917
9915
9974
9762
9962
9822
9913
9768
9870
9952
10077
9824
9996
9876
9994
9810
9815
10011
9854
10060
9802
9942
9994
9848
9878
9905
9860
9736
9867
9783
9886
9809
9770
9855
9804
9858
9836
10034
9922
9661
9850
9837
9557
9882
9997
9747
9742
9608
9693
9792
9710
9691
9870
9752
9807
9770
9794
9736
9822
9638
9738
9866
9554
9810
9625
9613
9792
9618
9711
9763
9697
9806
9394
9740
9632
9554
9626
9515
9716
9628
9457
9608
9605
9617
9563
9472
9416
9519
9448
9446
9427
9235
9105
9331
9457
9305
9146
9192
9131
9050
8963
8977
8938
8721
8804
8777
8606
8685
8241
8467
8066
8190
7862
7767
7506
7448
7233
7144
6982
7020
6643
6618
6710
6598
6536
6378
6674
6429
6407
6583
6647
6804
6531
6717
6890
6665
6702
6635
6520
6495
6291
6519
6471
6508
6591
6689
6790
6850
7009
7218
7192
7456
7571
7702
7942
7948
8165
8328
8329
8462
8580
8680
8889
8979
8888
9040
9040
9065
8884
9273
9061
9058
9166
9322
9258
9554
9382
9430
9337
9522
9388
9306
9617
9531
9614
9510
9725
9626
9767
9600
9496
9559
9482
9811
9623
9616
9719
9930
9567
9647
9659
9608
9671
9720
9761
9844
9644
9644
9743
9552
9605
9810
9845
9847
9835
9839
9835
9878
9711
9748
9914
9829
9660
9742
9882
9876
9778
9692
9624
9791
9918
9839
9976
9771
9909
9658
9901
10009
9957
9815
10055
9797
9892
9903
9879
9996
9981
10058
10040
9902
9911
9776
9885
9759
9821
10065
10034
9808
9922
10049
9728
9889
9742
9703
9904
10050
9931
10000
9889
9934
9812
9843
9832
9793
9860
9983
9875
9863
9851
10049
9949
10006
10073
9965
9929
9919
9978
9906
9754
9967
9920
9950
9999
9892
10104
9806
10117
10067
9780
9857
9922
9813
9895
9931
10121
9772
9937
10176
9772
9791
9755
9889
9883
9861
9828
9990
9979
9841
9918
9890
9854
9888
9988
9858
9940
10017
10062
10024
10071
10133
9822
9807
9966
9934
9847
10124
9957
10094
9910
9743
9916
9863
9962
9979
9952
9923
10187
10033
9988
9929
9993
10008
10113
9974
10029
9905
10026
9912
9972
9909
9934
9938
9908
10023
9813
10051
9919
9920
10032
9987
9927
10067
9935
10061
9852
9872
9962
9882
9785
10022
9902
10111
