7673
7608
7647
7654
7785
7538
7656
7750
7643
7775
7759
7736
7661
7685
7802
7597
7683
7574
7594
7711
7795
7681
7750
7763
7568
7649
7624
7772
7724
7679
7652
7598
7796
7556
7610
7570
7778
7785
7631
7601
7603
7692
7730
7613
7646
7607
7684
7735
7677
7528
7778
7696
7825
7531
7560
7507
7718
7659
7653
7650
7609
7570
7822
7587
7643
7700
7675
7585
7598
7658
7557
7665
7688
7503
7688
7760
7658
7531
7709
7690
7657
7676
7659
7635
7640
7677
7638
7735
7593
7628
7716
7735
7646
7547
7684
7586
7736
7594
7545
7853
7736
7660
7490
7699
7771
7636
7511
7573
7602
7529
7676
7630
7819
7614
7666
7715
7632
7597
7671
7825
7543
7634
7671
7738
7595
7642
7582
7709
7666
7620
7690
7599
7574
7624
7624
7484
7657
7592
7692
7528
7457
7689
7633
7698
7580
7672
7448
7493
7610
7659
7439
7570
7644
7699
7518
7633
7649
7625
7697
7422
7656
7480
7574
7476
7420
7522
7684
7556
7599
7430
7591
7549
7593
7658
7604
7596
7551
7441
7504
7474
7415
7426
7543
7496
7356
7664
7575
7452
7463
7346
7384
7408
7308
7410
7387
7297
7301
7356
7270
7289
7309
7256
7324
7178
7264
7223
7223
7185
7116
7074
7342
6969
6951
7153
6996
6978
6871
6997
6643
6829
6717
6685
6535
6416
6467
6343
6165
6039
5855
5718
5676
5544
5538
5265
5212
5132
5110
5197
4934
5047
4982
5021
5003
4981
5108
5289
5184
5265
5286
5216
5126
5198
4986
5052
5006
5050
4988
5040
5164
5134
5152
5273
5512
5498
5663
5770
5687
6020
5958
6184
6171
6352
6474
6612
6608
6558
6769
6838
6867
6885
6944
7028
6957
7018
7121
7110
7246
7125
7101
7234
7264
7212
7290
7348
7389
7307
7194
7307
7318
7396
7511
7340
7372
7535
7500
7422
7382
7423
7469
7392
7497
7469
7390
7567
7527
7391
7515
7531
7645
7453
7543
7643
7557
7588
7581
7600
7569
7594
7676
7392
7505
7632
7498
7609
7428
7652
7418
7481
7640
7696
7439
7609
7683
7522
7634
7614
7559
7661
7594
7695
7577
7480
7656
7652
7621
7703
7639
7526
7729
7712
7541
7631
7663
7631
7718
7380
7707
7697
7624
7713
7777
7592
7619
7702
7677
7639
7668
7655
7592
7676
7611
7769
7631
7598
7747
7596
7878
7741
7574
7588
7738
7799
7692
7609
7669
7815
7600
7666
7610
7706
7547
7537
7599
7709
7656
7577
7672
7733
7776
7802
7693
7817
7628
7767
7679
7574
7603
7757
7844
7695
7567
7556
7525
7773
7563
7712
7592
7545
7714
7714
7759
7652
7595
7810
7688
7688
7804
7600
7586
7548
7705
7633
7763
7646
7720
7664
7753
7597
7614
7547
7714
7469
7599
7771
7820
7718
7716
7799
7678
7681
7642
7707
7571
7665
7671
7615
7750
7591
7606
7586
7622
7657
7549
7696
7709
7613
7714
7771
7698
7657
7526
7801
7729
7646
7435
7651
7627
7758
7756
7521
7590
7645
7757
7604
7698
7693
7848
7607
7546
7621
7773
7548
7555
7653
7762
7760
7719
7665
7674
7547
7639
7504
7650
7834
7762
7523
7754
7558
7595
7633
7693
7576
7610
7721
7619
7670
7691
7721
7708
7668
7797
7754
7534
7724
7651
7630
7683
7705
7745
7732
7679
7744
7650
7764
7529
7684
7621
7753
7695
7734
7627
7844
7691
7655
7737
7695
7616
7745
7478
7704
7467
7508
7547
7704
7724
7724
7647
7726
7578
7659
7675
7564
7643
7591
7539
7647
7593
7610
7726
7764
7587
7595
7571
7572
7713
7632
7647
7680
7693
7687
7548
7548
7640
7753
7751
7696
7685
7541
7567
7783
7486
7637
7806
7611
7715
7573
7550
7683
7600
7627
7616
7806
7685
7753
7630
7670
7502
7669
7609
7650
7695
7622
7681
7575
7601
7639
7766
7472
7618
7535
7794
7713
7660
7554
7687
7431
7545
7720
7534
7614
7544
7643
7687
7717
7525
7616
7548
7662
7511
7615
7577
7735
7513
7664
7573
7674
7541
7509
7678
7520
7751
7525
7648
7777
7572
7715
7715
7568
7534
7534
7535
7630
7595
7519
7584
7514
7632
7577
7720
7608
7445
7609
7585
7434
7698
7662
7466
7504
7422
7469
7482
7446
7419
7636
7493
7479
7548
7490
7471
7543
7471
7431
7618
7305
7546
7438
7413
7488
7411
7461
7530
7413
7508
7227
7569
7387
7349
7373
7368
7465
7414
7288
7452
7394
7383
7331
7282
7272
7370
7277
7282
7304
7120
6979
7242
7242
7204
7026
7074
7057
6884
6870
6877
6817
6738
6887
6718
6623
6711
6358
6490
6213
6345
6032
6040
5728
5723
5604
5431
5369
5392
5085
5103
5156
5108
5000
4939
5143
4970
4928
5073
5111
5288
5050
5188
5263
5152
5120
5114
5023
5036
4875
5044
4922
4956
5086
5169
5239
5274
5392
5484
5591
5721
5851
5927
6011
6127
6310
6432
6405
6451
6602
6777
6838
6886
6839
6931
6932
6968
6862
7130
6941
7002
7062
7192
7064
7341
7246
7378
7280
7314
7256
7201
7433
7300
7475
7344
7427
7444
7505
7380
7295
7374
7327
7540
7355
7353
7421
7627
7316
7486
7439
7431
7423
7475
7478
7630
7383
7379
7450
7313
7426
7565
7562
7661
7537
7543
7575
7562
7440
7513
7642
7551
7445
7535
7656
7627
7527
7517
7345
7569
7616
7550
7684
7553
7548
7457
7638
7733
7607
7570
7742
7551
7634
7691
7616
7740
7722
7746
7657
7671
7681
7536
7674
7498
7516
7642
7721
7578
7649
7720
7511
7616
7507
7476
7644
7725
7624
7698
7643
7731
7491
7529
7549
7555
7498
7668
7548
7597
7635
7721
7640
7723
7738
7658
7653
7616
7682
7672
7498
7697
7666
7649
7698
7586
7770
7541
7709
7754
7548
7589
7680
7625
7607
7644
7807
7526
7635
7802
7552
7543
7526
7546
7592
7572
7556
7739
7683
7613
7611
7591
7565
7609
7673
7616
7617
7731
7839
7662
7757
7839
7502
7614
7711
7675
7583
7752
7695
7757
7726
7512
7667
7567
7616
7640
7693
7643
7872
7755
7682
7641
7640
7716
7753
7727
7657
7615
7705
7605
7671
7649
7650
7688
7644
7668
7619
7691
7590
7631
7683
7613
7650
7753
7652
7716
7552
7583
7666
7587
7586
7691
7587
7786
