14192
14077
14241
14220
14232
14250
14170
14364
14221
14307
14254
14475
14265
14277
14505
14313
14203
14243
14263
14287
14337
14343
14371
14444
14122
14092
14267
14440
14459
14282
14336
14071
14454
14224
14281
14192
14395
14341
14251
14107
14265
14308
14295
14188
14390
14166
14340
14387
14336
14293
14351
14195
14468
14247
14071
14092
14320
14229
14285
14306
14376
14066
14423
14192
14354
14285
14301
14164
14171
14172
14177
14281
14390
14172
14249
14274
14281
14113
14323
14323
14152
14230
14220
14096
14171
14359
14212
14304
14243
14179
14319
14371
14202
14257
14206
14197
14393
14198
14203
14607
14268
14130
13940
14324
14340
14225
14283
14179
14243
14190
14309
14272
14446
14283
14263
14259
14209
14105
14226
14417
14191
14216
14343
14244
14283
14141
14019
14311
14093
14184
14217
14159
14087
14107
14159
13973
14229
14149
14220
14064
14009
14202
14313
14334
14183
14295
14038
14018
14190
14199
13951
14079
14241
14305
14048
14264
14232
14182
14187
13919
14157
14012
13983
13919
13950
13994
14191
13900
14090
13796
14104
13980
14211
14300
14023
13945
13982
13949
13877
13912
13900
13782
13910
13858
13633
14046
14107
13872
13902
13810
13774
13793
13656
13715
13769
13860
13666
13694
13503
13508
13686
13582
13732
13516
13482
13564
13413
13447
13180
13196
13564
13046
13078
13221
13128
12990
12863
13069
12520
12637
12314
12357
12067
11940
12115
11789
11578
11370
10782
10709
10595
10309
10269
9960
9723
9650
9631
9615
9240
9241
9264
9320
9406
9379
9598
9742
9685
9726
9841
9665
9550
9588
9412
9368
9296
9371
9260
9348
9633
9570
9643
9817
10046
10289
10647
10733
10778
11162
11235
11631
11549
11837
12097
12214
12343
12336
12621
12726
12817
12732
12900
12975
12975
13067
13211
13165
13397
13207
13116
13470
13445
13316
13500
13575
13673
13601
13540
13632
13673
13725
13879
13687
13625
13965
13848
13759
13817
13829
14027
13796
13798
13891
13622
13916
14095
13888
14091
14109
14044
14033
14064
14045
14051
14075
14057
14007
14012
14119
14072
13956
13872
14133
13865
14138
14042
14168
14007
13953
14099
14162
13989
14206
14349
14026
14203
14218
13995
14274
14124
14246
14124
13989
14121
14201
14126
14258
14133
14079
14213
14244
14055
14262
14245
14129
14411
13952
14232
14331
14171
14282
14337
14126
14149
14292
14192
14294
14513
14302
14111
14174
14192
14355
14177
14147
14339
14276
14326
14287
14322
14209
14296
14385
14310
14265
14218
14396
14390
14273
14053
14366
14163
14326
14109
14405
14264
14170
14362
14403
14364
14293
14343
14362
14133
14366
14380
14168
14162
14486
14390
14416
14142
14145
14112
14293
14249
14394
14159
14132
14364
14420
14418
14344
14097
14659
14237
14415
14512
14391
14187
14138
14447
14161
14399
14271
14293
14265
14431
14283
14195
14122
14295
14077
14188
14550
14512
14340
14260
14425
14159
14349
14307
14281
14271
14319
14294
14321
14360
14336
14217
14306
14174
14333
14187
14423
14173
14218
14444
14398
14379
14177
14198
14441
14270
14386
13890
14244
14251
14337
14339
14174
14239
14262
14431
14360
14211
14351
14525
14299
14137
14248
14390
14168
14141
14187
14366
14377
14435
14490
14269
14151
14216
14151
14343
14423
14535
14028
14344
14269
14121
14325
14271
14237
14344
14361
14205
14236
14120
14277
14268
14173
14461
14346
14248
14379
14119
14224
14172
14360
14357
14207
14267
14321
14286
14458
14202
14271
14225
14402
14441
14466
14129
14507
14406
14272
14519
14313
14237
14533
14252
14352
14101
14081
14155
14467
14343
14441
14093
14464
14113
14411
14204
14024
14330
14172
14091
14242
14229
14283
14180
14281
14130
14173
14220
14339
14371
14362
14158
14274
14403
14173
14170
14092
14408
14279
14384
14280
14239
14208
14285
14343
14184
14242
14387
14300
14330
14142
14206
14251
14203
14298
14131
14198
14414
14366
14185
14385
14074
14306
14321
14235
14209
14198
14204
14211
14198
14135
14239
13980
14160
14084
14398
14332
14281
14288
14233
13898
14016
14270
14044
14320
14122
14164
14135
14220
14045
14310
14130
14230
14071
14186
14123
14400
14096
14300
14022
14223
14202
14094
14287
14034
14302
14076
14288
14391
14078
14165
14169
14190
13975
14122
14088
14041
14351
14166
14134
14053
14102
14119
14358
14162
13875
14107
14054
13799
14079
14300
13886
14013
13836
13988
14054
13929
13944
14166
13943
14002
14004
13985
13928
13973
13895
13995
14044
13863
14025
13917
13791
13944
13760
14010
14014
13862
13988
13647
13913
13835
13684
13825
13662
13902
13700
13658
13754
13654
13738
13534
13465
13510
13660
13556
13521
13488
13351
13196
13526
13443
13289
13001
13213
13124
13020
12914
12843
12815
12525
12605
12574
12289
12332
11891
12067
11604
11717
11250
11127
10723
10709
10441
10333
9983
10072
9616
9566
9603
9408
9359
9072
9611
9232
9239
9425
9575
9661
9384
9536
9845
9621
9568
9570
9249
9307
9050
9354
9322
9301
9524
9532
9742
9803
9987
10257
10291
10587
10857
11006
11365
11475
11630
11787
12041
12066
12200
12484
12687
12772
12799
12954
12934
12973
12919
13191
13014
12971
13153
13297
13378
13746
13305
13534
13403
13529
13416
13518
13761
13588
13743
13691
13871
13651
13889
13789
13653
13738
13691
14033
13804
13976
13774
13999
13676
13707
13901
13898
13807
13884
13983
14120
13883
13888
13999
13885
13670
14207
14118
13980
14011
13998
13990
14093
13957
13996
14216
14143
13960
13988
14140
14118
14032
13980
13957
14040
14086
14125
14236
14140
14157
13769
14251
14328
14279
14014
14322
13921
14207
14206
14160
14347
14330
14350
14241
14095
14161
14107
14203
14012
14065
14434
14361
14114
14296
14309
13977
14100
14077
13921
14337
14350
14209
14352
14228
14177
14131
14038
14262
14053
14088
14369
14143
14079
14112
14384
14301
14265
14362
14364
14241
14266
14345
14269
14071
14256
14175
14248
14310
14138
14457
14063
14377
14306
13994
14234
14078
14037
14181
14240
14410
13965
14259
14376
13994
14146
14073
14187
14210
14025
14132
14290
14378
14132
14166
14214
14133
14214
14345
14151
14221
14365
14349
14344
14568
14589
14071
14070
14280
14266
14163
14458
14380
14412
14299
14005
14273
14157
14271
14283
14224
14152
14425
14357
14427
14189
14314
14295
14475
14196
14276
14188
14352
14186
14300
14292
14319
14247
14287
14478
14126
14266
14256
14233
14386
14302
14296
14418
14212
14454
14128
14182
14279
14139
14092
14307
14272
14399
