923
900
910
892
991
857
903
917
893
953
877
923
894
878
904
888
907
936
851
887
935
908
943
919
911
889
896
848
892
891
877
876
935
892
918
932
906
928
891
904
863
893
904
931
918
832
940
896
913
903
924
902
959
871
910
884
895
869
918
896
913
909
906
872
849
890
933
908
868
931
893
918
889
901
927
949
840
807
867
902
935
883
874
918
890
880
948
889
946
903
893
935
873
899
935
890
920
878
883
957
939
908
866
867
921
937
934
879
844
916
884
861
906
914
887
925
842
884
941
904
865
969
902
858
909
881
900
894
846
901
857
899
890
860
926
839
846
879
976
935
861
911
919
897
936
921
838
892
921
867
895
882
904
855
930
906
906
862
851
836
905
854
847
896
859
891
885
872
865
859
887
892
928
878
843
881
860
875
834
930
865
892
871
862
918
899
912
863
906
828
876
903
826
894
883
855
838
907
840
827
872
869
941
845
902
907
835
882
889
812
880
821
792
840
808
820
808
811
797
781
790
796
757
731
769
780
723
735
715
634
631
656
664
647
602
599
614
624
590
614
554
645
579
586
562
643
612
647
617
639
635
596
605
548
605
602
595
612
620
609
640
587
669
646
654
683
698
711
692
714
709
767
741
768
750
797
804
799
793
805
847
796
868
803
795
860
851
840
794
832
795
831
825
910
860
871
803
864
883
839
880
869
852
871
870
887
837
882
854
862
931
865
839
908
891
816
866
873
879
860
855
910
850
897
891
930
916
844
903
824
894
896
880
899
853
885
893
908
967
918
861
898
952
907
900
945
804
880
866
893
911
910
901
892
917
946
897
840
940
902
872
929
948
905
883
880
892
933
847
878
932
896
889
898
907
908
893
868
865
935
909
902
896
842
893
879
888
897
889
847
851
891
860
853
876
920
905
910
909
909
812
920
902
911
896
900
852
903
947
920
847
884
926
926
928
870
913
918
923
889
954
933
847
923
879
907
873
875
903
913
953
854
865
979
965
934
956
894
916
858
889
843
964
888
887
918
940
851
845
893
856
869
904
897
905
900
912
932
895
870
887
933
876
881
834
886
958
916
953
913
904
942
908
907
889
885
905
925
884
903
908
893
954
877
871
850
881
891
906
882
875
923
884
903
897
928
903
861
851
937
870
922
906
930
861
869
891
912
936
895
880
872
891
935
946
881
859
900
948
881
899
928
894
898
832
882
880
915
863
877
921
829
885
925
897
866
877
926
893
936
906
889
914
914
897
860
961
847
899
904
872
919
913
900
904
926
949
911
870
890
894
914
885
995
918
918
862
911
905
882
942
926
884
866
878
913
857
893
931
928
877
927
921
906
911
902
945
956
935
879
864
899
925
878
915
905
927
887
855
971
889
918
907
835
931
910
942
904
872
873
908
917
853
913
890
866
892
947
861
898
912
893
858
872
893
875
899
858
852
891
862
916
905
886
905
885
885
900
877
915
917
896
897
879
901
910
847
877
848
904
875
889
905
941
857
886
884
923
878
924
904
900
914
889
930
886
924
930
852
856
926
891
907
884
905
900
913
943
936
932
843
927
888
851
888
871
841
872
895
840
886
850
832
911
880
865
932
872
879
876
908
862
919
877
879
875
853
856
818
840
919
841
911
841
853
878
833
877
874
869
859
894
852
884
838
838
865
864
880
805
849
855
859
848
824
828
828
783
829
856
829
801
799
749
831
839
757
764
792
758
757
716
737
731
695
683
693
624
634
638
658
584
550
654
586
580
568
603
609
580
602
573
662
621
595
627
592
586
577
561
609
541
602
577
589
619
599
599
589
635
605
667
670
690
728
712
726
728
726
761
738
801
810
798
820
802
821
762
857
824
812
772
835
827
859
795
859
831
832
850
867
846
857
898
868
879
819
882
840
882
860
833
869
861
873
837
853
860
881
851
885
834
916
839
918
900
904
878
887
876
851
857
879
870
846
848
865
900
919
893
919
890
881
892
888
888
840
918
850
843
864
900
865
919
893
921
818
877
897
901
911
931
880
907
909
889
943
902
917
881
901
889
866
921
878
884
856
927
931
885
930
889
887
877
860
889
891
883
892
891
879
872
852
847
835
846
870
902
908
891
938
910
875
887
892
887
901
963
931
886
885
872
889
937
889
914
865
871
908
873
911
901
906
867
915
944
918
896
924
829
922
864
918
856
867
893
893
885
833
881
910
913
876
891
947
935
938
887
888
843
927
914
886
908
892
904
868
918
878
908
870
854
857
915
926
917
917
911
934
879
921
941
920
912
929
898
866
863
866
882
902
905
929
931
904
851
880
896
844
889
915
862
918
904
925
883
927
926
881
917
903
929
908
