16775
16686
16914
16736
16766
16863
16762
17010
16810
16886
16818
16965
16844
16808
17102
16965
16762
16813
16750
16875
16921
17048
16949
17092
16724
16647
16819
16974
17068
16856
16910
16607
17063
16829
16941
16778
17009
16874
16744
16627
16820
16856
16869
16800
16927
16697
16972
16839
16912
16893
16928
16883
17066
16846
16577
16596
16882
16789
16846
16935
16974
16653
16983
16733
16885
16854
16925
16710
16741
16820
16786
16890
16896
16763
16865
16833
16850
16630
16926
16915
16683
16728
16821
16621
16835
16906
16760
16926
16767
16681
16880
16900
16780
17013
16731
16793
16940
16825
16680
17170
16868
16649
16581
16884
16891
16857
16912
16751
16755
16779
16935
16857
16967
16805
16850
16771
16820
16746
16788
16956
16774
16731
16893
16803
16815
16693
16595
16788
16674
16706
16822
16695
16624
16814
16712
16488
16756
16756
16841
16563
16555
16784
16859
16859
16709
16864
16657
16638
16796
16727
16494
16662
16750
16877
16609
16919
16793
16598
16653
16437
16789
16546
16547
16494
16421
16537
16740
16483
16563
16259
16668
16512
16677
16810
16524
16614
16434
16461
16428
16457
16488
16337
16306
16338
16091
16514
16587
16339
16354
16285
16264
16313
16176
16277
16231
16317
16060
16148
16017
15962
16148
16041
16190
15915
15957
15974
15805
15884
15585
15598
16014
15451
15455
15604
15521
15340
15124
15321
14847
14905
14531
14631
14204
14049
14279
13813
13637
13312
12881
12706
12502
12197
12135
11811
11474
11387
11243
11297
10960
10925
10975
11028
11052
11145
11278
11517
11355
11510
11557
11429
11255
11284
11140
11040
11024
10944
10992
11072
11365
11359
11483
11588
11878
12139
12506
12629
12705
13180
13290
13744
13654
13941
14255
14421
14562
14584
14898
15012
15199
15111
15286
15269
15318
15347
15677
15457
15806
15566
15568
15927
15957
15779
15850
16026
16149
15996
15993
16025
16135
16198
16376
16176
16056
16444
16326
16302
16355
16412
16516
16294
16287
16397
16098
16349
16639
16425
16545
16645
16586
16492
16625
16489
16603
16699
16645
16551
16468
16671
16597
16447
16413
16770
16424
16715
16483
16621
16538
16497
16541
16808
16593
16699
16840
16555
16825
16868
16604
16816
16700
16809
16681
16544
16682
16793
16761
16863
16735
16591
16737
16779
16629
16811
16870
16693
17036
16548
16838
16917
16709
16897
17054
16746
16760
16791
16780
16817
17086
16851
16747
16781
16639
17014
16707
16651
16896
16920
16933
16881
16964
16786
16889
16991
16830
16844
16782
16933
16990
16753
16625
16925
16826
16946
16590
17035
16800
16779
16936
17136
16965
16861
16951
16912
16706
16854
17007
16725
16842
17062
16890
16957
16737
16725
16674
16869
16808
16997
16686
16739
16969
17028
16997
16921
16734
17171
16822
16993
17123
17085
16781
16695
17007
16746
17097
16843
16835
16863
16937
16873
16820
16777
16900
16634
16766
17144
17101
16942
16755
17001
16668
16969
16849
16826
16913
16906
16952
16916
16879
16973
16876
16868
16782
16927
16775
16972
16830
16821
17046
16978
16907
16713
16764
17062
16798
17011
16529
16892
16822
16901
16898
16742
16757
16797
16977
16879
16881
17093
17123
16827
16724
16764
16996
16658
16729
16717
16975
16944
17035
17073
16851
16725
16831
16715
16894
17161
17087
16610
16959
16786
16686
16911
16795
16825
16845
16919
16825
16770
16661
16830
16871
16751
17009
17046
16894
16890
16645
16836
16796
16912
16839
16769
16873
16902
16829
17041
16798
16919
16833
16998
17078
16971
16697
17154
16964
16819
17052
16814
16832
17047
16902
16987
16690
16629
16745
17087
16942
17111
16771
17067
16667
16990
16776
16613
16899
16732
16658
16857
16768
16874
16761
16750
16686
16760
16775
16930
16958
16948
16781
16884
16910
16765
16761
16708
16930
16848
17004
16934
16764
16825
16916
16898
16713
16836
16933
16882
16947
16670
16758
16862
16738
16900
16716
16761
17004
16934
16758
16897
16599
16858
16851
16880
16770
16729
16783
16726
16721
16669
16783
16570
16722
16544
16974
16937
16794
16806
16809
16494
16507
16838
16561
16905
16698
16722
16724
16846
16514
16808
16690
16822
16626
16776
16662
16878
16619
16813
16615
16730
16721
16636
16893
16679
16821
16761
16895
16990
16693
16719
16731
16725
16544
16648
16533
16562
16891
16727
16646
16564
16785
16695
16935
16738
16416
16565
16703
16336
16592
16788
16396
16550
16417
16579
16572
16455
16455
16771
16381
16504
16436
16510
16462
16521
16320
16484
16552
16369
16469
16474
16364
16401
16292
16451
16480
16356
16526
16232
16388
16259
16127
16250
16051
16424
16158
16119
16176
16100
16187
15956
15930
15949
16040
16012
16015
15911
15748
15574
15955
15857
15716
15453
15611
15552
15310
15298
15125
15180
14837
14925
14776
14598
14493
14107
14224
13709
13877
13236
13170
12681
12561
12370
12134
11827
11894
11423
11404
11371
11038
10979
10691
11304
10843
10980
11132
11310
11434
11186
11363
11527
11336
11300
11268
11002
10993
10707
10997
10998
10991
11171
11271
11432
11608
11817
12075
12193
12502
12801
12950
13395
13648
13796
13926
14167
14246
14421
14763
14972
15060
15120
15239
15298
15274
15296
15630
15355
15276
15461
15634
15765
16168
15804
15985
15848
15916
15873
15962
16217
16078
16191
16161
16302
16129
16411
16305
16051
16244
16245
16502
16271
16461
16225
16456
16156
16218
16396
16373
16302
16513
16406
16649
16356
16484
16614
16388
16164
16832
16661
16476
16598
16518
16527
16609
16500
16551
16719
16623
16560
16532
16682
16705
16603
16589
16599
16525
16751
16687
16710
16678
16666
16415
16795
16953
16842
16535
16944
16441
16855
16721
16714
16844
16857
16918
16842
16543
16687
16694
16800
16631
16614
16880
16925
16681
16881
16765
16494
16596
16680
16431
16894
16907
16742
16887
16776
16751
16647
16634
16761
16481
16629
17050
16722
16607
16694
16923
16941
16722
16958
16964
16841
16873
16929
16785
16660
16831
16693
16837
16902
16717
16957
16571
16944
16885
16572
16898
16695
16544
16699
16776
16991
16573
16804
16946
16606
16692
16665
16782
16702
16683
16652
16870
16923
16683
16656
16728
16776
16932
16974
16789
16775
16882
16930
16946
17084
17092
16629
16523
16930
16854
16777
17024
16918
16988
16871
16678
16871
16724
16897
16805
16852
16716
17007
16977
17011
16764
16894
16871
17026
16734
16844
16803
16908
16793
16817
16918
16937
16835
16868
17083
16731
16869
16787
16788
16968
16871
16836
16946
16772
16955
16707
16734
16822
16747
16760
16906
16798
17001
