5094
5030
5055
5102
5190
5035
5066
5140
5087
5181
5165
5180
5116
5038
5168
5018
5074
5037
5028
5058
5201
5117
5112
5153
5066
5013
5071
5126
5092
5051
5079
5011
5206
4977
5025
4986
5216
5131
5051
5008
5012
5097
5095
5080
5090
5118
5179
5132
5020
5070
5159
5079
5254
5012
5032
4991
5081
5052
5068
5083
5053
4972
5184
5008
5084
5136
5123
5074
5033
5090
5050
5077
5026
4983
5091
5163
5068
5014
5141
5092
5104
5114
5057
5085
5072
5210
5060
5189
5044
5043
5104
5168
4967
5007
5068
5008
5172
4980
4951
5242
5211
5022
4963
5194
5083
5135
4994
5030
5053
4980
5102
5000
5182
5072
5055
5180
5002
5019
5135
5104
4948
5104
5084
5066
5043
5071
4982
5137
5026
5004
5100
5049
4977
5012
5004
4924
5083
5016
5123
5079
4925
5114
5034
5057
5097
5073
4935
5012
5027
5113
4924
5002
5076
5038
5011
5056
5113
5091
5083
4872
5077
4903
4984
4963
4933
4986
5133
4950
5036
4941
4984
5053
5046
5080
4952
5072
5011
4966
4957
4992
4926
4930
4962
4974
4940
5077
5003
4902
4949
4882
4944
4864
4855
4879
4916
4851
4792
4885
4788
4857
4840
4795
4888
4730
4899
4784
4781
4754
4786
4674
4935
4615
4624
4679
4702
4654
4545
4588
4407
4506
4409
4471
4332
4343
4352
4237
4084
4068
3914
3747
3774
3708
3681
3479
3461
3384
3409
3452
3317
3321
3313
3292
3340
3339
3354
3511
3413
3538
3518
3502
3354
3425
3358
3291
3355
3384
3283
3378
3434
3431
3441
3442
3658
3695
3750
3876
3789
3959
3930
4033
4108
4157
4303
4377
4411
4449
4481
4532
4551
4581
4746
4665
4664
4624
4736
4684
4824
4811
4673
4786
4791
4760
4767
4913
4864
4888
4762
4864
4830
4826
4954
4855
4871
5021
4932
4913
4871
4964
4946
5028
4967
4986
4890
5013
5004
4928
4969
5025
5048
4978
5018
5044
4983
5042
5016
5072
5094
5076
5126
4907
4921
5119
5010
4986
4949
5098
4907
5021
5094
5130
4944
4993
5094
4986
5108
5101
4977
5098
4993
5159
5033
4968
5118
5101
5080
5129
5066
4933
5143
5087
4978
5128
5076
5095
5095
4828
5092
5103
5058
5104
5173
5044
5037
5114
5102
5075
5112
5120
4945
5108
5142
5130
5035
5011
5100
5058
5162
5016
5001
5095
5086
5118
5064
5036
5053
5155
5130
5111
5105
5149
4991
5033
5072
5139
5017
5027
5047
5050
5158
5168
5089
5173
4992
5138
5135
4994
5011
5084
5223
5128
5074
5115
4971
5177
5002
5051
5021
4948
5201
5176
5156
5027
5031
5208
5080
5099
5203
5057
5025
5002
5140
5029
5196
5054
5123
5072
5175
5020
5038
5034
5130
4901
5081
5118
5261
5149
5151
5255
5078
5013
5029
5076
5072
5141
5105
5094
5204
5011
5069
5077
5141
5101
4990
5110
5110
5027
5152
5182
5097
5042
5044
5197
5140
5023
4870
5069
5139
5114
5153
5017
5043
5097
5095
5022
5141
5045
5225
5066
4980
5148
5074
4917
5081
5132
5062
5076
5118
5072
5192
4953
5015
4984
4963
5144
5115
5061
5127
5047
5066
5114
5136
5008
5074
5094
5018
5063
5042
5147
5069
5138
5110
5104
4996
5073
5049
5026
5126
5022
5106
5180
5045
5104
5094
5144
5027
5159
5070
5146
5019
5115
5040
5212
5117
5031
5105
5141
5062
5189
4965
5113
4952
5031
5045
5166
5143
5182
5031
5146
5073
5066
5126
5026
5046
5016
5017
5119
5039
5015
5138
5175
4995
4997
5041
5062
5058
5065
5083
5134
5146
5028
5051
4965
5124
5098
5106
5113
5089
4976
5010
5216
5053
5025
5192
5020
5134
5003
5048
5106
4987
5051
5068
5155
5064
5156
5041
5044
4962
5072
5033
5086
5126
5020
5043
5028
5033
5051
5213
4902
5001
4955
5150
5120
5026
5029
5172
4955
5025
5183
4963
5044
5057
5047
5072
5136
4952
5185
5024
5081
4906
5019
4970
5195
5022
5099
4939
5059
4997
4974
5061
5016
5144
5030
5000
5104
5084
5046
5074
5029
4995
4970
5025
5042
5031
5003
5086
5029
5055
5143
5127
5015
4890
5075
5036
4945
5083
5068
4970
4970
4949
4932
4964
4960
4885
5119
4924
4982
4994
4971
5025
5001
4980
4908
5013
4907
4946
4970
4893
4969
4848
4961
5040
4961
5009
4863
5084
4888
4859
4866
4924
4975
4941
4904
4905
4920
4878
4814
4883
4925
4900
4857
4800
4805
4744
4579
4780
4777
4769
4682
4667
4681
4601
4554
4531
4543
4457
4589
4426
4334
4507
4208
4295
4098
4180
3951
4006
3787
3749
3731
3567
3546
3568
3335
3378
3401
3362
3291
3296
3382
3302
3244
3321
3344
3471
3350
3473
3510
3455
3351
3388
3325
3351
3188
3396
3273
3318
3370
3494
3410
3485
3569
3596
3623
3813
3831
4033
4016
4073
4165
4228
4289
4234
4421
4481
4534
4595
4562
4561
4548
4687
4585
4715
4625
4632
4732
4823
4627
4846
4783
4900
4840
4841
4864
4783
4991
4776
5007
4874
4999
4876
4956
4880
4831
4849
4861
4974
4878
4851
4934
5065
4872
5044
4893
4906
4893
4965
4996
5082
4860
4964
4904
4873
4920
4998
4974
5100
4961
5038
5105
5071
4936
4937
5003
4992
4955
5018
5057
5064
4986
4953
4861
5057
5020
5007
5086
5053
4962
4914
5060
5120
5043
5049
5156
4971
5052
5125
5082
5147
5133
5149
5012
5035
5086
4971
5069
5006
4961
5049
5148
5010
5087
5139
4941
5111
5000
4913
5090
5079
5046
5057
5097
5200
4997
4944
4915
5004
4953
5069
5056
5001
5151
5106
5030
5075
5100
5054
5052
5026
5103
5134
4980
5101
5049
5107
5124
4971
5154
5048
5082
5208
5038
5090
5095
5089
5032
5071
5134
5047
5015
5222
5058
4997
5015
4941
5132
5005
4977
5095
5117
5080
4994
5054
4982
4973
5050
5040
5008
5179
5072
5021
5158
5182
4983
5046
5130
5140
5009
5095
5068
5109
5146
5018
5012
5031
5026
5057
5094
5141
5273
5138
5059
5009
5077
5170
5112
5214
5020
5051
5037
4955
5014
5112
5077
5106
5073
5077
5075
5094
5080
5063
5048
5099
5086
5108
5051
5145
5029
5049
5039
4985
5061
5126
5043
5139
