9682
9628
9696
9655
9752
9579
9624
9785
9634
9747
9692
9801
9647
9751
9887
9616
9604
9650
9609
9698
9747
9682
9753
9827
9540
9602
9713
9798
9764
9711
9669
9567
9882
9602
9648
9618
9821
9768
9616
9508
9617
9730
9729
9560
9627
9625
9718
9736
9728
9523
9871
9654
9896
9604
9520
9579
9743
9718
9556
9692
9617
9485
9806
9572
9682
9662
9655
9558
9623
9587
9576
9708
9737
9510
9677
9699
9648
9515
9713
9698
9651
9677
9672
9587
9600
9688
9620
9778
9647
9605
9686
9664
9580
9582
9691
9622
9683
9560
9553
9866
9738
9720
9445
9670
9756
9646
9597
9553
9664
9524
9672
9670
9781
9637
9640
9675
9620
9556
9691
9881
9547
9640
9714
9716
9651
9642
9497
9718
9575
9571
9630
9670
9488
9602
9601
9474
9633
9611
9671
9484
9419
9615
9654
9665
9544
9630
9487
9482
9633
9652
9406
9600
9656
9689
9501
9658
9681
9681
9634
9422
9607
9476
9557
9403
9407
9428
9671
9486
9584
9369
9566
9497
9488
9618
9606
9462
9494
9409
9454
9413
9427
9374
9490
9405
9304
9630
9551
9426
9414
9292
9338
9266
9173
9330
9347
9271
9248
9260
9177
9222
9235
9124
9293
9105
9117
9179
9100
9084
8916
8918
9320
8832
8773
8952
8805
8863
8690
8763
8350
8568
8432
8400
8213
8062
8100
8006
7808
7598
7387
7216
7202
6999
6975
6679
6573
6435
6459
6467
6191
6347
6311
6330
6366
6318
6438
6606
6541
6666
6698
6541
6467
6509
6313
6337
6311
6322
6313
6342
6545
6533
6519
6675
6920
6997
7167
7252
7252
7659
7605
7869
7819
7946
8125
8345
8321
8296
8585
8634
8669
8616
8819
8808
8758
8883
8979
8895
9101
8941
8952
9102
9162
9022
9130
9195
9333
9192
9129
9241
9296
9341
9407
9242
9308
9517
9384
9310
9364
9406
9464
9325
9376
9413
9294
9481
9509
9384
9455
9456
9601
9456
9502
9557
9528
9522
9624
9537
9529
9544
9621
9356
9463
9566
9416
9624
9422
9702
9454
9565
9632
9632
9444
9547
9734
9494
9718
9635
9492
9603
9592
9689
9589
9431
9622
9682
9572
9636
9578
9516
9684
9643
9475
9645
9679
9595
9774
9343
9705
9660
9620
9726
9733
9621
9612
9693
9638
9657
9845
9665
9542
9650
9606
9817
9650
9660
9720
9610
9847
9713
9585
9610
9720
9776
9670
9616
9687
9817
9787
9707
9582
9776
9623
9592
9603
9742
9655
9544
9752
9793
9782
9762
9700
9779
9577
9817
9734
9565
9596
9759
9834
9653
9499
9557
9517
9772
9574
9768
9579
9526
9738
9779
9785
9674
9566
9810
9678
9713
9811
9643
9579
9511
9817
9542
9830
9704
9691
9699
9779
9570
9607
9598
9684
9473
9621
9863
9878
9776
9667
9819
9592
9733
9646
9667
9575
9719
9754
9654
9749
9571
9632
9589
9660
9726
9551
9765
9694
9611
9775
9726
9739
9633
9563
9779
9748
9701
9419
9748
9671
9711
9794
9504
9621
9683
9830
9659
9668
9637
9861
9634
9524
9619
9815
9568
9536
9632
9760
9753
9776
9790
9632
9619
9631
9492
9631
9900
9871
9477
9709
9559
9636
9648
9680
9617
9685
9774
9621
9636
9597
9725
9649
9670
9850
9692
9585
9772
9617
9618
9714
9719
9774
9703
9689
9696
9735
9820
9553
9665
9644
9837
9733
9745
9555
9856
9732
9686
9837
9712
9636
9859
9563
9749
9457
9504
9569
9758
9726
9779
9542
9787
9613
9665
9683
9550
9636
9610
9538
9652
9649
9652
9685
9714
9510
9635
9557
9618
9691
9684
9666
9681
9727
9681
9541
9538
9695
9699
9700
9705
9651
9576
9671
9824
9492
9662
9807
9627
9721
9549
9579
9581
9572
9615
9573
9728
9718
9800
9645
9796
9568
9645
9628
9632
9719
9629
9652
9578
9593
9538
9698
9400
9586
9541
9852
9759
9721
9591
9711
9344
9515
9769
9550
9710
9604
9650
9641
9712
9497
9683
9544
9643
9455
9596
9674
9796
9573
9706
9587
9711
9527
9530
9746
9573
9781
9521
9664
9713
9587
9602
9626
9579
9478
9570
9490
9607
9520
9529
9567
9510
9593
9567
9755
9650
9427
9555
9522
9280
9612
9698
9446
9468
9343
9436
9501
9422
9421
9563
9505
9485
9501
9482
9491
9526
9366
9467
9560
9285
9536
9343
9355
9514
9365
9406
9476
9432
9513
9146
9464
9344
9272
9334
9240
9438
9346
9197
9342
9337
9313
9302
9202
9145
9249
9182
9203
9135
8954
8838
9104
9187
9034
8906
8923
8847
8779
8701
8705
8663
8463
8547
8527
8388
8444
8022
8228
7806
7980
7612
7566
7273
7239
7019
6929
6786
6817
6434
6430
6536
6399
6308
6205
6485
6250
6223
6402
6434
6602
6339
6512
6689
6483
6509
6439
6351
6325
6110
6343
6266
6318
6392
6480
6586
6658
6811
6980
6984
7201
7338
7489
7700
7721
7919
8076
8080
8198
8334
8421
8638
8721
8643
8772
8796
8793
8642
8995
8776
8809
8917
9035
9010
9287
9157
9174
9094
9242
9127
9044
9335
9244
9354
9235
9430
9359
9515
9334
9217
9261
9204
9537
9347
9332
9407
9651
9269
9384
9385
9337
9398
9437
9473
9582
9380
9376
9465
9272
9333
9515
9579
9580
9547
9572
9552
9570
9427
9476
9602
9546
9380
9480
9607
9579
9505
9457
9337
9523
9647
9549
9691
9500
9590
9369
9589
9699
9680
9539
9796
9537
9616
9630
9593
9724
9694
9749
9728
9632
9635
9497
9633
9473
9551
9770
9746
9522
9652
9741
9435
9606
9467
9413
9611
9754
9657
9720
9632
9663
9526
9562
9564
9518
9591
9679
9557
9598
9572
9764
9652
9714
9771
9691
9635
9651
9683
9634
9487
9685
9624
9664
9710
9602
9812
9505
9818
9754
9512
9574
9632
9550
9621
9628
9857
9500
9621
9872
9501
9510
9483
9569
9575
9579
9524
9721
9673
9567
9655
9631
9562
9593
9699
9541
9666
9732
9785
9696
9792
9858
9521
9530
9670
9663
9592
9854
9687
9804
9632
9458
9641
9570
9703
9715
9661
9649
9893
9751
9708
9641
9710
9716
9858
9684
9741
9596
9754
9606
9665
9633
9666
9660
9618
9720
9535
9733
9620
9631
9722
9669
9634
9778
9625
9776
9562
9572
9679
9588
9507
9730
9627
9842
