3365
3309
3376
3370
3406
3304
3322
3382
3357
3468
3404
3396
3291
3349
3398
3321
3324
3369
3282
3290
3410
3419
3367
3501
3298
3284
3323
3312
3332
3346
3349
3319
3418
3310
3381
3307
3396
3363
3271
3318
3332
3326
3388
3381
3396
3349
3463
3369
3304
3390
3426
3307
3554
3255
3310
3296
3344
3286
3337
3355
3282
3264
3395
3305
3321
3334
3431
3340
3357
3375
3339
3309
3332
3263
3376
3422
3327
3284
3402
3384
3368
3326
3392
3328
3330
3430
3314
3436
3279
3326
3380
3412
3227
3275
3330
3288
3396
3196
3222
3516
3425
3301
3261
3369
3314
3406
3331
3319
3327
3335
3378
3324
3374
3333
3298
3367
3255
3296
3424
3343
3239
3420
3411
3300
3333
3379
3257
3331
3259
3300
3375
3356
3322
3243
3326
3249
3291
3305
3427
3385
3233
3394
3346
3388
3347
3396
3234
3289
3337
3357
3259
3258
3349
3338
3355
3391
3374
3292
3339
3185
3364
3301
3291
3286
3235
3281
3363
3313
3317
3299
3299
3337
3375
3341
3259
3348
3319
3302
3248
3293
3264
3293
3243
3260
3269
3399
3272
3203
3293
3170
3238
3243
3198
3216
3272
3278
3108
3222
3142
3218
3203
3173
3287
3122
3188
3166
3131
3137
3148
3160
3236
3009
3015
3065
3067
3034
2995
3041
2921
2967
2882
2994
2850
2833
2856
2774
2654
2682
2567
2488
2482
2438
2460
2318
2264
2233
2246
2321
2205
2209
2196
2172
2225
2233
2223
2347
2280
2351
2329
2322
2200
2274
2230
2154
2221
2240
2130
2237
2283
2265
2271
2219
2430
2432
2437
2544
2471
2626
2623
2690
2707
2770
2849
2908
2877
2920
2963
2959
2922
3023
3098
3063
3140
3004
3106
3116
3110
3173
3076
3131
3120
3146
3161
3276
3211
3193
3092
3217
3208
3144
3286
3222
3210
3366
3229
3238
3172
3272
3232
3342
3298
3253
3162
3334
3295
3246
3268
3324
3284
3301
3336
3297
3309
3258
3313
3345
3405
3288
3435
3253
3228
3375
3293
3281
3269
3367
3315
3357
3394
3360
3355
3264
3376
3293
3310
3358
3255
3340
3311
3384
3286
3299
3398
3398
3370
3373
3372
3247
3433
3408
3317
3461
3403
3310
3358
3123
3339
3448
3339
3313
3457
3295
3309
3406
3315
3374
3350
3309
3214
3444
3351
3330
3306
3304
3330
3347
3391
3280
3311
3356
3324
3400
3339
3285
3321
3394
3349
3352
3378
3416
3273
3325
3330
3384
3331
3305
3291
3360
3373
3397
3399
3406
3332
3388
3412
3300
3335
3377
3418
3379
3425
3385
3267
3462
3267
3357
3318
3243
3416
3395
3392
3312
3294
3428
3346
3379
3382
3371
3315
3291
3412
3301
3401
3348
3401
3363
3389
3280
3276
3330
3353
3186
3368
3347
3470
3364
3354
3531
3361
3322
3267
3368
3310
3361
3349
3300
3474
3302
3394
3385
3426
3355
3280
3400
3377
3343
3356
3398
3363
3379
3337
3428
3416
3324
3201
3294
3404
3351
3367
3312
3333
3370
3395
3355
3367
3336
3412
3326
3279
3452
3401
3246
3338
3418
3345
3349
3321
3332
3414
3229
3294
3321
3265
3440
3446
3370
3354
3355
3373
3373
3422
3266
3374
3421
3247
3324
3367
3369
3359
3358
3387
3316
3264
3370
3292
3275
3400
3320
3351
3378
3379
3367
3380
3425
3396
3347
3392
3323
3294
3382
3289
3427
3368
3290
3387
3373
3341
3407
3285
3380
3294
3304
3319
3439
3371
3456
3276
3407
3309
3295
3387
3344
3335
3312
3310
3402
0
0
0
0
0
0
0
0
0
0
0
0
0
0
0
0
3354
3320
3291
3413
3399
3298
3348
3412
3360
3290
3406
3271
3365
3332
3399
3372
