20506
20379
20706
20467
20475
20571
20439
20789
20497
20603
20562
20689
20502
20617
20735
20711
20472
20567
20408
20603
20667
20778
20717
20802
20429
20338
20583
20730
20940
20597
20600
20381
20866
20597
20645
20439
20906
20592
20443
20413
20619
20619
20491
20556
20508
20326
20623
20530
20584
20780
20662
20650
20767
20470
20351
20282
20599
20560
20579
20639
20681
20366
20791
20472
20629
20605
20708
20476
20524
20552
20513
20663
20566
20422
20638
20571
20606
20407
20707
20643
20382
20334
20636
20388
20565
20680
20596
20675
20433
20401
20691
20792
20451
20674
20520
20502
20608
20549
20392
21001
20490
20321
20227
20632
20590
20557
20681
20429
20426
20466
20549
20641
20726
20490
20610
20415
20548
20558
20427
20674
20572
20479
20651
20622
20453
20363
20360
20428
20380
20340
20444
20456
20324
20483
20409
20323
20507
20433
20514
20189
20156
20528
20557
20510
20508
20526
20353
20439
20446
20325
20233
20359
20398
20519
20316
20566
20492
20341
20222
20180
20386
20187
20202
20228
20080
20199
20435
20072
20148
19933
20343
20205
20375
20507
20238
20213
20017
20076
20067
20155
20106
20007
19852
19938
19723
20161
20139
19923
19931
19885
20045
19911
19806
19735
19902
19932
19605
19674
19536
19595
19716
19642
19714
19425
19406
19619
19388
19368
19002
19078
19448
18784
18843
19003
18922
18685
18480
18635
18105
18230
17789
17895
17411
17089
17317
16747
16675
16270
15740
15592
15278
14906
14764
14437
14086
13948
13842
13817
13402
13377
13401
13548
13500
13646
13752
14013
13891
14072
14044
13906
13753
13762
13641
13447
13475
13363
13577
13526
13872
13861
13994
14073
14546
14780
15197
15405
15492
16128
16257
16785
16721
17088
17357
17585
17749
17820
18102
18336
18567
18554
18705
18699
18773
18878
19145
18948
19298
19103
19099
19464
19527
19245
19422
19495
19688
19536
19567
19588
19764
19760
19993
19804
19643
20001
19877
19924
20049
20069
20188
20023
19842
19931
19842
19960
20361
20067
20130
20246
20396
19979
20248
20129
20216
20170
20325
20317
20127
20399
20181
20110
20126
20418
20104
20404
20106
20273
20268
20177
20160
20497
20344
20345
20597
20216
20577
20498
20315
20467
20358
20534
20349
20217
20431
20428
20357
20522
20441
20338
20478
20469
20253
20517
20647
20429
20741
20138
20392
20628
20474
20591
20765
20381
20471
20573
20558
20521
20873
20468
20433
20455
20420
20657
20475
20329
20619
20664
20673
20607
20747
20567
20730
20809
20652
20546
20422
20602
20728
20519
20394
20618
20506
20725
20230
20828
20572
20480
20659
20808
20673
20517
20615
20646
20389
20594
20837
20408
20564
20757
20664
20714
20401
20411
20384
20551
20526
20791
20402
20403
20700
20758
20787
20631
20538
20909
20625
20804
20865
20776
20451
20452
20661
20372
20876
20627
20530
20526
20571
20586
20611
20493
20561
20289
20455
20826
20804
20759
20515
20700
20535
20715
20580
20580
20565
20634
20702
20671
20508
20650
20553
20602
20461
20693
20505
20687
20533
20477
20827
20724
20651
20448
20560
20903
20550
20681
20154
20599
20505
20630
20618
20624
20338
20595
20734
20682
20507
20824
20838
20601
20402
20557
20741
20375
20437
20443
20695
20670
20807
20829
20489
20440
20610
20441
20708
20853
20820
20385
20700
20533
20441
20689
20572
20612
20621
20583
20564
20500
20362
20588
20578
20406
20773
20759
20632
20538
20445
20487
20551
20580
20465
20389
20652
20628
20459
20692
20500
20689
20577
20719
20788
20663
20396
20878
20744
20569
20796
20622
20585
20750
20616
20751
20367
20338
20496
20777
20736
20886
20431
20813
20440
20641
20469
20346
20642
20346
20294
20612
20546
20571
20531
20498
20371
20460
20553
20651
20654
20649
20527
20598
20442
20453
20420
20374
20603
20513
20762
20701
20425
20534
20624
20555
20336
20556
20673
20646
20700
20481
20513
20544
20510
20558
20363
20567
20676
20718
20513
20485
20238
20544
20563
20565
20506
20402
20542
20510
20465
20326
20459
20259
20398
20302
20588
20648
20570
20572
20463
20103
20234
20613
20255
20571
20473
20368
20516
20507
20163
20543
20217
20533
20301
20447
20294
20531
20403
20474
20220
20475
20429
20363
20614
20394
20570
20471
20656
20652
20481
20385
20364
20373
20211
20366
20213
20332
20533
20319
20386
20140
20428
20344
20652
20355
20015
20311
20380
20033
20298
20462
20126
20141
20099
20273
20243
20150
20110
20532
20066
20036
20121
20066
20109
20114
20028
20147
20175
19871
20224
20105
20049
19984
19844
20057
20160
19845
20045
19874
19980
19876
19834
19884
19694
20052
19845
19633
19646
19642
19822
19567
19532
19585
19606
19555
19564
19400
19312
19087
19445
19388
19093
18827
19050
18923
18601
18730
18491
18507
18165
18244
18107
17877
17640
17211
17275
16766
16921
16147
16082
15653
15364
15086
14870
14418
14420
13904
13888
13801
13527
13491
13116
13715
13280
13487
13565
13868
13928
13625
13855
14049
13858
13842
13844
13482
13457
13055
13360
13417
13400
13624
13758
13941
14207
14361
14796
14918
15245
15653
15789
16357
16663
16920
16966
17239
17504
17729
17989
18238
18317
18393
18573
18547
18693
18666
18998
18851
18684
18970
19113
19308
19703
19214
19577
19411
19471
19340
19617
19740
19615
19785
19733
20100
19696
19910
19932
19663
19839
19824
20033
19877
20056
19848
20036
19849
19899
19935
19917
19973
20184
20038
20267
20141
20063
20329
20079
19832
20456
20304
20172
20347
20183
20097
20263
20194
20198
20325
20267
20158
20062
20380
20321
20160
20233
20232
20198
20536
20470
20446
20438
20349
20170
20416
20596
20572
20143
20668
20181
20556
20421
20347
20548
20504
20578
20408
20242
20397
20305
20544
20391
20245
20592
20652
20411
20591
20462
20237
20403
20396
20062
20612
20639
20500
20549
20533
20579
20320
20342
20462
20169
20502
20807
20514
20248
20474
20587
20668
20493
20723
20575
20596
20610
20708
20546
20385
20512
20340
20555
20653
20370
20716
20375
20622
20525
20262
20615
20384
20329
20482
20451
20711
20304
20528
20653
20348
20415
20355
20633
20439
20428
20473
20447
20599
20490
20372
20465
20489
20638
20650
20587
20441
20648
20689
20677
20775
20700
20312
20211
20623
20616
20479
20836
20708
20795
20595
20361
20679
20489
20699
20466
20621
20451
20707
20644
20657
20481
20618
20590
20694
20492
20634
20525
20700
20560
20530
20609
20654
20545
20589
20792
20350
20716
20434
20540
20776
20671
20614
20758
20509
20776
20435
20451
20631
20388
20493
20707
20503
20696
