13907
13791
13954
13948
13935
13966
13906
14079
13920
14028
13934
14214
13970
14000
14194
14017
13916
13966
13974
14011
14044
14015
14085
14172
13821
13799
13989
14139
14175
13990
14055
13802
14160
13939
13988
13909
14134
14059
13949
13804
13980
14004
14022
13875
14087
13887
14062
14097
14052
13991
14077
13909
14177
13955
13788
13800
14041
13929
13966
14031
14073
13790
14156
13911
14078
14000
14008
13862
13908
13859
13898
13983
14087
13869
13948
13968
13987
13809
14036
14031
13851
13960
13915
13807
13895
14066
13939
14027
13973
13879
14017
14076
13889
13995
13937
13905
14118
13918
13928
14302
13979
13859
13679
14036
14077
13965
14004
13901
13977
13913
14029
13993
14149
13999
14010
13933
13906
13811
13961
14122
13870
13937
14045
13939
13984
13855
13756
14028
13801
13874
13938
13872
13810
13826
13864
13703
13961
13872
13906
13792
13732
13905
14018
14062
13891
14000
13756
13742
13900
13902
13670
13795
13951
13990
13779
13982
13942
13899
13906
13659
13897
13721
13703
13651
13687
13706
13929
13625
13821
13531
13856
13717
13925
14018
13725
13680
13718
13653
13590
13622
13603
13493
13628
13575
13377
13760
13837
13603
13608
13537
13457
13514
13416
13471
13496
13580
13383
13423
13255
13264
13416
13283
13467
13248
13198
13301
13168
13170
12905
12914
13304
12790
12805
12926
12847
12749
12622
12779
12272
12387
12064
12100
11841
11684
11841
11583
11348
11139
10567
10478
10373
10076
10096
9765
9552
9458
9427
9426
9075
9056
9104
9141
9214
9192
9391
9538
9482
9522
9671
9478
9347
9399
9230
9158
9122
9163
9072
9167
9460
9390
9456
9625
9846
10086
10426
10508
10553
10962
10987
11380
11309
11593
11837
11961
12092
12085
12357
12476
12549
12490
12637
12707
12732
12818
12948
12909
13164
12942
12868
13195
13172
13019
13222
13307
13403
13331
13284
13351
13396
13467
13604
13394
13396
13677
13576
13470
13541
13569
13721
13518
13504
13612
13347
13663
13799
13600
13800
13793
13779
13746
13768
13758
13763
13806
13754
13726
13739
13833
13806
13668
13638
13850
13623
13873
13786
13886
13714
13670
13805
13894
13673
13912
14064
13724
13941
13930
13741
13990
13843
13950
13837
13709
13831
13939
13863
13958
13872
13793
13901
13958
13751
13984
13924
13840
14154
13644
13945
14054
13882
13985
14036
13850
13855
14030
13925
13995
14220
14033
13823
13873
13937
14080
13899
13863
14051
13988
14045
13980
14056
13918
14049
14105
14007
13968
13907
14108
14125
13988
13792
14086
13864
14004
13828
14126
13985
13888
14037
14111
14068
14020
14076
14091
13881
14062
14099
13884
13879
14202
14120
14102
13845
13853
13820
14018
13974
14096
13889
13864
14058
14134
14144
14062
13831
14348
13982
14152
14215
14078
13920
13860
14177
13884
14136
14001
14002
14003
14138
14018
13905
13839
13991
13788
13909
14270
14225
14048
13964
14152
13879
14045
14026
14006
13945
14025
14022
14039
14075
14004
13933
14009
13929
14030
13903
14118
13875
13951
14168
14123
14117
13871
13911
14149
13989
14101
13617
13972
13967
14060
14056
13865
13952
14006
14140
14086
13942
14039
14215
14004
13854
13968
14096
13887
13863
13900
14058
14092
14150
14208
13987
13845
13942
13881
14014
14161
14259
13759
14044
13968
13866
14042
13985
13955
14043
14103
13911
13949
13845
13989
13979
13904
14175
14064
13976
14086
13839
13932
13907
14068
14080
13926
13970
14040
14018
14163
13909
13962
13947
14115
14147
14168
13845
14234
14119
13989
14220
14018
13945
14237
13957
14052
13819
13814
13890
14180
14084
14195
13801
14162
13809
14116
13927
13744
14046
13884
13836
13920
13927
13962
13899
13997
13856
13914
13942
14056
14069
14094
13856
13976
14114
13885
13858
13802
14114
13989
14075
14001
13918
13913
14039
14060
13871
13985
14112
14011
14032
13854
13940
13943
13898
13998
13843
13912
14112
14068
13914
14102
13763
14012
14041
13923
13959
13929
13895
13928
13920
13838
13986
13725
13861
13803
14125
14051
14017
14017
13946
13609
13735
14010
13741
14051
13851
13908
13855
13959
13761
14005
13828
13973
13814
13895
13840
14110
13824
14053
13764
13945
13886
13819
14035
13721
14047
13814
14010
14068
13756
13880
13897
13936
13689
13817
13815
13733
14057
13870
13852
13783
13840
13807
14052
13873
13598
13810
13763
13520
13831
14021
13617
13730
13543
13714
13748
13642
13676
13893
13666
13725
13708
13694
13661
13697
13617
13703
13774
13568
13754
13595
13526
13697
13470
13746
13714
13595
13698
13396
13617
13572
13405
13544
13397
13619
13437
13374
13456
13406
13491
13264
13201
13258
13394
13292
13261
13216
13042
12897
13242
13171
13050
12764
12948
12862
12743
12635
12566
12563
12273
12332
12340
12065
12090
11651
11836
11345
11482
11027
10898
10491
10491
10251
10118
9774
9876
9427
9383
9413
9218
9172
8880
9426
9049
9042
9218
9397
9454
9194
9339
9631
9424
9367
9384
9071
9127
8881
9161
9145
9122
9342
9338
9534
9631
9812
10021
10097
10363
10645
10811
11147
11221
11399
11551
11800
11850
11972
12222
12429
12514
12545
12701
12672
12706
12681
12928
12769
12713
12880
13004
13103
13464
13059
13268
13120
13269
13136
13237
13502
13309
13467
13443
13621
13387
13604
13499
13383
13481
13410
13773
13537
13686
13510
13725
13415
13412
13628
13633
13527
13602
13690
13843
13597
13607
13712
13619
13417
13895
13820
13701
13733
13729
13717
13841
13675
13716
13970
13856
13657
13690
13847
13796
13740
13698
13675
13788
13787
13840
13964
13845
13870
13498
13987
14046
13974
13760
14051
13645
13934
13926
13881
14033
14032
14082
13983
13822
13901
13822
13926
13708
13773
14170
14052
13837
13988
14017
13695
13823
13767
13653
14046
14071
13943
14026
13931
13874
13852
13763
13961
13764
13810
14089
13870
13782
13825
14105
14003
13988
14065
14073
13976
13977
14079
13952
13791
13962
13856
13957
14033
13839
14174
13801
14103
14040
13723
13953
13820
13772
13914
13934
14115
13666
13965
14103
13728
13825
13793
13867
13937
13748
13852
14033
14068
13879
13878
13898
13886
13940
14051
13844
13953
14056
14030
14069
14273
14287
13778
13750
13993
13984
13877
14164
14117
14132
14039
13727
13995
13867
14003
13976
13956
13893
14148
14053
14124
13905
14021
13977
14193
13957
13994
13905
14079
13928
14042
13983
14030
13965
13985
14144
13859
13959
13977
13931
14096
14016
14007
14129
13916
14175
13811
13905
14011
13838
13808
14031
14015
14100
