19651
19513
19834
19643
19617
19717
19628
19890
19655
19733
19688
19822
19654
19724
19862
19889
19609
19702
19523
19726
19838
19913
19848
19887
19602
19522
19709
19889
20058
19711
19742
19509
20045
19715
19790
19574
20021
19726
19567
19525
19779
19742
19682
19633
19663
19446
19812
19694
19741
19909
19808
19754
19921
19615
19483
19448
19758
19703
19710
19758
19826
19498
19901
19613
19757
19730
19842
19623
19689
19680
19653
19779
19728
19585
19735
19664
19770
19553
19868
19759
19529
19478
19757
19545
19727
19801
19657
19820
19568
19571
19835
19885
19622
19808
19685
19635
19749
19686
19589
20157
19649
19447
19424
19782
19765
19720
19812
19525
19579
19622
19729
19740
19856
19648
19735
19564
19675
19680
19571
19824
19683
19601
19770
19723
19551
19528
19514
19598
19495
19494
19611
19555
19535
19671
19548
19463
19636
19566
19618
19350
19332
19664
19638
19686
19613
19685
19498
19569
19585
19520
19344
19492
19505
19729
19494
19679
19648
19456
19330
19314
19485
19365
19341
19375
19240
19295
19587
19273
19310
19134
19515
19350
19522
19661
19414
19387
19191
19241
19247
19305
19279
19129
19043
19090
18863
19336
19333
19075
19110
19071
19176
19130
18985
18956
19046
19092
18795
18870
18750
18771
18924
18756
18935
18623
18614
18824
18569
18579
18217
18239
18658
17964
18090
18196
18057
17934
17733
17861
17362
17444
17039
17149
16669
16365
16606
16096
15943
15600
15077
14939
14612
14292
14148
13788
13521
13364
13202
13244
12825
12797
12830
12949
12965
13072
13159
13438
13327
13471
13450
13322
13201
13208
13099
12889
12925
12810
12996
12954
13304
13281
13460
13498
13910
14166
14561
14766
14898
15470
15546
16074
16001
16365
16627
16841
17028
17102
17363
17606
17824
17803
17979
17897
17980
18053
18353
18143
18431
18315
18231
18592
18722
18435
18545
18686
18896
18715
18757
18715
18932
18945
19200
18916
18818
19178
19085
19103
19223
19234
19333
19207
18992
19092
18892
19116
19528
19209
19330
19451
19480
19193
19460
19290
19356
19352
19462
19486
19292
19527
19384
19280
19298
19553
19269
19586
19306
19405
19448
19285
19332
19668
19462
19494
19716
19395
19687
19705
19475
19650
19537
19676
19507
19389
19520
19583
19557
19670
19544
19434
19633
19643
19422
19646
19828
19566
19901
19294
19540
19783
19629
19733
19879
19572
19616
19702
19688
19661
20004
19653
19566
19574
19544
19812
19624
19474
19710
19842
19755
19789
19841
19748
19823
19928
19755
19693
19547
19755
19876
19624
19514
19767
19664
19884
19395
19949
19707
19628
19825
19990
19842
19689
19745
19778
19510
19738
19946
19558
19687
19923
19805
19806
19593
19568
19524
19669
19656
19923
19528
19543
19829
19911
19881
19793
19673
20086
19728
19855
19961
19905
19610
19596
19783
19517
20060
19780
19645
19663
19765
19725
19782
19652
19730
19475
19625
19969
19920
19906
19622
19825
19648
19841
19761
19724
19717
19776
19839
19813
19664
19825
19731
19748
19656
19783
19663
19817
19675
19679
19955
19850
19736
19584
19636
20039
19647
19806
19316
19729
19656
19795
19745
19715
19523
19740
19855
19805
19696
19971
19993
19693
19519
19683
19818
19504
19585
19569
19836
19849
19935
19969
19651
19553
19722
19584
19796
19980
19940
19511
19803
19642
19616
19792
19692
19771
19737
19696
19675
19687
19505
19707
19737
19571
19924
19908
19747
19720
19547
19646
19694
19701
19629
19563
19821
19797
19634
19834
19645
19795
19764
19838
19945
19791
19535
20012
19915
19709
19930
19731
19690
19902
19768
19883
19505
19538
19645
19920
19825
19965
19583
19964
19580
19812
19623
19443
19805
19508
19473
19805
19659
19722
19662
19636
19488
19655
19700
19801
19779
19781
19678
19713
19601
19597
19583
19522
19742
19662
19918
19817
19589
19701
19762
19682
19503
19739
19835
19786
19840
19587
19706
19713
19649
19715
19553
19670
19817
19847
19663
19675
19381
19716
19706
19687
19646
19543
19636
19656
19605
19508
19628
19426
19546
19443
19729
19810
19675
19679
19650
19287
19396
19777
19412
19743
19609
19536
19634
19676
19327
19668
19405
19669
19440
19615
19415
19728
19520
19642
19399
19576
19590
19498
19782
19528
19742
19580
19812
19801
19636
19587
19536
19553
19346
19515
19366
19496
19685
19469
19556
19339
19517
19502
19772
19547
19183
19450
19576
19163
19443
19625
19317
19319
19238
19389
19390
19345
19267
19661
19226
19217
19312
19198
19328
19290
19184
19281
19326
19093
19343
19293
19226
19201
19012
19236
19328
19074
19217
19003
19120
19052
18969
19058
18850
19241
18999
18797
18847
18880
18989
18774
18736
18768
18798
18735
18723
18583
18449
18259
18654
18599
18325
18016
18280
18178
17852
17927
17718
17697
17407
17440
17330
17138
16867
16504
16546
16077
16250
15462
15406
15004
14717
14479
14262
13836
13839
13345
13326
13277
12988
12939
12564
13150
12741
12910
13039
13256
13364
13063
13297
13489
13285
13224
13255
12909
12901
12536
12829
12893
12896
13019
13174
13398
13581
13751
14148
14294
14620
15003
15130
15657
15968
16205
16259
16510
16740
16966
17201
17507
17574
17660
17801
17789
17857
17894
18227
18075
17856
18082
18302
18517
18897
18446
18766
18581
18665
18544
18758
18931
18828
18979
18929
19223
18888
19107
19117
18806
18969
19036
19218
19042
19264
18949
19232
19013
19047
19131
19119
19116
19314
19230
19432
19226
19224
19509
19190
19023
19603
19451
19324
19481
19381
19303
19387
19308
19331
19510
19438
19355
19239
19547
19481
19358
19436
19426
19393
19680
19606
19562
19548
19515
19332
19612
19770
19663
19298
19731
19280
19685
19531
19504
19673
19606
19813
19558
19387
19559
19481
19622
19562
19414
19726
19804
19542
19756
19587
19370
19514
19552
19258
19765
19796
19602
19712
19668
19728
19461
19496
19627
19273
19606
19883
19635
19423
19559
19688
19832
19622
19866
19790
19729
19761
19853
19727
19528
19712
19497
19715
19832
19523
19868
19485
19759
19660
19436
19760
19496
19470
19599
19600
19867
19435
19639
19768
19499
19576
19483
19744
19566
19560
19581
19582
19764
19598
19525
19606
19583
19799
19788
19766
19581
19781
19784
19781
19893
19874
19446
19380
19792
19737
19655
19941
19828
19876
19713
19491
19809
19623
19788
19619
19757
19594
19819
19815
19820
19619
19765
19749
19820
19667
19752
19681
19843
19700
19659
19742
19819
19690
19719
19920
19511
19797
19631
19661
19894
19794
19798
19887
19637
19943
19546
19593
19754
19551
19615
19831
19648
19806
