1787
1742
1797
1746
1865
1740
1723
1737
1753
1806
1782
1769
1719
1746
1830
1751
1746
1763
1698
1735
1794
1813
1845
1816
1759
1766
1782
1712
1776
1782
1723
1703
1783
1758
1783
1780
1809
1738
1685
1749
1704
1762
1773
1752
1816
1720
1802
1793
1780
1763
1798
1717
1920
1686
1736
1747
1747
1748
1766
1724
1757
1708
1790
1722
1752
1773
1792
1739
1761
1783
1756
1704
1718
1731
1783
1766
1719
1704
1736
1763
1844
1747
1742
1781
1762
1760
1747
1771
1760
1749
1791
1796
1724
1699
1770
1725
1801
1719
1725
1890
1807
1748
1723
1735
1749
1825
1796
1775
1721
1779
1750
1747
1782
1779
1757
1784
1690
1741
1842
1776
1675
1798
1764
1681
1774
1769
1711
1784
1687
1724
1738
1785
1746
1711
1760
1680
1712
1730
1885
1817
1719
1769
1769
1786
1773
1788
1718
1687
1763
1728
1758
1682
1741
1662
1694
1796
1769
1679
1765
1648
1782
1717
1714
1780
1691
1731
1749
1720
1687
1731
1775
1768
1798
1730
1659
1722
1737
1701
1662
1785
1681
1716
1706
1722
1726
1807
1752
1659
1767
1666
1696
1720
1688
1681
1686
1692
1602
1710
1642
1683
1702
1680
1752
1648
1682
1719
1606
1663
1720
1653
1718
1597
1570
1621
1614
1597
1610
1637
1551
1542
1510
1601
1497
1438
1475
1500
1404
1403
1364
1283
1274
1269
1343
1242
1183
1136
1182
1221
1163
1147
1123
1181
1180
1133
1144
1245
1212
1214
1200
1228
1152
1195
1160
1137
1172
1173
1144
1158
1192
1157
1256
1138
1283
1276
1281
1371
1312
1357
1368
1412
1408
1477
1517
1524
1530
1545
1576
1536
1601
1633
1624
1596
1661
1559
1596
1657
1694
1666
1585
1632
1586
1631
1663
1725
1730
1661
1614
1677
1717
1680
1694
1684
1720
1725
1710
1717
1659
1732
1706
1728
1767
1681
1617
1780
1757
1663
1706
1723
1700
1727
1712
1757
1711
1707
1747
1790
1747
1719
1759
1674
1731
1735
1689
1737
1689
1737
1739
1784
1864
1800
1764
1713
1778
1767
1740
1789
1669
1728
1687
1752
1731
1761
1832
1741
1752
1777
1763
1733
1840
1803
1738
1769
1778
1765
1750
1637
1764
1828
1720
1758
1780
1733
1766
1754
1761
1797
1740
1724
1683
1818
1787
1724
1719
1704
1761
1717
1777
1729
1732
1730
1723
1745
1712
1700
1754
1805
1784
1711
1764
1808
1699
1737
1739
1751
1730
1731
1747
1768
1769
1765
1733
1773
1747
1857
1792
1714
1764
1770
1778
1804
1805
1830
1724
1786
1684
1752
1732
1698
1810
1813
1833
1737
1707
1828
1809
1814
1799
1744
1743
1737
1767
1744
1794
1788
1750
1749
1815
1715
1686
1753
1722
1696
1761
1793
1808
1736
1769
1879
1769
1729
1690
1786
1701
1764
1713
1775
1844
1745
1785
1799
1780
1769
1723
1775
1797
1739
1824
1794
1782
1781
1822
1776
1842
1748
1623
1707
1790
1767
1799
1733
1750
1752
1792
1746
1742
1764
1779
1730
1737
1843
1728
1730
1761
1823
1770
1737
1731
1763
1801
1733
1685
1747
1705
1839
1780
1791
1702
1738
1801
1713
1790
1764
1782
1759
1727
1748
1744
1753
1696
1727
1752
1699
1740
1831
1736
1724
1787
1794
1727
1777
1786
1724
1740
1738
1757
1769
1826
1713
1719
1782
1663
1794
1750
1734
1795
1763
1820
1795
1725
1748
1774
1780
1747
1887
1788
1814
1694
1831
1758
1733
1819
1777
1816
1698
1751
1792
1709
1733
1807
1800
1684
1763
1758
1754
1760
1783
1762
1797
1756
1736
1704
1740
1775
1758
1733
1788
1818
1736
1723
1846
1777
1745
1738
1674
1788
1775
1789
1737
1788
1723
1786
1815
1707
1758
1698
1719
1710
1788
1729
1736
1795
1758
1734
1720
1705
1776
1806
1664
1726
1714
1740
1771
1726
1713
1767
1706
1785
1784
1733
1822
1785
1764
1744
1755
1761
1785
1681
1759
1734
1800
1721
1737
1748
1794
1673
1764
1734
1772
1739
1755
1788
1730
1791
1781
1803
1700
1729
1771
1690
1720
1784
1744
1731
1728
1791
1697
1738
1801
1780
1740
1686
1773
1745
1669
1732
1742
1709
1767
1763
1693
1714
1703
1641
1756
1709
1682
1756
1714
1752
1732
1736
1696
1766
1732
1700
1705
1704
1722
1636
1676
1767
1663
1780
1664
1720
1707
1713
1674
1687
1706
1714
1742
1682
1690
1646
1676
1638
1728
1687
1674
1638
1642
1634
1704
1645
1627
1648
1589
1651
1614
1565
1583
1529
1541
1558
1657
1529
1487
1540
1432
1474
1415
1459
1389
1378
1287
1283
1251
1276
1224
1288
1142
1160
1221
1174
1160
1146
1141
1111
1119
1192
1142
1191
1178
1177
1243
1169
1150
1156
1109
1171
1091
1167
1140
1187
1181
1173
1210
1206
1240
1203
1275
1343
1328
1386
1427
1380
1429
1447
1496
1460
1554
1568
1553
1675
1602
1626
1544
1589
1597
1605
1572
1627
1578
1628
1627
1643
1635
1676
1642
1716
1671
1641
1728
1617
1705
1637
1717
1645
1708
1695
1688
1697
1671
1714
1671
1695
1738
1728
1698
1720
1626
1740
1627
1792
1737
1765
1679
1738
1700
1646
1694
1686
1686
1705
1692
1752
1747
1775
1730
1701
1734
1715
1722
1777
1767
1754
1769
1712
1637
1696
1744
1694
1756
1736
1748
1651
1720
1767
1757
1782
1781
1674
1721
1811
1727
1833
1752
1777
1719
1774
1721
1708
1805
1747
1743
1705
1810
1833
1806
1744
1715
1803
1759
1720
1748
1723
1736
1731
1775
1765
1724
1667
1659
1727
1685
1752
1743
1762
1763
1775
1760
1753
1765
1724
1752
1770
1812
1774
1738
1771
1742
1738
1832
1719
1780
1784
1732
1791
1749
1789
1748
1818
1722
1792
1774
1788
1781
1826
1674
1774
1702
1777
1714
1765
1751
1777
1800
1729
1747
1783
1786
1737
1735
1785
1786
1851
1748
1751
1718
1785
1752
1751
1782
1763
1773
1781
1800
1769
1765
1726
1723
1706
1782
1807
1745
1840
1797
1819
1735
1722
1787
1812
1755
1795
1744
1748
1735
1695
1743
1807
1797
1844
1811
1735
1734
1741
1726
1718
1727
1749
1721
1783
1761
1783
1729
1803
1823
1719
1747
1806
1831
1782
