19352
19218
19509
19358
19324
19444
19363
19608
19387
19455
19392
19541
19368
19411
19567
19573
19321
19414
19229
19423
19552
19672
19565
19623
19279
19197
19423
19580
19768
19434
19433
19229
19778
19408
19475
19320
19719
19435
19285
19250
19476
19458
19384
19357
19370
19154
19550
19397
19448
19590
19503
19470
19619
19316
19211
19153
19469
19408
19410
19495
19507
19209
19592
19319
19470
19435
19553
19318
19402
19395
19359
19492
19468
19310
19433
19370
19453
19269
19583
19461
19242
19193
19486
19246
19420
19500
19372
19532
19288
19276
19530
19584
19308
19519
19367
19333
19474
19416
19344
19839
19378
19167
19139
19478
19496
19435
19528
19233
19269
19311
19466
19439
19563
19376
19441
19300
19377
19367
19287
19549
19388
19309
19493
19419
19272
19238
19201
19298
19203
19207
19354
19267
19253
19360
19272
19168
19326
19268
19345
19079
19045
19382
19374
19407
19313
19428
19210
19288
19311
19250
19054
19190
19211
19445
19211
19385
19370
19174
19078
19035
19182
19090
19070
19082
18969
19019
19336
19026
19021
18855
19244
19076
19224
19373
19124
19104
18910
18963
18967
19021
18994
18864
18772
18857
18578
19047
19058
18802
18841
18788
18874
18842
18706
18668
18746
18818
18524
18587
18486
18479
18661
18466
18661
18367
18347
18562
18285
18299
17950
17957
18376
17708
17828
17919
17810
17672
17470
17587
17101
17180
16795
16903
16399
16126
16382
15855
15692
15387
14882
14723
14398
14101
13959
13585
13319
13126
12989
13026
12623
12614
12645
12773
12774
12881
12956
13266
13110
13260
13246
13112
12981
12996
12900
12685
12740
12638
12786
12766
13090
13084
13280
13273
13723
13977
14365
14556
14670
15245
15330
15842
15775
16121
16390
16587
16798
16840
17117
17352
17575
17522
17682
17644
17691
17797
18071
17864
18144
18024
17981
18337
18424
18176
18262
18423
18638
18445
18505
18457
18652
18670
18944
18657
18552
18890
18820
18834
18919
18956
19038
18947
18740
18824
18636
18821
19239
18941
19057
19180
19158
18925
19178
19013
19060
19092
19202
19184
18992
19254
19101
19001
19003
19277
18983
19308
19029
19125
19173
18974
19050
19387
19159
19216
19430
19127
19405
19416
19180
19373
19228
19388
19205
19137
19248
19311
19301
19408
19267
19175
19354
19347
19130
19348
19557
19288
19601
19041
19271
19519
19352
19437
19607
19315
19326
19433
19395
19362
19697
19352
19276
19282
19241
19532
19328
19207
19425
19521
19487
19503
19563
19476
19529
19643
19479
19416
19283
19481
19607
19333
19230
19462
19376
19613
19114
19644
19401
19355
19550
19689
19527
19416
19441
19483
19250
19431
19661
19232
19396
19643
19501
19528
19325
19279
19233
19397
19380
19640
19247
19244
19546
19653
19564
19466
19348
19795
19443
19562
19700
19641
19307
19316
19500
19246
19778
19477
19332
19376
19491
19457
19492
19344
19448
19187
19325
19700
19600
19627
19372
19512
19338
19523
19489
19451
19437
19477
19552
19514
19378
19552
19452
19466
19365
19496
19388
19533
19380
19358
19693
19552
19455
19300
19317
19748
19327
19548
19047
19445
19392
19518
19467
19388
19222
19476
19565
19509
19398
19681
19685
19404
19246
19377
19542
19221
19305
19276
19509
19546
19626
19703
19368
19287
19394
19319
19510
19676
19666
19210
19524
19345
19345
19487
19418
19491
19454
19416
19374
19394
19235
19423
19452
19267
19679
19635
19465
19420
19196
19344
19433
19412
19328
19270
19550
19518
19345
19560
19342
19505
19471
19550
19648
19523
19252
19726
19621
19429
19655
19421
19398
19597
19487
19597
19212
19256
19361
19657
19536
19675
19316
19679
19266
19505
19348
19183
19490
19205
19206
19490
19395
19469
19368
19301
19227
19355
19388
19530
19507
19509
19397
19429
19309
19309
19308
19214
19447
19365
19660
19509
19287
19350
19487
19417
19204
19461
19581
19497
19539
19289
19425
19457
19353
19430
19277
19403
19572
19544
19378
19378
19084
19469
19387
19381
19363
19270
19357
19374
19278
19250
19354
19143
19254
19166
19470
19529
19382
19361
19373
19030
19106
19490
19137
19460
19337
19250
19308
19393
19057
19380
19147
19398
19168
19334
19128
19453
19238
19346
19133
19302
19299
19208
19480
19234
19474
19294
19528
19534
19359
19297
19262
19254
19079
19228
19057
19199
19410
19167
19266
19053
19233
19211
19472
19266
18912
19148
19287
18875
19159
19327
19014
19015
18981
19066
19096
19070
18985
19370
18952
18946
19013
18927
19045
18996
18930
18991
19014
18806
19040
19026
18954
18929
18720
18962
19071
18806
18962
18732
18870
18776
18676
18742
18562
18940
18724
18528
18561
18613
18685
18510
18466
18520
18535
18469
18452
18333
18172
17974
18388
18312
18076
17760
18035
17900
17611
17654
17461
17443
17159
17193
17084
16892
16617
16243
16297
15837
16017
15238
15191
14779
14500
14264
14054
13640
13628
13158
13117
13080
12808
12731
12380
12967
12571
12707
12887
13034
13171
12876
13114
13293
13079
13039
13056
12700
12700
12366
12641
12692
12704
12836
12976
13185
13391
13568
13935
14083
14408
14772
14904
15436
15737
15964
16002
16252
16500
16712
16955
17258
17338
17417
17549
17547
17576
17654
17965
17819
17583
17828
18037
18267
18611
18209
18519
18308
18375
18287
18486
18651
18537
18695
18652
18933
18623
18852
18829
18531
18682
18754
18989
18781
18975
18670
18966
18727
18747
18849
18847
18828
19036
18947
19153
18933
18946
19204
18892
18727
19342
19160
19040
19205
19114
18981
19110
19026
19047
19221
19175
19075
18942
19265
19178
19084
19150
19145
19097
19367
19332
19265
19267
19216
19034
19329
19498
19347
19013
19451
18969
19412
19259
19216
19410
19326
19522
19314
19078
19257
19221
19318
19280
19142
19444
19529
19258
19477
19318
19049
19227
19234
18998
19476
19470
19320
19413
19398
19426
19172
19232
19354
18984
19329
19587
19354
19134
19310
19413
19536
19371
19580
19513
19452
19489
19568
19471
19265
19408
19188
19418
19528
19244
19602
19186
19502
19369
19149
19477
19203
19170
19325
19298
19569
19124
19359
19497
19203
19278
19211
19441
19255
19265
19289
19311
19441
19309
19230
19304
19310
19519
19506
19448
19273
19500
19483
19482
19626
19610
19167
19113
19525
19462
19350
19635
19521
19571
19403
19223
19523
19333
19500
19327
19461
19311
19566
19535
19529
19342
19473
19462
19539
19393
19469
19379
19578
19411
19374
19474
19527
19431
19431
19644
19244
19483
19349
19382
19584
19517
19493
19603
19371
19639
19255
19286
19463
19278
19344
19540
19373
19535
