5676
5612
5638
5659
5798
5570
5642
5707
5692
5742
5711
5747
5699
5582
5729
5559
5647
5574
5611
5649
5745
5691
5700
5714
5639
5597
5650
5756
5658
5641
5670
5603
5784
5551
5557
5581
5788
5724
5622
5601
5588
5660
5690
5641
5681
5685
5735
5709
5642
5619
5735
5632
5820
5599
5581
5546
5672
5589
5658
5664
5631
5524
5785
5549
5654
5727
5669
5615
5619
5676
5573
5635
5612
5517
5695
5720
5652
5568
5692
5703
5694
5690
5594
5679
5659
5757
5634
5731
5625
5600
5663
5764
5552
5552
5681
5587
5745
5546
5560
5818
5796
5614
5522
5747
5658
5667
5571
5609
5619
5525
5671
5585
5774
5613
5644
5719
5589
5604
5669
5694
5529
5672
5650
5657
5623
5643
5591
5704
5627
5629
5669
5613
5574
5597
5617
5474
5673
5574
5700
5625
5491
5660
5617
5673
5639
5659
5460
5575
5571
5651
5505
5582
5664
5622
5603
5650
5668
5673
5681
5453
5651
5515
5600
5555
5508
5551
5713
5538
5619
5494
5565
5622
5610
5691
5542
5640
5581
5491
5523
5552
5459
5492
5552
5543
5480
5620
5564
5462
5523
5425
5490
5437
5355
5437
5464
5402
5327
5470
5309
5418
5408
5348
5432
5299
5412
5329
5354
5293
5310
5213
5468
5153
5154
5233
5197
5139
5063
5116
4908
5008
4917
4939
4817
4811
4808
4706
4569
4483
4338
4195
4211
4133
4089
3898
3829
3769
3785
3849
3698
3742
3654
3666
3683
3721
3741
3915
3821
3936
3929
3890
3711
3827
3723
3686
3747
3748
3663
3743
3819
3804
3826
3845
4084
4086
4171
4282
4228
4410
4399
4497
4559
4645
4805
4862
4916
4909
5010
5022
5083
5108
5242
5209
5165
5156
5270
5204
5389
5303
5197
5347
5336
5294
5330
5442
5397
5440
5288
5390
5353
5394
5521
5389
5441
5552
5525
5463
5390
5511
5487
5525
5537
5549
5454
5604
5577
5490
5518
5554
5610
5553
5560
5593
5590
5595
5589
5642
5703
5649
5693
5450
5513
5689
5580
5587
5527
5689
5470
5579
5625
5698
5484
5572
5696
5528
5680
5651
5566
5686
5568
5733
5602
5516
5712
5645
5631
5698
5662
5520
5709
5664
5544
5691
5668
5645
5686
5392
5705
5688
5638
5656
5737
5619
5621
5691
5698
5617
5669
5664
5543
5670
5705
5735
5609
5564
5669
5641
5756
5616
5533
5673
5697
5737
5632
5600
5639
5738
5674
5660
5691
5702
5556
5569
5611
5748
5603
5617
5640
5674
5770
5769
5695
5762
5574
5707
5706
5566
5593
5677
5809
5699
5658
5638
5578
5745
5549
5624
5608
5497
5762
5745
5741
5614
5618
5785
5634
5639
5777
5583
5621
5540
5692
5589
5814
5649
5707
5652
5755
5597
5585
5603
5710
5474
5654
5686
5803
5723
5719
5835
5698
5599
5619
5639
5626
5719
5674
5642
5763
5577
5636
5631
5707
5679
5549
5670
5666
5596
5719
5770
5638
5628
5629
5775
5720
5602
5480
5650
5677
5716
5744
5582
5611
5653
5704
5607
5762
5624
5819
5602
5595
5676
5709
5533
5617
5696
5694
5690
5698
5640
5706
5514
5628
5536
5548
5761
5717
5611
5687
5604
5653
5664
5705
5583
5628
5662
5599
5655
5629
5721
5628
5705
5739
5663
5546
5684
5653
5587
5695
5658
5696
5760
5618
5678
5644
5742
5590
5734
5599
5757
5651
5678
5626
5783
5714
5611
5657
5740
5650
5744
5522
5686
5534
5600
5602
5776
5707
5769
5625
5716
5632
5635
5702
5617
5608
5573
5603
5668
5579
5554
5706
5788
5580
5562
5607
5627
5640
5636
5697
5692
5688
5649
5632
5525
5689
5679
5687
5718
5662
5554
5589
5800
5627
5631
5791
5623
5723
5581
5601
5675
5571
5637
5660
5713
5639
5737
5617
5596
5527
5706
5609
5653
5721
5649
5627
5612
5598
5628
5773
5495
5574
5532
5747
5695
5630
5603
5759
5506
5573
5777
5503
5637
5579
5637
5633
5723
5539
5728
5641
5677
5485
5616
5514
5778
5534
5676
5540
5635
5555
5519
5655
5554
5749
5615
5595
5708
5632
5611
5654
5603
5556
5555
5583
5619
5584
5573
5627
5575
5618
5713
5662
5563
5477
5615
5636
5477
5657
5621
5490
5537
5488
5452
5515
5531
5472
5655
5526
5549
5567
5547
5557
5557
5535
5473
5573
5468
5535
5528
5460
5535
5410
5538
5612
5484
5568
5389
5606
5415
5430
5436
5442
5531
5491
5471
5455
5449
5414
5366
5442
5424
5452
5400
5347
5355
5295
5123
5328
5287
5316
5210
5246
5230
5119
5055
5048
5061
4954
5078
4934
4827
5016
4682
4805
4557
4674
4393
4449
4208
4170
4130
4005
3939
3940
3722
3766
3799
3721
3673
3670
3788
3665
3639
3701
3763
3871
3727
3874
3883
3807
3718
3769
3708
3724
3564
3755
3615
3681
3752
3884
3793
3885
3955
3996
4040
4208
4299
4469
4459
4553
4643
4714
4749
4737
4883
4983
5022
5069
5102
5082
5089
5177
5134
5281
5141
5185
5249
5329
5178
5402
5336
5471
5382
5402
5397
5336
5529
5336
5533
5441
5589
5462
5495
5460
5411
5436
5437
5562
5422
5414
5524
5656
5395
5579
5453
5470
5459
5486
5544
5625
5426
5510
5491
5416
5460
5567
5526
5664
5544
5591
5688
5638
5508
5501
5582
5564
5502
5599
5631
5640
5551
5531
5406
5626
5570
5572
5637
5602
5542
5463
5624
5727
5625
5597
5692
5556
5629
5714
5632
5749
5689
5707
5591
5614
5674
5534
5660
5558
5521
5596
5721
5577
5689
5705
5526
5660
5551
5451
5667
5647
5582
5621
5672
5736
5516
5473
5496
5557
5494
5677
5603
5599
5698
5694
5595
5669
5702
5677
5634
5600
5722
5674
5555
5672
5672
5668
5713
5548
5740
5581
5696
5772
5621
5647
5697
5691
5583
5637
5761
5586
5609
5756
5632
5581
5503
5511
5701
5563
5582
5703
5668
5656
5587
5636
5562
5554
5663
5604
5606
5720
5668
5614
5730
5762
5544
5597
5758
5694
5551
5674
5656
5656
5730
5563
5611
5616
5585
5630
5652
5713
5850
5738
5630
5614
5661
5724
5718
5755
5614
5624
5649
5518
5647
5678
5654
5683
5652
5634
5650
5665
5652
5645
5601
5645
5665
5644
5650
5722
5609
5621
5650
5561
5590
5700
5605
5727
