21069
20959
21276
21041
21003
21153
21016
21414
21106
21179
21159
21277
21104
21153
21346
21282
21068
21161
20975
21168
21260
21340
21338
21375
20997
20937
21121
21313
21561
21200
21169
20935
21467
21162
21225
21030
21431
21159
21014
20949
21178
21213
21094
21132
21043
20977
21212
21089
21169
21340
21248
21207
21361
21045
20905
20831
21172
21182
21143
21255
21261
20910
21347
21065
21176
21143
21295
21045
21073
21089
21100
21247
21176
20944
21248
21121
21166
20972
21246
21191
20965
20925
21204
20986
21157
21246
21147
21271
20977
21013
21285
21367
21034
21270
21130
21025
21165
21126
20938
21578
21061
20871
20831
21189
21151
21140
21267
20973
21019
21070
21120
21167
21339
21027
21201
20952
21131
21152
20985
21234
21127
21060
21201
21186
21011
20933
20917
20966
20923
20909
21020
21034
20889
21057
20977
20886
21103
20971
21067
20784
20719
21077
21136
21096
21080
21082
20884
21022
21024
20917
20820
20931
21000
21127
20855
21134
21089
20893
20784
20704
20970
20763
20751
20793
20673
20806
21007
20654
20688
20489
20937
20747
20947
21093
20779
20769
20612
20614
20603
20689
20672
20601
20426
20511
20277
20689
20639
20484
20506
20446
20617
20506
20369
20271
20481
20483
20154
20205
20079
20106
20272
20175
20246
19955
19955
20126
19939
19905
19565
19647
20014
19345
19378
19490
19431
19210
19014
19150
18618
18734
18275
18417
17915
17526
17767
17278
17110
16695
16168
16063
15696
15335
15162
14830
14478
14344
14207
14158
13794
13740
13757
13938
13877
14021
14127
14394
14284
14454
14434
14295
14183
14133
14029
13834
13834
13744
13971
13941
14220
14227
14376
14420
14971
15206
15639
15845
15926
16613
16696
17225
17222
17547
17839
18095
18233
18309
18687
18809
19050
19083
19191
19216
19260
19393
19693
19497
19847
19654
19643
20044
20083
19756
19990
20033
20264
20075
20136
20114
20332
20283
20585
20348
20171
20575
20435
20511
20588
20638
20718
20605
20378
20481
20439
20493
20912
20634
20707
20790
20972
20554
20785
20706
20800
20756
20854
20910
20705
20961
20757
20686
20713
20972
20688
20977
20671
20843
20832
20733
20768
21083
20963
20940
21160
20742
21173
21108
20898
21036
20954
21121
20930
20800
20992
20996
20936
21106
21028
20895
21051
21016
20857
21085
21194
20985
21308
20677
20945
21228
21057
21173
21371
20911
21057
21148
21148
21116
21462
21042
21013
21045
20970
21228
21029
20874
21167
21239
21268
21145
21336
21130
21316
21380
21193
21146
21007
21164
21293
21102
20971
21237
21066
21278
20849
21415
21165
21035
21268
21365
21201
21066
21183
21219
20965
21165
21402
20982
21126
21363
21284
21322
20985
20983
20996
21135
21053
21366
20931
20962
21282
21356
21334
21162
21070
21504
21196
21374
21403
21338
21000
21018
21223
20952
21442
21172
21118
21089
21095
21174
21208
21073
21121
20844
21030
21408
21414
21321
21107
21286
21088
21267
21151
21144
21127
21198
21302
21256
21056
21243
21126
21173
21028
21298
21021
21206
21113
21077
21422
21344
21269
21054
21149
21491
21149
21272
20719
21171
21080
21212
21193
21244
20906
21161
21357
21224
21057
21374
21416
21168
20992
21152
21315
20970
21043
21040
21279
21217
21328
21394
21052
21013
21199
21020
21264
21386
21373
20981
21228
21095
21015
21261
21150
21175
21147
21157
21146
21053
20922
21152
21174
20980
21341
21311
21198
21095
20984
21114
21101
21131
21060
20972
21191
21204
20983
21261
21088
21279
21107
21240
21365
21214
20962
21442
21299
21156
21383
21183
21140
21368
21252
21295
21016
20845
21015
21343
21302
21495
21002
21366
20994
21204
21070
20914
21219
20935
20884
21245
21144
21173
21104
21076
20961
21033
21102
21187
21236
21188
21099
21147
21027
21023
20990
20949
21167
21047
21341
21293
20990
21104
21162
21134
20900
21114
21216
21215
21274
21091
21081
21102
21057
21137
20931
21163
21231
21264
21100
21073
20810
21124
21142
21118
21072
20924
21163
21109
21064
20862
21006
20858
20973
20863
21182
21204
21145
21136
21039
20660
20799
21183
20836
21160
21051
20978
21084
21083
20728
21084
20759
21105
20881
20978
20850
21082
21013
21059
20825
21025
20980
20888
21196
20936
21097
21052
21197
21223
21108
20922
20908
20937
20781
20937
20784
20913
21153
20903
20972
20723
20987
20931
21205
20906
20610
20848
20968
20621
20858
21013
20708
20695
20640
20832
20812
20684
20677
21070
20621
20547
20659
20614
20654
20674
20593
20683
20731
20442
20767
20681
20610
20566
20443
20640
20703
20393
20581
20478
20606
20428
20377
20413
20263
20575
20398
20185
20196
20204
20368
20119
20075
20142
20119
20068
20097
19916
19802
19638
19979
19916
19611
19403
19580
19398
19147
19289
19010
19011
18693
18753
18625
18421
18112
17665
17764
17211
17373
16577
16526
16076
15812
15500
15298
14827
14838
14280
14283
14158
13927
13850
13497
14057
13638
13858
13933
14246
14303
14041
14211
14448
14221
14205
14206
13843
13818
13444
13733
13788
13798
13977
14132
14321
14614
14757
15191
15334
15631
16078
16255
16799
17109
17406
17450
17762
17997
18202
18483
18746
18845
18922
19098
19114
19261
19206
19507
19384
19191
19483
19638
19849
20198
19786
20140
19958
20000
19906
20186
20313
20183
20344
20278
20639
20238
20440
20512
20209
20431
20409
20603
20444
20618
20432
20589
20378
20449
20472
20481
20521
20748
20615
20839
20744
20578
20910
20697
20408
21083
20883
20686
20901
20757
20667
20795
20750
20791
20858
20807
20716
20644
20956
20861
20740
20828
20803
20781
21081
21014
21022
20975
20987
20720
20955
21133
21126
20717
21244
20738
21156
20979
20938
21124
21089
21110
20970
20800
20954
20889
21081
20940
20795
21146
21204
20977
21148
21087
20803
20965
20972
20656
21177
21228
21071
21161
21118
21128
20893
20908
20998
20778
21095
21372
21113
20856
21063
21111
21241
21047
21266
21175
21123
21199
21308
21131
20930
21063
20906
21145
21237
20926
21311
20924
21190
21087
20819
21137
20930
20897
21058
21021
21283
20859
21100
21242
20904
21026
20961
21221
20957
20998
21001
20988
21164
21052
20916
21043
21071
21222
21234
21155
21032
21213
21249
21237
21363
21315
20919
20842
21210
21187
21038
21396
21272
21374
21223
20940
21229
21065
21252
21018
21215
20985
21307
21222
21181
21041
21177
21180
21224
21121
21229
21086
21318
21121
21075
21206
21214
21117
21159
21341
20946
21301
20991
21121
21281
21207
21186
21340
21070
21316
20992
20985
21176
20946
21101
21253
21051
21252
