14478
14358
14530
14494
14530
14558
14452
14636
14529
14568
14528
14781
14547
14569
14800
14632
14515
14550
14524
14563
14612
14635
14639
14725
14431
14381
14552
14732
14745
14552
14607
14356
14758
14525
14570
14489
14686
14610
14495
14375
14519
14611
14588
14461
14671
14474
14636
14655
14630
14571
14652
14501
14730
14550
14360
14347
14601
14505
14544
14598
14632
14340
14715
14449
14632
14577
14584
14465
14484
14480
14487
14585
14667
14425
14539
14550
14566
14384
14610
14597
14447
14488
14500
14388
14467
14656
14518
14588
14523
14452
14629
14670
14461
14563
14500
14462
14685
14489
14473
14869
14552
14393
14245
14613
14623
14520
14554
14480
14522
14465
14616
14560
14720
14580
14542
14551
14509
14401
14515
14702
14499
14492
14627
14523
14596
14436
14315
14566
14387
14483
14503
14424
14374
14399
14430
14252
14495
14470
14518
14370
14292
14512
14592
14622
14475
14583
14308
14288
14479
14491
14252
14376
14514
14563
14333
14550
14534
14474
14468
14194
14468
14286
14272
14201
14191
14261
14467
14202
14352
14060
14393
14284
14483
14589
14299
14276
14263
14219
14173
14172
14181
14069
14179
14106
13901
14348
14372
14133
14157
14069
14091
14085
13939
13975
14033
14115
13929
13969
13784
13788
14001
13835
14040
13802
13789
13857
13670
13719
13457
13451
13849
13333
13362
13493
13383
13230
13118
13334
12771
12921
12552
12621
12317
12164
12353
11999
11793
11579
10988
10936
10807
10514
10469
10167
9903
9846
9826
9799
9427
9424
9465
9519
9599
9587
9788
9916
9891
9934
10015
9856
9727
9764
9611
9532
9512
9539
9435
9526
9855
9769
9861
10016
10277
10480
10861
10935
11017
11364
11467
11874
11785
12074
12346
12469
12579
12594
12889
12981
13082
12982
13160
13226
13242
13323
13481
13402
13642
13487
13412
13731
13740
13600
13751
13847
13937
13864
13790
13907
13912
14000
14171
13975
13871
14225
14127
14009
14088
14096
14304
14085
14091
14197
13908
14172
14364
14171
14366
14404
14326
14288
14365
14286
14328
14363
14332
14311
14299
14412
14340
14224
14145
14443
14129
14417
14323
14452
14298
14230
14356
14460
14285
14484
14598
14296
14504
14512
14282
14575
14398
14539
14432
14276
14404
14466
14409
14542
14438
14366
14498
14481
14339
14566
14544
14421
14702
14240
14528
14604
14449
14548
14659
14420
14433
14556
14458
14562
14820
14575
14403
14447
14458
14639
14463
14433
14599
14558
14635
14595
14602
14497
14606
14647
14597
14547
14500
14679
14679
14551
14319
14665
14483
14629
14400
14715
14550
14471
14656
14710
14639
14589
14617
14657
14458
14621
14688
14476
14470
14775
14658
14691
14412
14420
14415
14562
14514
14695
14449
14434
14681
14733
14717
14626
14380
14917
14533
14697
14791
14691
14455
14427
14726
14423
14709
14535
14582
14546
14708
14578
14510
14430
14583
14345
14497
14848
14796
14633
14528
14712
14431
14634
14621
14556
14552
14564
14605
14617
14621
14597
14526
14607
14439
14624
14463
14714
14444
14501
14739
14675
14672
14458
14468
14737
14525
14656
14195
14509
14544
14614
14630
14474
14522
14538
14723
14645
14495
14627
14834
14551
14425
14509
14709
14445
14438
14463
14697
14670
14724
14753
14561
14437
14511
14425
14636
14723
14810
14329
14653
14545
14379
14623
14552
14500
14627
14637
14476
14505
14387
14565
14574
14470
14757
14656
14530
14635
14395
14510
14451
14631
14641
14512
14521
14621
14573
14727
14492
14564
14527
14689
14771
14778
14413
14798
14676
14553
14792
14580
14535
14819
14530
14632
14385
14359
14414
14780
14614
14768
14398
14758
14421
14687
14479
14301
14615
14457
14388
14524
14509
14565
14485
14575
14433
14458
14506
14618
14635
14642
14449
14567
14690
14464
14459
14372
14693
14563
14655
14580
14504
14490
14584
14618
14439
14548
14667
14607
14621
14419
14484
14499
14467
14558
14415
14488
14687
14677
14483
14668
14348
14563
14584
14513
14491
14480
14494
14475
14478
14394
14546
14240
14462
14378
14683
14597
14546
14554
14525
14182
14281
14578
14334
14601
14415
14462
14408
14537
14330
14583
14397
14493
14358
14461
14394
14698
14380
14592
14315
14519
14486
14366
14559
14316
14571
14377
14552
14662
14371
14422
14457
14503
14244
14420
14350
14334
14633
14435
14396
14341
14406
14390
14654
14441
14166
14365
14376
14102
14369
14550
14168
14319
14134
14318
14358
14187
14210
14465
14206
14267
14286
14264
14204
14257
14157
14270
14307
14131
14264
14217
14072
14207
14072
14251
14320
14143
14266
13923
14205
14089
13972
14097
13959
14189
13978
13950
14010
13918
14015
13810
13742
13779
13911
13827
13787
13782
13620
13453
13778
13708
13582
13280
13449
13374
13276
13201
13109
13080
12771
12867
12806
12539
12561
12130
12319
11853
11935
11488
11364
10946
10894
10640
10526
10190
10270
9814
9774
9798
9572
9555
9245
9814
9422
9445
9617
9775
9895
9574
9711
10038
9791
9766
9745
9434
9485
9233
9557
9507
9489
9691
9711
9907
10012
10167
10451
10486
10800
11055
11239
11578
11716
11889
12010
12260
12311
12456
12739
12933
13022
13044
13195
13195
13246
13172
13403
13272
13222
13417
13572
13662
13995
13603
13819
13683
13815
13667
13797
14028
13866
14022
13979
14133
13930
14166
14049
13874
14008
14002
14306
14060
14245
14050
14281
13966
13988
14159
14186
14096
14185
14271
14397
14162
14172
14296
14159
13932
14502
14400
14259
14283
14277
14270
14365
14219
14274
14497
14429
14227
14277
14453
14390
14344
14293
14255
14296
14392
14401
14497
14447
14434
14065
14539
14590
14565
14285
14628
14220
14491
14490
14437
14643
14616
14628
14527
14374
14428
14383
14492
14320
14365
14717
14646
14414
14550
14599
14236
14395
14332
14182
14610
14632
14470
14643
14539
14469
14398
14330
14561
14344
14362
14658
14442
14331
14419
14649
14591
14521
14661
14651
14534
14555
14625
14553
14336
14572
14449
14522
14600
14427
14735
14343
14687
14599
14276
14565
14379
14297
14440
14528
14711
14256
14572
14687
14299
14445
14358
14470
14515
14309
14407
14587
14662
14396
14438
14501
14412
14511
14635
14476
14519
14631
14644
14622
14825
14849
14379
14365
14562
14551
14461
14735
14635
14685
14586
14299
14585
14444
14542
14568
14522
14441
14731
14645
14714
14503
14610
14578
14738
14498
14565
14489
14630
14454
14576
14568
14647
14541
14576
14787
14408
14555
14532
14513
14714
14575
14563
14709
14505
14738
14419
14426
14553
14424
14392
14594
14542
14690
