13620
13540
13639
13660
13642
13664
13617
13779
13637
13724
13659
13898
13676
13709
13910
13723
13617
13680
13673
13697
13772
13725
13787
13881
13537
13524
13727
13831
13862
13675
13746
13512
13850
13660
13670
13601
13825
13767
13657
13532
13680
13698
13731
13587
13804
13606
13762
13819
13779
13662
13812
13622
13869
13659
13479
13520
13756
13649
13667
13743
13770
13518
13876
13603
13786
13706
13697
13549
13640
13557
13636
13682
13770
13575
13630
13679
13706
13518
13743
13734
13564
13665
13615
13505
13599
13772
13670
13724
13694
13587
13709
13778
13598
13702
13639
13592
13826
13624
13635
13991
13709
13572
13367
13758
13785
13648
13673
13569
13706
13612
13722
13689
13831
13678
13705
13618
13627
13524
13649
13812
13586
13668
13749
13629
13701
13592
13477
13683
13511
13591
13661
13572
13504
13543
13591
13382
13648
13585
13623
13478
13438
13594
13727
13766
13588
13704
13451
13432
13615
13615
13362
13525
13649
13698
13505
13726
13682
13616
13617
13367
13578
13423
13430
13311
13387
13441
13612
13365
13517
13270
13582
13444
13613
13703
13427
13390
13421
13342
13311
13335
13315
13234
13351
13314
13107
13502
13556
13326
13329
13219
13187
13226
13126
13187
13213
13275
13107
13153
12987
12976
13109
12988
13156
12961
12914
13033
12885
12889
12622
12629
13023
12513
12513
12669
12583
12479
12346
12520
12014
12120
11820
11862
11566
11454
11593
11338
11095
10896
10378
10236
10147
9901
9867
9530
9353
9238
9217
9235
8882
8884
8902
8928
8990
8995
9173
9344
9287
9317
9454
9247
9177
9213
9037
8964
8923
8968
8884
8968
9253
9187
9272
9438
9643
9878
10225
10255
10326
10724
10762
11141
11055
11360
11558
11705
11857
11833
12081
12216
12286
12217
12383
12416
12454
12536
12680
12625
12905
12661
12602
12923
12900
12700
12905
13041
13133
13041
13028
13047
13112
13186
13321
13123
13111
13376
13281
13185
13252
13291
13417
13213
13235
13330
13052
13364
13508
13306
13496
13491
13484
13434
13477
13475
13458
13513
13497
13459
13452
13513
13514
13386
13365
13568
13322
13598
13494
13613
13433
13378
13545
13617
13393
13619
13752
13464
13645
13666
13455
13698
13559
13640
13578
13411
13551
13656
13545
13685
13563
13523
13602
13646
13470
13728
13647
13542
13849
13331
13660
13742
13565
13707
13755
13546
13567
13737
13589
13690
13932
13738
13503
13579
13660
13792
13605
13578
13756
13703
13765
13683
13728
13601
13768
13783
13718
13676
13608
13811
13822
13667
13480
13804
13575
13714
13543
13850
13684
13583
13728
13861
13782
13728
13748
13802
13604
13758
13786
13604
13592
13891
13833
13761
13553
13557
13515
13718
13707
13786
13587
13574
13760
13835
13837
13789
13554
14036
13693
13874
13945
13795
13631
13543
13867
13612
13790
13723
13688
13681
13845
13718
13592
13567
13706
13493
13587
13956
13921
13762
13695
13847
13602
13764
13758
13685
13660
13747
13715
13752
13769
13699
13654
13709
13653
13731
13581
13801
13602
13647
13868
13811
13808
13574
13639
13872
13705
13818
13338
13718
13677
13775
13755
13571
13666
13743
13837
13774
13645
13736
13908
13718
13561
13651
13793
13578
13545
13638
13753
13784
13847
13895
13705
13555
13631
13577
13729
13867
13968
13456
13776
13662
13593
13712
13669
13686
13778
13793
13634
13639
13564
13715
13688
13635
13883
13773
13661
13792
13546
13663
13611
13740
13785
13638
13665
13745
13712
13850
13618
13688
13665
13836
13832
13886
13539
13930
13814
13696
13892
13724
13651
13926
13632
13754
13536
13531
13602
13880
13768
13884
13528
13847
13502
13832
13649
13458
13757
13610
13539
13611
13630
13653
13614
13704
13574
13611
13654
13750
13726
13806
13566
13674
13827
13591
13596
13518
13810
13703
13775
13712
13623
13605
13752
13770
13554
13693
13804
13726
13711
13551
13641
13623
13557
13688
13546
13642
13828
13770
13612
13792
13478
13755
13769
13636
13685
13639
13609
13620
13637
13521
13683
13441
13536
13515
13847
13787
13719
13695
13637
13349
13467
13737
13458
13740
13558
13619
13535
13700
13445
13683
13504
13676
13491
13588
13537
13796
13523
13765
13479
13675
13592
13494
13765
13440
13771
13513
13693
13793
13496
13556
13613
13661
13408
13534
13526
13436
13751
13565
13515
13473
13532
13533
13797
13585
13343
13522
13488
13242
13526
13716
13331
13445
13244
13433
13478
13341
13365
13579
13363
13433
13428
13427
13375
13425
13328
13415
13488
13278
13441
13311
13254
13400
13189
13478
13416
13294
13391
13098
13316
13277
13138
13256
13106
13339
13176
13086
13177
13108
13189
12993
12941
12972
13123
13010
12991
12940
12772
12611
12966
12888
12776
12484
12681
12601
12495
12360
12281
12287
12011
12104
12068
11808
11833
11390
11571
11085
11236
10793
10692
10300
10267
10025
9892
9568
9676
9228
9195
9208
9049
9003
8719
9232
8849
8848
9028
9188
9274
9025
9137
9419
9213
9166
9185
8920
8938
8675
8968
8938
8934
9142
9124
9348
9429
9603
9829
9896
10162
10419
10567
10924
10982
11164
11319
11557
11586
11702
11963
12172
12282
12288
12414
12420
12440
12422
12644
12519
12443
12637
12740
12840
13178
12756
12997
12843
13001
12845
12953
13222
13022
13168
13140
13330
13128
13329
13232
13096
13177
13130
13499
13240
13371
13252
13435
13125
13133
13326
13336
13249
13319
13392
13543
13294
13339
13411
13299
13151
13618
13551
13426
13449
13424
13430
13552
13360
13432
13647
13555
13362
13398
13538
13526
13458
13367
13396
13510
13490
13577
13669
13546
13595
13198
13686
13760
13681
13468
13761
13343
13644
13626
13600
13735
13730
13804
13694
13532
13618
13508
13627
13403
13464
13886
13741
13547
13708
13736
13403
13519
13478
13337
13709
13766
13677
13707
13628
13597
13559
13467
13659
13485
13491
13788
13579
13491
13549
13797
13711
13679
13749
13759
13675
13706
13792
13649
13509
13690
13569
13663
13734
13556
13882
13497
13837
13746
13418
13614
13536
13482
13609
13640
13792
13362
13661
13816
13438
13529
13491
13584
13628
13443
13555
13743
13778
13580
13590
13592
13570
13603
13751
13577
13660
13747
13738
13765
13957
14001
13490
13490
13699
13687
13619
13892
13805
13841
13717
13441
13679
13552
13701
13694
13647
13641
13840
13779
13805
13614
13717
13715
13920
13646
13692
13637
13798
13610
13782
13677
13737
13674
13705
13861
13563
13652
13682
13660
13789
13741
13746
13830
13638
13863
13542
13607
13720
13576
13508
13712
13693
13816
