3925
3855
3904
3956
3986
3910
3850
4020
3966
4019
4022
3991
3905
3943
3982
3854
3926
3930
3872
3892
4003
3988
3932
4022
3901
3880
3900
3895
3908
3929
3929
3896
4011
3869
3914
3843
4049
3947
3866
3895
3866
3954
3940
3913
3930
3951
4038
3952
3891
3957
4019
3879
4143
3875
3888
3853
3942
3857
3862
3925
3895
3841
4014
3878
3885
3952
3990
3917
3909
3958
3935
3905
3934
3872
3944
4014
3922
3871
4005
3998
3955
3934
3960
3923
3921
4056
3888
4040
3897
3893
4005
4006
3799
3904
3868
3881
3980
3782
3783
4110
4004
3864
3840
3964
3879
4018
3873
3877
3894
3903
3966
3912
3956
3936
3905
3956
3849
3859
4025
3976
3815
3971
3948
3886
3901
3934
3846
3913
3836
3906
3930
3952
3844
3866
3883
3824
3893
3867
4044
3927
3806
3976
3927
3913
3920
3944
3800
3873
3889
3930
3822
3839
3935
3901
3900
3934
3962
3893
3935
3760
3916
3840
3821
3874
3820
3887
3954
3826
3866
3853
3846
3891
3944
3925
3824
3932
3863
3886
3797
3875
3806
3844
3810
3826
3833
3959
3884
3759
3865
3732
3831
3774
3765
3764
3830
3823
3665
3780
3676
3748
3767
3724
3850
3647
3741
3708
3725
3691
3703
3648
3816
3544
3560
3599
3630
3571
3516
3587
3412
3511
3416
3481
3356
3341
3349
3285
3119
3144
3027
2919
2948
2861
2892
2705
2682
2635
2665
2703
2585
2587
2583
2532
2608
2604
2598
2716
2648
2725
2700
2744
2606
2666
2618
2520
2602
2668
2530
2630
2661
2692
2669
2618
2812
2861
2912
2983
2910
3067
3049
3151
3164
3231
3337
3396
3386
3448
3491
3502
3455
3556
3656
3593
3656
3541
3660
3654
3709
3739
3611
3676
3688
3680
3744
3833
3775
3773
3645
3773
3723
3695
3869
3787
3751
3906
3813
3806
3748
3819
3810
3933
3837
3833
3719
3913
3897
3830
3830
3917
3901
3833
3881
3897
3862
3825
3884
3955
3969
3892
4007
3810
3819
3959
3834
3888
3852
3920
3843
3921
3947
3948
3913
3823
3976
3862
3888
3935
3863
3965
3883
3971
3883
3854
3991
3955
3943
3952
3952
3840
3992
3999
3865
4006
3989
3915
3940
3711
3916
4041
3922
3937
4017
3869
3886
3996
3941
3935
3994
3915
3778
3952
3979
3965
3885
3882
3920
3918
3970
3890
3885
3938
3920
3976
3938
3857
3877
3982
3921
3917
4026
3984
3872
3925
3937
3976
3908
3847
3901
3943
3990
4023
3985
4000
3897
3976
4021
3907
3880
3941
4030
3965
4006
3976
3811
4030
3841
3914
3896
3826
3983
4008
4001
3908
3848
4036
3944
3930
4022
3901
3902
3839
4013
3891
3980
3914
3944
3955
3994
3866
3863
3894
3941
3783
3937
3936
4064
3975
3939
4100
3989
3871
3864
3944
3896
3971
3923
3917
4037
3884
3953
3956
4014
3955
3849
3967
3956
3905
3959
4012
3953
3954
3901
4026
3991
3919
3767
3899
4010
3920
3964
3871
3859
3957
3960
3901
3995
3890
4016
3938
3838
4020
3929
3797
3918
4031
3963
3928
3899
3899
4025
3810
3875
3871
3838
4037
3971
3939
3940
3882
3906
3944
3980
3861
3952
3987
3863
3914
3938
3938
3912
3970
3933
3906
3865
3922
3896
3871
4000
3910
3912
3949
3944
3958
4001
4019
3985
3959
3935
3948
3862
3951
3897
4036
3933
3893
3928
3962
3896
3980
3859
3992
3852
3909
3902
4029
3960
4016
3881
3997
3924
3894
3969
3899
3872
3895
3890
3963
3899
3872
4015
4047
3895
3885
3911
3944
3971
3925
3962
3939
3978
3897
3889
3804
3971
3954
3882
3960
3948
3882
3919
4047
3989
3872
3945
3852
3969
3895
3953
3982
3925
3870
3923
3968
3889
3956
3890
3865
3853
3907
3850
3935
3978
3924
3898
3883
3933
3930
4081
3800
3876
3812
4012
3944
3912
3875
3951
3851
3884
4044
3895
3918
3906
3918
3939
3972
3880
4043
3873
3981
3870
3937
3875
4021
3889
3961
3846
3910
3925
3872
3874
3866
3939
3899
3872
3938
3948
3896
3874
3845
3864
3806
3914
3897
3899
3829
3904
3799
3879
4002
3971
3909
3821
3942
3950
3795
3926
3944
3841
3878
3810
3849
3869
3819
3808
3942
3869
3857
3904
3868
3947
3875
3864
3758
3886
3782
3840
3879
3818
3829
3738
3816
3894
3778
3902
3737
4008
3766
3796
3779
3829
3887
3823
3829
3768
3806
3720
3727
3785
3839
3791
3735
3708
3700
3699
3558
3737
3703
3664
3632
3574
3632
3564
3557
3512
3518
3444
3573
3461
3347
3456
3248
3301
3195
3281
3070
3077
2970
2905
2880
2762
2772
2796
2593
2612
2641
2611
2550
2576
2618
2537
2501
2572
2585
2692
2576
2664
2732
2639
2584
2600
2572
2577
2418
2654
2557
2568
2585
2683
2625
2718
2762
2754
2782
2942
2971
3136
3134
3130
3214
3291
3341
3266
3464
3448
3489
3590
3534
3554
3543
3651
3599
3634
3542
3604
3633
3676
3588
3750
3732
3833
3744
3773
3750
3698
3908
3673
3829
3772
3907
3799
3833
3767
3798
3793
3749
3847
3756
3735
3837
3908
3813
3884
3756
3805
3782
3867
3901
3968
3769
3861
3798
3756
3807
3896
3779
3923
3818
3931
3937
3912
3810
3800
3879
3853
3848
3876
3939
3890
3864
3843
3723
3890
3897
3891
3956
3901
3848
3803
3928
3975
3940
3940
3994
3842
3872
3970
3919
3964
3913
3980
3867
3842
3896
3823
3907
3881
3835
3908
3963
3905
3963
4000
3821
3962
3907
3841
3920
3929
3879
3872
3945
4032
3797
3778
3800
3811
3832
3956
3910
3912
3967
3952
3892
3888
3954
3923
3874
3923
3962
3965
3809
3922
3902
3900
4009
3841
4001
3876
3959
4038
3927
3973
3928
3945
3859
3959
4021
3956
3921
4049
3883
3887
3915
3857
3950
3901
3856
3976
3999
3927
3858
3820
3897
3796
3879
3934
3848
4011
3894
3868
3982
4004
3895
3891
3960
3972
3896
3938
3948
3896
3937
3869
3830
3879
3878
3917
3928
4043
4046
4018
3872
3847
3929
3994
3983
4025
3877
3916
3911
3866
3898
3980
3939
3997
4005
3973
3879
3891
3951
3867
3880
3967
3930
3991
3912
3989
3842
3930
3967
3819
3907
3996
3912
3996
