17915
17823
18082
17852
17904
18037
17907
18164
17920
18046
17957
18127
18005
18016
18176
18155
17906
17946
17870
17983
18103
18195
18104
18231
17870
17710
17942
18131
18264
17991
18018
17751
18237
17977
18068
17949
18241
18035
17872
17776
18020
17982
18013
17941
18036
17778
18130
17983
18064
18105
18103
18043
18213
17931
17802
17726
18040
17951
18030
18090
18063
17774
18161
17874
18022
17976
18075
17887
17936
17962
17918
18101
18024
17915
18021
17968
17958
17778
18100
17966
17824
17839
18009
17800
17978
18053
17959
18066
17895
17854
18079
18105
17939
18113
17921
17938
18103
17979
17844
18379
18017
17741
17703
18035
18044
17990
18064
17859
17872
17890
18069
17989
18114
17952
17942
17867
17938
17957
17907
18127
17947
17918
18088
17983
17881
17810
17803
17900
17777
17823
17955
17866
17808
17942
17903
17663
17904
17877
17919
17661
17644
17957
17957
17985
17841
17989
17781
17824
17924
17820
17652
17771
17867
18006
17780
18022
17952
17753
17711
17594
17852
17660
17692
17645
17559
17668
17893
17643
17691
17404
17802
17656
17788
17951
17685
17685
17512
17552
17611
17615
17569
17462
17409
17456
17189
17625
17661
17409
17489
17415
17445
17428
17324
17310
17340
17405
17168
17244
17071
17110
17308
17163
17259
16991
17059
17122
16867
16978
16677
16649
17047
16434
16541
16627
16533
16368
16153
16309
15865
15898
15549
15650
15206
14946
15218
14735
14555
14282
13770
13630
13290
13080
12974
12608
12295
12187
12006
12098
11705
11669
11688
11835
11821
11926
12056
12313
12130
12287
12322
12124
12012
12011
11942
11770
11776
11712
11792
11847
12106
12100
12285
12319
12725
12954
13362
13448
13589
14093
14218
14650
14568
14901
15202
15354
15525
15584
15899
16037
16270
16151
16383
16331
16387
16405
16735
16454
16856
16690
16663
16978
17011
16842
16942
17089
17270
17095
17079
17087
17281
17357
17526
17297
17169
17574
17447
17385
17511
17571
17632
17489
17377
17447
17262
17488
17839
17541
17640
17777
17744
17549
17759
17630
17684
17761
17788
17724
17604
17803
17739
17569
17585
17883
17559
17889
17577
17711
17723
17621
17679
18005
17763
17806
17997
17758
17911
18023
17764
17920
17820
17957
17828
17710
17776
17922
17905
17987
17859
17731
17951
17856
17721
17955
18063
17869
18147
17596
17951
18100
17911
17965
18224
17908
17908
17986
17889
17950
18198
17990
17883
17897
17809
18159
17879
17824
18017
18083
18060
18058
18094
17970
18072
18180
17973
17944
17934
18060
18177
17912
17797
18048
17983
18127
17676
18162
17923
17952
18090
18249
18093
17964
18050
18060
17862
17989
18216
17862
17979
18237
18037
18133
17873
17850
17815
18003
17952
18154
17818
17842
18103
18188
18176
18074
17874
18339
18005
18144
18269
18234
17886
17911
18128
17817
18319
18030
17988
18003
18034
18043
18057
17922
18078
17768
17882
18312
18228
18138
17910
18105
17842
18131
18069
17979
18038
18064
18113
18097
17990
18144
17981
18027
17899
18061
17958
18110
17954
17909
18217
18120
18045
17851
17863
18242
17901
18158
17658
18050
17978
18038
18014
17919
17875
18001
18108
18034
17977
18266
18242
17982
17836
17929
18121
17818
17872
17868
18071
18083
18167
18230
17997
17912
17981
17854
18042
18299
18207
17759
18123
17972
17869
18090
17936
18027
18030
17999
17954
17971
17812
18012
18031
17882
18207
18223
18051
18067
17781
17974
17970
17995
17963
17860
18075
18039
17955
18159
17999
18027
18005
18125
18188
18135
17847
18260
18181
17998
18191
17977
17970
18170
18071
18154
17784
17781
17899
18160
18084
18220
17862
18214
17840
18083
17949
17757
18036
17855
17805
18026
17941
18058
17904
17851
17842
17914
17894
18038
18078
18066
17950
17966
17984
17914
17856
17843
18028
17992
18180
18052
17892
17970
18104
18017
17800
17970
18126
18050
18152
17845
17977
17997
17911
18017
17886
17934
18145
18110
17930
17999
17741
18010
17991
18009
17897
17817
17972
17911
17882
17833
17918
17694
17829
17685
18081
18107
17904
17996
17950
17665
17741
18010
17704
18046
17855
17861
17877
17958
17625
17941
17758
17935
17773
17927
17788
18035
17775
17930
17744
17864
17842
17802
18012
17798
18019
17900
18056
18133
17853
17873
17835
17838
17672
17791
17658
17769
18033
17793
17841
17702
17895
17766
18082
17872
17543
17734
17866
17468
17739
17911
17522
17568
17552
17648
17679
17649
17566
17963
17538
17600
17610
17552
17639
17613
17499
17533
17667
17448
17626
17616
17496
17541
17328
17538
17646
17437
17596
17337
17487
17366
17249
17358
17229
17503
17310
17134
17207
17212
17289
17114
17030
17133
17175
17119
17073
17041
16822
16605
17040
16982
16840
16523
16698
16582
16343
16354
16113
16191
15873
15929
15820
15629
15431
15051
15161
14682
14842
14127
14073
13610
13433
13227
13013
12622
12684
12193
12198
12136
11797
11795
11427
12030
11630
11769
11873
12062
12194
11960
12157
12265
12106
12122
12026
11720
11707
11480
11715
11747
11753
11928
12013
12245
12409
12586
12925
13040
13364
13675
13842
14283
14561
14775
14831
15069
15234
15464
15754
15993
16074
16162
16241
16317
16330
16326
16653
16441
16313
16523
16704
16877
17299
16893
17089
16974
16994
16926
17036
17318
17142
17269
17222
17446
17247
17488
17442
17158
17327
17315
17579
17411
17620
17268
17579
17283
17365
17475
17437
17456
17636
17530
17740
17486
17594
17758
17527
17314
17944
17752
17619
17743
17671
17638
17724
17636
17657
17808
17753
17679
17611
17809
17789
17738
17755
17749
17670
17912
17855
17843
17844
17823
17612
17926
18102
17952
17659
18024
17539
18020
17868
17830
18015
17958
18047
17961
17715
17810
17834
17939
17833
17747
18018
18044
17825
18008
17897
17619
17770
17848
17592
18057
18060
17883
18014
17911
17927
17774
17753
17903
17560
17818
18201
17877
17797
17814
18037
18086
17918
18176
18107
18059
18042
18120
18000
17779
18050
17848
18012
18097
17886
18145
17758
18085
17953
17742
18048
17766
17719
17886
17902
18155
17650
17982
18065
17716
17818
17810
18015
17776
17823
17797
18001
18023
17815
17760
17840
17904
18061
18113
17962
17880
18014
18090
18086
18236
18206
17775
17711
18118
17991
17938
18196
18113
18140
18027
17777
18057
17857
18028
17916
17999
17815
18158
18101
18087
17949
18067
18053
18145
17890
17979
17939
18069
17956
17900
18053
18093
18003
18044
18201
17858
18098
17969
17929
18136
18085
18019
18127
17905
18115
17824
17844
17978
17875
17879
18042
17923
18141
