12225
12128
12214
12248
12310
12260
12209
12351
12293
12287
12225
12455
12258
12357
12478
12239
12173
12248
12194
12287
12285
12264
12329
12476
12150
12133
12350
12411
12419
12251
12264
12121
12410
12231
12267
12182
12390
12365
12202
12121
12231
12302
12296
12117
12323
12156
12329
12387
12335
12169
12424
12244
12448
12216
12082
12055
12287
12208
12173
12257
12325
12109
12448
12200
12304
12280
12241
12137
12223
12169
12172
12229
12358
12101
12244
12234
12275
12106
12320
12346
12176
12294
12221
12101
12157
12312
12200
12260
12237
12122
12269
12310
12181
12279
12238
12199
12354
12161
12180
12483
12280
12209
11976
12268
12343
12216
12231
12142
12294
12188
12252
12292
12373
12210
12219
12239
12223
12089
12273
12392
12197
12218
12262
12285
12307
12203
12072
12281
12134
12168
12210
12168
12061
12198
12122
11903
12178
12095
12261
12060
11952
12140
12229
12281
12164
12269
12078
12070
12207
12173
11942
12101
12282
12280
12068
12263
12227
12219
12193
11957
12170
12045
12059
11925
11953
11991
12228
11965
12071
11875
12142
11986
12137
12184
12037
11981
12064
11889
11955
11914
11937
11875
11956
11946
11791
12126
12110
11962
11942
11811
11822
11837
11721
11716
11778
11885
11729
11741
11626
11653
11728
11629
11756
11610
11554
11689
11523
11545
11345
11322
11705
11148
11168
11397
11259
11195
11008
11169
10728
10881
10578
10590
10391
10211
10333
10169
9948
9690
9306
9171
9076
8922
8854
8527
8369
8275
8232
8207
7930
7955
7955
8041
8071
8091
8185
8328
8297
8392
8501
8287
8175
8262
8023
8031
7992
8025
7965
8031
8324
8254
8297
8495
8655
8863
9146
9232
9220
9630
9686
9959
9892
10185
10348
10492
10635
10526
10815
10938
10984
10884
11124
11124
11130
11193
11356
11284
11584
11359
11245
11513
11524
11396
11508
11688
11767
11619
11640
11696
11777
11820
11923
11810
11785
12024
11894
11795
11839
11909
12010
11845
11856
11927
11737
11982
12078
11931
12047
12042
12059
12014
12024
12115
12029
12043
12172
12089
12107
12055
12179
11909
11955
12137
11920
12199
12019
12202
12068
12012
12188
12215
12023
12163
12290
12075
12294
12238
11987
12227
12140
12184
12187
12000
12207
12280
12080
12239
12135
12089
12251
12114
12066
12321
12238
12114
12457
11886
12247
12311
12148
12267
12327
12115
12169
12304
12191
12229
12495
12256
12048
12172
12256
12394
12196
12170
12334
12236
12347
12264
12278
12162
12349
12358
12273
12256
12203
12390
12417
12273
12105
12392
12208
12256
12127
12404
12252
12101
12359
12455
12340
12288
12345
12340
12155
12355
12364
12184
12129
12434
12415
12318
12098
12122
12090
12335
12187
12346
12157
12103
12327
12365
12331
12319
12134
12503
12203
12469
12479
12284
12181
12133
12437
12156
12370
12314
12232
12277
12445
12236
12159
12166
12255
12047
12177
12478
12497
12344
12271
12450
12151
12320
12296
12300
12178
12381
12281
12240
12292
12252
12245
12218
12153
12296
12181
12337
12203
12231
12394
12388
12411
12142
12183
12419
12325
12341
11909
12297
12246
12301
12292
12156
12221
12326
12425
12294
12209
12252
12521
12231
12146
12226
12365
12146
12122
12259
12320
12346
12387
12410
12257
12148
12226
12209
12316
12515
12523
12063
12309
12207
12182
12227
12210
12235
12293
12363
12233
12185
12175
12301
12266
12216
12412
12326
12216
12398
12175
12159
12258
12333
12331
12238
12203
12322
12287
12434
12193
12205
12258
12379
12376
12398
12112
12532
12421
12267
12408
12287
12272
12436
12228
12357
12077
12126
12182
12442
12347
12407
12111
12385
12144
12328
12241
12041
12233
12227
12196
12181
12197
12206
12211
12333
12086
12179
12182
12294
12251
12337
12218
12241
12369
12229
12136
12047
12336
12247
12322
12271
12197
12147
12284
12357
12090
12305
12385
12203
12287
12097
12171
12176
12128
12274
12101
12224
12377
12331
12187
12320
12111
12265
12265
12211
12319
12235
12202
12164
12244
12103
12258
12005
12107
12146
12423
12365
12310
12229
12258
11924
12026
12314
12002
12315
12204
12201
12153
12276
12048
12236
12074
12279
12039
12127
12143
12371
12118
12313
12062
12270
12119
12093
12306
12030
12314
12065
12231
12361
12144
12170
12125
12221
12028
12129
12117
12054
12249
12138
12107
12053
12142
12119
12326
12171
11934
12096
12133
11868
12114
12266
11962
12034
11822
11965
12055
11959
11962
12184
11991
12039
12041
12076
11999
12019
11920
11975
12143
11853
12014
11918
11849
12021
11781
11990
12048
11911
12003
11662
11894
11924
11718
11912
11716
11944
11817
11692
11796
11789
11820
11619
11598
11597
11720
11632
11653
11602
11440
11262
11575
11580
11440
11181
11365
11273
11148
11012
11048
11003
10725
10838
10821
10573
10660
10159
10355
9971
10088
9689
9598
9239
9196
8966
8874
8572
8657
8202
8222
8217
8066
8078
7817
8219
7935
7907
8111
8190
8329
8050
8199
8405
8214
8203
8142
7991
7999
7772
8037
7962
8036
8181
8183
8330
8425
8628
8841
8919
9149
9324
9481
9810
9835
9990
10194
10312
10363
10508
10680
10893
11010
11019
11173
11124
11086
11107
11328
11207
11152
11284
11448
11490
11782
11432
11649
11505
11695
11513
11496
11798
11663
11824
11743
11955
11756
11949
11809
11690
11800
11727
12056
11860
11946
11881
12123
11771
11823
11910
11893
11806
11942
12003
12145
11860
11865
12016
11820
11852
12171
12109
12061
12049
11973
12084
12109
11955
12030
12181
12117
11957
11957
12078
12077
12071
11949
11966
12091
12135
12162
12237
12114
12176
11847
12249
12288
12273
12027
12319
12015
12215
12154
12154
12287
12294
12348
12288
12149
12247
12015
12227
11981
12084
12424
12339
12128
12147
12340
12015
12130
12092
11929
12282
12362
12288
12262
12173
12239
12127
12103
12230
12086
12097
12370
12204
12091
12105
12332
12285
12297
12342
12330
12188
12257
12341
12212
12081
12240
12176
12245
12312
12145
12423
12071
12452
12343
12022
12130
12111
12054
12214
12182
12354
11996
12197
12398
12043
12122
12099
12082
12192
12069
12154
12279
12356
12141
12181
12111
12070
12169
12282
12129
12224
12309
12346
12305
12463
12483
12039
12023
12290
12235
12147
12431
12318
12387
12265
12050
12210
12118
12263
12236
12227
12224
12483
12299
12312
12210
12310
12299
12481
12196
12289
12192
12375
12138
12305
12258
12284
12268
12284
12422
12107
12274
12222
12205
12376
12308
12240
12422
12190
12375
12096
12157
12253
12168
12075
12292
12253
12403
