6528
6480
6508
6509
6617
6411
6491
6592
6508
6634
6565
6586
6548
6504
6639
6403
6528
6409
6390
6504
6630
6546
6576
6614
6457
6496
6499
6607
6584
6506
6523
6445
6668
6387
6463
6389
6651
6601
6511
6445
6457
6534
6579
6499
6498
6526
6598
6632
6487
6442
6612
6505
6671
6443
6406
6361
6555
6507
6504
6547
6512
6417
6683
6405
6539
6566
6520
6468
6461
6513
6426
6504
6479
6359
6545
6613
6525
6395
6550
6556
6541
6546
6511
6534
6509
6580
6491
6590
6458
6481
6554
6612
6417
6441
6567
6439
6584
6440
6430
6666
6645
6493
6391
6587
6574
6531
6456
6459
6489
6410
6508
6462
6670
6477
6490
6610
6469
6463
6530
6600
6405
6528
6507
6531
6434
6490
6465
6529
6518
6455
6532
6463
6436
6468
6473
6323
6515
6419
6579
6444
6347
6493
6473
6533
6494
6553
6287
6396
6468
6476
6352
6436
6538
6526
6393
6484
6504
6512
6552
6304
6538
6344
6438
6355
6352
6421
6574
6440
6464
6306
6444
6466
6465
6505
6411
6478
6448
6363
6369
6370
6310
6331
6403
6375
6277
6505
6407
6332
6395
6272
6293
6287
6201
6262
6305
6239
6189
6248
6174
6223
6242
6187
6251
6096
6234
6152
6200
6092
6096
6003
6246
5950
5936
6035
5943
5938
5829
5925
5650
5752
5674
5725
5564
5477
5490
5356
5267
5132
5005
4815
4866
4709
4724
4509
4419
4370
4325
4416
4219
4302
4183
4238
4241
4261
4308
4539
4411
4475
4511
4458
4355
4439
4258
4265
4314
4310
4247
4287
4443
4411
4362
4449
4692
4734
4792
4932
4849
5098
5108
5226
5229
5401
5513
5597
5604
5634
5762
5796
5845
5899
5985
5962
5935
5956
6079
6027
6177
6078
6011
6134
6161
6134
6185
6242
6233
6242
6118
6218
6151
6277
6371
6197
6256
6417
6404
6309
6261
6285
6311
6324
6397
6361
6279
6442
6412
6325
6352
6425
6483
6351
6423
6513
6419
6485
6434
6476
6513
6500
6529
6282
6326
6522
6392
6404
6376
6514
6258
6426
6461
6571
6344
6451
6579
6354
6539
6457
6418
6536
6461
6536
6460
6341
6559
6499
6451
6531
6511
6397
6592
6481
6388
6498
6548
6521
6558
6251
6564
6582
6498
6542
6595
6452
6461
6583
6536
6509
6526
6503
6395
6514
6533
6605
6488
6430
6520
6527
6679
6547
6435
6500
6574
6644
6536
6472
6531
6638
6494
6497
6525
6535
6432
6394
6455
6569
6481
6464
6546
6599
6624
6638
6561
6664
6453
6589
6518
6413
6450
6572
6678
6554
6482
6489
6393
6582
6391
6521
6440
6363
6612
6585
6634
6495
6487
6652
6523
6526
6651
6465
6481
6380
6620
6461
6640
6527
6577
6492
6586
6450
6475
6435
6523
6326
6456
6565
6629
6583
6563
6644
6542
6509
6479
6537
6487
6547
6514
6483
6614
6427
6495
6485
6505
6523
6395
6526
6562
6448
6537
6623
6521
6493
6426
6658
6535
6435
6370
6524
6535
6603
6593
6416
6462
6512
6596
6461
6599
6555
6705
6464
6473
6521
6623
6421
6420
6523
6559
6571
6559
6480
6543
6398
6499
6376
6489
6616
6575
6442
6572
6471
6506
6506
6559
6436
6484
6551
6455
6527
6503
6540
6536
6544
6611
6583
6402
6570
6492
6443
6545
6570
6591
6607
6516
6571
6485
6588
6420
6550
6475
6653
6482
6556
6486
6665
6594
6507
6545
6575
6478
6607
6369
6595
6346
6411
6424
6616
6557
6613
6477
6572
6488
6519
6520
6423
6499
6431
6443
6479
6425
6463
6565
6632
6418
6426
6447
6451
6496
6478
6527
6530
6538
6499
6467
6406
6519
6553
6576
6567
6505
6395
6457
6651
6445
6456
6638
6482
6584
6472
6367
6554
6448
6501
6494
6621
6531
6580
6495
6489
6386
6581
6472
6515
6574
6491
6527
6458
6472
6490
6614
6340
6422
6368
6607
6569
6528
6420
6582
6315
6415
6607
6411
6430
6458
6517
6506
6579
6416
6530
6447
6546
6336
6487
6421
6624
6385
6520
6433
6502
6415
6395
6518
6437
6631
6443
6494
6589
6488
6535
6499
6471
6446
6405
6396
6504
6435
6451
6448
6456
6478
6517
6520
6461
6351
6463
6471
6308
6545
6467
6268
6370
6300
6296
6383
6355
6303
6491
6408
6342
6419
6384
6375
6437
6369
6317
6447
6255
6355
6322
6300
6363
6244
6363
6439
6302
6415
6172
6441
6304
6276
6303
6277
6390
6314
6221
6367
6262
6263
6194
6197
6236
6256
6215
6213
6203
6097
5920
6135
6121
6132
5979
6021
6014
5892
5840
5820
5845
5730
5854
5721
5596
5777
5392
5520
5271
5366
5060
5126
4879
4845
4771
4594
4520
4558
4264
4350
4369
4302
4220
4210
4370
4188
4186
4265
4352
4483
4306
4441
4491
4394
4309
4378
4281
4293
4139
4308
4160
4228
4318
4433
4421
4491
4551
4614
4679
4887
4960
5045
5163
5247
5299
5493
5451
5431
5628
5703
5821
5855
5811
5872
5898
5979
5875
6081
5934
5945
5996
6141
5994
6273
6165
6261
6179
6232
6209
6137
6342
6216
6343
6259
6378
6294
6334
6251
6205
6272
6231
6420
6234
6229
6349
6506
6201
6399
6304
6328
6293
6329
6385
6509
6247
6280
6333
6212
6320
6428
6412
6510
6432
6401
6512
6471
6325
6359
6483
6423
6315
6423
6498
6496
6382
6376
6268
6480
6426
6415
6502
6481
6399
6315
6462
6590
6450
6417
6580
6407
6487
6579
6464
6629
6562
6576
6490
6510
6528
6380
6544
6391
6396
6495
6591
6435
6524
6582
6328
6476
6402
6299
6533
6524
6451
6494
6492
6562
6359
6347
6364
6366
6355
6520
6420
6469
6516
6549
6517
6561
6559
6519
6500
6452
6567
6549
6404
6538
6525
6490
6583
6458
6627
6421
6555
6619
6442
6484
6539
6528
6443
6462
6682
6446
6472
6628
6457
6412
6392
6383
6505
6419
6439
6555
6546
6485
6483
6471
6421
6401
6557
6433
6478
6588
6587
6515
6617
6680
6388
6443
6602
6538
6436
6560
6548
6561
6625
6408
6511
6453
6429
6480
6513
6507
6726
6612
6518
6472
6510
6577
6579
6596
6462
6458
6541
6424
6527
6552
6488
6531
6519
6491
6537
6557
6524
6473
6470
6550
6526
6528
6516
6575
6469
6460
6546
6423
6422
6540
6466
6591
