3084
3030
3101
3078
3127
3018
3022
3096
3075
3140
3122
3074
3009
3053
3098
3068
3041
3046
2965
3017
3099
3146
3077
3190
3020
2986
3024
3028
3042
3039
3054
3007
3117
3046
3098
3037
3105
3063
3008
3020
3071
3053
3101
3078
3086
3068
3159
3079
3047
3069
3128
3019
3269
2971
3015
3020
3017
2996
3041
3064
2986
2983
3100
3003
3036
3071
3125
3045
3034
3080
3053
3038
3026
2991
3065
3131
3010
2991
3078
3099
3102
3025
3108
3057
3057
3131
3023
3122
3001
3040
3106
3110
2974
2975
3064
3013
3123
2921
2954
3218
3128
3020
2945
3095
3075
3106
3050
3036
3041
3050
3084
3034
3084
3047
3010
3084
2938
3001
3129
3036
2961
3156
3102
3005
3076
3101
2984
3068
2999
2992
3086
3076
3025
2950
3038
2979
3017
3031
3142
3124
2976
3101
3072
3101
3062
3097
2949
3006
3052
3043
2973
2974
3052
3032
3071
3107
3080
2998
3040
2906
3077
3005
3033
3019
2942
3031
3066
3053
2998
2989
3034
3053
3103
3014
2973
3049
3008
3016
2943
3034
2982
3025
2960
2973
2987
3094
2987
2935
2997
2889
2957
2968
2926
2930
2976
3015
2821
2939
2875
2943
2939
2931
3025
2860
2894
2903
2861
2876
2897
2895
2966
2754
2752
2824
2806
2768
2757
2803
2678
2694
2645
2737
2621
2592
2587
2543
2416
2434
2369
2288
2267
2238
2270
2121
2081
2023
2040
2126
2018
2048
2025
1976
2035
2042
2020
2140
2103
2129
2141
2130
2019
2085
2044
1989
2029
2030
1958
2060
2058
2093
2102
2001
2212
2214
2234
2332
2277
2396
2407
2470
2485
2528
2602
2653
2646
2680
2709
2700
2670
2782
2822
2794
2882
2713
2812
2840
2868
2912
2811
2858
2850
2881
2880
3003
2941
2948
2837
2909
2961
2882
3014
2944
2958
3082
2939
2954
2908
2986
2992
3060
3027
3001
2878
3047
3043
2955
2989
3041
3012
3016
3047
3014
3070
2982
3016
3108
3079
2989
3154
2946
2918
3093
3011
3020
2984
3092
3041
3082
3121
3092
3064
2972
3095
3013
3048
3080
2950
3034
3002
3118
3040
3055
3109
3089
3097
3057
3097
2989
3120
3148
3044
3153
3126
3022
3069
2859
3061
3164
3045
3007
3167
3030
3028
3091
3057
3106
3054
3015
2924
3128
3056
3059
3017
3013
3043
3059
3108
2972
3034
3030
3018
3092
3049
3000
3037
3098
3071
3054
3099
3119
3004
3048
3047
3113
3066
3005
3016
3076
3088
3105
3113
3092
3061
3109
3138
3017
3045
3071
3128
3104
3147
3098
2992
3154
2996
3051
3022
3009
3121
3119
3113
3016
3027
3149
3040
3090
3092
3095
3060
3011
3142
3023
3141
3073
3091
3068
3104
3006
2982
3058
3087
2947
3078
3074
3142
3076
3067
3248
3083
3016
2980
3091
3001
3106
3066
3046
3196
2989
3132
3068
3128
3066
3007
3068
3097
3086
3080
3117
3076
3092
3058
3139
3122
3050
2910
2991
3110
3105
3101
3008
3050
3090
3098
3070
3075
3050
3110
3056
2995
3191
3142
2955
3040
3109
3076
3056
3083
3010
3124
2980
3015
3013
2989
3151
3139
3118
3056
3074
3089
3093
3143
2982
3106
3105
2987
3036
3057
3090
3077
3065
3097
3035
3002
3080
3036
3005
3093
3026
3047
3079
3069
3037
3063
3090
3104
3064
3082
3040
2993
3061
2987
3131
3082
2990
3100
3084
3065
3108
2997
3073
3034
3036
3019
3149
3093
3177
2980
3123
3039
3003
3125
3051
3067
3014
3025
3133
3048
3001
3124
3168
3015
2999
3064
3079
3044
3091
3066
3088
3084
3000
2995
2967
3073
3043
2999
3135
3090
3012
3081
3116
3039
3027
3098
2959
3096
3066
3101
3082
3041
3057
3038
3090
2995
3084
3003
3027
3008
3066
2973
3067
3093
3061
3020
3037
3090
3074
3189
2931
3040
2955
3114
3054
3034
2989
3090
2993
3037
3181
3029
3070
3060
3051
3082
3121
3006
3186
2993
3086
3089
3090
3044
3130
3012
3067
2973
3049
3011
3030
3013
3050
3077
3041
3041
3083
3075
3007
2980
3016
3009
2958
3077
3025
3026
2986
3123
2984
3021
3125
3132
3052
2989
3121
3086
2936
3049
3086
2995
3016
3011
2979
2972
2997
2918
3048
2975
2975
3022
3024
3094
3039
3020
2911
3030
2953
2967
2978
2996
2995
2899
2953
3054
2928
3040
2944
3077
2956
2978
2980
2986
3034
2944
2990
2943
2928
2923
2902
2934
3001
2933
2992
2895
2867
2883
2777
2911
2885
2865
2858
2819
2815
2747
2816
2707
2706
2693
2789
2663
2597
2650
2522
2600
2510
2568
2389
2382
2286
2281
2197
2193
2155
2176
1997
2045
2082
2040
1983
2033
2039
1959
1925
2038
2042
2085
2041
2088
2143
2050
2030
2024
1992
1994
1911
2057
1986
2013
2070
2044
2067
2085
2141
2155
2203
2338
2295
2432
2467
2457
2487
2567
2597
2527
2612
2671
2720
2800
2767
2774
2724
2848
2793
2828
2707
2805
2773
2845
2795
2921
2887
2936
2897
2962
2913
2847
3017
2864
2939
2893
3066
2953
3007
2958
2973
2935
2882
2982
2940
2913
3021
3047
2965
3033
2880
3016
2915
2980
3026
3108
2908
3042
2966
2869
2980
2984
2944
3072
2980
3088
3047
3037
2955
2913
3037
3009
3015
3071
3033
3034
3057
2965
2867
3036
3008
3014
3095
3003
3041
2936
3040
3076
3059
3081
3160
2981
3012
3124
3006
3097
3031
3106
3030
3025
3041
2983
3043
3028
3015
2979
3097
3117
3094
3100
2966
3092
3080
3017
3056
3005
3039
3015
3038
3115
3010
2933
2972
2995
2991
3050
3000
3027
3089
3094
3042
3052
3079
3032
3026
3074
3114
3110
2981
3067
3042
3032
3151
3006
3093
3030
3088
3136
3034
3096
3047
3092
3027
3102
3082
3051
3096
3173
3019
3030
3018
3046
3039
3014
3023
3110
3083
3074
2994
3002
3117
2979
3009
3105
3026
3181
3055
2981
3137
3127
3063
3055
3078
3139
3052
3037
3066
3047
3042
3020
2980
2977
3072
3093
3048
3165
3129
3148
3023
2988
3086
3084
3076
3157
3097
3032
3026
2992
3065
3110
3069
3146
3123
3070
3044
3063
3031
2988
3024
3096
3052
3096
3002
3088
2982
3085
3136
2995
3033
3115
3094
3097
