2067
2029
2088
2019
2135
2014
1997
2046
2057
2112
2079
2051
1997
2037
2106
2057
2031
2059
1979
2030
2092
2085
2140
2132
2046
2047
2032
2014
2062
2084
2025
2012
2089
2036
2067
2056
2082
2009
1996
2039
2031
2038
2073
2039
2096
2028
2099
2063
2058
2026
2086
2011
2229
1924
2014
2036
2018
2021
2065
2018
2028
1988
2087
2022
2016
2060
2112
2029
2051
2057
2041
1997
2014
1991
2049
2076
1991
1972
2014
2042
2120
2013
2063
2058
2068
2074
2022
2078
2017
2045
2072
2092
1980
1988
2066
2017
2074
1977
1986
2185
2111
2033
2002
2004
2039
2092
2069
2048
2027
2054
2038
2048
2054
2041
2036
2043
1968
2017
2128
2049
1967
2091
2070
1966
2074
2057
1992
2069
1971
1995
2017
2058
2030
1975
2030
1950
1973
2010
2158
2098
1998
2062
2075
2051
2054
2074
1984
1966
2047
2015
2025
1947
2050
1951
1987
2070
2081
1992
2052
1899
2077
1990
2004
2070
1982
1994
2041
2013
1947
2018
2063
2051
2069
2003
1972
2024
2013
2000
1955
2053
1959
2023
1971
1989
2005
2088
2024
1934
2035
1962
1963
1989
1945
1954
1971
1989
1874
1989
1917
1959
1968
1966
2021
1916
1975
1955
1886
1948
1984
1921
1992
1832
1828
1889
1862
1848
1856
1870
1785
1787
1761
1852
1727
1684
1725
1735
1613
1625
1566
1501
1487
1503
1556
1434
1361
1349
1379
1424
1352
1342
1308
1350
1374
1345
1341
1450
1404
1419
1396
1442
1357
1400
1360
1315
1371
1359
1327
1370
1376
1362
1440
1349
1499
1482
1482
1575
1501
1585
1606
1650
1657
1690
1756
1782
1780
1812
1828
1804
1841
1926
1869
1876
1928
1826
1874
1908
1961
1927
1856
1888
1854
1886
1947
1990
1980
1933
1852
1944
1991
1920
1987
1952
1995
2047
1967
1986
1909
2017
1961
1995
2054
1971
1896
2064
2034
1980
1979
2017
1974
2002
2002
2041
1999
1984
2048
2072
2038
1981
2080
1975
1991
2032
1966
2006
1978
2037
2001
2061
2160
2058
2066
1994
2040
2023
2001
2041
1967
2023
1994
2033
2020
2051
2104
2040
2071
2062
2066
2018
2119
2110
2033
2081
2056
2045
2019
1897
2044
2093
1975
2036
2074
2024
2066
2029
2049
2075
2032
2028
1962
2136
2082
2018
2012
1997
2051
1989
2069
2002
2035
2000
2002
2067
1987
2009
2052
2111
2077
2003
2051
2111
2003
2018
2041
2053
2027
1992
2053
2033
2070
2054
2033
2068
2039
2126
2080
2007
2047
2092
2070
2129
2087
2102
1975
2082
1965
2030
1999
1962
2090
2078
2107
2016
2030
2088
2089
2054
2095
2021
2038
2020
2048
2032
2072
2046
2034
2056
2089
2002
1987
2055
2013
1977
2038
2086
2072
2012
2054
2176
2036
2001
1963
2067
2009
2034
2007
2060
2132
2004
2070
2069
2075
2049
2015
2024
2085
2035
2101
2116
2073
2076
2092
2085
2135
2043
1923
1990
2067
2058
2080
1991
2041
2044
2062
2013
2012
2035
2083
1995
2014
2136
2022
1994
2037
2120
2024
2020
2025
1996
2100
1996
1967
2023
1985
2136
2057
2077
2000
2037
2080
2039
2081
2030
2061
2047
2006
2014
2010
2068
1978
2033
2054
2024
2005
2101
2022
2025
2062
2062
2018
2080
2077
1990
2019
2019
2034
2050
2106
2012
2012
2069
1949
2106
2039
2027
2079
2045
2092
2109
2003
2042
2078
2056
2015
2171
2054
2111
1973
2116
2054
2043
2097
2036
2082
1979
2007
2075
1983
2004
2093
2110
1969
2020
2032
2044
2040
2060
2037
2094
2030
2039
1996
2018
2051
2047
1989
2097
2090
1998
2008
2127
2026
2050
2010
1938
2088
2050
2087
2019
2063
2025
2068
2094
1985
2048
1993
1985
2005
2061
1999
2031
2080
2037
2003
2025
2014
2053
2093
1948
2016
1987
2061
2049
2014
2028
2086
1993
2080
2081
2018
2094
2048
2045
2047
2038
2028
2079
1942
2035
2024
2092
2003
2055
2012
2075
1945
2050
2018
2049
2012
2010
2075
2002
2066
2061
2083
2010
1987
2043
1993
1993
2073
2027
2019
2003
2084
1962
1997
2087
2069
2027
1967
2047
2044
1939
2018
2033
2004
2052
2039
1967
1991
1988
1910
2053
1976
1977
2036
1996
2044
2013
2037
1958
2035
2002
1992
2001
1976
1990
1917
1941
2044
1933
2031
1946
2010
2003
1977
1952
1973
1981
1990
2007
1958
1973
1942
1939
1945
2020
1964
1944
1918
1898
1907
1948
1923
1884
1904
1866
1929
1890
1824
1833
1784
1797
1799
1912
1777
1719
1789
1667
1721
1635
1689
1611
1596
1498
1498
1468
1475
1413
1495
1311
1350
1420
1347
1340
1337
1340
1284
1289
1384
1330
1368
1369
1377
1442
1364
1346
1374
1327
1361
1275
1351
1335
1371
1365
1370
1416
1398
1406
1407
1491
1569
1565
1637
1645
1599
1666
1688
1737
1707
1791
1813
1807
1920
1880
1878
1795
1838
1875
1870
1828
1915
1864
1898
1898
1921
1941
1965
1947
2007
1936
1919
2011
1889
1948
1901
2011
1953
1983
1962
1933
1983
1912
1995
1969
1965
2027
2023
1989
2007
1882
2012
1908
2048
2023
2063
1939
2045
1975
1903
1979
1954
1968
2024
1979
2043
2047
2023
1986
1979
2011
1994
1975
2062
2061
2047
2042
1966
1906
1995
2022
1954
2040
1980
2024
1925
2011
2081
2075
2071
2079
1977
2008
2083
1982
2098
2036
2078
2031
2049
2027
1972
2034
2009
2012
1957
2086
2123
2085
2033
1969
2126
2036
2008
2052
1998
2003
2009
2053
2068
1998
1926
1939
1993
1993
2046
2007
2041
2059
2061
2052
2040
2043
2027
2019
2069
2107
2043
2031
2066
2042
2024
2122
2031
2071
2078
2020
2108
2044
2107
2016
2090
1995
2098
2052
2083
2049
2108
1949
2037
1960
2097
1992
2040
2044
2054
2073
2019
1991
2044
2074
1995
2013
2092
2057
2095
2018
2004
2027
2088
2044
2034
2075
2040
2052
2050
2071
2036
2036
2029
1997
1961
2072
2090
2059
2131
2112
2132
2021
2010
2066
2114
2046
2075
2045
2060
2027
1981
2046
2071
2048
2129
2123
2033
2053
2043
2041
1990
2016
2025
2019
2085
2020
2069
1978
2086
2113
1995
2028
2077
2102
2079
