15907
15783
15998
15922
15928
15990
15912
16081
15957
16020
15959
16137
16013
15961
16194
16080
15942
15972
15874
16022
16036
16168
16111
16180
15851
15779
15987
16138
16189
16024
16046
15780
16156
15970
16052
15898
16136
16003
15911
15762
15964
15984
16011
15926
16070
15872
16127
16012
16053
16040
16082
15979
16204
15996
15701
15762
16049
15957
15973
16078
16078
15782
16113
15865
16062
15995
16044
15920
15869
15954
15933
16001
16059
15929
15998
15994
16028
15800
16040
16055
15848
15900
15950
15803
15977
16024
15889
16055
15937
15836
16058
16053
15891
16113
15937
15915
16089
15970
15844
16316
15970
15827
15759
16020
16074
15978
16005
15923
15926
15935
16076
16036
16126
15962
16032
15918
15940
15848
15935
16129
15951
15873
16034
15958
15989
15839
15708
15945
15796
15880
15971
15837
15755
15915
15858
15690
15895
15878
15976
15709
15696
15896
16013
15986
15874
16019
15759
15763
15907
15893
15654
15835
15916
16050
15744
15999
15944
15759
15850
15583
15959
15714
15703
15587
15562
15715
15886
15619
15727
15453
15828
15679
15836
15981
15715
15757
15635
15645
15607
15602
15609
15474
15522
15523
15294
15692
15738
15531
15539
15420
15454
15507
15364
15405
15390
15496
15271
15312
15186
15093
15363
15216
15401
15169
15203
15157
14954
15076
14777
14787
15147
14669
14673
14815
14729
14524
14357
14605
14081
14168
13823
13871
13499
13328
13563
13131
12942
12679
12172
12037
11868
11586
11497
11182
10903
10795
10726
10720
10383
10382
10388
10459
10489
10556
10733
10897
10791
10898
10986
10852
10673
10738
10558
10515
10504
10415
10412
10451
10813
10746
10873
11034
11258
11534
11879
11960
12096
12482
12608
13060
12964
13259
13563
13702
13827
13847
14125
14270
14434
14297
14476
14489
14562
14567
14825
14702
14979
14740
14746
15098
15072
14954
15052
15217
15325
15214
15187
15220
15290
15403
15539
15374
15229
15629
15512
15414
15460
15552
15674
15482
15453
15602
15254
15537
15799
15570
15757
15803
15758
15680
15811
15664
15768
15903
15803
15680
15652
15859
15746
15576
15545
15926
15623
15845
15657
15850
15702
15653
15740
15918
15732
15857
16020
15718
15939
15995
15712
15944
15834
15956
15877
15671
15822
15918
15883
15972
15828
15768
15870
15905
15726
16005
16021
15824
16123
15648
15996
16094
15867
15998
16147
15833
15906
15959
15905
15957
16187
16011
15860
15855
15856
16127
15844
15809
16037
16018
16075
16018
16074
15968
16022
16126
15986
16017
15938
16066
16082
15906
15785
16072
15956
16106
15764
16185
15999
15890
16113
16205
16131
16018
16059
16038
15836
16030
16153
15889
15962
16230
16065
16128
15872
15853
15839
15991
15914
16113
15860
15850
16103
16193
16162
16081
15883
16369
15973
16133
16227
16186
15872
15823
16157
15889
16179
15924
15957
15986
16122
16018
15967
15908
16053
15741
15898
16279
16266
16134
15910
16110
15795
16089
16008
15971
16028
16042
16041
16032
16041
16084
15980
16030
15894
16111
15899
16154
15953
15942
16127
16121
16073
15896
15884
16170
15924
16128
15640
15999
15968
16039
16053
15924
15935
15911
16127
16038
15961
16174
16259
15973
15901
15924
16103
15829
15880
15885
16118
16086
16199
16187
15994
15871
15927
15874
16042
16261
16276
15790
16083
15967
15860
16016
15988
15929
16034
16029
15946
15897
15829
15988
16041
15933
16183
16175
16008
16047
15796
15987
15932
16052
15979
15919
15976
16036
16034
16209
15920
16023
15984
16143
16232
16118
15846
16303
16108
15966
16169
15987
15997
16196
15982
16136
15837
15754
15833
16235
16063
16166
15886
16209
15848
16130
15922
15745
16049
15860
15784
16000
15909
15971
15885
15953
15832
15912
15889
16033
16106
16071
15900
16010
16058
15874
15916
15852
16093
15997
16135
16020
15887
15919
16054
16049
15857
15986
16069
16058
16037
15837
15889
15965
15906
15979
15843
15929
16138
16099
15866
16043
15739
16000
16004
15995
15881
15899
15946
15873
15841
15811
15972
15734
15908
15695
16104
16039
15937
15990
15955
15677
15695
16005
15724
16012
15837
15866
15828
15997
15683
15973
15805
15947
15810
15883
15802
16086
15756
16029
15741
15901
15899
15776
16040
15806
15948
15869
16048
16117
15809
15867
15879
15854
15693
15879
15695
15757
16059
15838
15800
15714
15897
15836
16082
15906
15611
15744
15794
15491
15781
15967
15564
15709
15551
15706
15713
15613
15635
15883
15600
15655
15630
15654
15609
15644
15476
15686
15703
15525
15612
15599
15548
15562
15480
15616
15642
15494
15627
15342
15570
15446
15295
15426
15266
15578
15343
15320
15388
15290
15356
15191
15082
15104
15247
15173
15193
15087
14929
14791
15184
15030
14902
14651
14799
14754
14584
14497
14366
14421
14073
14166
14031
13832
13738
13352
13495
12995
13155
12590
12532
12053
11893
11752
11544
11212
11281
10847
10777
10763
10501
10458
10173
10745
10334
10412
10561
10750
10858
10548
10763
10962
10716
10729
10739
10434
10451
10146
10447
10451
10438
10606
10670
10860
10974
11175
11489
11538
11892
12134
12299
12702
12940
13047
13190
13490
13518
13677
13983
14186
14331
14337
14464
14567
14489
14498
14759
14550
14513
14706
14872
15006
15382
14977
15178
15060
15116
15075
15158
15401
15248
15404
15356
15462
15284
15603
15485
15276
15375
15447
15659
15451
15610
15401
15671
15320
15352
15565
15517
15451
15646
15623
15813
15537
15629
15789
15563
15307
15944
15805
15637
15724
15650
15650
15771
15638
15713
15877
15811
15669
15693
15823
15815
15717
15740
15725
15691
15872
15851
15849
15843
15838
15488
15933
16053
16010
15671
16069
15655
15933
15866
15871
16064
16012
16068
15984
15710
15843
15851
15914
15815
15729
16080
16049
15821
16013
15951
15665
15772
15835
15566
16054
16079
15880
16056
15950
15918
15822
15753
15953
15651
15755
16137
15874
15770
15863
16053
16056
15896
16108
16076
15976
15993
16042
15937
15831
15980
15860
15970
16028
15879
16155
15774
16138
16011
15714
15988
15804
15693
15828
15958
16150
15709
15944
16132
15734
15812
15807
15931
15864
15753
15802
15995
16092
15811
15856
15914
15890
16027
16087
15930
15927
16029
16054
16087
16246
16250
15791
15722
16107
15917
15899
16142
16058
16111
15993
15798
16028
15860
16073
15963
16007
15853
16154
16108
16132
15900
16058
16000
16157
15921
15999
15989
16073
15926
15951
16061
16061
15991
16047
16244
15845
16010
15984
15935
16101
15980
16020
16072
15920
16098
15850
15858
15970
15857
15867
16038
15929
16142
