21358
21247
21566
21321
21299
21429
21298
21703
21381
21436
21445
21564
21423
21433
21667
21579
21344
21470
21232
21453
21544
21642
21643
21671
21265
21212
21393
21590
21860
21472
21436
21226
21759
21453
21510
21337
21698
21453
21267
21250
21479
21507
21390
21413
21336
21259
21495
21362
21458
21627
21537
21487
21657
21348
21183
21106
21455
21473
21461
21547
21582
21209
21631
21359
21429
21414
21578
21306
21366
21390
21398
21503
21464
21240
21545
21393
21430
21282
21517
21477
21250
21188
21485
21279
21447
21524
21432
21543
21235
21287
21579
21685
21313
21538
21389
21280
21454
21431
21247
21866
21347
21140
21119
21454
21422
21441
21543
21255
21302
21368
21398
21485
21609
21306
21489
21242
21448
21445
21283
21533
21447
21342
21479
21479
21321
21208
21233
21272
21228
21209
21289
21302
21184
21334
21250
21177
21378
21240
21332
21064
20997
21357
21408
21355
21365
21338
21181
21299
21290
21238
21096
21222
21293
21395
21127
21396
21358
21159
21063
20968
21262
21047
21017
21054
20973
21079
21272
20923
20965
20780
21235
21018
21217
21356
21083
21034
20865
20903
20881
20952
20958
20894
20706
20821
20541
20968
20921
20750
20788
20747
20889
20778
20621
20538
20768
20766
20446
20450
20363
20378
20539
20455
20523
20232
20245
20386
20204
20170
19830
19899
20291
19612
19644
19751
19679
19465
19279
19400
18878
18980
18519
18678
18157
17778
17996
17529
17340
16919
16370
16286
15920
15531
15334
15023
14679
14532
14408
14366
13997
13934
13926
14113
14041
14226
14318
14596
14463
14648
14632
14490
14404
14319
14221
14035
14015
13925
14176
14124
14398
14411
14571
14617
15168
15422
15857
16035
16126
16837
16917
17459
17446
17778
18072
18290
18470
18572
18948
19072
19312
19353
19471
19446
19544
19649
19916
19763
20079
19912
19922
20306
20360
20026
20242
20314
20546
20311
20401
20386
20579
20531
20862
20642
20432
20830
20710
20753
20878
20911
21022
20867
20646
20755
20729
20756
21211
20906
20954
21061
21263
20843
21069
21001
21092
21040
21125
21188
21000
21277
21025
20952
20997
21253
20986
21248
20951
21134
21125
21023
21070
21376
21256
21206
21419
21054
21500
21388
21191
21334
21239
21411
21205
21087
21276
21277
21240
21382
21317
21175
21328
21312
21160
21376
21476
21258
21592
20972
21239
21516
21323
21469
21636
21195
21320
21433
21468
21396
21751
21332
21291
21329
21253
21538
21321
21160
21459
21503
21558
21422
21626
21426
21627
21679
21495
21451
21249
21464
21559
21394
21244
21529
21352
21576
21137
21719
21463
21365
21541
21640
21504
21370
21482
21502
21279
21464
21710
21275
21436
21627
21590
21609
21261
21298
21281
21447
21350
21634
21198
21243
21568
21619
21617
21454
21371
21783
21521
21674
21673
21613
21280
21315
21491
21258
21720
21469
21392
21350
21385
21449
21498
21339
21410
21141
21313
21688
21712
21630
21385
21580
21391
21533
21444
21438
21425
21479
21574
21524
21337
21537
21406
21461
21332
21607
21321
21482
21391
21363
21721
21629
21547
21367
21422
21794
21419
21587
21020
21482
21355
21485
21459
21525
21197
21459
21595
21539
21345
21667
21697
21455
21246
21430
21586
21295
21337
21342
21567
21480
21624
21669
21333
21324
21490
21346
21545
21702
21664
21285
21495
21380
21336
21557
21449
21488
21421
21416
21468
21360
21219
21442
21475
21295
21618
21596
21456
21401
21301
21400
21394
21403
21316
21253
21496
21489
21274
21545
21373
21562
21380
21527
21644
21507
21253
21719
21609
21417
21633
21467
21428
21630
21553
21581
21314
21120
21298
21635
21607
21786
21286
21667
21261
21482
21360
21198
21489
21264
21177
21544
21432
21470
21380
21358
21211
21304
21425
21455
21517
21467
21387
21439
21316
21288
21274
21229
21448
21319
21609
21573
21269
21377
21465
21399
21174
21411
21506
21524
21544
21405
21387
21370
21354
21411
21238
21444
21546
21563
21398
21363
21097
21376
21390
21435
21374
21200
21481
21406
21356
21173
21301
21167
21266
21146
21474
21475
21453
21428
21321
20925
21085
21504
21130
21443
21316
21278
21406
21390
21007
21395
21050
21360
21167
21280
21129
21379
21291
21361
21100
21294
21283
21148
21473
21227
21382
21361
21466
21514
21382
21195
21209
21253
21083
21224
21075
21195
21439
21150
21245
21013
21251
21227
21507
21191
20891
21121
21245
20899
21137
21270
20985
20983
20933
21091
21080
20973
20997
21349
20895
20815
20934
20906
20946
20938
20867
20977
21008
20717
21049
20960
20880
20851
20727
20915
20977
20664
20875
20750
20870
20692
20632
20700
20536
20849
20681
20467
20451
20463
20618
20372
20330
20436
20391
20338
20365
20160
20066
19884
20258
20156
19857
19675
19840
19662
19380
19546
19273
19268
18936
18990
18879
18688
18361
17917
17998
17456
17619
16808
16735
16308
16030
15715
15502
15022
15030
14495
14453
14348
14111
14035
13678
14237
13834
14037
14109
14433
14505
14251
14419
14646
14419
14414
14380
14018
13976
13637
13913
13960
13969
14189
14320
14504
14839
14964
15414
15547
15837
16271
16474
17025
17338
17663
17672
18030
18236
18425
18722
18998
19111
19181
19339
19364
19542
19448
19745
19655
19482
19748
19889
20113
20449
20067
20401
20206
20264
20197
20460
20581
20436
20623
20541
20899
20502
20715
20778
20500
20728
20694
20866
20715
20895
20707
20872
20634
20718
20784
20793
20814
21015
20900
21109
21024
20872
21184
20962
20721
21352
21162
20962
21170
21014
20953
21093
21048
21064
21180
21108
21001
20928
21226
21155
20992
21119
21096
21085
21368
21286
21316
21235
21266
21000
21238
21429
21393
20990
21525
21033
21470
21271
21207
21418
21332
21420
21271
21094
21235
21165
21346
21217
21071
21425
21457
21275
21421
21366
21099
21258
21251
20927
21473
21501
21351
21418
21428
21375
21156
21180
21268
21067
21374
21667
21401
21165
21360
21395
21529
21339
21547
21447
21419
21486
21600
21434
21208
21369
21173
21445
21502
21220
21601
21220
21486
21342
21091
21438
21213
21202
21338
21337
21562
21115
21405
21521
21202
21325
21236
21530
21242
21267
21246
21264
21450
21339
21225
21335
21332
21514
21538
21434
21332
21500
21550
21552
21640
21572
21207
21127
21499
21485
21296
21695
21569
21652
21521
21219
21510
21367
21518
21302
21498
21261
21601
21527
21458
21303
21440
21463
21535
21416
21515
21377
21608
21405
21357
21492
21501
21400
21447
21617
21232
21574
21274
21407
21562
21519
21437
21615
21352
21596
21284
21269
21456
21210
21419
21536
21300
21528
