10245
10186
10211
10255
10330
10203
10194
10359
10223
10331
10276
10378
10224
10319
10486
10217
10208
10179
10182
10241
10326
10264
10369
10443
10118
10156
10277
10356
10340
10290
10235
10139
10415
10155
10242
10203
10383
10346
10186
10081
10223
10307
10331
10131
10252
10204
10271
10336
10311
10108
10475
10250
10480
10184
10113
10114
10345
10282
10121
10247
10237
10035
10376
10137
10296
10222
10209
10115
10205
10143
10152
10200
10343
10071
10256
10269
10243
10062
10283
10287
10247
10252
10218
10182
10163
10269
10206
10297
10232
10184
10314
10235
10144
10207
10261
10174
10317
10139
10161
10424
10292
10309
10057
10237
10380
10241
10196
10144
10246
10157
10228
10228
10399
10201
10197
10237
10175
10130
10242
10465
10109
10225
10279
10291
10275
10215
10049
10288
10175
10177
10217
10226
10081
10158
10154
10007
10192
10168
10263
10042
9987
10200
10214
10230
10129
10228
10071
10073
10233
10220
9955
10159
10220
10267
10061
10243
10245
10251
10229
9999
10163
10058
10113
9982
9978
9988
10221
10043
10148
9919
10150
10063
10094
10196
10112
10014
10050
9929
10017
9965
10027
9944
10041
9963
9854
10181
10113
9986
9962
9854
9914
9843
9745
9857
9884
9898
9781
9823
9703
9747
9789
9661
9874
9668
9654
9730
9623
9603
9437
9420
9823
9354
9321
9454
9338
9375
9191
9358
8860
9061
8893
8893
8697
8547
8585
8503
8309
8079
7808
7667
7609
7392
7399
7125
6997
6871
6838
6843
6577
6716
6685
6751
6775
6707
6812
6985
6925
7028
7091
6956
6852
6909
6672
6714
6670
6694
6675
6703
6958
6901
6888
7075
7292
7388
7590
7679
7716
8108
8096
8315
8279
8464
8640
8807
8814
8778
9070
9164
9183
9112
9311
9341
9262
9425
9514
9373
9649
9472
9492
9657
9676
9575
9648
9704
9857
9712
9719
9778
9896
9909
9969
9773
9859
10054
9972
9864
9911
9965
10022
9893
9957
10000
9819
10021
10048
9964
9991
10000
10128
10015
10031
10117
10085
10060
10173
10105
10081
10107
10188
9906
9989
10140
9987
10218
10011
10282
10059
10113
10221
10210
10050
10138
10336
10057
10290
10186
10065
10195
10136
10234
10123
10016
10206
10284
10150
10193
10137
10060
10225
10212
10073
10210
10241
10154
10395
9907
10253
10275
10204
10275
10276
10187
10172
10267
10237
10240
10449
10230
10112
10257
10184
10389
10205
10207
10296
10188
10380
10269
10203
10180
10295
10337
10266
10200
10264
10371
10378
10310
10140
10340
10158
10177
10172
10321
10243
10138
10380
10416
10367
10320
10281
10339
10133
10373
10344
10137
10159
10373
10418
10211
10092
10133
10082
10349
10164
10369
10154
10082
10301
10316
10353
10240
10092
10411
10268
10376
10403
10220
10177
10119
10397
10124
10412
10248
10235
10292
10370
10156
10156
10197
10258
10044
10202
10452
10479
10367
10235
10431
10142
10288
10242
10237
10163
10280
10277
10218
10360
10185
10223
10195
10223
10276
10103
10357
10228
10166
10358
10322
10321
10195
10152
10363
10330
10319
9998
10309
10234
10258
10375
10066
10188
10277
10422
10272
10244
10226
10431
10239
10088
10181
10340
10121
10154
10222
10360
10312
10353
10373
10193
10171
10204
10073
10208
10439
10463
10034
10299
10155
10197
10200
10211
10153
10292
10338
10238
10219
10171
10292
10190
10203
10423
10260
10165
10351
10191
10200
10311
10296
10322
10257
10238
10277
10315
10382
10148
10186
10236
10430
10342
10323
10140
10431
10325
10267
10392
10276
10227
10412
10132
10352
10023
10086
10171
10337
10305
10368
10105
10379
10215
10246
10256
10100
10222
10189
10154
10240
10247
10246
10216
10319
10071
10213
10075
10200
10278
10295
10201
10237
10354
10237
10173
10105
10300
10293
10296
10278
10215
10139
10260
10372
10098
10245
10375
10197
10292
10076
10095
10195
10148
10186
10115
10303
10312
10371
10241
10360
10156
10211
10187
10209
10298
10194
10198
10150
10151
10100
10257
9982
10165
10109
10418
10309
10326
10202
10279
9942
10107
10296
10086
10282
10169
10205
10195
10235
10084
10245
10110
10200
10031
10136
10242
10363
10109
10275
10131
10284
10103
10117
10311
10109
10347
10084
10222
10287
10129
10164
10194
10167
10009
10163
10089
10172
10113
10049
10132
10105
10149
10104
10322
10192
9952
10137
10103
9858
10174
10291
10015
10011
9862
9979
10073
10002
9989
10160
10041
10090
10098
10102
10020
10112
9926
10043
10118
9827
10089
9918
9893
10069
9888
9985
10059
9952
10071
9685
10035
9936
9835
9904
9782
9994
9897
9720
9899
9899
9884
9801
9758
9692
9792
9709
9716
9729
9508
9383
9592
9709
9574
9397
9434
9397
9314
9207
9261
9187
8967
9053
9016
8813
8927
8483
8671
8311
8439
8090
7992
7727
7659
7460
7351
7177
7233
6836
6814
6884
6784
6732
6537
6867
6611
6602
6769
6859
7012
6713
6917
7082
6869
6869
6836
6691
6684
6467
6712
6654
6686
6784
6875
6977
7042
7241
7437
7393
7664
7769
7952
8171
8183
8366
8551
8569
8719
8826
8949
9138
9246
9152
9310
9327
9327
9146
9521
9361
9302
9434
9575
9514
9835
9620
9723
9606
9796
9666
9585
9900
9794
9876
9773
10019
9905
10058
9849
9757
9844
9765
10070
9907
9893
10003
10204
9842
9943
9950
9884
9931
10030
10033
10138
9909
9949
10036
9853
9865
10090
10138
10135
10082
10106
10127
10150
9986
9997
10214
10114
9956
10007
10185
10154
10065
9984
9896
10080
10205
10136
10289
10065
10204
9937
10198
10305
10242
10094
10347
10060
10186
10202
10134
10258
10256
10325
10317
10188
10205
10053
10184
10034
10092
10346
10311
10075
10203
10337
10021
10161
10028
9996
10194
10330
10240
10269
10166
10232
10098
10131
10103
10070
10161
10281
10158
10143
10140
10343
10260
10286
10375
10251
10173
10232
10284
10185
10060
10237
10192
10232
10269
10168
10378
10087
10407
10348
10050
10127
10186
10086
10173
10198
10378
10061
10201
10432
10062
10039
10059
10197
10185
10154
10150
10292
10257
10132
10209
10156
10108
10164
10256
10109
10221
10314
10368
10308
10388
10449
10102
10061
10227
10225
10127
10412
10270
10388
10195
10030
10186
10123
10244
10243
10250
10201
10476
10309
10315
10216
10271
10297
10379
10220
10321
10213
10350
10185
10234
10197
10211
10210
10204
10318
10107
10322
10218
10208
10311
10246
10202
10355
10207
10377
10138
10181
10233
10173
10109
10320
10178
10388
