2358
2298
2391
2322
2421
2300
2277
2332
2335
2401
2373
2328
2258
2327
2359
2328
2316
2336
2258
2306
2388
2364
2408
2425
2309
2307
2309
2311
2360
2352
2301
2254
2387
2311
2356
2342
2337
2309
2282
2325
2304
2318
2357
2319
2375
2336
2384
2336
2312
2312
2364
2318
2524
2232
2303
2302
2294
2284
2320
2296
2293
2267
2400
2302
2308
2344
2407
2314
2319
2355
2325
2265
2284
2270
2323
2362
2258
2262
2315
2351
2415
2304
2360
2312
2337
2361
2300
2370
2276
2334
2381
2363
2268
2264
2353
2318
2378
2254
2260
2485
2386
2305
2267
2302
2351
2382
2359
2328
2302
2348
2325
2316
2353
2317
2316
2339
2270
2282
2431
2327
2256
2396
2372
2267
2359
2352
2289
2345
2252
2278
2321
2362
2316
2235
2310
2263
2279
2289
2422
2389
2285
2348
2358
2353
2332
2347
2264
2280
2339
2292
2322
2234
2342
2267
2278
2336
2394
2263
2308
2198
2370
2276
2272
2339
2242
2280
2326
2326
2227
2268
2353
2345
2364
2292
2259
2317
2280
2308
2210
2332
2232
2322
2249
2250
2286
2371
2296
2200
2305
2238
2249
2275
2203
2235
2244
2268
2147
2255
2183
2243
2250
2268
2284
2161
2227
2238
2154
2207
2248
2192
2279
2109
2087
2140
2111
2103
2104
2146
2051
2012
1993
2086
1966
1945
1954
1977
1842
1845
1791
1727
1701
1703
1755
1631
1546
1554
1571
1636
1537
1542
1505
1539
1542
1550
1542
1655
1622
1605
1598
1655
1541
1597
1543
1520
1565
1554
1510
1572
1556
1564
1620
1522
1690
1694
1695
1785
1733
1786
1819
1870
1890
1928
1991
2030
2032
2068
2089
2057
2072
2168
2144
2134
2199
2089
2123
2174
2229
2228
2112
2184
2148
2194
2207
2276
2236
2218
2133
2187
2244
2186
2277
2248
2238
2318
2241
2260
2194
2276
2248
2299
2349
2255
2183
2337
2311
2227
2267
2286
2279
2283
2281
2303
2312
2248
2299
2357
2344
2264
2395
2246
2259
2313
2266
2245
2244
2315
2302
2355
2406
2348
2319
2256
2334
2329
2297
2338
2224
2322
2287
2312
2310
2321
2420
2348
2345
2362
2361
2280
2410
2400
2319
2387
2354
2328
2331
2166
2324
2405
2268
2308
2381
2312
2348
2298
2305
2385
2307
2320
2232
2419
2340
2314
2307
2305
2337
2301
2346
2254
2343
2267
2281
2379
2272
2297
2301
2376
2340
2313
2342
2395
2262
2318
2342
2344
2341
2262
2308
2310
2377
2355
2341
2377
2318
2388
2363
2275
2325
2373
2377
2407
2377
2394
2237
2378
2259
2297
2290
2265
2390
2371
2368
2307
2338
2368
2362
2370
2372
2309
2326
2286
2344
2311
2351
2304
2355
2358
2353
2263
2264
2323
2331
2269
2332
2366
2372
2310
2362
2473
2316
2277
2257
2361
2328
2324
2314
2369
2435
2266
2367
2334
2350
2359
2286
2324
2386
2309
2373
2393
2345
2356
2395
2384
2425
2300
2188
2253
2344
2333
2368
2260
2301
2332
2342
2302
2346
2304
2372
2315
2284
2432
2372
2262
2319
2399
2304
2295
2321
2274
2403
2251
2279
2286
2271
2434
2371
2368
2294
2321
2344
2311
2379
2306
2353
2355
2279
2306
2301
2353
2284
2338
2338
2283
2293
2379
2300
2301
2353
2336
2292
2363
2376
2273
2315
2348
2318
2314
2391
2295
2277
2363
2276
2398
2334
2302
2380
2339
2369
2376
2275
2334
2364
2320
2327
2438
2356
2431
2257
2392
2336
2320
2414
2312
2362
2285
2297
2390
2259
2291
2385
2406
2260
2274
2319
2337
2328
2365
2344
2376
2326
2299
2293
2296
2332
2333
2289
2399
2372
2279
2313
2400
2299
2321
2330
2215
2367
2338
2360
2303
2341
2336
2322
2355
2292
2343
2283
2261
2273
2333
2263
2315
2363
2327
2264
2298
2312
2353
2390
2229
2313
2262
2343
2327
2281
2321
2388
2263
2354
2386
2291
2338
2325
2337
2336
2343
2291
2374
2259
2324
2305
2380
2316
2389
2302
2344
2230
2338
2290
2326
2271
2293
2323
2289
2346
2335
2358
2291
2273
2316
2307
2255
2358
2305
2310
2249
2353
2252
2312
2380
2362
2282
2271
2351
2330
2233
2332
2329
2288
2342
2330
2233
2265
2281
2200
2324
2257
2246
2308
2271
2337
2291
2296
2231
2331
2262
2276
2301
2276
2266
2183
2238
2327
2213
2311
2211
2300
2250
2260
2230
2246
2280
2236
2296
2271
2240
2219
2230
2212
2296
2262
2234
2204
2169
2182
2174
2194
2181
2188
2126
2212
2154
2093
2095
2040
2057
2037
2143
2009
1967
2040
1916
2000
1889
1940
1824
1812
1724
1689
1679
1674
1632
1684
1500
1549
1617
1525
1526
1553
1548
1476
1449
1570
1505
1575
1559
1587
1616
1555
1540
1550
1513
1554
1454
1574
1516
1545
1567
1543
1604
1594
1610
1612
1699
1794
1789
1843
1875
1832
1900
1913
1967
1934
2021
2050
2056
2148
2134
2144
2055
2121
2142
2149
2089
2173
2119
2154
2138
2206
2215
2246
2222
2290
2223
2180
2280
2189
2243
2177
2292
2239
2259
2234
2245
2256
2195
2280
2237
2221
2309
2293
2253
2301
2168
2270
2196
2298
2293
2343
2221
2328
2271
2156
2262
2261
2238
2331
2289
2327
2324
2319
2278
2242
2261
2256
2274
2334
2357
2322
2307
2207
2170
2281
2311
2267
2321
2276
2283
2208
2325
2361
2333
2354
2371
2266
2288
2375
2263
2389
2283
2382
2289
2329
2312
2251
2304
2301
2301
2239
2350
2412
2354
2323
2239
2401
2318
2290
2328
2291
2301
2272
2320
2370
2283
2234
2212
2254
2256
2317
2296
2324
2350
2357
2318
2310
2319
2332
2304
2350
2397
2323
2315
2345
2316
2310
2394
2318
2379
2363
2306
2402
2287
2385
2291
2374
2274
2388
2326
2365
2332
2408
2259
2299
2251
2368
2277
2318
2315
2346
2376
2313
2269
2322
2386
2275
2279
2376
2327
2374
2294
2314
2332
2368
2338
2335
2351
2369
2322
2303
2340
2319
2312
2292
2274
2244
2356
2357
2331
2392
2397
2411
2313
2305
2341
2389
2368
2382
2340
2335
2341
2283
2349
2363
2325
2394
2392
2328
2327
2300
2330
2301
2295
2302
2297
2380
2285
2368
2270
2365
2396
2287
2297
2383
2384
2345
