21921
21793
22139
21893
21860
22012
21855
22269
21987
21996
22021
22148
21993
21978
22228
22092
21901
22021
21847
22027
22109
22195
22214
22220
21800
21790
21978
22174
22397
22045
21995
21754
22319
22029
22065
21937
22265
22052
21853
21850
22058
22057
21947
21967
21881
21786
22078
21973
22031
22207
22124
22065
22268
21852
21721
21686
21987
22058
22021
22099
22174
21784
22190
21936
21998
22001
22158
21939
21930
21991
21985
22086
22035
21808
22118
21960
22051
21860
22089
22037
21820
21773
22035
21824
22035
22100
22005
22110
21822
21828
22149
22317
21864
22150
21962
21820
22041
21990
21813
22451
21887
21661
21653
22043
21985
22008
22138
21829
21854
21940
21969
22019
22149
21876
22047
21849
22005
22029
21836
22095
22033
21906
22038
22022
21902
21772
21772
21850
21843
21774
21852
21881
21741
21891
21834
21748
21977
21833
21911
21630
21570
21932
22005
21912
21991
21916
21742
21847
21891
21796
21652
21790
21837
21950
21693
21954
21957
21733
21620
21547
21852
21626
21586
21615
21547
21630
21817
21506
21511
21374
21807
21558
21805
21922
21648
21615
21466
21490
21428
21506
21528
21466
21254
21385
21085
21573
21477
21297
21344
21274
21474
21310
21154
21097
21319
21305
20973
21009
20874
20930
21088
21048
21077
20736
20767
20870
20719
20720
20359
20418
20827
20146
20172
20294
20247
19982
19780
19956
19428
19508
19038
19187
18648
18251
18490
17983
17779
17383
16833
16702
16305
15909
15733
15380
15100
14929
14745
14737
14367
14300
14332
14491
14426
14600
14708
15000
14851
15019
15025
14902
14824
14700
14605
14422
14392
14321
14476
14507
14767
14819
14955
14994
15604
15809
16279
16422
16576
17281
17370
17906
17895
18271
18560
18761
18996
19085
19464
19584
19806
19898
20038
19967
20073
20162
20486
20259
20637
20508
20495
20832
20921
20569
20799
20880
21115
20874
20938
20963
21133
21102
21428
21191
20961
21353
21247
21331
21432
21476
21574
21424
21187
21316
21280
21282
21790
21431
21491
21641
21831
21447
21646
21577
21682
21568
21696
21739
21567
21830
21613
21526
21572
21807
21535
21805
21557
21717
21717
21571
21632
21908
21793
21752
21972
21675
22039
21944
21745
21923
21837
21954
21765
21640
21825
21837
21827
21974
21912
21778
21907
21866
21724
21923
22029
21843
22119
21569
21798
22096
21905
22081
22159
21767
21879
21994
22026
21952
22301
21931
21807
21913
21783
22085
21951
21721
22055
22085
22150
22018
22154
21979
22217
22261
22061
22027
21829
22030
22155
21983
21770
22136
21920
22139
21749
22301
22054
21946
22183
22229
22079
21942
22067
22110
21855
22029
22310
21854
22020
22268
22164
22210
21873
21886
21832
22032
21955
22209
21740
21810
22171
22146
22163
22038
21968
22366
22078
22229
22265
22171
21879
21847
22052
21831
22299
22033
21978
21915
21942
22027
22050
21921
21975
21721
21914
22236
22251
22182
21955
22202
21941
22097
22037
22019
21963
22042
22117
22085
21899
22093
21991
22000
21899
22161
21870
22039
21953
21971
22316
22153
22127
21906
21952
22375
21971
22205
21636
22037
21980
22052
22062
22122
21713
22003
22190
22084
21935
22242
22263
22046
21839
22021
22167
21842
21905
21926
22110
22046
22196
22258
21905
21917
22047
21917
22115
22256
22205
21860
22119
21921
21892
22146
21964
22064
21962
22019
22001
21912
21781
21970
22074
21866
22169
22182
22062
21979
21887
21966
21963
21997
21894
21848
22083
22059
21811
22127
21922
22192
21994
22098
22225
22064
21831
22298
22142
21987
22235
22050
21952
22207
22099
22135
21877
21714
21876
22206
22198
22373
21915
22225
21870
22003
21943
21767
22043
21847
21738
22113
22040
22070
21975
21952
21783
21881
21989
22010
22064
22072
21956
21998
21874
21882
21895
21788
21999
21878
22155
22151
21836
21945
22027
21981
21733
21970
22091
22076
22102
21963
21961
21942
21922
21976
21804
22054
22116
22136
21960
21935
21668
21913
21933
22016
21923
21812
22037
22011
21940
21707
21889
21712
21804
21721
21999
22047
22030
22008
21860
21514
21696
22053
21661
21991
21901
21888
21950
21930
21583
21922
21611
21940
21764
21797
21733
21987
21860
21930
21641
21833
21898
21691
22069
21791
21953
21909
22035
22105
21970
21754
21732
21810
21696
21771
21637
21754
22023
21733
21798
21588
21846
21767
22075
21730
21466
21655
21789
21463
21663
21827
21517
21572
21494
21636
21644
21530
21578
21881
21459
21345
21525
21489
21496
21535
21440
21533
21547
21311
21638
21530
21417
21396
21252
21475
21556
21205
21445
21341
21400
21221
21184
21219
21102
21397
21290
21019
20973
21041
21148
20898
20882
20951
20917
20888
20949
20715
20614
20427
20830
20686
20350
20224
20383
20161
19889
20075
19775
19804
19427
19482
19348
19205
18883
18387
18475
17927
18071
17302
17187
16745
16491
16125
15927
15418
15397
14857
14852
14742
14473
14399
14084
14618
14186
14377
14490
14789
14907
14628
14824
15050
14815
14792
14780
14383
14355
14028
14297
14375
14349
14543
14715
14923
15239
15390
15838
15968
16249
16730
16906
17483
17800
18153
18140
18521
18711
18931
19242
19504
19632
19687
19865
19880
20078
20005
20264
20187
20008
20279
20402
20655
20977
20625
20969
20750
20869
20725
21006
21142
21021
21181
21078
21401
21121
21236
21295
21016
21290
21224
21411
21249
21465
21277
21385
21195
21308
21349
21345
21354
21584
21476
21704
21574
21471
21729
21552
21264
21946
21755
21483
21731
21547
21526
21667
21655
21610
21758
21681
21560
21524
21773
21723
21533
21638
21643
21697
21938
21827
21895
21819
21854
21548
21768
21967
21944
21545
22081
21611
22091
21849
21775
21974
21915
21984
21835
21644
21807
21752
21937
21757
21652
21997
22018
21849
21958
21975
21664
21795
21823
21479
22073
22079
21941
21991
21994
21957
21752
21759
21855
21640
21934
22241
21979
21735
21960
21945
22074
21939
22068
22000
21988
22049
22195
21981
21779
21947
21752
22035
22082
21825
22146
21801
22060
21909
21691
21996
21791
21781
21940
21918
22105
21668
21960
22093
21759
21898
21821
22156
21809
21810
21842
21809
22073
21874
21781
21924
21926
22089
22111
22024
21922
22077
22131
22122
22216
22112
21785
21693
22071
22069
21887
22231
22158
22199
22096
21782
22135
21923
22066
21915
22072
21829
22156
22066
22034
21846
22000
22042
22105
22015
22122
21958
22186
21988
21933
22080
22089
21935
22005
22205
21837
22127
21852
21971
22127
22121
22003
22186
21898
22150
21878
21860
22007
21800
22029
22109
21851
22115
