6814
6789
6786
6787
6895
6678
6803
6884
6790
6933
6869
6861
6820
6784
6947
6720
6802
6690
6705
6807
6928
6829
6870
6898
6751
6798
6789
6902
6850
6804
6797
6751
6959
6675
6749
6703
6944
6879
6796
6708
6736
6828
6861
6781
6790
6794
6880
6915
6788
6713
6880
6806
6957
6696
6723
6660
6855
6793
6814
6820
6797
6720
6957
6686
6811
6841
6822
6733
6738
6767
6681
6837
6791
6655
6808
6889
6804
6660
6818
6846
6813
6814
6789
6800
6779
6870
6795
6890
6723
6772
6838
6873
6729
6740
6845
6727
6882
6743
6717
6957
6928
6783
6673
6870
6843
6807
6728
6724
6792
6690
6801
6747
6956
6758
6782
6875
6758
6744
6821
6891
6700
6789
6795
6839
6741
6774
6727
6826
6827
6729
6792
6741
6730
6779
6767
6600
6798
6729
6850
6719
6635
6790
6756
6838
6785
6817
6579
6660
6739
6746
6608
6734
6801
6820
6654
6785
6775
6800
6831
6576
6820
6611
6726
6616
6626
6693
6864
6717
6756
6594
6722
6770
6739
6799
6691
6760
6732
6633
6639
6659
6579
6623
6698
6665
6570
6802
6699
6601
6675
6545
6568
6585
6497
6568
6588
6489
6470
6533
6438
6492
6523
6455
6512
6364
6500
6435
6451
6367
6348
6263
6519
6196
6196
6317
6193
6192
6096
6193
5899
6034
5934
5961
5801
5741
5726
5610
5507
5357
5220
5041
5075
4947
4935
4684
4619
4537
4513
4600
4409
4494
4417
4460
4446
4443
4487
4732
4584
4656
4696
4655
4549
4618
4445
4461
4479
4481
4401
4468
4624
4606
4564
4652
4902
4908
4975
5130
5054
5349
5317
5480
5461
5630
5765
5852
5856
5881
5992
6050
6097
6161
6220
6239
6210
6212
6347
6302
6442
6350
6302
6407
6440
6387
6453
6523
6502
6513
6389
6499
6444
6568
6675
6472
6533
6702
6693
6602
6541
6545
6583
6590
6674
6641
6558
6743
6686
6604
6647
6733
6794
6623
6695
6805
6687
6764
6737
6741
6744
6811
6798
6553
6646
6805
6660
6710
6628
6791
6543
6692
6730
6838
6618
6744
6846
6643
6837
6739
6688
6808
6745
6844
6751
6626
6853
6774
6733
6822
6783
6680
6865
6785
6698
6804
6839
6807
6874
6533
6884
6854
6787
6843
6872
6731
6746
6867
6824
6786
6824
6771
6707
6817
6808
6912
6799
6733
6822
6773
6977
6841
6711
6777
6883
6940
6805
6755
6791
6910
6811
6773
6828
6837
6715
6671
6748
6885
6787
6767
6833
6908
6916
6913
6838
6956
6747
6883
6840
6689
6703
6847
6967
6830
6715
6751
6675
6861
6677
6827
6744
6645
6900
6881
6904
6803
6768
6915
6825
6810
6959
6762
6751
6667
6873
6727
6911
6806
6874
6808
6887
6728
6765
6714
6837
6604
6739
6847
6926
6849
6856
6905
6817
6790
6784
6820
6750
6831
6790
6786
6903
6699
6786
6753
6792
6806
6669
6797
6867
6713
6832
6898
6798
6755
6698
6937
6819
6721
6660
6798
6808
6900
6884
6681
6756
6827
6888
6752
6866
6833
6987
6750
6727
6789
6913
6696
6701
6808
6860
6870
6825
6769
6842
6660
6787
6647
6774
6931
6873
6677
6849
6728
6790
6779
6847
6719
6781
6867
6745
6811
6820
6865
6835
6847
6916
6868
6663
6860
6788
6734
6842
6870
6892
6863
6811
6869
6764
6895
6705
6832
6785
6929
6790
6854
6774
6964
6864
6788
6850
6856
6758
6913
6650
6857
6618
6642
6716
6892
6826
6896
6796
6868
6752
6788
6800
6728
6809
6715
6705
6763
6729
6747
6867
6921
6704
6714
6720
6724
6805
6746
6837
6828
6823
6793
6720
6710
6789
6864
6886
6848
6786
6664
6726
6922
6710
6763
6953
6739
6866
6749
6644
6855
6750
6778
6786
6926
6825
6843
6782
6770
6671
6849
6787
6797
6857
6772
6836
6725
6765
6774
6893
6616
6722
6651
6924
6819
6815
6723
6870
6591
6692
6868
6677
6727
6711
6785
6791
6881
6693
6806
6709
6796
6623
6773
6722
6921
6660
6800
6706
6830
6695
6684
6801
6685
6919
6705
6768
6895
6768
6850
6793
6744
6713
6673
6664
6769
6712
6725
6754
6702
6764
6760
6804
6767
6630
6721
6732
6580
6817
6722
6558
6671
6578
6583
6644
6618
6582
6778
6687
6621
6718
6657
6674
6731
6638
6601
6750
6501
6672
6583
6573
6624
6549
6624
6714
6593
6677
6432
6751
6598
6567
6555
6534
6644
6596
6476
6637
6547
6541
6469
6449
6490
6547
6473
6500
6492
6344
6198
6418
6435
6397
6253
6288
6286
6137
6095
6073
6065
5969
6129
5965
5868
5995
5651
5789
5520
5606
5306
5376
5095
5063
4983
4793
4724
4751
4465
4526
4574
4479
4411
4391
4554
4384
4375
4448
4521
4695
4485
4634
4688
4592
4529
4552
4475
4465
4339
4501
4363
4416
4475
4606
4635
4666
4748
4840
4894
5086
5173
5283
5377
5482
5544
5745
5702
5669
5854
5979
6069
6118
6069
6154
6167
6237
6118
6344
6190
6215
6258
6418
6269
6515
6430
6540
6449
6510
6487
6419
6622
6486
6611
6528
6623
6592
6628
6539
6484
6541
6480
6680
6533
6516
6623
6774
6474
6671
6597
6617
6593
6625
6650
6791
6531
6576
6596
6506
6602
6691
6688
6765
6703
6685
6756
6755
6601
6644
6779
6723
6578
6712
6792
6763
6640
6648
6539
6724
6697
6706
6788
6759
6699
6617
6763
6853
6741
6708
6849
6679
6750
6880
6725
6908
6850
6893
6782
6796
6832
6683
6816
6686
6667
6786
6867
6700
6782
6847
6617
6727
6684
6587
6818
6831
6763
6807
6785
6847
6619
6638
6658
6675
6608
6815
6702
6748
6792
6842
6805
6856
6844
6798
6799
6746
6828
6803
6684
6839
6805
6753
6860
6735
6926
6697
6838
6884
6717
6755
6811
6810
6746
6770
6952
6716
6757
6933
6748
6677
6672
6666
6763
6714
6717
6876
6814
6789
6754
6738
6691
6692
6830
6709
6734
6874
6889
6805
6884
6986
6702
6731
6869
6821
6711
6820
6850
6858
6915
6666
6805
6746
6696
6783
6799
6781
7013
6899
6802
6781
6800
6863
6853
6880
6753
6739
6819
6740
6812
6866
6764
6837
6811
6795
6830
6827
6821
6779
6799
6786
6834
6836
6808
6862
6748
6742
6825
6720
6709
6847
6734
6873
