22224
22095
22435
22183
22183
22297
22164
22541
22258
22323
22294
22430
22268
22279
22496
22346
22175
22332
22095
22320
22400
22466
22508
22504
22095
22068
22271
22451
22693
22310
22273
22021
22613
22331
22341
22219
22547
22327
22131
22113
22322
22347
22229
22255
22154
22068
22362
22243
22327
22503
22417
22339
22560
22121
22024
21941
22273
22344
22278
22402
22437
22073
22481
22254
22258
22301
22433
22237
22201
22266
22258
22380
22335
22101
22411
22250
22331
22156
22382
22342
22134
22079
22323
22088
22322
22367
22280
22380
22087
22118
22447
22610
22146
22432
22228
22109
22331
22254
22118
22730
22174
21953
21956
22346
22263
22292
22434
22109
22100
22227
22268
22294
22437
22161
22354
22127
22296
22324
22097
22387
22308
22183
22317
22304
22198
22059
22068
22106
22151
22057
22137
22181
22023
22164
22123
22022
22248
22136
22201
21885
21817
22225
22296
22223
22261
22206
22038
22135
22183
22084
21937
22089
22120
22221
21955
22239
22258
22010
21900
21826
22130
21906
21886
21908
21837
21907
22098
21768
21768
21686
22074
21834
22083
22199
21926
21901
21758
21786
21689
21765
21839
21752
21546
21664
21371
21857
21783
21593
21613
21541
21736
21626
21427
21375
21601
21560
21246
21290
21142
21212
21387
21299
21382
20972
21050
21143
20987
20964
20637
20708
21066
20407
20450
20585
20497
20237
20055
20213
19693
19769
19281
19433
18865
18480
18722
18227
17992
17618
17039
16940
16525
16105
15925
15569
15310
15124
14945
14928
14572
14498
14524
14681
14609
14761
14914
15212
15081
15219
15234
15100
15013
14916
14788
14605
14594
14480
14666
14702
14958
15035
15144
15180
15834
16022
16500
16631
16784
17492
17572
18161
18163
18525
18784
19000
19265
19334
19731
19831
20068
20161
20312
20230
20345
20416
20718
20559
20911
20756
20765
21090
21196
20832
21073
21172
21418
21162
21176
21239
21372
21371
21686
21460
21270
21640
21514
21596
21704
21773
21847
21690
21466
21615
21580
21573
22102
21706
21783
21929
22117
21719
21946
21840
21962
21845
21976
22049
21847
22112
21872
21808
21886
22106
21801
22092
21862
21984
21996
21845
21937
22174
22084
22003
22239
21991
22331
22219
22016
22189
22113
22242
22048
21926
22097
22100
22119
22257
22195
22085
22177
22178
22021
22219
22301
22140
22393
21874
22098
22381
22227
22353
22446
22051
22121
22260
22309
22215
22591
22216
22073
22192
22082
22387
22239
21988
22359
22353
22460
22349
22439
22272
22527
22522
22326
22321
22089
22325
22437
22255
22045
22376
22232
22424
22027
22612
22331
22242
22492
22527
22420
22217
22342
22363
22105
22308
22589
22136
22308
22589
22454
22512
22177
22168
22133
22304
22250
22463
22018
22087
22467
22432
22445
22323
22289
22658
22384
22528
22562
22480
22145
22120
22331
22129
22594
22335
22251
22229
22226
22311
22353
22213
22265
21983
22194
22550
22555
22438
22248
22519
22206
22382
22303
22326
22239
22327
22398
22388
22180
22379
22288
22270
22207
22452
22173
22314
22239
22264
22559
22401
22377
22170
22234
22651
22260
22488
21927
22331
22305
22358
22347
22376
21981
22264
22483
22372
22230
22496
22541
22343
22116
22315
22443
22126
22207
22207
22417
22342
22476
22523
22224
22223
22358
22207
22409
22540
22459
22135
22397
22215
22159
22430
22249
22359
22216
22301
22284
22195
22085
22273
22403
22147
22469
22476
22359
22238
22174
22247
22259
22287
22148
22135
22381
22351
22101
22434
22223
22435
22233
22393
22523
22364
22098
22569
22431
22259
22530
22316
22233
22495
22349
22421
22152
22015
22169
22509
22462
22631
22206
22509
22167
22268
22247
22056
22312
22164
22037
22402
22306
22382
22252
22208
22064
22162
22275
22284
22346
22367
22226
22288
22193
22174
22178
22080
22282
22197
22405
22447
22125
22242
22338
22303
22000
22243
22376
22387
22400
22234
22229
22222
22215
22263
22094
22361
22418
22409
22234
22217
21955
22185
22228
22297
22215
22120
22350
22293
22230
21990
22182
21975
22089
22005
22289
22349
22297
22298
22144
21805
21951
22322
21928
22267
22189
22153
22214
22219
21861
22220
21918
22193
22053
22095
22037
22267
22152
22225
21935
22123
22165
22007
22365
22063
22236
22222
22310
22405
22255
22037
22002
22075
21980
22094
21910
22044
22322
22030
22087
21860
22151
22028
22377
22038
21749
21970
22057
21743
21929
22126
21763
21862
21784
21922
21912
21810
21854
22178
21779
21623
21798
21778
21733
21826
21715
21851
21808
21624
21903
21814
21687
21691
21564
21737
21851
21471
21706
21620
21668
21483
21465
21503
21396
21685
21543
21295
21237
21319
21425
21199
21177
21230
21166
21162
21254
20959
20868
20731
21120
20965
20600
20478
20637
20437
20156
20358
20037
20065
19705
19755
19587
19469
19112
18607
18711
18198
18313
17532
17412
16968
16673
16308
16143
15618
15586
15060
15037
14951
14684
14569
14276
14781
14363
14563
14677
15001
15107
14852
15022
15240
14992
15006
14953
14562
14551
14189
14489
14560
14542
14725
14902
15127
15446
15590
16044
16148
16469
16957
17100
17712
18034
18398
18383
18737
18960
19142
19501
19780
19884
19965
20115
20136
20355
20272
20536
20455
20243
20558
20696
20913
21219
20911
21239
21012
21136
21004
21258
21415
21311
21459
21351
21683
21374
21553
21556
21284
21551
21516
21693
21524
21758
21562
21697
21462
21571
21612
21620
21644
21851
21779
21983
21843
21736
22026
21825
21568
22247
22018
21762
22018
21796
21838
21948
21939
21928
22015
21959
21864
21790
22055
21988
21786
21909
21907
22002
22232
22115
22149
22049
22137
21813
22041
22273
22219
21818
22378
21899
22387
22110
22034
22237
22176
22273
22141
21948
22085
22030
22265
22057
21950
22282
22292
22158
22263
22241
21941
22088
22099
21750
22374
22357
22223
22261
22256
22221
22042
22057
22141
21918
22204
22522
22243
22040
22267
22249
22330
22201
22345
22303
22256
22358
22481
22269
22092
22206
22016
22337
22337
22106
22420
22077
22359
22196
21976
22270
22078
22063
22249
22217
22406
21970
22234
22377
22007
22175
22122
22440
22097
22111
22104
22107
22324
22144
22059
22185
22218
22372
22398
22298
22245
22369
22414
22407
22499
22402
22070
21959
22348
22337
22151
22514
22435
22488
22374
22100
22398
22213
22354
22210
22358
22120
22447
22366
22317
22117
22308
22347
22398
22310
22380
22248
22462
22262
22207
22377
22381
22224
22311
22480
22141
22388
22137
22239
22387
22407
22308
22483
22173
22423
22151
22137
22278
22108
22334
22396
22128
22399
