3656
3601
3636
3677
3713
3606
3600
3704
3692
3755
3726
3678
3614
3644
3700
3575
3613
3669
3584
3597
3730
3714
3667
3772
3611
3578
3596
3608
3605
3627
3661
3646
3737
3563
3653
3586
3720
3684
3577
3606
3598
3646
3658
3649
3630
3653
3766
3671
3612
3676
3740
3565
3836
3558
3603
3557
3658
3585
3610
3653
3600
3569
3715
3607
3596
3673
3720
3648
3634
3664
3633
3593
3631
3584
3666
3725
3618
3567
3723
3688
3673
3635
3669
3631
3650
3740
3593
3745
3580
3615
3691
3713
3521
3581
3605
3587
3674
3510
3498
3820
3737
3568
3539
3645
3598
3716
3634
3580
3632
3633
3659
3632
3655
3648
3609
3680
3553
3580
3729
3656
3515
3698
3674
3598
3622
3652
3556
3619
3542
3611
3650
3672
3564
3573
3590
3537
3605
3578
3729
3647
3525
3703
3632
3651
3639
3679
3522
3600
3618
3652
3543
3567
3666
3644
3631
3671
3688
3606
3634
3470
3641
3576
3553
3585
3536
3580
3644
3574
3601
3557
3582
3609
3654
3638
3556
3653
3589
3604
3539
3583
3538
3577
3538
3541
3564
3675
3582
3492
3569
3449
3563
3497
3483
3479
3571
3573
3380
3487
3429
3483
3492
3459
3568
3392
3491
3424
3433
3424
3428
3425
3507
3284
3268
3339
3351
3294
3242
3323
3164
3248
3141
3249
3120
3063
3111
3043
2888
2920
2803
2704
2714
2638
2688
2508
2471
2454
2451
2533
2409
2391
2377
2348
2432
2424
2409
2525
2464
2550
2512
2528
2398
2473
2432
2324
2408
2459
2333
2440
2479
2490
2480
2408
2604
2658
2666
2761
2704
2840
2832
2922
2925
3011
3088
3154
3117
3188
3233
3244
3171
3293
3376
3331
3391
3294
3403
3385
3409
3439
3339
3404
3393
3408
3471
3560
3495
3483
3370
3502
3471
3411
3587
3516
3480
3664
3537
3522
3454
3551
3529
3630
3563
3559
3461
3633
3598
3562
3543
3621
3584
3575
3607
3603
3582
3543
3613
3639
3683
3595
3710
3516
3516
3671
3547
3578
3566
3638
3577
3634
3674
3666
3639
3556
3683
3594
3586
3654
3558
3662
3590
3672
3569
3594
3699
3663
3666
3682
3662
3541
3713
3696
3575
3732
3696
3606
3661
3412
3627
3749
3612
3620
3725
3581
3605
3701
3626
3656
3656
3603
3496
3698
3660
3647
3604
3605
3632
3643
3674
3584
3586
3667
3615
3689
3636
3566
3603
3686
3632
3630
3695
3694
3563
3624
3640
3670
3597
3575
3594
3651
3697
3709
3702
3711
3617
3693
3729
3611
3609
3646
3728
3691
3720
3694
3558
3772
3557
3652
3596
3524
3701
3697
3730
3623
3586
3707
3650
3658
3703
3652
3606
3578
3731
3591
3704
3627
3682
3655
3689
3576
3571
3618
3641
3474
3671
3628
3776
3666
3635
3834
3671
3605
3554
3665
3600
3665
3657
3617
3772
3588
3680
3686
3716
3664
3584
3697
3685
3648
3663
3703
3656
3670
3639
3731
3698
3630
3493
3616
3691
3648
3664
3602
3593
3668
3683
3655
3699
3623
3717
3653
3580
3741
3651
3540
3606
3749
3649
3626
3615
3635
3711
3524
3577
3595
3549
3744
3728
3659
3661
3625
3642
3670
3697
3557
3669
3710
3564
3627
3633
3652
3639
3664
3676
3618
3581
3659
3595
3576
3696
3620
3629
3673
3662
3665
3680
3722
3679
3662
3674
3614
3579
3696
3594
3762
3650
3609
3660
3682
3628
3695
3595
3699
3561
3626
3599
3751
3666
3730
3591
3729
3603
3581
3701
3625
3589
3600
3593
3672
3602
3595
3724
3759
3613
3621
3636
3673
3667
3644
3666
3680
3692
3588
3601
3517
3682
3627
3581
3689
3687
3596
3642
3730
3663
3586
3663
3573
3686
3613
3683
3692
3647
3605
3628
3675
3592
3694
3599
3576
3544
3629
3570
3659
3670
3637
3587
3608
3641
3666
3783
3517
3609
3530
3731
3662
3636
3555
3635
3560
3593
3732
3587
3670
3638
3638
3664
3679
3595
3768
3605
3693
3636
3674
3600
3729
3596
3681
3545
3620
3616
3572
3606
3594
3663
3617
3606
3660
3670
3612
3580
3550
3581
3536
3646
3619
3600
3550
3653
3533
3604
3720
3693
3613
3548
3692
3656
3510
3667
3665
3572
3589
3560
3539
3555
3542
3526
3639
3573
3570
3625
3577
3656
3618
3612
3490
3584
3512
3539
3573
3546
3534
3448
3524
3624
3487
3616
3465
3719
3506
3524
3525
3527
3625
3535
3546
3500
3505
3462
3441
3521
3567
3507
3471
3430
3404
3431
3293
3479
3414
3407
3387
3331
3361
3314
3307
3243
3268
3182
3296
3215
3092
3167
3005
3067
2977
3048
2854
2841
2754
2672
2635
2587
2554
2606
2407
2413
2447
2409
2355
2373
2437
2356
2311
2386
2400
2490
2399
2471
2539
2418
2416
2411
2405
2371
2252
2454
2365
2370
2417
2469
2422
2503
2569
2556
2600
2728
2761
2900
2914
2900
2978
3049
3114
3027
3191
3200
3231
3333
3281
3288
3283
3408
3341
3361
3256
3337
3336
3406
3314
3478
3459
3547
3452
3503
3483
3417
3618
3426
3536
3491
3630
3515
3553
3496
3528
3516
3432
3557
3496
3466
3564
3627
3512
3588
3464
3541
3507
3564
3594
3681
3490
3588
3512
3458
3536
3599
3512
3652
3563
3671
3625
3619
3523
3499
3576
3558
3573
3620
3646
3597
3590
3533
3423
3588
3597
3584
3644
3576
3576
3498
3607
3660
3632
3661
3716
3568
3566
3684
3615
3680
3629
3695
3600
3593
3603
3567
3618
3595
3547
3612
3662
3647
3672
3734
3523
3691
3645
3582
3659
3633
3593
3582
3656
3730
3507
3495
3514
3531
3551
3622
3578
3636
3676
3670
3621
3621
3656
3602
3571
3641
3679
3697
3540
3648
3593
3599
3704
3577
3704
3573
3676
3749
3610
3667
3645
3689
3561
3663
3690
3664
3624
3766
3601
3631
3626
3593
3640
3604
3580
3698
3674
3689
3565
3531
3632
3543
3592
3649
3573
3716
3595
3591
3690
3701
3621
3605
3675
3709
3621
3631
3659
3631
3663
3579
3530
3584
3616
3637
3638
3769
3760
3735
3597
3559
3652
3688
3689
3728
3611
3622
3627
3572
3614
3692
3637
3720
3730
3653
3617
3613
3679
3581
3611
3673
3653
3694
3606
3687
3556
3644
3670
3548
3607
3693
3626
3684
