5954
5886
5924
5939
6070
5844
5925
6000
5968
6048
6010
6046
5981
5884
6030
5816
5928
5838
5872
5930
6024
5992
5970
6005
5911
5895
5923
6067
5953
5949
5962
5890
6076
5838
5833
5839
6088
6016
5921
5879
5899
5956
6006
5924
5963
5955
6032
6038
5930
5884
6017
5926
6111
5889
5849
5802
5967
5902
5942
5945
5929
5841
6101
5833
5966
6000
5953
5885
5880
5959
5862
5911
5909
5801
5989
6052
5950
5855
5962
5978
5969
5972
5905
5951
5899
6042
5917
6030
5908
5891
5965
6049
5836
5851
5984
5870
6028
5838
5879
6102
6097
5906
5812
6035
5985
5959
5859
5890
5894
5813
5955
5890
6055
5898
5921
6012
5905
5886
5983
5995
5817
5959
5930
6000
5914
5917
5881
5980
5921
5878
5961
5882
5893
5896
5907
5755
5974
5863
5998
5900
5754
5933
5927
5986
5909
5978
5746
5834
5855
5910
5786
5868
5952
5929
5857
5932
5971
5941
5984
5739
5946
5819
5898
5813
5770
5846
6011
5853
5883
5771
5883
5892
5887
5966
5848
5930
5869
5775
5801
5809
5746
5767
5843
5822
5743
5925
5849
5763
5815
5703
5741
5734
5639
5689
5761
5673
5636
5730
5598
5690
5693
5616
5705
5559
5693
5613
5635
5532
5589
5502
5718
5405
5422
5499
5459
5417
5296
5399
5156
5250
5159
5195
5054
5044
5063
4949
4783
4706
4544
4416
4430
4331
4309
4088
4033
3961
3947
4042
3860
3932
3820
3851
3864
3916
3926
4133
4037
4123
4128
4062
3906
4019
3889
3894
3930
3935
3844
3923
4023
4010
4006
4043
4295
4317
4390
4504
4423
4647
4624
4751
4778
4884
5034
5099
5140
5129
5276
5296
5313
5391
5470
5468
5420
5408
5553
5477
5657
5560
5453
5593
5597
5575
5621
5714
5689
5705
5561
5661
5620
5707
5809
5654
5708
5853
5838
5752
5682
5790
5755
5810
5826
5832
5727
5884
5876
5773
5842
5831
5919
5809
5851
5895
5868
5881
5877
5908
5990
5932
5968
5723
5793
5980
5872
5826
5778
5953
5740
5846
5940
6014
5756
5859
5986
5815
5980
5913
5856
5955
5857
6019
5901
5797
6002
5909
5904
5979
5925
5829
6001
5944
5810
5957
5920
5936
5943
5694
5992
6008
5914
5945
6007
5905
5885
5993
5983
5928
5942
5944
5807
5934
5977
6026
5882
5879
5934
5944
6056
5943
5811
5956
5995
6053
5941
5910
5919
6040
5962
5934
5978
5991
5849
5818
5869
6013
5897
5904
5944
5966
6058
6050
5970
6066
5875
6008
5978
5853
5902
5979
6098
6000
5926
5939
5840
6042
5819
5918
5897
5789
6053
6011
6046
5904
5920
6068
5914
5937
6040
5867
5902
5828
5999
5870
6093
5964
6016
5931
6029
5890
5922
5870
5986
5778
5925
5970
6080
6000
5987
6098
5986
5891
5922
5955
5917
6007
5952
5921
6026
5865
5895
5927
5971
5957
5825
5965
5958
5900
5992
6051
5924
5905
5871
6069
5994
5850
5791
5939
5956
6016
6021
5848
5887
5960
6003
5884
6035
5943
6095
5878
5882
5946
6030
5839
5886
5961
5965
5964
5965
5940
5989
5795
5919
5817
5837
6066
6006
5908
5984
5898
5930
5944
5994
5857
5916
5966
5860
5952
5916
6007
5935
5987
6038
5968
5842
5974
5931
5879
5983
5960
6000
6035
5925
5955
5920
6004
5858
6017
5875
6061
5901
5957
5912
6064
6007
5921
5953
6029
5923
6000
5812
6007
5816
5896
5882
6065
5991
6068
5910
5976
5927
5916
5984
5895
5924
5871
5900
5937
5870
5870
6013
6047
5877
5843
5897
5880
5923
5897
5967
5957
5974
5919
5927
5811
5978
5970
5960
6003
5946
5837
5877
6065
5916
5929
6041
5916
6003
5879
5864
5965
5868
5920
5931
6010
5938
6036
5908
5885
5788
5996
5885
5940
6021
5929
5916
5891
5878
5903
6044
5776
5854
5802
6046
5992
5955
5888
6037
5766
5865
6060
5795
5891
5881
5928
5928
5993
5834
5994
5908
5974
5778
5903
5848
6071
5808
5952
5853
5908
5842
5811
5945
5846
6056
5901
5890
6016
5923
5921
5946
5892
5863
5835
5844
5924
5888
5847
5888
5867
5893
5992
5924
5855
5799
5864
5924
5752
5960
5931
5747
5804
5759
5734
5815
5785
5763
5919
5810
5814
5877
5827
5819
5861
5815
5758
5848
5736
5793
5798
5746
5798
5663
5806
5893
5754
5831
5664
5883
5706
5741
5716
5717
5818
5787
5725
5768
5717
5714
5658
5691
5694
5724
5684
5656
5627
5541
5382
5587
5552
5580
5461
5501
5501
5360
5338
5308
5312
5203
5333
5184
5097
5273
4921
5051
4798
4900
4625
4679
4438
4385
4338
4201
4119
4131
3906
3952
4004
3934
3862
3833
3954
3845
3820
3901
3973
4078
3939
4048
4085
3999
3916
3987
3909
3907
3762
3922
3781
3881
3940
4062
4002
4087
4159
4208
4252
4451
4502
4676
4691
4759
4859
4951
4964
4969
5137
5231
5291
5321
5326
5328
5350
5459
5383
5549
5388
5429
5493
5605
5455
5683
5598
5701
5635
5690
5683
5607
5799
5644
5818
5713
5816
5709
5784
5726
5686
5721
5690
5841
5692
5690
5803
5917
5655
5876
5734
5769
5730
5768
5845
5929
5682
5787
5767
5683
5738
5838
5815
5954
5858
5853
5961
5923
5786
5797
5880
5860
5772
5876
5921
5902
5833
5812
5657
5920
5852
5852
5909
5885
5824
5768
5920
6013
5888
5887
5999
5818
5910
6026
5908
6036
6013
6009
5920
5911
5948
5813
5933
5867
5824
5892
6007
5874
5946
6007
5813
5923
5856
5697
5955
5941
5845
5891
5938
6007
5804
5769
5768
5816
5763
5975
5880
5889
5946
6001
5929
5959
5998
5955
5920
5876
6006
5956
5853
5968
5957
5931
6012
5846
6021
5861
5964
6060
5896
5951
5980
5959
5878
5935
6072
5863
5891
6028
5891
5848
5788
5813
5955
5849
5866
5963
5955
5923
5885
5921
5852
5841
5947
5873
5890
5992
5957
5951
6020
6073
5819
5879
6067
5972
5850
5987
5964
5956
6044
5839
5908
5893
5896
5904
5936
5962
6141
6025
5926
5900
5957
6014
6022
6019
5890
5906
5955
5859
5952
5971
5951
5971
5935
5925
5947
5971
5947
5939
5878
5956
5973
5964
5938
5975
5875
5889
5958
5846
5876
5970
5902
6007
