7401
7333
7366
7387
7520
7237
7376
7436
7364
7480
7462
7448
7375
7379
7517
7302
7386
7295
7271
7409
7494
7370
7465
7485
7306
7376
7352
7475
7437
7372
7384
7329
7507
7272
7316
7272
7521
7494
7353
7314
7331
7411
7429
7326
7351
7326
7434
7479
7366
7269
7510
7414
7535
7286
7279
7241
7440
7402
7377
7381
7338
7287
7527
7306
7364
7407
7387
7311
7310
7372
7269
7393
7387
7219
7410
7470
7366
7234
7421
7396
7377
7390
7382
7359
7336
7396
7363
7475
7312
7340
7412
7444
7349
7260
7422
7295
7437
7318
7279
7557
7485
7372
7249
7422
7465
7344
7228
7295
7330
7242
7393
7346
7549
7342
7382
7438
7336
7306
7406
7534
7256
7359
7380
7425
7285
7366
7304
7426
7376
7318
7368
7305
7294
7333
7337
7191
7381
7302
7425
7245
7161
7389
7345
7407
7335
7383
7136
7209
7309
7353
7165
7289
7366
7417
7236
7351
7357
7369
7410
7151
7386
7178
7290
7177
7143
7254
7420
7263
7322
7138
7279
7299
7321
7363
7278
7315
7293
7181
7223
7209
7128
7144
7267
7234
7087
7378
7285
7167
7199
7064
7102
7141
7028
7131
7118
7040
7014
7068
7004
7008
7032
6971
7074
6912
7014
6954
6936
6941
6865
6797
7064
6711
6683
6882
6734
6711
6620
6740
6378
6590
6449
6434
6300
6148
6199
6117
5957
5816
5643
5499
5479
5356
5339
5070
5028
4943
4918
4991
4766
4869
4768
4840
4824
4802
4878
5100
4996
5057
5083
5033
4947
5014
4810
4887
4833
4870
4801
4863
4982
4968
4959
5074
5307
5304
5431
5555
5484
5817
5725
5939
5932
6101
6255
6341
6324
6325
6522
6557
6622
6640
6694
6757
6695
6728
6856
6867
6990
6878
6823
6962
7014
6930
7022
7078
7094
7043
6927
7013
7010
7107
7219
7039
7089
7267
7223
7142
7100
7114
7175
7138
7228
7189
7107
7288
7223
7124
7240
7265
7371
7152
7273
7381
7241
7288
7319
7333
7309
7312
7384
7111
7221
7366
7236
7320
7138
7337
7136
7210
7318
7415
7161
7327
7424
7248
7377
7334
7265
7390
7320
7430
7283
7161
7385
7382
7343
7419
7340
7250
7415
7446
7253
7363
7377
7356
7438
7109
7426
7414
7311
7397
7475
7309
7330
7445
7405
7363
7392
7346
7291
7366
7335
7497
7360
7307
7445
7322
7570
7445
7273
7323
7483
7513
7398
7309
7394
7517
7319
7361
7340
7422
7263
7253
7302
7423
7349
7304
7410
7456
7474
7479
7424
7506
7343
7442
7404
7269
7314
7453
7543
7391
7267
7275
7255
7479
7284
7421
7296
7257
7428
7407
7458
7361
7319
7533
7415
7412
7519
7329
7286
7266
7431
7339
7471
7374
7451
7372
7483
7300
7328
7282
7460
7187
7317
7444
7528
7430
7434
7502
7404
7386
7352
7405
7304
7390
7355
7334
7442
7274
7308
7323
7312
7384
7247
7382
7439
7313
7432
7491
7394
7364
7243
7527
7412
7327
7160
7361
7351
7465
7472
7232
7298
7404
7463
7321
7414
7411
7557
7312
7280
7362
7471
7246
7306
7371
7464
7461
7404
7362
7415
7265
7353
7214
7354
7524
7454
7251
7443
7269
7328
7341
7403
7294
7330
7414
7359
7372
7424
7420
7408
7373
7542
7440
7240
7445
7377
7313
7414
7428
7453
7422
7395
7451
7366
7469
7254
7397
7367
7483
7407
7422
7326
7525
7425
7376
7447
7424
7319
7488
7200
7447
7169
7235
7269
7429
7422
7469
7359
7442
7289
7373
7355
7287
7367
7326
7234
7367
7270
7297
7452
7494
7265
7307
7293
7289
7428
7326
7381
7406
7400
7385
7269
7267
7369
7464
7458
7404
7392
7242
7289
7489
7233
7344
7534
7305
7440
7291
7218
7418
7321
7368
7368
7510
7413
7457
7349
7351
7230
7407
7357
7347
7424
7355
7390
7278
7324
7326
7450
7199
7301
7246
7494
7405
7388
7258
7417
7162
7263
7434
7250
7330
7260
7380
7385
7411
7231
7346
7272
7370
7203
7318
7293
7447
7237
7363
7271
7413
7260
7238
7394
7249
7492
7238
7343
7463
7313
7417
7400
7312
7293
7262
7253
7348
7299
7236
7320
7253
7322
7283
7422
7322
7159
7317
7289
7144
7387
7368
7171
7207
7137
7170
7208
7150
7121
7350
7227
7214
7271
7217
7197
7238
7215
7152
7322
7039
7270
7156
7153
7197
7150
7184
7240
7106
7240
6958
7289
7130
7085
7080
7083
7198
7139
7007
7183
7111
7110
7043
7015
7001
7098
7010
7037
7032
6875
6745
6956
6949
6943
6767
6819
6814
6623
6605
6606
6565
6484
6613
6484
6357
6451
6114
6263
5980
6115
5772
5803
5515
5500
5392
5227
5165
5163
4884
4912
4978
4907
4804
4750
4922
4776
4723
4849
4916
5082
4879
5001
5055
4960
4915
4928
4832
4839
4700
4876
4727
4778
4892
4961
5030
5059
5152
5280
5367
5509
5632
5724
5779
5913
6072
6189
6165
6166
6351
6514
6567
6627
6581
6664
6688
6726
6607
6867
6691
6748
6805
6954
6804
7069
6961
7089
6992
7040
6980
6949
7167
7018
7196
7072
7160
7158
7209
7105
7015
7107
7051
7256
7079
7095
7167
7320
7038
7228
7158
7150
7163
7213
7199
7355
7091
7108
7176
7026
7146
7265
7280
7356
7284
7254
7311
7255
7161
7203
7355
7276
7162
7263
7379
7325
7241
7218
7084
7285
7285
7274
7397
7273
7281
7171
7363
7445
7311
7294
7439
7238
7338
7412
7330
7463
7430
7458
7360
7386
7408
7265
7401
7243
7232
7353
7438
7276
7354
7435
7219
7316
7212
7179
7368
7399
7317
7388
7360
7447
7207
7235
7243
7265
7185
7366
7250
7292
7359
7415
7356
7437
7454
7366
7382
7327
7403
7376
7233
7421
7368
7360
7417
7303
7476
7270
7419
7469
7269
7327
7390
7368
7335
7336
7535
7252
7348
7506
7264
7252
7251
7265
7324
7279
7291
7453
7369
7353
7320
7306
7246
7331
7390
7323
7324
7452
7496
7361
7431
7565
7232
7301
7436
7373
7296
7430
7437
7457
7470
7228
7368
7293
7317
7361
7407
7361
7577
7445
7345
7366
7357
7442
7435
7454
7368
7314
7427
7350
7403
7389
7333
7385
7365
7387
7363
7426
7328
7379
7389
7338
7362
7451
7362
7435
7287
7287
7381
7289
7304
7398
7281
7489
