17627
17524
17788
17560
17636
17753
17613
17875
17680
17748
17641
17825
17716
17720
17915
17862
17633
17674
17585
17727
17806
17893
17817
17945
17574
17439
17676
17843
17960
17731
17745
17439
17946
17685
17794
17647
17930
17732
17592
17509
17730
17710
17741
17655
17748
17504
17833
17670
17773
17803
17798
17756
17910
17650
17498
17433
17757
17686
17732
17789
17805
17477
17844
17578
17728
17696
17806
17599
17614
17664
17656
17795
17762
17636
17729
17683
17702
17488
17799
17685
17545
17552
17719
17499
17689
17778
17674
17764
17604
17558
17784
17794
17651
17840
17634
17640
17798
17696
17542
18089
17750
17470
17408
17771
17756
17682
17799
17593
17609
17623
17796
17692
17838
17657
17668
17590
17647
17639
17637
17839
17627
17623
17774
17699
17629
17543
17502
17595
17481
17523
17673
17554
17490
17663
17579
17389
17621
17598
17636
17385
17382
17670
17650
17710
17557
17698
17504
17529
17653
17525
17357
17492
17587
17712
17476
17729
17659
17477
17428
17307
17615
17398
17415
17361
17268
17395
17606
17358
17401
17136
17508
17389
17512
17636
17403
17399
17240
17294
17312
17321
17298
17173
17138
17170
16914
17338
17405
17132
17200
17136
17174
17165
17073
17059
17047
17125
16887
16968
16812
16835
17021
16893
16997
16743
16754
16835
16610
16693
16403
16399
16790
16189
16269
16348
16287
16120
15908
16087
15619
15637
15295
15408
14963
14737
14969
14495
14326
14040
13552
13409
13103
12869
12767
12409
12091
11981
11818
11898
11524
11474
11490
11635
11627
11719
11866
12101
11917
12097
12117
11947
11825
11834
11746
11592
11589
11523
11602
11651
11927
11893
12099
12136
12537
12756
13161
13232
13350
13865
13990
14446
14356
14657
14971
15128
15282
15327
15656
15778
16006
15887
16107
16079
16110
16149
16484
16214
16589
16410
16401
16692
16727
16594
16647
16819
16970
16831
16814
16844
16986
17066
17253
17013
16901
17288
17170
17111
17245
17296
17327
17185
17102
17175
16975
17189
17543
17251
17363
17511
17454
17294
0
0
0
0
0
0
0
0
0
0
0
0
0
0
0
0
17426
17315
17386
17693
17459
17532
17690
17476
17631
17726
17511
17663
17540
17669
17567
17416
