8252
8220
8186
8230
8373
8100
8212
8324
8219
8317
8302
8328
8235
8286
8367
8160
8234
8189
8161
8255
8348
8250
8352
8380
8113
8171
8232
8336
8308
8263
8245
8185
8388
8124
8173
8140
8367
8392
8219
8148
8222
8307
8302
8176
8243
8194
8265
8314
8237
8084
8373
8246
8444
8126
8135
8116
8315
8244
8186
8253
8193
8087
8373
8179
8249
8277
8236
8153
8161
8211
8128
8218
8272
8081
8238
8347
8212
8113
8310
8277
8246
8253
8227
8195
8213
8276
8192
8286
8161
8179
8301
8268
8190
8125
8260
8162
8286
8147
8132
8431
8312
8196
8050
8258
8282
8180
8121
8136
8179
8124
8240
8211
8353
8173
8255
8273
8191
8156
8234
8432
8121
8205
8241
8310
8179
8203
8150
8286
8222
8182
8236
8198
8117
8201
8177
8045
8257
8187
8236
8100
8008
8262
8230
8255
8181
8241
8028
8049
8212
8221
7994
8145
8182
8294
8072
8224
8194
8200
8251
7951
8193
8083
8121
8043
8005
8085
8233
8107
8163
7973
8155
8076
8141
8208
8200
8147
8122
8004
8068
8013
7995
7975
8086
8038
7908
8238
8130
8006
8024
7899
7933
7948
7846
7941
7930
7879
7840
7907
7867
7826
7845
7791
7884
7722
7788
7778
7740
7717
7661
7589
7954
7518
7466
7678
7485
7504
7381
7513
7143
7329
7249
7144
7049
6869
6921
6829
6622
6476
6299
6156
6111
5964
5957
5671
5606
5489
5484
5592
5281
5413
5357
5359
5401
5360
5502
5643
5596
5643
5706
5593
5521
5560
5358
5420
5370
5416
5356
5431
5595
5534
5549
5691
5922
5935
6104
6174
6146
6507
6401
6669
6690
6812
6938
7114
7089
7048
7318
7367
7377
7363
7470
7546
7477
7553
7640
7626
7763
7632
7617
7776
7773
7740
7772
7860
7917
7851
7764
7863
7903
7961
8073
7905
7935
8103
8054
7968
7921
7990
8033
7942
8042
8031
7912
8127
8088
7915
8060
8074
8211
8015
8104
8165
8101
8163
8184
8137
8109
8144
8261
7924
8065
8186
8023
8184
8017
8220
8014
8084
8209
8209
7995
8164
8265
8088
8216
8191
8096
8192
8147
8265
8150
8042
8217
8236
8187
8264
8159
8093
8300
8231
8066
8195
8251
8206
8285
7996
8270
8288
8175
8283
8320
8149
8163
8273
8231
8212
8288
8210
8132
8238
8198
8343
8224
8192
8306
8169
8474
8283
8123
8156
8326
8382
8231
8187
8271
8381
8213
8218
8153
8319
8153
8108
8158
8246
8236
8141
8292
8313
8352
8345
8271
8384
8178
8364
8227
8139
8154
8307
8424
8252
8135
8122
8101
8343
8121
8255
8094
8152
8322
8318
8344
8255
8148
8379
8278
8271
8406
8186
8167
8096
8328
8156
8310
8240
8290
8277
8354
8208
8191
8136
8251
8016
8165
8370
8410
8287
8292
8363
8193
8260
8210
8265
8148
8226
8233
8140
8317
8156
8168
8181
8199
8259
8127
8281
8272
8203
8276
8321
8308
8222
8122
8361
8334
8218
8008
8219
8227
8322
8398
8098
8172
8201
8358
8216
8273
8249
8451
8199
8097
8201
8338
8127
8122
8236
8334
8323
8306
8228
8214
8144
8199
8072
8226
8410
8395
8074
8315
8123
8190
8190
8261
8127
8252
8284
8167
8236
8259
8329
8267
8244
8357
8283
8111
8317
8216
8242
8256
8265
8346
8294
8225
8296
8246
8367
8097
8246
8168
8337
8290
8313
8167
8415
8276
8240
8300
8262
8199
8354
8083
8284
8069
8090
8125
8292
8282
8327
8190
8333
8148
8245
8230
8137
8225
8177
8083
8216
8212
8215
8228
8313
8138
8179
8131
8170
8273
8201
8204
8246
8277
8260
8131
8118
8194
8284
8320
8252
8257
8105
8147
8335
8063
8207
8398
8200
8281
8127
8147
8223
8160
8208
8186
8344
8248
8296
8215
8266
8116
8211
8195
8216
8273
8225
8263
8170
8183
8197
8294
8005
8185
8127
8414
8295
8233
8142
8225
7994
8095
8317
8123
8203
8094
8243
8262
8248
8099
8213
8125
8237
8101
8162
8155
8295
8128
8259
8158
8277
8101
8104
8276
8106
8310
8107
8203
8326
8181
8253
8256
8120
8094
8145
8095
8229
8136
8133
8167
8080
8184
8144
8306
8196
7982
8180
8121
7966
8260
8205
8013
8061
7948
8024
8038
7992
7984
8167
8063
8053
8086
8046
8070
8066
8013
8029
8174
7888
8094
7995
7965
8071
7985
7982
8070
7968
8098
7768
8120
7933
7892
7921
7890
8013
7944
7847
7987
7972
7933
7916
7815
7789
7899
7819
7813
7816
7639
7515
7782
7795
7738
7550
7601
7567
7441
7421
7385
7347
7196
7347
7260
7123
7187
6817
6991
6650
6828
6501
6460
6173
6182
6010
5849
5745
5785
5479
5496
5542
5468
5374
5282
5548
5358
5293
5467
5501
5651
5445
5555
5698
5528
5494
5458
5385
5425
5206
5409
5332
5342
5488
5516
5618
5663
5780
5892
5995
6154
6276
6413
6503
6603
6738
6890
6852
6922
7070
7272
7383
7405
7388
7447
7460
7470
7405
7643
7503
7489
7573
7717
7605
7856
7798
7892
7795
7845
7781
7725
7984
7849
8007
7900
8049
8010
8065
7962
7864
7918
7859
8164
7917
7905
7995
8224
7879
8012
7980
7931
8008
8060
8041
8197
7955
7983
8019
7862
7965
8126
8127
8187
8114
8145
8163
8097
8022
8074
8220
8104
8029
8101
8226
8198
8083
8063
7928
8161
8194
8099
8282
8102
8132
7966
8192
8331
8209
8132
8316
8118
8205
8273
8175
8302
8315
8322
8274
8258
8213
8110
8234
8088
8114
8265
8283
8122
8208
8305
8019
8175
8050
8030
8182
8303
8189
8260
8201
8282
8039
8107
8133
8163
8130
8228
8137
8181
8187
8317
8188
8301
8331
8241
8192
8155
8265
8209
8061
8258
8231
8241
8268
8160
8334
8078
8270
8327
8060
8129
8261
8182
8191
8209
8402
8107
8228
8415
8099
8098
8090
8124
8168
8128
8140
8324
8238
8156
8189
8155
8156
8183
8242
8159
8191
8298
8411
8210
8344
8392
8038
8183
8243
8240
8161
8371
8236
8334
8266
8038
8220
8132
8191
8241
8218
8225
8449
8309
8230
8198
8265
8291
8393
8285
8279
8184
8304
8161
8234
8226
8218
8279
8216
8264
8162
8245
8139
8185
8276
8198
8234
8351
8217
8292
8120
8165
8219
8156
8179
8294
8168
8377
