12787
12716
12774
12808
12853
12818
12799
12916
12865
12876
12799
13050
12822
12902
13076
12834
12729
12801
12789
12873
12874
12837
12890
13048
12709
12656
12927
12981
12985
12842
12871
12708
12980
12815
12799
12737
12951
12942
12744
12688
12841
12870
12890
12693
12948
12731
12914
12943
12912
12775
12963
12826
13008
12803
12659
12648
12878
12788
12766
12860
12894
12680
12994
12751
12892
12859
12841
12662
12769
12716
12774
12816
12940
12706
12788
12814
12862
12686
12898
12883
12740
12825
12789
12642
12748
12873
12779
12850
12823
12706
12829
12904
12769
12820
12805
12790
12938
12738
12781
13056
12850
12792
12537
12850
12929
12790
12792
12706
12890
12782
12873
12824
12953
12846
12773
12761
12759
12639
12830
12959
12754
12816
12895
12819
12873
12750
12609
12861
12663
12730
12772
12715
12655
12746
12736
12505
12733
12697
12809
12630
12494
12760
12838
12875
12744
12842
12637
12633
12775
12718
12558
12682
12831
12844
12647
12820
12766
12762
12751
12538
12699
12598
12605
12477
12502
12556
12751
12516
12676
12461
12710
12555
12747
12795
12600
12536
12602
12500
12470
12482
12496
12439
12542
12501
12339
12667
12691
12508
12487
12384
12393
12411
12290
12301
12371
12431
12264
12308
12167
12213
12272
12172
12303
12127
12113
12230
12039
12081
11871
11852
12254
11705
11711
11913
11827
11724
11539
11709
11218
11386
11053
11125
10877
10695
10856
10618
10415
10172
9731
9596
9523
9294
9247
8925
8776
8659
8614
8611
8311
8341
8329
8388
8433
8470
8566
8730
8704
8752
8871
8698
8622
8638
8445
8405
8389
8401
8354
8397
8685
8611
8676
8877
9060
9292
9583
9642
9652
10062
10123
10447
10337
10661
10844
10991
11128
11052
11334
11459
11505
11404
11626
11609
11657
11704
11882
11812
12092
11892
11772
12039
12085
11918
12076
12254
12284
12181
12181
12232
12331
12362
12505
12341
12328
12574
12433
12344
12378
12440
12601
12403
12401
12498
12252
12572
12663
12481
12615
12639
12621
12543
12617
12699
12569
12636
12716
12628
12659
12638
12700
12523
12527
12699
12503
12738
12626
12763
12624
12566
12719
12780
12548
12700
12868
12623
12854
12779
12604
12775
12675
12773
12728
12569
12745
12814
12716
12824
12718
12664
12759
12687
12604
12898
12803
12692
13013
12462
12800
12873
12708
12856
12911
12680
12749
12877
12770
12822
13089
12825
12647
12781
12845
12955
12766
12726
12924
12800
12912
12847
12844
12729
12931
12873
12854
12812
12782
12971
12986
12825
12683
12969
12741
12869
12668
12977
12843
12655
12917
12986
12918
12903
12935
12912
12772
12913
12951
12730
12735
13033
13005
12890
12667
12689
12657
12892
12797
12900
12732
12690
12902
12949
12935
12905
12691
13122
12797
13033
13040
12903
12767
12705
13006
12737
12936
12867
12800
12856
12978
12827
12741
12717
12839
12633
12751
13047
13064
12913
12852
13018
12754
12898
12868
12855
12753
12938
12857
12817
12878
12817
12803
12798
12756
12844
12741
12924
12795
12793
12963
12963
12965
12712
12754
13002
12892
12938
12472
12872
12799
12888
12863
12702
12780
12902
13019
12873
12777
12828
13063
12818
12727
12812
12924
12703
12714
12763
12897
12922
12969
13000
12842
12711
12752
12783
12845
13057
13092
12600
12921
12784
12778
12807
12823
12844
12887
12954
12817
12807
12764
12907
12823
12799
12988
12914
12791
12951
12707
12732
12782
12899
12908
12817
12782
12878
12880
13000
12787
12805
12844
12991
12957
13003
12709
13104
12974
12832
12997
12873
12817
13034
12789
12941
12647
12678
12748
13026
12911
12990
12653
12991
12705
12915
12800
12613
12878
12778
12743
12737
12783
12799
12765
12868
12709
12772
12810
12840
12811
12935
12756
12838
12949
12783
12719
12635
12873
12793
12899
12838
12749
12720
12860
12919
12681
12830
12956
12797
12861
12678
12745
12772
12732
12842
12698
12782
12961
12900
12790
12895
12660
12882
12849
12796
12863
12832
12746
12719
12783
12685
12831
12561
12702
12705
12999
12934
12887
12809
12789
12501
12593
12919
12555
12899
12725
12797
12694
12873
12601
12831
12649
12848
12599
12696
12710
12911
12687
12878
12611
12811
12715
12609
12884
12599
12895
12645
12823
12932
12700
12728
12722
12786
12580
12701
12681
12641
12838
12684
12658
12621
12697
12722
12921
12740
12490
12708
12681
12449
12697
12836
12495
12544
12384
12547
12630
12479
12523
12745
12538
12600
12575
12653
12536
12588
12468
12534
12684
12395
12602
12475
12415
12585
12377
12612
12596
12473
12575
12219
12464
12482
12284
12434
12265
12484
12375
12242
12374
12326
12344
12174
12149
12167
12259
12167
12163
12131
11991
11820
12136
12087
11980
11688
11906
11794
11653
11571
11551
11531
11241
11367
11336
11101
11141
10654
10848
10423
10545
10131
10061
9672
9604
9398
9281
8982
9022
8624
8598
8642
8467
8434
8191
8632
8307
8266
8482
8574
8703
8435
8571
8801
8604
8622
8560
8354
8385
8153
8414
8337
8423
8559
8564
8723
8837
9007
9292
9301
9549
9772
9883
10285
10286
10480
10638
10802
10814
10959
11217
11367
11527
11521
11701
11634
11623
11625
11859
11699
11670
11792
11996
12046
12316
11954
12189
12062
12231
12056
12051
12392
12193
12379
12319
12532
12290
12480
12368
12247
12350
12310
12635
12426
12521
12416
12640
12320
12337
12509
12470
12393
12473
12568
12711
12431
12456
12582
12413
12361
12755
12716
12627
12636
12539
12634
12681
12534
12607
12713
12665
12548
12538
12686
12673
12607
12492
12559
12642
12673
12726
12800
12668
12726
12376
12828
12858
12840
12586
12889
12568
12781
12761
12668
12887
12908
12937
12841
12670
12804
12589
12796
12552
12626
12998
12909
12690
12768
12928
12561
12692
12637
12493
12830
12928
12846
12834
12738
12789
12723
12639
12791
12665
12670
12927
12767
12643
12669
12927
12853
12876
12914
12917
12796
12850
12914
12784
12662
12809
12749
12793
12873
12727
13003
12627
12975
12896
12557
12708
12679
12614
12790
12775
12960
12536
12782
12987
12604
12681
12652
12667
12770
12582
12724
12859
12925
12708
12746
12697
12676
12736
12869
12719
12796
12893
12886
12885
13050
13070
12631
12590
12825
12770
12730
13016
12893
12990
12844
12613
12802
12704
12844
12807
12776
12786
13007
12880
12912
12792
12872
12905
13030
12773
12875
12766
12926
12680
12911
12836
12889
12825
12869
12972
12675
12799
12792
12795
12949
12878
12851
12990
12764
12939
12658
12766
12830
12712
12657
12868
12838
12972
