38
33
43
29
48
35
40
32
29
33
28
42
36
32
40
37
29
42
39
30
31
43
26
33
32
41
33
30
33
33
37
36
32
36
32
41
30
44
47
48
42
46
40
32
40
38
49
36
35
28
40
39
35
36
40
33
36
26
38
44
47
40
40
31
35
26
40
34
32
40
31
38
26
32
34
38
35
31
31
30
43
41
32
32
31
36
41
38
42
38
33
34
31
45
30
38
36
32
47
31
34
42
28
40
42
38
33
38
44
31
39
36
41
38
35
40
34
30
46
43
37
38
32
27
38
42
39
42
33
32
42
39
45
35
39
41
40
30
36
24
35
36
26
36
51
29
33
30
41
29
36
32
44
24
33
31
33
39
31
30
37
40
36
41
38
33
33
39
34
34
20
40
34
31
36
38
37
35
34
30
38
35
35
35
33
38
30
33
30
38
36
42
34
41
36
33
25
38
32
33
35
52
37
30
39
47
34
35
28
34
37
35
25
34
28
39
25
32
27
32
23
35
26
26
26
31
31
31
27
14
25
23
24
28
23
26
29
17
25
19
24
36
23
30
20
27
25
25
30
30
32
27
16
22
30
20
24
29
13
24
32
27
27
26
39
26
25
36
32
31
28
29
27
30
35
38
23
29
36
29
39
32
29
31
29
40
31
27
26
35
47
41
40
48
43
38
26
36
31
26
39
39
26
36
42
39
33
24
41
43
35
41
44
43
38
36
30
28
36
44
34
47
34
34
40
38
34
35
37
40
51
45
40
43
37
30
41
37
49
40
35
37
54
33
30
36
30
32
34
41
31
34
44
50
39
39
41
44
39
34
39
44
48
49
30
38
41
40
33
36
30
42
39
38
48
41
41
41
35
37
36
46
47
24
40
33
30
41
33
31
35
31
37
34
34
46
39
45
51
34
35
23
26
36
43
33
29
40
39
40
31
35
43
38
38
41
43
38
30
45
50
41
37
43
37
34
38
37
38
38
47
43
38
41
43
34
33
36
48
31
37
29
53
51
32
47
35
38
31
36
38
45
45
40
47
41
46
35
35
42
34
36
42
31
37
29
47
30
44
38
33
38
33
43
42
30
47
31
42
37
36
45
41
37
32
34
38
28
29
40
42
45
37
43
38
37
48
34
44
45
47
44
36
39
27
39
38
22
50
36
32
34
39
44
27
42
39
44
35
42
35
47
44
46
22
25
39
43
37
41
39
35
27
46
33
34
40
53
40
49
40
30
32
49
30
37
47
32
37
31
42
40
38
30
44
34
43
40
34
32
39
36
38
37
36
35
47
40
37
39
41
42
33
35
46
38
51
42
40
45
44
36
36
29
41
42
33
33
40
39
43
35
37
44
52
35
38
42
30
37
54
43
30
40
37
45
43
41
26
35
31
42
39
39
37
44
41
41
44
45
48
39
40
31
38
43
48
38
35
33
32
33
34
38
34
37
43
34
36
30
39
31
32
38
37
51
44
30
36
41
31
41
32
37
34
44
40
33
35
31
35
31
37
43
37
39
32
37
37
33
45
42
44
49
47
30
45
32
39
32
29
46
33
34
43
37
30
34
23
36
46
35
37
35
35
43
42
35
42
51
54
44
47
40
34
36
36
37
45
33
31
29
32
40
27
40
41
34
44
30
33
39
35
32
43
38
46
27
37
28
30
31
30
27
34
37
36
34
34
41
36
36
37
27
36
40
27
27
34
31
31
36
33
34
30
25
28
33
25
14
30
26
19
30
33
22
29
29
29
35
23
28
23
25
26
17
18
31
23
33
28
20
30
18
28
19
19
21
24
22
20
34
28
30
29
25
25
22
40
30
35
36
34
40
30
39
36
28
34
29
39
36
36
35
37
39
45
29
46
50
26
36
44
40
34
38
36
45
28
30
27
39
36
38
34
33
33
39
38
42
44
38
26
42
33
34
38
40
43
39
34
34
27
32
30
39
39
57
33
35
39
36
37
36
52
43
37
40
44
38
40
38
28
40
37
45
34
38
38
38
49
41
42
39
37
42
35
38
38
33
40
38
37
39
27
42
42
47
43
45
41
36
35
44
32
35
37
45
39
39
48
40
39
41
37
36
28
40
32
46
32
46
49
49
36
36
36
44
49
44
35
45
37
52
44
24
42
37
33
32
42
34
51
47
38
40
35
41
39
39
48
37
44
37
31
40
48
35
34
30
40
38
48
54
40
45
39
41
34
41
35
34
28
51
44
47
46
37
34
38
32
33
34
32
39
36
41
44
48
37
38
31
40
40
36
35
39
41
38
38
28
30
40
33
43
39
39
45
42
57
28
32
47
28
47
47
37
42
37
44
42
38
47
