6241
6175
6206
6220
6365
6120
6216
6291
6229
6334
6269
6304
6266
6201
6322
6110
6220
6116
6133
6229
6321
6280
6272
6302
6182
6198
6240
6322
6264
6208
6253
6191
6362
6109
6153
6121
6372
6294
6216
6167
6184
6237
6301
6214
6224
6263
6312
6334
6220
6165
6303
6226
6401
6185
6127
6083
6277
6215
6223
6241
6243
6128
6384
6126
6254
6273
6247
6160
6188
6236
6151
6202
6196
6077
6259
6346
6241
6133
6255
6258
6249
6275
6242
6258
6218
6316
6209
6319
6200
6167
6263
6321
6115
6139
6284
6164
6312
6150
6149
6406
6375
6193
6107
6309
6277
6228
6164
6159
6219
6108
6255
6174
6374
6179
6212
6306
6191
6165
6246
6306
6107
6239
6240
6296
6177
6209
6178
6253
6226
6186
6228
6188
6148
6168
6184
6063
6254
6153
6274
6181
6058
6209
6209
6271
6199
6260
6015
6117
6163
6188
6083
6156
6240
6217
6149
6205
6239
6229
6244
6015
6239
6048
6196
6085
6071
6128
6288
6153
6158
6051
6148
6175
6180
6226
6146
6205
6149
6061
6103
6081
6017
6060
6122
6111
6026
6222
6129
6045
6099
5993
6018
6006
5932
5991
6026
5949
5911
5989
5913
5946
5989
5909
6000
5826
5929
5882
5949
5802
5831
5766
5969
5670
5679
5782
5703
5701
5549
5671
5400
5493
5448
5464
5313
5253
5287
5153
5019
4924
4780
4628
4649
4531
4525
4291
4230
4163
4138
4237
4030
4110
3994
4031
4054
4081
4119
4338
4224
4318
4338
4264
4133
4210
4081
4084
4135
4120
4036
4092
4239
4205
4191
4256
4502
4524
4599
4709
4642
4872
4856
4971
5010
5151
5256
5343
5375
5367
5516
5542
5566
5652
5729
5731
5687
5663
5834
5749
5934
5824
5726
5860
5878
5855
5893
5985
5975
5968
5823
5947
5911
5981
6078
5940
5983
6143
6113
6039
5967
6038
6031
6071
6107
6098
6003
6164
6158
6057
6091
6122
6193
6085
6132
6206
6131
6169
6154
6190
6237
6202
6259
5991
6072
6253
6149
6116
6082
6231
6004
6164
6203
6319
6044
6168
6304
6080
6237
6191
6155
6243
6171
6281
6164
6077
6311
6210
6175
6272
6220
6116
6308
6225
6115
6221
6211
6238
6265
5965
6257
6277
6215
6251
6276
6166
6172
6280
6273
6211
6250
6230
6138
6247
6262
6336
6224
6142
6235
6235
6355
6238
6116
6237
6289
6341
6225
6197
6247
6342
6240
6208
6232
6239
6161
6099
6166
6299
6189
6165
6254
6278
6357
6319
6259
6390
6174
6292
6250
6155
6188
6267
6391
6267
6218
6208
6097
6304
6105
6205
6170
6072
6306
6309
6329
6186
6210
6349
6237
6228
6335
6152
6189
6111
6304
6155
6365
6219
6299
6204
6301
6187
6203
6146
6262
6046
6190
6261
6355
6293
6280
6381
6258
6193
6220
6244
6202
6279
6236
6204
6310
6143
6191
6208
6246
6233
6101
6247
6274
6169
6272
6336
6221
6199
6140
6347
6284
6164
6082
6226
6254
6315
6290
6125
6175
6233
6299
6156
6305
6239
6402
6172
6178
6226
6303
6114
6138
6249
6258
6272
6266
6205
6261
6083
6213
6099
6167
6324
6292
6174
6261
6177
6213
6228
6290
6153
6210
6253
6181
6240
6197
6266
6233
6274
6337
6286
6122
6270
6209
6152
6249
6269
6303
6328
6214
6247
6197
6296
6148
6314
6169
6350
6201
6249
6203
6361
6305
6219
6268
6305
6207
6292
6111
6298
6076
6149
6144
6332
6265
6353
6196
6272
6213
6248
6246
6152
6217
6175
6179
6212
6149
6168
6294
6318
6142
6124
6182
6162
6208
6189
6243
6252
6277
6228
6182
6121
6252
6274
6272
6292
6241
6095
6171
6337
6172
6189
6344
6219
6297
6164
6122
6248
6169
6197
6202
6324
6216
6287
6193
6180
6085
6266
6190
6225
6285
6206
6221
6180
6173
6220
6319
6042
6146
6084
6322
6276
6251
6153
6293
6050
6121
6340
6090
6157
6184
6224
6238
6296
6135
6258
6196
6268
6062
6189
6140
6341
6120
6230
6174
6207
6131
6099
6242
6146
6371
6171
6169
6289
6205
6236
6230
6175
6152
6140
6091
6220
6154
6166
6169
6159
6179
6259
6236
6150
6066
6175
6213
6031
6242
6184
6011
6081
6047
6018
6105
6081
6019
6198
6116
6045
6153
6094
6091
6119
6094
6052
6154
6002
6073
6061
6035
6076
5939
6072
6159
6029
6138
5916
6167
5985
6006
6003
5986
6101
6061
5959
6064
5977
5995
5915
5927
5962
6002
5957
5927
5919
5803
5633
5853
5840
5876
5714
5752
5751
5641
5610
5594
5580
5473
5594
5476
5338
5517
5161
5292
5038
5120
4836
4907
4651
4624
4543
4398
4320
4340
4079
4166
4165
4120
4032
4019
4157
4025
4010
4090
4173
4288
4117
4251
4299
4189
4114
4193
4089
4102
3944
4111
3978
4054
4126
4252
4218
4280
4344
4410
4458
4681
4724
4860
4933
4999
5075
5216
5221
5201
5376
5470
5541
5586
5580
5613
5631
5739
5639
5814
5668
5689
5747
5873
5732
5985
5889
5977
5917
5970
5949
5872
6072
5931
6086
5984
6102
6020
6070
5988
5944
5987
5959
6135
5962
5964
6057
6210
5939
6123
6012
6076
6013
6050
6122
6237
5961
6033
6047
5945
6025
6128
6123
6217
6161
6125
6247
6200
6046
6083
6186
6145
6030
6169
6211
6183
6115
6088
5971
6189
6159
6117
6190
6179
6105
6044
6185
6302
6159
6152
6285
6122
6202
6297
6170
6330
6301
6303
6206
6203
6219
6089
6232
6119
6127
6190
6306
6163
6248
6313
6076
6201
6121
5985
6255
6223
6146
6177
6206
6279
6092
6064
6070
6092
6077
6242
6145
6173
6228
6276
6233
6266
6268
6235
6225
6162
6281
6262
6117
6247
6211
6201
6313
6172
6322
6122
6253
6346
6171
6197
6270
6274
6176
6197
6383
6161
6179
6327
6159
6119
6081
6100
6222
6119
6167
6254
6238
6211
6189
6201
6150
6101
6227
6147
6184
6308
6287
6237
6343
6395
6114
6158
6357
6265
6152
6270
6254
6260
6339
6104
6212
6160
6172
6195
6222
6247
6422
6310
6225
6178
6219
6293
6317
6320
6190
6185
6258
6148
6228
6265
6192
6261
6243
6214
6221
6272
6228
6213
6183
6259
6254
6254
6224
6286
6184
6188
6268
6127
6135
6248
6189
6303
