5388
5323
5336
5370
5524
5319
5372
5429
5403
5467
5418
5475
5402
5314
5470
5299
5364
5297
5322
5348
5479
5399
5405
5441
5337
5321
5385
5428
5366
5346
5363
5287
5474
5267
5278
5272
5499
5411
5329
5313
5293
5384
5388
5352
5400
5401
5463
5437
5332
5336
5433
5343
5524
5301
5319
5252
5373
5312
5355
5373
5330
5254
5497
5282
5354
5433
5404
5368
5316
5391
5305
5373
5332
5250
5411
5434
5368
5289
5421
5393
5387
5400
5351
5370
5347
5465
5361
5459
5316
5303
5374
5468
5245
5291
5377
5306
5456
5265
5238
5530
5511
5306
5244
5489
5377
5407
5298
5318
5351
5237
5380
5300
5478
5340
5341
5428
5297
5305
5408
5403
5242
5394
5364
5363
5337
5357
5266
5445
5323
5317
5397
5328
5270
5285
5344
5211
5383
5297
5412
5342
5202
5376
5318
5364
5368
5360
5190
5288
5309
5390
5220
5285
5363
5332
5295
5341
5394
5387
5357
5169
5373
5215
5289
5281
5217
5254
5432
5242
5334
5217
5263
5336
5321
5389
5222
5358
5287
5231
5235
5273
5184
5199
5246
5244
5220
5337
5302
5178
5221
5163
5231
5144
5103
5145
5184
5133
5063
5172
5049
5129
5114
5069
5171
5016
5148
5041
5050
5026
5042
4955
5211
4882
4898
4952
4953
4921
4807
4831
4639
4762
4656
4706
4578
4574
4585
4483
4319
4302
4136
3967
3989
3916
3875
3700
3638
3582
3613
3657
3506
3528
3494
3483
3493
3523
3544
3703
3605
3718
3715
3685
3541
3637
3535
3476
3558
3563
3471
3560
3629
3623
3638
3653
3858
3912
3981
4071
3992
4171
4175
4265
4350
4404
4555
4631
4643
4690
4754
4772
4813
4864
4999
4925
4926
4887
4998
4953
5102
5045
4943
5042
5072
5020
5042
5174
5145
5167
5017
5141
5079
5114
5206
5122
5147
5282
5231
5168
5136
5228
5216
5286
5241
5255
5174
5295
5314
5199
5233
5303
5319
5262
5297
5331
5283
5327
5307
5362
5417
5378
5392
5186
5209
5430
5295
5271
5236
5392
5174
5314
5344
5412
5210
5275
5373
5244
5380
5385
5289
5395
5279
5440
5298
5245
5437
5381
5361
5404
5360
5231
5435
5365
5257
5399
5370
5345
5371
5106
5383
5382
5349
5353
5455
5328
5316
5404
5398
5317
5394
5380
5273
5391
5418
5433
5307
5278
5379
5359
5463
5318
5273
5393
5362
5412
5351
5338
5348
5435
5391
5399
5402
5444
5263
5304
5360
5447
5305
5317
5349
5380
5434
5471
5398
5471
5283
5417
5408
5284
5318
5381
5517
5400
5361
5354
5279
5463
5278
5350
5316
5198
5462
5457
5438
5305
5319
5466
5360
5363
5499
5327
5325
5281
5411
5298
5501
5336
5411
5372
5457
5317
5320
5302
5404
5197
5370
5404
5517
5461
5439
5553
5388
5290
5324
5364
5360
5424
5380
5359
5499
5287
5355
5378
5445
5394
5265
5398
5382
5299
5439
5473
5356
5335
5331
5488
5437
5332
5160
5358
5407
5425
5461
5293
5319
5371
5424
5293
5458
5318
5534
5315
5284
5392
5388
5215
5347
5391
5364
5358
5388
5373
5423
5228
5319
5273
5239
5452
5405
5330
5401
5313
5372
5374
5432
5300
5334
5375
5301
5362
5317
5425
5362
5420
5437
5390
5272
5347
5353
5309
5404
5331
5399
5465
5347
5377
5385
5445
0
0
0
0
0
0
0
0
0
0
0
0
0
0
0
0
5261
5313
5318
5461
5416
5466
5331
5443
5339
5359
5429
5306
5318
5296
5343
5405
