18202
18109
18371
18174
18157
18323
18209
18438
18212
18321
18267
18418
18321
18286
18473
18454
18207
18235
18149
18241
18384
18472
18411
18492
18162
18029
18239
18404
18581
18275
18287
18069
18546
18264
18369
18218
18543
18326
18137
18077
18312
18280
18280
18204
18313
18046
18406
18288
18360
18413
18395
18341
18478
18226
18063
18007
18323
18257
18311
18373
18339
18071
18445
18167
18314
18253
18361
18170
18236
18242
18176
18391
18309
18200
18309
18245
18281
18082
18385
18239
18095
18101
18311
18092
18275
18358
18240
18368
18175
18138
18380
18406
18218
18402
18187
18247
18405
18284
18138
18680
18273
18023
18003
18332
18342
18289
18344
18136
18144
18183
18348
18306
18408
18221
18243
18160
18226
18242
18171
18411
18241
18204
18367
18259
18158
18097
18061
18203
18049
18104
18232
18147
18088
18236
18187
17958
18175
18159
18199
17955
17911
18244
18252
18285
18129
18289
18077
18142
18191
18091
17923
18042
18139
18256
18057
18310
18256
18024
18010
17879
18128
17961
17970
17960
17846
17933
18209
17918
17984
17692
18088
17956
18085
18237
17992
18002
17795
17849
17867
17919
17881
17744
17685
17755
17481
17912
17926
17693
17742
17680
17736
17713
17606
17569
17633
17712
17419
17514
17392
17352
17563
17412
17554
17286
17308
17398
17150
17249
16950
16914
17295
16701
16793
16887
16774
16616
16423
16569
16092
16161
15797
15908
15446
15173
15460
14969
14770
14511
13998
13838
13511
13275
13150
12802
12465
12367
12200
12274
11878
11851
11887
12021
12042
12110
12234
12515
12335
12497
12519
12334
12178
12192
12134
11953
11968
11902
12000
12030
12292
12294
12479
12520
12936
13155
13588
13658
13804
14325
14446
14886
14800
15153
15440
15582
15768
15840
16142
16308
16556
16402
16654
16574
16670
16668
17000
16725
17112
16954
16911
17271
17310
17112
17227
17376
17547
17360
17348
17315
17567
17616
17818
17596
17464
17832
17707
17691
17811
17847
17893
17784
17675
17712
17542
17736
18107
17801
17920
18068
18023
17842
18029
17904
17983
18037
18047
18028
17880
18094
17998
17871
17858
18154
17831
18161
17869
17982
18004
17907
17963
18291
18066
18100
18284
18021
18206
18286
18044
18256
18115
18244
18119
17997
18027
18203
18194
18268
18162
18041
18220
18148
18006
18218
18363
18166
18434
17877
18187
18365
18213
18274
18502
18194
18190
18273
18188
18221
18495
18275
18157
18181
18131
18431
18168
18105
18274
18367
18359
18327
18382
18285
18368
18488
18257
18235
18198
18335
18480
18189
18090
18364
18267
18435
17961
18476
18237
18242
18386
18546
18384
18243
18327
18340
18124
18253
18464
18131
18240
18528
18340
18407
18129
18111
18117
18273
18232
18441
18101
18121
18394
18490
18440
18325
18167
18607
18281
18449
18551
18546
18161
18178
18384
18099
18617
18330
18272
18282
18350
18323
18340
18185
18328
18033
18186
18603
18503
18437
18219
18389
18132
18407
18350
18271
18323
18344
18413
18358
18302
18431
18268
18299
18203
18354
18250
18394
18262
18234
18514
18426
18344
18130
18156
18548
18182
18429
17944
18332
18270
18318
18308
18190
18131
18301
18379
18350
18246
18555
18536
18275
18134
18211
18397
18089
18167
18153
18344
18381
18458
18502
18251
18181
18272
18155
18343
18571
18498
18045
18427
18255
18160
18367
18235
18290
18331
18307
18254
18262
18118
18299
18313
18175
18487
18518
18317
18315
18090
18226
18273
18284
18228
18159
18378
18329
18221
18427
18257
18338
18296
18389
18477
18405
18105
18579
18472
18277
18482
18260
18245
18473
18356
18444
18067
18065
18198
18421
18374
18490
18157
18537
18123
18369
18230
18063
18342
18132
18119
18343
18230
18342
18197
18155
18107
18207
18186
18329
18341
18328
18247
18260
18239
18197
18132
18147
18320
18262
18504
18355
18181
18254
18383
18289
18096
18254
18397
18328
18422
18113
18269
18299
18226
18315
18171
18225
18461
18388
18233
18255
18002
18316
18260
18265
18189
18103
18231
18177
18149
18102
18222
18003
18098
17979
18351
18382
18187
18263
18237
17946
18021
18315
18012
18331
18146
18162
18172
18246
17923
18235
18036
18212
18030
18230
18080
18333
18077
18209
18003
18169
18143
18102
18292
18076
18319
18207
18335
18413
18166
18161
18131
18113
17955
18070
17936
18050
18318
18061
18140
17978
18169
18080
18361
18176
17819
18003
18139
17751
18051
18193
17804
17852
17850
17934
17971
17910
17845
18234
17828
17879
17906
17836
17928
17890
17777
17808
17955
17737
17921
17885
17785
17845
17614
17863
17930
17695
17870
17614
17771
17639
17539
17627
17504
17801
17600
17423
17472
17491
17571
17399
17320
17416
17468
17374
17364
17281
17102
16876
17303
17252
17094
16761
16954
16863
16576
16603
16383
16429
16147
16161
16073
15896
15701
15287
15402
14921
15069
14341
14294
13836
13638
13429
13202
12809
12862
12391
12390
12324
12023
11970
11609
12213
11839
11966
12073
12258
12403
12127
12361
12489
12322
12298
12234
11923
11899
11635
11892
11934
11919
12119
12203
12433
12615
12802
13115
13242
13561
13895
14069
14528
14779
15022
15060
15286
15500
15696
16004
16240
16312
16379
16506
16569
16578
16602
16950
16695
16553
16807
16975
17150
17562
17179
17368
17229
17279
17174
17334
17576
17426
17538
17496
17735
17503
17762
17724
17440
17615
17617
17883
17682
17897
17537
17845
17571
17642
17770
17735
17731
17922
17793
18004
17778
17882
18011
17788
17623
18216
18055
17911
18010
17944
17902
18005
17901
17960
18093
18043
17959
17871
18090
18074
18019
18052
18018
17945
18217
18142
18119
18117
18116
17871
18199
18361
18245
17945
18310
17839
18304
18133
18110
18285
18237
18352
18228
18006
18116
18099
18217
18122
18065
18281
18324
18109
18299
18188
17913
18061
18131
17867
18347
18332
18157
18289
18207
18240
18072
18059
18179
17870
18088
18499
18176
18076
18143
18306
18401
18197
18474
18402
18331
18317
18415
18271
18038
18347
18111
18313
18368
18157
18468
18051
18375
18255
18023
18326
18050
17991
18181
18192
18438
17942
18249
18357
18028
18099
18094
18308
18036
18101
18089
18266
18309
18087
18059
18156
18165
18357
18387
18255
18165
18306
18369
18338
18531
18480
18064
17950
18403
18279
18202
18507
18394
18422
18311
18047
18363
18161
18315
18178
18268
18133
18437
18366
18385
18225
18352
18366
18422
18195
18256
18225
18393
18246
18199
18330
18375
18273
18313
18461
18137
18353
18234
18204
18406
18344
18309
18433
18199
18426
18105
18108
18270
18148
18189
18329
18194
18409
