12501
12421
12468
12523
12592
12536
12514
12627
12579
12578
12520
12737
12540
12640
12790
12519
12440
12508
12496
12566
12582
12549
12606
12758
12434
12376
12661
12693
12702
12531
12556
12418
12680
12504
12550
12482
12674
12660
12453
12414
12547
12585
12590
12413
12628
12434
12612
12676
12620
12477
12686
12547
12737
12524
12365
12350
12565
12490
12461
12556
12612
12382
12717
12479
12621
12539
12546
12387
12501
12447
12481
12527
12646
12398
12531
12525
12568
12395
12610
12613
12456
12549
12499
12377
12446
12572
12477
12556
12506
12421
12541
12609
12456
12540
12515
12483
12626
12468
12472
12766
12573
12492
12279
12558
12643
12486
12519
12421
12599
12475
12570
12559
12658
12529
12478
12496
12495
12363
12550
12682
12471
12503
12569
12567
12597
12460
12322
12573
12404
12421
12491
12429
12366
12472
12438
12205
12448
12399
12536
12341
12226
12461
12530
12573
12442
12554
12360
12353
12476
12438
12253
12396
12557
12566
12384
12524
12498
12496
12483
12260
12448
12349
12336
12204
12248
12286
12502
12242
12372
12174
12452
12265
12455
12478
12338
12265
12333
12200
12217
12223
12222
12156
12251
12223
12090
12398
12406
12226
12231
12103
12134
12125
12000
11992
12083
12156
12013
12010
11911
11920
12003
11903
12018
11852
11804
11964
11785
11813
11626
11603
11970
11439
11456
11646
11567
11461
11263
11437
10958
11117
10797
10880
10637
10457
10602
10396
10174
9932
9522
9379
9302
9112
9038
8740
8570
8458
8436
8401
8126
8135
8137
8232
8246
8288
8378
8506
8503
8572
8675
8491
8393
8436
8239
8198
8176
8217
8158
8222
8482
8441
8480
8698
8872
9071
9372
9448
9438
9861
9893
10211
10109
10404
10590
10746
10881
10791
11067
11214
11267
11157
11369
11365
11384
11454
11638
11548
11846
11626
11511
11783
11790
11678
11781
11973
12009
11896
11923
11962
12045
12085
12216
12056
12059
12286
12169
12064
12118
12163
12303
12128
12116
12191
12006
12266
12369
12188
12329
12348
12360
12264
12317
12409
12277
12354
12451
12361
12369
12345
12455
12209
12239
12406
12224
12486
12307
12492
12325
12273
12470
12494
12303
12439
12590
12347
12552
12490
12304
12509
12400
12467
12439
12295
12472
12532
12377
12535
12449
12366
12515
12408
12327
12616
12518
12421
12718
12185
12528
12607
12419
12570
12608
12397
12441
12587
12479
12540
12792
12529
12344
12491
12539
12670
12488
12439
12606
12518
12632
12567
12571
12431
12618
12597
12552
12527
12490
12677
12703
12561
12406
12679
12470
12554
12410
12690
12537
12368
12656
12721
12623
12604
12648
12652
12478
12623
12644
12466
12432
12725
12706
12608
12370
12402
12387
12626
12486
12621
12451
12389
12598
12654
12626
12615
12419
12832
12492
12761
12755
12589
12456
12419
12712
12450
12647
12593
12497
12580
12706
12545
12463
12435
12562
12349
12453
12770
12785
12618
12554
12737
12465
12594
12589
12580
12473
12684
12573
12539
12560
12552
12497
12506
12472
12567
12459
12626
12497
12499
12689
12679
12683
12437
12488
12722
12613
12614
12187
12576
12528
12581
12582
12428
12521
12615
12739
12581
12498
12539
12793
12525
12428
12513
12641
12424
12412
12515
12608
12642
12668
12698
12553
12408
12474
12493
12589
12768
12809
12311
12602
12517
12487
12504
12494
12538
12588
12667
12545
12487
12478
12598
12523
12533
12698
12614
12508
12661
12434
12427
12543
12595
12611
12514
12493
12567
12597
12720
12482
12516
12559
12699
12681
12697
12399
12803
12687
12576
12711
12581
12543
12732
12485
12659
12379
12393
12454
12758
12634
12710
12372
12676
12417
12609
12502
12326
12535
12520
12470
12480
12506
12504
12517
12606
12370
12462
12511
12542
12534
12642
12484
12546
12696
12495
12427
12354
12626
12526
12646
12549
12468
12417
12579
12644
12381
12579
12662
12475
12595
12387
12461
12460
12427
12576
12396
12500
12661
12640
12492
12593
12375
12569
12558
12524
12578
12530
12490
12432
12527
12374
12540
12278
12418
12418
12710
12658
12599
12513
12525
12237
12304
12636
12287
12601
12457
12483
12441
12589
12303
12541
12378
12561
12327
12409
12407
12627
12395
12591
12343
12559
12411
12369
12603
12340
12602
12340
12550
12627
12438
12455
12419
12511
12291
12424
12399
12336
12549
12426
12380
12333
12424
12425
12658
12473
12229
12407
12418
12170
12393
12554
12243
12295
12080
12248
12339
12217
12229
12467
12291
12333
12321
12375
12260
12303
12193
12232
12412
12126
12314
12204
12141
12299
12079
12296
12311
12187
12284
11925
12169
12190
12011
12178
11981
12210
12088
11978
12098
12066
12071
11906
11871
11883
11990
11900
11906
11846
11712
11545
11859
11834
11713
11423
11639
11534
11416
11291
11283
11285
10988
11097
11079
10820
10915
10388
10622
10192
10324
9901
9845
9451
9385
9182
9088
8772
8835
8394
8416
8424
8247
8245
8010
8424
8105
8082
8306
8393
8525
8236
8389
8607
8413
8418
8351
8180
8176
7951
8233
8149
8231
8371
8379
8524
8635
8821
9063
9100
9363
9521
9684
10037
10053
10258
10413
10555
10594
10720
10956
11137
11286
11292
11457
11377
11360
11372
11605
11447
11412
11536
11740
11774
12037
11700
11929
11798
11974
11797
11762
12093
11927
12091
12048
12259
12011
12206
12109
11977
12090
12030
12334
12130
12231
12158
12394
12038
12073
12227
12182
12106
12222
12270
12441
12153
12163
12293
12128
12108
12448
12420
12354
12336
12266
12362
12402
12241
12338
12436
12389
12241
12235
12395
12364
12333
12221
12275
12374
12402
12444
12503
12393
12451
12126
12541
12586
12562
12301
12612
12304
12520
12475
12404
12587
12592
12654
12569
12398
12529
12292
12520
12286
12340
12731
12629
12392
12447
12618
12299
12415
12372
12198
12579
12650
12563
12541
12454
12523
12433
12372
12506
12384
12402
12645
12493
12351
12392
12619
12558
12587
12631
12637
12482
12552
12642
12486
12395
12532
12475
12544
12599
12428
12715
12342
12717
12640
12280
12419
12384
12341
12495
12500
12638
12261
12494
12698
12344
12392
12352
12392
12479
12322
12424
12575
12629
12421
12476
12388
12393
12452
12561
12442
12508
12620
12617
12598
12770
12775
12326
12306
12558
12487
12448
12709
12596
12698
12582
12338
12505
12428
12551
12533
12498
12499
12756
12594
12629
12491
12600
12616
12762
12491
12599
12465
12663
12427
12604
12552
12584
12572
12573
12696
12399
12551
12520
12500
12663
12618
12536
12700
12468
12660
12369
12432
12536
12436
12374
12575
12540
12676
