20219
20079
20410
20192
20196
20260
20167
20474
20220
20327
20288
20416
20222
20307
20449
20439
20184
20264
20105
20311
20384
20492
20434
20503
20135
20057
20301
20440
20647
20284
20307
20088
20583
20305
20368
20148
20598
20271
20152
20119
20357
20333
20229
20233
20226
20035
20356
20242
20312
20522
20382
20374
20489
20187
20074
20010
20311
20278
20289
20344
20391
20065
20508
20174
20335
20304
20404
20184
20262
20253
20234
20370
20284
20134
20335
20267
20330
20131
20449
20360
20075
20037
20344
20097
20296
20421
20273
20403
20172
20132
20421
20490
20176
20372
20238
20216
20330
20256
20089
20733
20198
20024
19970
20310
20319
20275
20381
20140
20160
20194
20297
20336
20436
20211
20334
20136
20262
20270
20153
20417
20269
20212
20360
20311
20151
20100
20087
20165
20080
20058
20163
20150
20066
20222
20125
20049
20224
20130
20225
19895
19883
20240
20248
20238
20231
20252
20081
20165
20149
20047
19949
20067
20109
20260
20038
20276
20201
20035
19920
19893
20097
19919
19889
19934
19789
19900
20146
19820
19887
19651
20045
19935
20091
20226
19961
19950
19721
19796
19810
19888
19817
19725
19583
19666
19424
19884
19878
19638
19634
19616
19780
19648
19548
19487
19618
19666
19342
19388
19296
19305
19437
19338
19472
19156
19138
19354
19126
19116
18730
18780
19203
18502
18589
18736
18629
18427
18237
18363
17850
17979
17523
17653
17193
16832
17088
16523
16423
16050
15505
15379
15055
14713
14561
14237
13901
13766
13627
13659
13202
13185
13198
13366
13317
13458
13551
13821
13696
13856
13849
13717
13557
13603
13467
13262
13289
13174
13373
13344
13713
13670
13805
13881
14328
14562
14976
15202
15316
15904
16031
16542
16471
16849
17100
17358
17481
17575
17858
18102
18311
18299
18446
18443
18506
18607
18873
18687
19040
18827
18807
19179
19290
18987
19124
19249
19437
19277
19303
19295
19480
19503
19706
19506
19375
19729
19624
19637
19775
19790
19895
19785
19555
19637
19526
19693
20086
19776
19875
19985
20089
19724
19978
19859
19927
19886
20031
20046
19853
20126
19879
19835
19862
20132
19817
20140
19830
19989
19987
19882
19913
20224
20057
20062
20300
19930
20266
20231
20052
20189
20074
20265
20073
19940
20108
20154
20104
20223
20137
20038
20191
20190
19989
20235
20378
20137
20460
19845
20088
20346
20195
20304
20438
20125
20175
20278
20263
20268
20572
20222
20107
20153
20118
20375
20187
20032
20321
20403
20358
20317
20428
20304
20425
20535
20362
20267
20126
20345
20445
20223
20075
20328
20206
20435
19948
20535
20285
20188
20378
20531
20383
20262
20298
20357
20104
20309
20539
20141
20282
20491
20373
20416
20127
20120
20099
20242
20207
20526
20115
20109
20419
20489
20454
20347
20243
20660
20290
20491
20577
20504
20158
20147
20369
20088
20582
20351
20240
20221
20272
20319
20320
20206
20286
20049
20165
20521
20485
20458
20208
20399
20249
20417
20301
20271
20289
20358
20421
20377
20218
20382
20285
20304
20202
20373
20228
20389
20243
20214
20545
20413
20336
20168
20264
20591
20252
20388
19861
20323
20212
20349
20325
20315
20080
20320
20455
20398
20236
20543
20565
20306
20107
20235
20446
20085
20163
20146
20405
20387
20531
20546
20232
20138
20335
20163
20401
20534
20512
20111
20416
20237
20148
20404
20262
20316
20338
20291
20272
20225
20075
20301
20306
20134
20489
20476
20323
20247
20129
20205
20272
20288
20197
20110
20379
20325
20167
20419
20211
20407
20300
20419
20519
20404
20088
20599
20460
20295
20514
20321
20280
20487
20345
20478
20066
20058
20202
20498
20433
20575
20134
20515
20158
20331
20199
20034
20374
20059
20006
20326
20262
20293
20256
20213
20075
20192
20262
20350
20349
20372
20249
20307
20146
20181
20121
20124
20310
20244
20498
20392
20130
20258
20357
20260
20033
20268
20371
20365
20414
20182
20242
20281
20252
20273
20107
20268
20361
20450
20223
20195
19928
20269
20271
20279
20198
20115
20238
20233
20191
20054
20173
19992
20127
20019
20334
20361
20272
20266
20188
19822
19958
20329
19988
20276
20192
20099
20222
20242
19886
20255
19972
20259
20031
20162
20011
20254
20108
20178
19958
20169
20131
20043
20327
20075
20298
20181
20354
20368
20158
20114
20082
20108
19927
20045
19935
20050
20254
20027
20088
19870
20125
20054
20378
20081
19725
20017
20099
19727
20018
20193
19857
19870
19832
19972
19952
19860
19839
20242
19800
19742
19840
19774
19850
19843
19746
19846
19889
19603
19905
19823
19775
19732
19561
19784
19869
19611
19763
19596
19684
19619
19537
19598
19417
19781
19581
19359
19404
19402
19546
19319
19279
19317
19337
19270
19289
19111
19016
18809
19188
19112
18841
18546
18793
18672
18365
18461
18237
18247
17912
17967
17839
17642
17374
16983
17039
16529
16688
15941
15856
15431
15141
14889
14665
14220
14229
13709
13702
13613
13337
13315
12920
13523
13100
13292
13408
13658
13757
13451
13668
13872
13688
13649
13641
13303
13261
12890
13173
13246
13231
13408
13568
13781
14009
14154
14599
14717
15037
15439
15568
16128
16425
16679
16733
17004
17247
17481
17745
17993
18076
18143
18319
18274
18437
18394
18758
18575
18411
18701
18846
19061
19453
18957
19306
19133
19198
19065
19341
19470
19355
19505
19476
19800
19442
19648
19663
19370
19560
19577
19775
19590
19818
19549
19744
19537
19624
19657
19658
19683
19892
19755
19981
19824
19790
20071
19781
19546
20167
20010
19886
20055
19912
19837
19977
19882
19900
20046
19995
19892
19770
20106
20030
19909
19980
19975
19927
20268
20179
20151
20147
20065
19881
20159
20307
20248
19868
20359
19861
20254
20116
20071
20251
20221
20320
20126
19959
20110
20055
20255
20096
19982
20307
20364
20130
20320
20153
19953
20109
20127
19775
20331
20370
20211
20262
20246
20291
20024
20064
20202
19871
20213
20499
20255
19986
20165
20295
20388
20193
20433
20297
20268
20323
20420
20280
20107
20254
20079
20258
20379
20115
20420
20078
20300
20239
20001
20324
20090
20025
20163
20159
20423
20001
20226
20341
20065
20130
20075
20354
20138
20133
20184
20156
20300
20191
20090
20160
20184
20357
20371
20322
20162
20366
20376
20384
20466
20419
20011
19937
20345
20307
20235
20534
20392
20496
20328
20064
20384
20209
20409
20172
20342
20181
20404
20387
20393
20194
20320
20319
20397
20198
20316
20232
20414
20265
20231
20313
20381
20243
20287
20515
20103
20449
20147
20266
20489
20389
20365
20447
20202
20505
20121
20161
20363
20095
20197
20423
20208
20423
