2360
2387
2290
2472
2292
2304
2340
2408
2318
2289
2433
2334
2414
2318
2453
2313
2358
2417
2311
2433
2336
2347
2396
2303
2368
2425
2346
2322
2352
2254
2331
2371
2370
2376
2268
2318
2340
2325
2465
2388
2289
2430
2339
2388
2394
2261
2393
2384
2381
2356
2405
2356
2402
2374
2303
2373
2303
2372
2333
2291
2347
2302
2308
2355
2329
2234
2236
2251
2234
2165
2247
2136
2136
2115
2105
2100
2054
2038
2012
2010
2014
1938
1953
1949
2017
1950
1997
2020
1965
2039
2048
2065
2010
2104
2064
2081
2150
2127
2122
2101
2180
2146
2227
2182
2184
2188
2337
2241
2239
2229
2251
2279
2179
2295
2371
2266
2314
2272
2313
2254
2324
2327
2332
2354
2296
2321
2254
2335
2357
2332
2345
2266
2269
2323
2361
2319
2282
2202
2207
2226
2332
2218
2185
2151
2110
2049
2074
2035
2027
2029
1935
2001
2025
2020
2000
2046
2002
2095
2030
1992
2051
2114
2149
2145
2224
2185
2220
2221
2244
2222
2262
2267
2282
2325
2290
2243
2279
2362
2329
2173
2262
2373
2302
2325
2406
2313
2317
2328
2373
2390
2332
2372
2229
2313
2328
2400
2331
2363
2243
2376
2330
2343
2351
2328
2385
2357
2362
2334
2270
2348
2301
2237
2283
2274
2288
2165
2065
2140
2057
2074
2152
2041
2098
2100
2126
2127
2174
2198
2276
2310
2246
2247
2291
2225
2346
2330
2222
2241
2333
2338
2300
2308
2337
2289
2300
2307
2316
2365
2340
2371
2328
2254
2312
2318
2337
2336
2234
2292
2221
2299
2213
2329
2330
2192
2167
2164
2150
2215
2158
2091
2111
2068
2078
2079
2062
2083
2103
2142
2155
2102
2191
2221
2256
2287
2227
2312
2362
2325
2295
2352
2297
2377
2326
2320
2305
2273
2344
2289
2375
2214
2289
2221
2248
2360
2406
2304
2219
2363
2272
2270
2310
2327
2298
2333
2300
2349
2291
2381
2412
2274
2198
2300
2277
2262
2289
2154
2196
2227
2092
2118
2130
2160
2082
2090
2071
2037
2063
1978
1970
1959
1970
2013
1919
2001
1971
2086
2012
2072
2032
2099
2098
2083
2155
2150
2283
2249
2215
2199
2257
2367
2251
2399
2353
2318
2303
2261
2337
2299
2287
2292
2245
2283
2234
2323
2360
2260
2334
2335
2370
2246
2267
2233
2265
2262
2181
2249
2193
2284
2205
2205
2180
2179
2234
2170
2190
2201
2182
2085
2173
2069
2044
2067
1969
2007
1995
1960
1951
1975
1879
1984
1887
1971
1939
1860
1895
1918
1995
2005
2087
1961
2010
2129
2061
2163
2200
2107
2190
2240
2266
2316
2321
2300
2243
2294
2321
2431
2296
2455
2258
2304
2416
2345
2271
2297
2421
2356
2385
2335
2369
2340
2424
2342
2276
2306
2348
2298
2348
2438
2330
2419
2395
2400
2299
2436
2390
2300
2346
2305
2360
2383
2359
2448
2375
2316
2375
2373
2312
2388
2383
2287
2341
2337
2384
2397
2330
2404
2337
2335
2424
2356
2415
2333
2271
2343
2361
2347
2361
2429
2364
2473
2360
2381
2371
2357
2465
2336
2351
2359
2405
2298
2419
2386
2379
2387
2307
2372
2396
2313
2389
2322
2324
2298
2314
2351
2358
2359
2464
2375
2289
2435
2432
2367
2350
2483
2407
2365
2417
2361
2359
2325
2335
2346
2444
2288
2343
2299
2299
2269
2391
2374
2316
2347
2332
2325
2394
2354
2434
2333
2331
2291
2382
2290
2307
2324
2404
2365
2381
2312
2378
2308
2362
2430
2360
2328
2326
2371
2459
2387
2340
2247
2371
2363
2430
2362
2334
2396
2329
2322
2408
2360
2307
2363
2286
2188
2266
2266
2169
2187
2072
2100
2051
2075
2042
2023
1985
2018
2009
1973
1920
1962
1968
1861
1971
1948
1909
2043
2034
1950
2033
2088
2023
2047
2075
1983
2090
2109
2135
2085
2115
2090
2200
2218
2175
2209
2233
2261
2224
2254
2211
2263
2240
2259
2277
2213
2303
2228
2281
2262
2363
2239
2336
2389
2331
2332
2237
2360
2286
2337
2328
2375
2310
2286
2247
2291
2210
2320
2210
2261
2188
2158
2212
2148
2026
2143
1975
2032
2018
2019
1945
2084
1864
1976
1975
2092
1997
2015
2040
2062
2066
2103
2139
2183
2096
2134
2283
2185
2132
2320
2169
2260
2237
2292
2325
2235
2360
2297
2274
2250
2345
2360
2362
2251
2277
2322
2366
2312
2288
2241
2224
2349
2378
2279
2283
2391
2357
2318
2353
2401
2414
2299
2315
2295
2283
2321
2252
2277
2336
2331
2277
2255
2254
2272
2233
2131
2138
2117
2085
2025
2032
2087
2034
2033
2129
2100
2172
2119
2212
2203
2203
2206
2177
2262
2237
2309
2309
2273
2304
2225
2308
2189
2291
2288
2377
2303
2321
2311
2231
2398
2286
2361
2291
2242
2306
2381
2292
2320
2279
2245
2286
2226
2232
2177
2254
2161
2171
2167
2101
2087
2110
2081
2058
2064
2063
2146
2013
2135
2255
2286
2272
2142
2259
2262
2212
2261
2334
2406
2309
2297
2328
2297
2377
2279
2270
2308
2352
2331
2318
2321
2289
2443
2340
2339
2315
2201
2283
2276
2397
2403
2285
2378
2310
2350
2347
2284
2347
2244
2321
2306
2425
2273
2309
2195
2211
2179
2249
2118
2123
2150
2128
2100
2063
2080
2110
2068
2034
2023
2057
1988
1969
1966
2027
1995
1978
1957
2020
2037
2103
2119
2167
2106
2166
2263
2211
2187
2178
2262
2245
2345
2257
2286
2412
2301
2273
2378
2412
2271
2288
2361
2301
2293
2332
2219
2326
2256
2205
2347
2255
2346
2291
2202
2324
2217
2255
2239
2181
2206
2183
2257
2164
2124
2099
2172
2188
2049
2081
2095
2094
2008
2035
2078
2011
2023
1983
1988
1971
2010
1979
1921
1943
1903
1967
1990
1984
1908
1998
2045
2070
2123
1960
2149
2119
2184
2227
2159
2198
2242
2267
2292
2348
2347
2280
2238
2352
2361
2380
2334
2399
2315
2344
2411
2351
2234
2347
2331
2375
2285
2284
2376
2318
2334
2358
2315
2383
2354
2356
2307
2382
2414
2322
2437
2324
2333
2394
2308
2401
2341
2285
2353
2376
2321
2355
2434
2384
2244
2305
2400
2429
2363
2374
2363
2319
2403
2421
2346
2333
2383
2319
2281
2350
2291
2318
2350
2397
