2439
2520
2459
2323
2456
2420
2423
2457
2419
2392
2360
2383
2404
2505
2459
2390
2462
2356
2397
2414
2436
2412
2474
2430
2404
2387
2444
2410
2518
2315
2481
2391
2427
2355
2376
2402
2463
2468
2368
2402
2390
2438
2352
2389
2392
2353
2433
2446
2440
2371
2370
2395
2421
2421
2484
2410
2356
2504
2509
2429
2467
2402
2428
2458
2389
2450
2498
2403
2417
2435
2409
2435
2384
2400
2440
2400
2368
2476
2498
2438
2482
2406
2407
2391
2407
2376
2425
2385
2408
2347
2502
2456
2448
2469
2404
2507
2441
2431
2376
2381
2513
2473
2443
2402
2422
2461
2312
2472
2495
2367
2525
2427
2426
2388
2379
2502
2485
2465
2383
2428
2427
2445
2423
2476
2432
2497
2380
2467
2399
2462
2469
2433
2377
2407
2409
2452
2358
2525
2540
2415
2307
2443
2499
2364
2379
2454
2331
2485
2469
2473
2404
2360
2368
2460
2397
2454
2315
2451
2424
2497
2333
2431
2456
2381
2443
2354
2340
2421
2414
2370
2382
2490
2399
2359
2346
2358
2442
2346
2420
2477
2483
2406
2463
2341
2459
2455
2434
2373
2309
2342
2492
2407
2367
2332
2429
2415
2394
2349
2375
2335
2460
2362
2427
2367
2314
2383
2495
2385
2280
2338
2375
2407
2344
2312
2340
2310
2278
2379
2271
2330
2278
2256
2269
2344
2174
2170
2136
2147
2058
2021
1985
1864
1803
1763
1636
1543
1500
1532
1485
1499
1407
1453
1502
1593
1590
1618
1747
1725
1752
1731
1655
1593
1565
1474
1504
1477
1460
1480
1496
1572
1649
1713
1758
1837
1867
1980
2085
2138
2150
2202
2215
2288
2240
2277
2280
2262
2263
2174
2309
2321
2390
2384
2361
2403
2354
2472
2438
2357
2399
2455
2291
2385
2430
2329
2478
2371
2369
2448
2443
2276
2429
2353
2440
2355
2323
2424
2353
2303
2330
2393
2408
2398
2407
2341
2387
2424
2460
2351
2408
2419
2446
2361
2427
2420
2406
2375
2310
2410
2452
2437
2384
2353
2414
2428
2519
2448
2387
2524
2393
2540
2400
2407
2403
2418
2453
2399
2472
2502
2428
2397
2433
2465
2521
2464
2442
2480
2517
2405
2406
2436
2441
2449
2430
2372
2418
2470
2363
2403
2493
2434
2456
2437
2467
2451
2457
2399
2391
2393
2504
2430
2394
2413
2437
2392
2453
2452
2412
2442
2395
2432
2386
2441
2426
2385
2312
2419
2449
2460
2352
2453
2427
2454
2408
2446
2422
2455
2499
2488
2442
2441
2415
2447
2314
2486
2444
2368
2359
2446
2449
2334
2566
2427
2387
2418
2473
2461
2362
2333
2426
2493
2330
2455
2462
2416
2461
2501
2463
2419
2447
2352
2362
2431
2359
2449
2362
2452
2489
2396
2441
2508
2479
2341
2390
2407
2383
2452
2426
2407
2406
2436
2355
2424
2388
2421
2442
2411
2324
2435
2435
2473
2442
2531
2369
2414
2452
2492
2403
2395
2393
2440
2434
2466
2427
2420
2431
2444
2391
2489
2440
2453
2487
2398
2430
2491
2444
2395
2448
2506
2427
2386
2435
2497
2424
2463
2392
2440
2418
2494
2346
2443
2445
2402
2465
2352
2406
2364
2346
2398
2408
2545
2397
2432
2445
2456
2425
2413
2510
2397
2366
2372
2470
2367
2468
2462
2537
2434
2450
2355
2446
2446
2406
2442
2482
2423
2426
2438
2390
2472
2411
2399
2412
2436
2404
2430
2440
2420
2420
2433
2416
2407
2307
2478
2435
2399
2514
2445
2350
2379
2355
2427
2358
2454
2434
2423
2440
2344
2403
2333
2419
2375
2317
2459
2406
2366
2400
2388
2445
2373
2463
2499
2387
2440
2442
2322
2443
2351
2384
2393
2294
2390
2454
2456
2361
2341
2432
2463
2422
2367
2478
2523
2385
2353
2442
2337
2329
2491
2418
2484
2477
2407
2469
2423
2379
2424
2503
2477
2386
2431
2356
2419
2405
2417
2479
2373
2424
2393
2500
2362
2377
2508
2427
2430
2408
2417
2450
2400
2399
2377
2406
2311
2477
2352
2393
2344
2402
2378
2363
2353
2411
2346
2420
2422
2468
2361
2461
2457
2442
2353
2479
2494
2397
2431
2474
2388
2487
2530
2426
2438
2407
2469
2299
2407
2455
2424
2353
2402
2462
2412
2442
2410
2378
2388
2409
2384
2386
2381
2389
2489
2369
2498
2444
2380
2413
2413
2374
2347
2433
2358
2370
2438
2412
2396
2405
2380
2273
2343
2360
2426
2450
2401
2419
2340
2394
2354
2450
2339
2412
2336
2411
2363
2324
2349
2314
2242
2365
2401
2355
2352
2352
2274
2338
2359
2418
2438
2259
2320
2333
2285
2277
2338
2126
2218
2184
2166
2141
2120
1921
1945
1862
1822
1744
1658
1568
1554
1529
1508
1414
1429
1504
1576
1552
1674
1719
1774
1761
1740
1686
1687
1584
1572
1503
1508
1497
1431
1482
1544
1604
1588
1686
1776
1872
1894
1975
2063
2140
2156
2192
2252
2215
2261
2233
2235
2266
2273
2332
2351
2353
2312
2291
2340
2365
2407
2385
2287
2338
2325
2439
2339
2294
2337
2341
2399
2389
2469
2415
2413
2397
2423
2375
2405
2387
2354
2318
2387
2354
2449
2467
2346
2377
2332
2415
2371
2527
2426
2415
2481
2349
2450
2384
2421
2411
2490
2371
2358
2398
2408
2353
2439
2360
2423
2404
2458
2381
2393
2404
2500
2413
2403
2421
2427
2380
2458
2469
2436
2394
2396
2435
2470
2454
2357
2438
2446
2489
2378
2346
2435
2422
2445
2378
2436
2362
2460
2387
2490
2420
2539
2369
2321
2466
2405
2466
2330
2415
2358
2370
2368
2433
2416
2420
2402
2440
2404
2440
2376
2448
2421
2450
2447
2317
2448
2347
2408
2474
2457
2433
2356
2307
2396
2382
2427
2452
2404
2393
2499
2405
2354
2464
2344
2403
2479
2415
2470
2434
2469
2376
2404
2439
2440
2292
2451
2439
2473
2468
2376
2464
2490
2396
2412
2502
2393
2408
2506
2396
2319
2470
2419
2379
2362
2344
2449
2465
2466
2418
2441
2458
2491
2387
2353
2383
2437
2413
2431
2397
2447
2457
2377
2422
2358
2397
2432
2427
2439
2448
2464
2376
2401
2455
2405
2376
2533
2393
2448
2494
2364
2467
2347
2451
2410
2465
2492
2460
2481
2504
2464
2368
2484
2505
2405
2317
2362
2450
2356
2419
