2828
2836
2902
2784
2791
2921
2852
2774
2739
2774
2891
2781
2832
2848
2843
2812
2777
2845
2799
2819
2905
2779
2735
2882
2904
2726
2791
2848
2833
2813
2853
2807
2869
2892
2822
2908
2940
2862
2899
2909
2773
2876
2900
2822
2869
2864
2842
2922
2834
2914
2887
2819
2795
2913
2862
2772
2859
2816
2881
2798
2897
2882
2799
2769
2872
2721
2884
2887
2811
2897
2796
2816
2841
2747
2782
2916
2857
2767
2914
2834
2871
2839
2978
2836
2964
2831
2884
2876
2796
2881
2828
2934
2852
2893
2869
2784
2842
2839
2795
2785
2885
2846
2970
2923
2799
2861
2895
2790
2839
2913
2792
2894
2846
2843
2915
2825
2917
2878
2903
2794
2856
2807
2800
2883
2935
2935
2818
2881
2792
2779
2878
2850
2867
2854
2839
2748
2752
2858
2803
2782
2809
2812
2882
2777
2756
2905
2793
2885
2817
2699
2839
2796
2850
2807
2776
2854
2897
2753
2849
2849
2885
2824
2899
2808
2888
2802
2865
2862
2796
2858
2837
2711
2956
2832
2806
2882
2852
2781
2750
2792
2789
2771
2828
2768
2792
2943
2927
2767
2748
2829
2905
2822
2864
2772
2926
2841
2751
2736
2796
2774
2850
2683
2704
2772
2813
2808
2813
2751
2758
2811
2804
2843
2850
2740
2882
2676
2751
2720
2784
2643
2683
2681
2626
2624
2622
2594
2469
2519
2411
2431
2277
2279
2224
2044
2034
1915
1857
1792
1792
1690
1746
1717
1728
1792
1983
1956
2048
2103
1954
1996
2006
1894
1822
1743
1765
1692
1705
1740
1728
1867
1939
1968
2043
2150
2265
2272
2412
2446
2514
2446
2561
2715
2621
2660
2697
2662
2732
2739
2847
2802
2809
2783
2708
2717
2713
2698
2775
2779
2771
2822
2777
2828
2832
2865
2824
2783
2836
2798
2782
2748
2764
2811
2877
2864
2871
2737
2891
2892
2736
2844
2872
2818
2847
2770
2798
2805
2755
2837
2896
2890
2776
2816
2812
2957
2880
2787
2887
2897
2862
2839
2796
2831
2914
2833
2913
2871
2789
2881
2841
2781
2814
2863
2887
2892
2715
2832
2813
2835
2770
2847
2873
2924
2825
2830
2824
2729
2770
2819
2849
2909
2850
2905
2907
2980
2852
2837
2793
2848
2919
2783
2859
2856
2878
2732
2892
2947
2900
2818
2852
2907
2867
2773
2926
2813
2843
2779
2793
2898
2923
2825
2904
2765
2847
2794
2857
2766
2851
2930
2921
2892
2890
2902
2898
2805
2826
2807
2826
2854
2843
2820
2923
2836
2948
2798
2862
2893
2835
2845
2843
2859
2839
2909
2896
2832
2883
2846
2822
2821
2860
2755
2851
2935
2795
2892
2843
2784
2774
2904
2859
2920
2871
3015
2915
2851
2841
2802
2960
2914
2860
2816
2826
2869
2923
2917
2888
2841
2920
2874
2807
2802
2854
2873
2948
2757
2948
2886
2887
2844
2859
2841
2781
2860
2817
2890
2950
2924
2870
2808
2840
2811
2760
2901
2896
2825
2882
2932
2813
2882
2870
2816
2901
2844
2880
2772
2904
2823
2858
2943
2767
2888
2856
2863
2889
2934
2832
2875
2941
2819
2815
2847
2969
2824
2850
2857
2833
2889
2859
2935
2909
2843
2899
2872
2804
2859
2850
2808
2816
2812
2868
2914
2838
2741
2902
2834
2776
2860
2805
2848
2843
2807
2896
2791
2871
2797
2887
2914
2949
2860
2870
2835
2904
2850
2810
2855
2834
2822
2931
2850
2875
2830
2843
2856
2801
2914
2796
2812
2873
2791
2765
2775
2868
2915
2880
2882
2836
2890
2844
2824
2857
2858
2881
2806
2859
2885
2901
2912
2782
2903
2905
2783
2841
2770
2825
2825
2907
2832
2883
2855
2936
2760
2773
2790
2913
2826
2779
2839
2919
2808
2836
2816
2872
2804
2774
2819
2880
2927
2790
2873
2837
2906
2867
2794
2916
2850
2767
2843
2865
2840
2873
2753
2765
2894
2897
2855
2887
2777
2878
2875
2758
2826
2861
2836
2852
2842
2804
2782
2868
2753
2893
2875
2764
2894
2908
2841
2831
2987
2819
2841
2901
2795
2803
2795
2841
2893
2916
2788
2881
2772
2815
2784
2831
2792
2773
2760
2904
2708
2806
2902
2889
2829
2734
2875
2827
2878
2852
2877
2774
2837
2861
2817
2865
2843
2804
2793
2831
2789
2787
2880
2764
2859
2845
2864
2847
2851
2848
2963
2843
2794
2824
2756
2769
2819
2769
2813
2792
2759
2781
2827
2783
2761
2820
2811
2798
2764
2777
2752
2761
2809
2801
2771
2744
2850
2874
2794
2723
2808
2779
2783
2754
2755
2820
2793
2722
2736
2760
2816
2739
2730
2729
2734
2647
2526
2692
2523
2491
2384
2363
2298
2166
2116
2018
1949
1928
1837
1765
1676
1694
1652
1688
1704
1799
1900
1968
1998
1996
1983
1942
1998
1885
1818
1722
1759
1757
1766
1764
1803
1891
2025
2072
2110
2187
2195
2292
2394
2508
2610
2647
2617
2572
2650
2523
2704
2680
2749
2790
2820
2761
2765
2789
2805
2772
2780
2834
2808
2700
2835
2804
2859
2874
2815
2883
2882
2818
2798
2798
2740
2739
2774
2820
2828
2835
2855
2784
2797
2882
2700
2780
2863
2840
2807
2853
2841
2945
2810
2615
2881
2814
2733
2823
2842
2761
2829
2797
2852
2841
2890
2820
2817
2717
2824
2755
2781
2799
2873
2817
2886
2787
2965
2848
2880
2891
2808
2875
2816
2822
2802
2880
2867
2853
2873
2870
2825
2748
2938
2854
2772
2809
2885
2960
2830
2838
2783
2786
2860
2892
2763
2856
2819
2825
2809
2882
2835
2764
2809
2981
2888
2880
2932
2807
2892
2876
2797
2782
2826
2897
2870
2833
2812
2923
2955
2900
2775
2844
2841
2826
2837
2863
2861
2873
2884
2776
2847
2831
2880
2860
2806
2837
2833
2885
2902
2830
2924
2983
2976
2857
2954
2794
2852
2917
2830
2831
2794
2901
2838
2829
2849
2898
2979
2857
2892
2848
2853
2873
2891
2833
2807
2804
2827
2906
2808
2877
2829
2954
2786
2826
2737
2817
2955
2934
2840
2851
2729
2781
2835
2872
2956
2800
2886
2912
2866
2795
2850
2939
2827
2806
2891
2814
2887
2816
2898
2848
2789
2805
2785
2813
2842
2918
2817
2911
2838
2711
2884
2775
2843
2762
2791
2855
2856
2812
2910
2881
2830
2952
