2424
2477
2345
2472
2405
2428
2361
2539
2512
2468
2432
2414
2433
2415
2412
2537
2412
2457
2380
2427
2356
2327
2369
2500
2390
2361
2369
2414
2407
2395
2414
2429
2427
2352
2440
2406
2401
2446
2374
2465
2405
2504
2423
2522
2403
2457
2427
2414
2458
2408
2386
2443
2486
2392
2449
2452
2447
2352
2334
2482
2379
2439
2412
2420
2434
2450
2424
2466
2491
2404
2452
2405
2355
2319
2338
2455
2532
2472
2380
2389
2373
2406
2413
2421
2359
2342
2449
2473
2388
2387
2441
2419
2376
2383
2432
2376
2475
2507
2524
2374
2443
2415
2428
2360
2382
2469
2472
2436
2442
2454
2453
2342
2426
2364
2466
2387
2440
2353
2425
2449
2422
2443
2377
2480
2401
2416
2432
2470
2333
2418
2402
2420
2408
2347
2446
2475
2327
2406
2444
2428
2460
2424
2429
2396
2483
2420
2390
2381
2330
2435
2431
2403
2455
2473
2468
2381
2421
2334
2419
2406
2364
2329
2392
2408
2343
2414
2475
2342
2372
2420
2484
2434
2446
2395
2459
2413
2389
2386
2420
2488
2368
2427
2344
2412
2395
2419
2368
2456
2413
2289
2492
2406
2446
2404
2359
2387
2423
2437
2388
2396
2345
2357
2359
2301
2430
2291
2376
2362
2273
2271
2313
2281
2271
2355
2399
2305
2392
2261
2366
2357
2222
2296
2185
2254
2299
2205
2098
2094
2066
2047
1969
1908
1802
1822
1729
1644
1567
1578
1478
1462
1513
1409
1501
1456
1620
1726
1673
1758
1745
1614
1664
1559
1520
1564
1410
1474
1485
1534
1480
1569
1558
1678
1755
1858
1915
2030
2054
2083
2122
2171
2264
2254
2274
2246
2258
2283
2266
2329
2365
2311
2350
2378
2351
2278
2287
2404
2318
2403
2373
2375
2412
2324
2376
2425
2413
2396
2447
2457
2437
2411
2415
2446
2321
2403
2402
2363
2453
2435
2366
2388
2461
2459
2337
2406
2442
2458
2440
2339
2285
2367
2359
2393
2469
2407
2423
2360
2473
2381
2497
2422
2501
2390
2296
2443
2445
2315
2342
2360
2388
2453
2458
2352
2416
2394
2452
2434
2498
2299
2379
2396
2428
2483
2352
2456
2388
2443
2397
2345
2401
2386
2433
2320
2485
2434
2404
2496
2477
2372
2324
2449
2374
2482
2470
2449
2396
2411
2412
2420
2484
2521
2481
2366
2449
2419
2416
2443
2357
2423
2389
2369
2385
2410
2339
2376
2426
2390
2464
2444
2473
2406
2442
2406
2447
2450
2499
2479
2419
2487
2419
2348
2418
2403
2472
2447
2467
2506
2408
2442
2431
2437
2396
2346
2533
2471
2415
2432
2499
2378
2428
2385
2424
2454
2418
2464
2496
2494
2459
2426
2346
2449
2442
2452
2385
2432
2468
2409
2417
2455
2431
2410
2494
2398
2428
2401
2395
2451
2420
2500
2500
2401
2459
2435
2404
2421
2466
2432
2425
2392
2588
2337
2457
2450
2423
2355
2476
2495
2433
2303
2414
2389
2384
2376
2400
2406
2452
2350
2315
2383
2488
2401
2374
2431
2476
2487
2433
2425
2514
2477
2439
2431
2444
2416
2501
2435
2513
2425
2419
2435
2406
2416
2454
2434
2435
2433
2504
2436
2458
2394
2423
2392
2369
2392
2400
2449
2377
2407
2414
2450
2520
2408
2454
2431
2499
2379
2448
2466
2422
2460
2394
2347
2416
2411
2462
2317
2422
2386
2472
2438
2423
2383
2397
2425
2351
2379
2355
2402
2452
2476
2389
2317
2447
2445
2402
2396
2378
2460
2400
2398
2436
2433
2497
2446
2469
2403
2413
2388
2348
2393
2476
2385
2348
2373
2390
2351
2365
2469
2413
2529
2391
2391
2476
2460
2386
2373
2443
2437
2396
2482
2407
2458
2458
2441
2386
2454
2476
2391
2415
2269
2433
2443
2452
2421
2410
2410
2462
2422
2366
2370
2490
2352
2427
2499
2389
2465
2476
2345
2384
2436
2423
2436
2493
2394
2471
2446
2433
2362
2445
2454
2450
2425
2437
2456
2430
2446
2470
2373
2352
2457
2448
2442
2321
2437
2427
2378
2470
2505
2433
2279
2458
2411
2421
2432
2489
2458
2379
2393
2380
2400
2390
2328
2402
2456
2427
2388
2361
2353
2406
2366
2424
2463
2466
2408
2467
2393
2426
2456
2446
2355
2375
2375
2404
2445
2477
2475
2462
2381
2382
2458
2418
2437
2450
2330
2351
2396
2437
2404
2368
2392
2429
2351
2457
2456
2324
2428
2402
2447
2387
2485
2314
2535
2413
2330
2371
2393
2367
2444
2355
2344
2363
2389
2461
2364
2359
2450
2354
2327
2362
2292
2366
2295
2354
2282
2284
2325
2274
2247
2258
2286
2271
2209
2235
2208
2174
2196
2088
1958
2011
1959
1869
1771
1837
1712
1604
1516
1533
1582
1367
1425
1480
1500
1560
1555
1667
1767
1709
1692
1718
1599
1648
1445
1478
1381
1485
1442
1558
1475
1637
1681
1781
1801
1891
1928
2067
2027
2080
2106
2137
2250
2174
2362
2250
2221
2241
2392
2294
2352
2338
2355
2358
2349
2363
2291
2359
2378
2336
2438
2390
2376
2429
2324
2321
2374
2375
2378
2283
2351
2444
2464
2344
2391
2397
2519
2352
2289
2327
2442
2437
2386
2308
2413
2352
2347
2408
2462
2470
2353
2380
2390
2406
2424
2363
2501
2428
2378
2297
2399
2328
2469
2447
2470
2357
2432
2426
2421
2420
2464
2411
2409
2446
2481
2462
2457
2446
2327
2357
2448
2348
2402
2465
2421
2423
2453
2511
2401
2493
2402
2382
2451
2393
2464
2357
2388
2401
2520
2401
2344
2517
2416
2383
2417
2394
2419
2412
2366
2450
2431
2368
2433
2372
2409
2356
2371
2475
2478
2429
2418
2412
2452
2479
2490
2456
2328
2393
2344
2460
2367
2351
2397
2405
2424
2426
2420
2359
2456
2460
2441
2504
2438
2481
2359
2415
2434
2468
2395
2410
2419
2365
2415
2445
2540
2349
2452
2443
2505
2367
2401
2389
2357
2401
2418
2346
2410
2371
2436
2398
2406
2437
2393
2462
2428
2398
2383
2474
2424
2424
2446
2356
2457
2404
2404
2453
2403
2425
2350
2451
2463
2461
2440
2434
2487
2413
2427
2420
2387
2287
2449
2422
2370
2445
2395
2425
2383
2388
2379
2438
2490
2439
2408
2475
2448
2420
2446
2329
2398
2336
2362
2443
2411
2422
2441
2468
2381
2425
