2665
2643
2655
2697
2666
2626
2647
2676
2637
2598
2786
2730
2700
2683
2765
2748
2685
2709
2646
2677
2657
2704
2755
2728
2655
2748
2720
2665
2655
2704
2744
2739
2734
2636
2724
2660
2770
2730
2688
2722
2729
2740
2752
2729
2647
2736
2602
2760
2626
2753
2785
2709
2724
2761
2745
2674
2726
2729
2699
2749
2638
2652
2653
2680
2665
2679
2733
2727
2669
2714
2653
2754
2721
2665
2726
2737
2738
2693
2691
2715
2709
2689
2694
2641
2725
2672
2719
2744
2625
2637
2613
2675
2747
2658
2830
2732
2649
2698
2730
2706
2739
2749
2688
2678
2717
2744
2716
2706
2621
2711
2655
2697
2658
2689
2711
2726
2715
2647
2706
2722
2675
2777
2619
2734
2707
2638
2721
2622
2639
2667
2684
2723
2668
2731
2683
2766
2593
2658
2712
2723
2650
2658
2631
2633
2692
2700
2708
2693
2716
2602
2618
2699
2776
2733
2654
2727
2631
2625
2655
2677
2718
2578
2591
2696
2688
2691
2797
2774
2705
2741
2653
2711
2611
2695
2682
2626
2730
2508
2605
2775
2554
2630
2681
2657
2641
2678
2662
2690
2657
2688
2728
2698
2686
2629
2705
2646
2742
2713
2627
2602
2637
2703
2719
2704
2725
2612
2573
2673
2652
2656
2615
2678
2597
2693
2699
2573
2540
2538
2589
2528
2552
2584
2485
2465
2539
2433
2442
2358
2342
2262
2261
2110
2136
1914
1895
1841
1729
1650
1671
1596
1621
1668
1638
1686
1790
1824
1947
1981
1872
1894
1785
1761
1678
1625
1649
1622
1613
1640
1750
1722
1786
1912
2015
2002
2161
2139
2305
2287
2466
2413
2412
2535
2488
2536
2454
2607
2584
2493
2591
2622
2641
2649
2682
2603
2639
2642
2637
2644
2599
2663
2742
2682
2725
2685
2706
2732
2708
2644
2641
2603
2592
2668
2644
2610
2695
2714
2679
2670
2676
2688
2745
2681
2728
2670
2686
2773
2629
2592
2644
2676
2749
2704
2599
2734
2727
2636
2599
2655
2730
2752
2621
2705
2652
2730
2670
2708
2731
2642
2717
2660
2694
2657
2726
2698
2711
2737
2700
2675
2649
2685
2662
2675
2718
2770
2788
2631
2749
2700
2602
2680
2643
2690
2634
2693
2746
2712
2774
2600
2685
2646
2710
2624
2691
2684
2693
2736
2627
2627
2714
2686
2662
2703
2703
2697
2646
2731
2672
2766
2644
2632
2663
2612
2638
2631
2661
2693
2687
2629
2705
2697
2795
2717
2681
2697
2734
2624
2611
2712
2642
2719
2649
2663
2651
2672
2600
2648
2699
2757
2633
2682
2671
2812
2696
2699
2754
2616
2725
2711
2634
2608
2681
2725
2698
2712
2677
2644
2624
2638
2649
2782
2657
2756
2755
2776
2741
2733
2760
2690
2675
2683
2679
2756
2680
2699
2706
2767
2691
2725
2733
2683
2652
2595
2701
2818
2692
2760
2709
2748
2849
2678
2635
2693
2737
2742
2701
2655
2666
2513
2655
2717
2773
2728
2753
2678
2850
2655
2741
2650
2690
2740
2755
2717
2653
2754
2697
2696
2798
2671
2713
2674
2694
2694
2743
2780
2793
2759
2630
2720
2735
2639
2785
2761
2675
2682
2709
2752
2709
2643
2699
2703
2593
2722
2728
2662
2659
2771
2626
2683
2742
2642
2711
2687
2710
2709
2648
2668
2645
2721
2612
2715
2703
2686
2715
2760
2659
2713
2786
2698
2706
2655
2743
2738
2654
2700
2706
2649
2728
2695
2651
2641
2691
2767
2710
2703
2726
2718
2683
2657
2640
2631
2619
2688
2670
2656
2741
2703
2721
2648
2691
2678
2735
2680
2663
2665
2702
2692
2741
2802
2586
2722
2737
2686
2698
2747
2655
2719
2816
2683
2643
2634
2772
2601
2688
2679
2692
2639
2703
2727
2779
2595
2722
2665
2670
2708
2631
2737
2759
2623
2731
2687
2629
2665
2831
2633
2628
2670
2785
2681
2752
2820
2750
2731
2764
2743
2684
2740
2642
2674
2697
2650
2751
2699
2641
2763
2766
2653
2595
2669
2667
2682
2707
2680
2601
2674
2602
2682
2759
2598
2736
2700
2681
2721
2713
2675
2695
2666
2754
2666
2650
2700
2722
2671
2665
2778
2710
2640
2737
2658
2657
2757
2675
2697
2758
2635
2734
2635
2632
2607
2759
2759
2634
2726
2576
2583
2643
2673
2734
2645
2661
2639
2735
2680
2675
2675
2711
2635
2617
2689
2682
2708
2732
2692
2663
2733
2614
2776
2656
2678
2644
2636
2660
2586
2655
2639
2586
2636
2623
2739
2681
2651
2658
2722
2644
2632
2652
2482
2705
2590
2655
2632
2605
2634
2618
2617
2567
2498
2432
2539
2525
2502
2604
2466
2518
2465
2345
2402
2315
2272
2171
2111
1953
1810
1792
1753
1631
1619
1641
1527
1670
1735
1749
1826
1867
1879
1970
1885
1904
1849
1649
1697
1573
1594
1645
1631
1675
1753
1831
1857
2060
2059
2170
2107
2192
2327
2353
2384
2385
2441
2572
2562
2523
2527
2481
2551
2603
2619
2547
2614
2560
2567
2565
2615
2535
2627
2668
2628
2640
2645
2538
2669
2605
2623
2632
2677
2712
2726
2704
2619
2582
2681
2592
2677
2725
2705
2758
2646
2647
2685
2722
2663
2661
2680
2667
2660
2642
2709
2678
2700
2688
2663
2627
2679
2727
2722
2671
2663
2649
2696
2677
2731
2651
2686
2708
2653
2624
2666
2705
2723
2666
2749
2645
2736
2639
2699
2762
2741
2673
2691
2702
2670
2676
2751
2661
2771
2590
2677
2685
2694
2522
2739
2691
2650
2738
2637
2700
2727
2654
2588
2763
2704
2736
2740
2694
2690
2698
2764
2677
2724
2718
2675
2694
2727
2671
2715
2732
2616
2783
2624
2655
2821
2747
2733
2706
2720
2709
2695
2690
2696
2609
2586
2714
2765
2727
2774
2715
2695
2728
2761
2670
2690
2613
2738
2749
2684
2674
2786
2682
2731
2666
2678
2706
2676
2680
2771
2707
2685
2653
2738
2722
2713
2775
2725
2686
2758
2720
2682
2685
2718
2714
2787
2727
2700
2704
2620
2713
2617
2716
2624
2822
2750
2686
2747
2732
2662
2694
2677
2827
2712
2672
2709
2686
2724
2748
2720
2764
2716
2732
2660
2731
2715
2674
2716
2701
2672
2625
2644
2676
2792
2739
2695
2702
2756
2663
2707
2799
2731
2720
2643
2823
2642
2720
2748
2659
