2425
2387
2437
2424
2452
2414
2481
2386
2436
2356
2389
2376
2416
2416
2366
2397
2439
2397
2431
2374
2481
2415
2443
2450
2465
2481
2441
2389
2419
2426
2346
2434
2485
2382
2401
2422
2369
2480
2399
2341
2322
2376
2478
2407
2418
2487
2426
2413
2367
2338
2420
2469
2427
2365
2443
2484
2421
2369
2395
2375
2409
2391
2351
2484
2453
2424
2361
2437
2336
2395
2460
2446
2471
2345
2407
2417
2422
2408
2398
2439
2419
2483
2400
2384
2458
2449
2440
2469
2312
2344
2397
2377
2361
2349
2488
2500
2353
2431
2373
2388
2342
2415
2383
2429
2495
2420
2439
2388
2440
2385
2424
2479
2397
2474
2417
2274
2469
2417
2412
2456
2419
2425
2428
2427
2383
2435
2429
2471
2489
2499
2297
2400
2415
2440
2418
2458
2290
2487
2418
2481
2356
2461
2498
2410
2355
2398
2380
2376
2432
2407
2399
2391
2402
2421
2433
2403
2381
2379
2380
2363
2426
2406
2473
2405
2422
2495
2382
2472
2467
2350
2367
2437
2339
2454
2444
2360
2321
2423
2476
2311
2340
2367
2314
2294
2384
2354
2326
2300
2394
2356
2363
2412
2359
2409
2395
2373
2418
2410
2377
2353
2492
2369
2356
2432
2350
2387
2323
2314
2351
2390
2426
2389
2318
2298
2395
2235
2278
2379
2288
2243
2331
2240
2284
2203
2243
2217
2196
2164
2039
2000
2013
1919
1761
1707
1753
1589
1580
1565
1617
1448
1425
1420
1540
1604
1600
1617
1714
1746
1725
1702
1680
1586
1523
1499
1433
1424
1476
1431
1490
1522
1617
1664
1740
1865
1901
1952
2000
2015
2096
2170
2084
2276
2287
2282
2230
2305
2250
2363
2333
2341
2329
2297
2348
2237
2395
2417
2449
2408
2367
2376
2379
2398
2390
2320
2483
2373
2382
2383
2325
2366
2409
2453
2341
2372
2372
2363
2475
2375
2369
2282
2508
2401
2366
2392
2432
2466
2405
2409
2344
2442
2500
2386
2365
2493
2355
2431
2358
2423
2440
2434
2549
2425
2543
2395
2416
2387
2405
2346
2442
2349
2358
2406
2383
2343
2377
2364
2413
2432
2368
2382
2416
2384
2394
2390
2400
2410
2379
2345
2512
2437
2358
2410
2347
2364
2432
2366
2450
2485
2524
2386
2435
2495
2442
2397
2380
2380
2321
2422
2464
2455
2422
2404
2449
2460
2438
2392
2393
2375
2451
2306
2406
2417
2441
2427
2430
2549
2438
2361
2371
2414
2436
2484
2442
2311
2474
2449
2474
2346
2432
2516
2407
2468
2407
2409
2368
2337
2388
2437
2404
2405
2490
2454
2454
2411
2415
2439
2435
2398
2351
2417
2485
2374
2348
2394
2453
2386
2405
2430
2402
2425
2470
2499
2423
2457
2419
2412
2445
2446
2437
2419
2399
2501
2458
2410
2388
2386
2427
2333
2521
2434
2353
2503
2386
2422
2408
2421
2435
2422
2412
2412
2415
2401
2469
2406
2443
2420
2440
2354
2269
2343
2494
2444
2490
2425
2345
2281
2448
2474
2347
2462
2440
2422
2404
2405
2444
2341
2447
2467
2483
2424
2386
2495
2470
2358
2462
2363
2317
2452
2461
2462
2465
2415
2388
2371
2398
2327
2427
2482
2309
2412
2442
2415
2436
2433
2438
2385
2365
2475
2433
2386
2392
2341
2463
2430
2494
2465
2483
2365
2354
2372
2394
2395
2364
2425
2463
2315
2470
2426
2352
2539
2457
2432
2419
2436
2412
2573
2441
2389
2425
2419
2432
2470
2459
2377
2386
2416
2383
2524
2313
2401
2386
2432
2432
2398
2412
2430
2345
2421
2452
2375
2445
2398
2384
2362
2397
2393
2345
2445
2462
2344
2510
2364
2470
2419
2439
2400
2370
2351
2406
2372
2424
2404
2331
2380
2403
2459
2353
2377
2363
2347
2394
2410
2294
2383
2432
2435
2368
2397
2479
2451
2460
2378
2412
2395
2462
2387
2370
2482
2425
2408
2358
2381
2271
2356
2415
2440
2394
2381
2340
2350
2468
2419
2384
2413
2461
2441
2452
2475
2449
2303
2386
2384
2436
2374
2390
2452
2364
2349
2326
2398
2370
2449
2459
2451
2361
2457
2446
2372
2371
2458
2504
2381
2354
2467
2530
2391
2396
2449
2483
2401
2386
2367
2404
2339
2412
2482
2460
2402
2517
2330
2401
2440
2478
2474
2335
2390
2420
2392
2469
2389
2432
2405
2426
2389
2465
2330
2418
2371
2386
2296
2415
2468
2370
2336
2393
2412
2296
2440
2435
2289
2332
2394
2331
2361
2377
2361
2376
2415
2433
2416
2328
2431
2338
2341
2417
2398
2302
2411
2331
2333
2307
2302
2313
2339
2394
2327
2361
2311
2290
2156
2166
2232
2113
2172
2066
2073
2027
2023
1818
1755
1731
1644
1568
1561
1440
1446
1491
1458
1428
1483
1576
1591
1686
1748
1723
1731
1621
1631
1487
1530
1526
1464
1430
1449
1468
1550
1557
1635
1669
1830
1814
1988
1901
2093
2155
2195
2123
2201
2200
2228
2229
2262
2339
2239
2277
2339
2268
2300
2372
2358
2398
2343
2346
2325
2364
2401
2387
2363
2394
2337
2375
2434
2407
2400
2343
2387
2328
2363
2400
2358
2399
2334
2336
2412
2352
2368
2342
2400
2368
2365
2307
2369
2454
2387
2354
2374
2419
2357
2331
2379
2404
2388
2268
2439
2371
2370
2362
2381
2459
2405
2488
2358
2376
2355
2546
2453
2441
2399
2414
2421
2370
2509
2396
2429
2438
2407
2478
2387
2396
2253
2397
2391
2365
2437
2374
2441
2357
2412
2448
2426
2425
2383
2394
2419
2411
2407
2450
2419
2431
2529
2394
2359
2365
2470
2409
2431
2489
2411
2370
2462
2439
2354
2378
2430
2361
2521
2409
2486
2410
2421
2390
2395
2386
2279
2349
2394
2443
2380
2475
2300
2474
2420
2463
2468
2439
2377
2395
2394
2388
2421
2435
2340
2463
2474
2424
2391
2424
2374
2467
2505
2499
2373
2343
2411
2407
2467
2399
2496
2430
2411
2438
2449
2362
2451
2443
2422
2460
2460
2329
2377
2388
2355
2422
2441
2379
2402
2420
2451
2412
2462
2316
2383
2414
2449
2425
2326
2385
2418
2458
2437
2433
2392
2461
2482
2315
2374
2388
2440
2345
2342
2467
2416
2431
2518
2421
2445
2376
2347
2329
2389
2401
2489
2366
2468
2431
2426
2427
2389
2470
2419
2398
2449
2459
