2395
2477
2397
2348
2360
2424
2471
2271
2462
2438
2467
2366
2372
2442
2343
2376
2511
2422
2382
2346
2434
2377
2475
2399
2389
2424
2399
2394
2464
2445
2390
2479
2482
2365
2363
2447
2497
2348
2461
2475
2356
2431
2398
2390
2366
2310
2460
2400
2420
2448
2345
2379
2445
2370
2378
2363
2413
2332
2435
2476
2441
2437
2370
2509
2344
2460
2430
2421
2357
2405
2451
2399
2465
2478
2411
2394
2329
2396
2358
2404
2484
2470
2437
2400
2424
2335
2372
2458
2394
2336
2403
2392
2488
2386
2485
2374
2444
2414
2386
2447
2473
2424
2431
2394
2354
2422
2403
2416
2427
2408
2481
2472
2415
2438
2385
2463
2411
2353
2431
2510
2382
2374
2493
2360
2428
2428
2411
2455
2515
2414
2467
2428
2394
2372
2424
2392
2386
2421
2356
2388
2452
2430
2473
2352
2501
2507
2369
2428
2477
2395
2423
2422
2379
2421
2490
2393
2429
2332
2465
2464
2389
2349
2423
2393
2371
2416
2386
2401
2392
2410
2380
2428
2493
2437
2369
2434
2426
2354
2384
2374
2444
2442
2395
2400
2432
2389
2386
2432
2417
2389
2377
2429
2489
2447
2426
2431
2451
2380
2427
2341
2322
2374
2375
2524
2418
2350
2369
2382
2404
2403
2291
2272
2435
2390
2395
2395
2373
2309
2391
2225
2277
2324
2199
2205
2238
2158
2112
2268
2092
2053
1979
1957
1894
1783
1694
1728
1610
1529
1483
1491
1470
1440
1432
1563
1618
1620
1752
1734
1778
1724
1679
1644
1536
1472
1494
1458
1440
1469
1539
1634
1693
1713
1741
1914
1906
1909
2005
2118
2108
2235
2205
2245
2251
2228
2208
2276
2240
2300
2345
2362
2297
2356
2430
2302
2321
2329
2376
2389
2299
2345
2394
2445
2397
2366
2316
2316
2287
2393
2441
2391
2383
2460
2438
2399
2413
2289
2437
2531
2380
2419
2375
2414
2405
2394
2492
2371
2427
2371
2393
2346
2435
2416
2460
2314
2411
2451
2326
2400
2414
2411
2524
2358
2384
2494
2378
2447
2478
2362
2428
2412
2422
2467
2324
2348
2432
2394
2404
2368
2438
2470
2448
2377
2348
2321
2438
2426
2461
2388
2478
2384
2382
2348
2428
2379
2393
2448
2440
2392
2484
2384
2470
2430
2420
2403
2297
2505
2409
2428
2504
2513
2258
2460
2440
2362
2454
2328
2344
2447
2429
2416
2469
2321
2441
2438
2411
2446
2376
2451
2433
2394
2427
2373
2434
2421
2438
2345
2407
2436
2411
2493
2353
2405
2444
2453
2431
2319
2369
2481
2516
2306
2426
2387
2368
2441
2460
2504
2441
2482
2412
2349
2401
2459
2400
2446
2391
2448
2369
2442
2423
2425
2413
2448
2428
2492
2391
2477
2438
2486
2494
2480
2324
2377
2412
2319
2482
2382
2479
2423
2403
2446
2472
2452
2445
2446
2439
2383
2343
2433
2398
2485
2405
2408
2517
2407
2436
2405
2436
2448
2460
2338
2409
2453
2428
2364
2435
2487
2297
2504
2430
2454
2423
2357
2426
2451
2449
2420
2401
2429
2417
2462
2519
2388
2448
2434
2428
2472
2433
2387
2463
2470
2406
2410
2440
2406
2372
2513
2377
2346
2515
2461
2374
2421
2447
2472
2450
2440
2497
2478
2455
2395
2407
2449
2391
2441
2398
2404
2420
2430
2403
2484
2499
2425
2436
2398
2377
2385
2451
2369
2435
2387
2445
2420
2351
2406
2373
2434
2431
2348
2454
2441
2381
2509
2403
2462
2380
2379
2421
2397
2453
2467
2387
2419
2413
2380
2287
2358
2439
2422
2466
2430
2450
2395
2404
2346
2383
2419
2392
2394
2430
2454
2434
2419
2481
2339
2371
2327
2478
2430
2424
2384
2497
2341
2330
2451
2373
2439
2424
2436
2431
2378
2447
2493
2409
2415
2425
2445
2428
2441
2386
2456
2351
2434
2453
2392
2406
2372
2450
2379
2363
2406
2460
2380
2397
2409
2451
2482
2406
2394
2431
2392
2489
2400
2426
2441
2516
2543
2376
2408
2547
2367
2430
2371
2430
2466
2448
2418
2373
2461
2374
2366
2480
2379
2354
2388
2290
2337
2385
2398
2356
2408
2419
2454
2454
2367
2356
2416
2415
2467
2441
2378
2366
2438
2404
2423
2469
2380
2470
2468
2339
2437
2353
2378
2433
2359
2298
2350
2381
2389
2378
2430
2328
2462
2389
2450
2329
2411
2434
2395
2365
2320
2393
2448
2402
2365
2322
2457
2391
2417
2338
2421
2355
2397
2415
2388
2374
2419
2390
2371
2338
2237
2369
2369
2386
2389
2366
2357
2354
2409
2380
2372
2455
2345
2338
2339
2213
2314
2344
2277
2206
2246
2215
2151
2172
2195
2161
2111
1884
2081
1941
1827
1707
1654
1613
1519
1518
1434
1467
1491
1498
1451
1517
1546
1735
1798
1708
1681
1699
1640
1653
1465
1511
1461
1455
1452
1485
1493
1651
1651
1769
1819
1840
1952
2008
2063
2169
2208
2194
2252
2186
2278
2257
2241
2312
2279
2273
2301
2331
2357
2386
2160
2376
2398
2297
2343
2375
2320
2361
2412
2391
2304
2309
2343
2348
2389
2363
2387
2386
2448
2424
2401
2400
2447
2355
2379
2371
2417
2341
2471
2434
2403
2425
2399
2435
2429
2356
2370
2476
2322
2433
2372
2370
2441
2421
2422
2367
2423
2475
2490
2343
2392
2369
2484
2330
2376
2419
2395
2479
2401
2454
2470
2449
2427
2385
2393
2427
2428
2262
2392
2475
2500
2373
2361
2377
2405
2446
2428
2460
2439
2384
2422
2474
2448
2391
2490
2391
2448
2340
2404
2441
2486
2414
2412
2426
2471
2415
2440
2452
2359
2457
2445
2427
2444
2380
2422
2418
2442
2393
2419
2430
2475
2455
2448
2505
2444
2428
2355
2423
2428
2470
2496
2351
2485
2349
2428
2434
2326
2440
2417
2437
2318
2376
2379
2391
2482
2402
2500
2423
2454
2416
2449
2432
2326
2460
2419
2525
2364
2436
2415
2425
2351
2420
2397
2326
2411
2460
2401
2414
2416
2468
2401
2444
2491
2385
2383
2365
2455
2467
2453
2447
2415
2359
2376
2360
2258
2395
2398
2392
2407
2431
2403
2459
2454
2456
2382
2470
2445
2443
2454
2393
2408
2367
2367
2387
2392
2409
2452
2346
2440
2462
2392
2483
2445
2357
2320
2416
2480
2440
2467
2418
2443
2446
2436
2524
