2484
2494
2562
2438
2442
2514
2419
2429
2476
2354
2458
2379
2491
2518
2397
2371
2509
2478
2385
2436
2499
2400
2430
2428
2426
2460
2491
2381
2468
2467
2358
2354
2470
2424
2520
2402
2480
2473
2428
2422
2445
2509
2467
2463
2461
2452
2509
2369
2473
2404
2428
2376
2446
2450
2335
2409
2455
2375
2453
2474
2443
2507
2384
2446
2394
2443
2449
2406
2407
2433
2373
2438
2443
2495
2487
2365
2425
2350
2420
2428
2392
2412
2403
2418
2410
2507
2470
2430
2466
2532
2381
2571
2412
2378
2399
2492
2366
2510
2425
2486
2514
2541
2397
2444
2493
2410
2466
2395
2503
2437
2487
2492
2472
2516
2332
2430
2331
2459
2426
2324
2467
2475
2485
2475
2435
2482
2486
2534
2443
2452
2484
2453
2412
2434
2403
2490
2446
2475
2397
2378
2419
2442
2450
2424
2408
2456
2445
2435
2380
2449
2408
2403
2359
2362
2468
2359
2542
2419
2402
2506
2420
2372
2471
2416
2335
2450
2446
2490
2375
2370
2486
2403
2401
2439
2473
2379
2471
2472
2491
2435
2447
2438
2460
2403
2401
2430
2458
2479
2354
2438
2450
2438
2324
2380
2522
2478
2423
2516
2481
2429
2337
2427
2313
2456
2345
2307
2367
2313
2485
2361
2401
2405
2361
2423
2461
2261
2366
2319
2380
2225
2321
2261
2290
2283
2264
2107
2225
2128
2144
2024
2108
1980
1866
1774
1706
1573
1586
1529
1450
1431
1447
1484
1465
1467
1596
1633
1798
1715
1759
1780
1602
1656
1540
1435
1482
1431
1449
1504
1458
1551
1596
1716
1787
1937
1890
2005
1966
2043
2161
2205
2206
2258
2270
2265
2234
2349
2309
2399
2252
2347
2375
2347
2384
2393
2418
2387
2339
2372
2285
2433
2365
2391
2413
2470
2406
2399
2342
2359
2429
2315
2378
2405
2461
2401
2413
2481
2514
2419
2462
2334
2369
2314
2420
2479
2475
2368
2351
2410
2403
2384
2403
2420
2428
2461
2375
2448
2472
2454
2381
2437
2418
2503
2418
2329
2364
2500
2404
2423
2598
2392
2404
2528
2420
2474
2510
2420
2473
2398
2375
2511
2463
2475
2503
2491
2346
2437
2340
2407
2447
2448
2379
2466
2425
2438
2461
2474
2294
2495
2411
2488
2383
2565
2472
2401
2456
2404
2433
2361
2459
2458
2535
2358
2485
2472
2430
2484
2447
2375
2377
2374
2478
2498
2397
2420
2411
2455
2438
2449
2418
2455
2383
2502
2367
2517
2376
2467
2457
2494
2401
2430
2459
2379
2460
2421
2304
2480
2380
2439
2485
2399
2501
2453
2503
2426
2474
2434
2429
2451
2456
2450
2428
2413
2451
2407
2541
2470
2511
2510
2492
2490
2379
2395
2420
2466
2463
2451
2424
2457
2426
2438
2403
2529
2507
2334
2398
2402
2452
2469
2528
2391
2403
2435
2477
2504
2448
2479
2528
2441
2450
2457
2420
2403
2451
2501
2373
2383
2391
2448
2468
2394
2516
2423
2392
2465
2442
2354
2436
2457
2321
2436
2455
2506
2429
2525
2420
2412
2417
2435
2359
2461
2452
2423
2484
2359
2428
2479
2422
2416
2537
2459
2378
2438
2431
2438
2508
2410
2459
2400
2407
2480
2432
2393
2424
2395
2399
2457
2362
2384
2501
2415
2503
2428
2458
2451
2409
2434
2404
2473
2444
2313
2480
2514
2484
2365
2466
2421
2414
2424
2408
2379
2406
2413
2441
2411
2464
2531
2454
2441
2344
2425
2410
2396
2513
2477
2336
2380
2490
2438
2525
2396
2445
2378
2390
2441
2378
2483
2346
2433
2404
2458
2394
2437
2475
2413
2487
2347
2419
2408
2442
2524
2433
2437
2412
2370
2513
2539
2431
2439
2440
2486
2344
2467
2404
2553
2398
2493
2413
2360
2443
2477
2381
2387
2459
2477
2450
2475
2434
2344
2414
2390
2541
2436
2450
2469
2527
2467
2398
2452
2399
2501
2449
2311
2423
2273
2360
2527
2351
2445
2403
2453
2494
2433
2421
2495
2476
2420
2439
2470
2534
2459
2413
2456
2499
2513
2458
2469
2476
2469
2491
2455
2474
2372
2494
2403
2370
2430
2356
2430
2473
2416
2455
2398
2401
2381
2527
2372
2371
2446
2445
2485
2450
2490
2492
2308
2428
2360
2510
2412
2419
2473
2399
2405
2482
2363
2430
2393
2421
2478
2432
2496
2384
2461
2437
2446
2409
2360
2439
2340
2446
2490
2397
2506
2365
2504
2411
2428
2385
2413
2430
2462
2455
2446
2487
2398
2421
2394
2434
2383
2302
2382
2447
2321
2306
2366
2343
2415
2302
2389
2416
2439
2334
2288
2404
2277
2389
2418
2366
2246
2278
2224
2286
2178
2174
2214
2052
2177
2000
1950
1841
1893
1792
1690
1605
1570
1526
1476
1475
1481
1493
1528
1598
1636
1729
1712
1695
1747
1637
1721
1626
1506
1467
1427
1448
1486
1590
1549
1544
1656
1772
1806
1919
1968
2007
2035
2097
2110
2153
2296
2159
2270
2334
2303
2356
2385
2355
2370
2248
2311
2346
2352
2398
2422
2432
2373
2396
2385
2358
2462
2408
2366
2527
2325
2389
2440
2450
2396
2369
2417
2401
2484
2445
2401
2345
2364
2381
2434
2381
2376
2479
2387
2409
2408
2410
2425
2348
2433
2369
2434
2444
2479
2357
2517
2495
2463
2408
2449
2463
2326
2372
2398
2319
2408
2439
2486
2408
2364
2363
2411
2456
2486
2448
2506
2347
2442
2479
2378
2400
2479
2439
2315
2382
2392
2512
2455
2500
2386
2384
2441
2427
2440
2354
2353
2468
2424
2418
2446
2452
2540
2449
2429
2416
2356
2399
2394
2485
2496
2301
2476
2388
2535
2414
2421
2472
2484
2519
2434
2473
2332
2428
2404
2415
2387
2412
2508
2370
2533
2448
2453
2370
2447
2458
2453
2530
2463
2381
2507
2493
2429
2513
2472
2446
2423
2416
2391
2404
2461
2476
2419
2467
2453
2348
2433
2429
2407
2489
2438
2498
2483
2397
2383
2327
2488
2462
2406
2372
2466
2448
2495
2367
2486
2400
2402
2390
2432
2507
2454
2434
2483
2433
2405
2412
2369
2530
2462
2516
2443
2448
2436
2435
2401
2475
2443
2419
2400
2297
2413
2433
2593
2500
2378
2429
2410
2528
2475
2358
2441
2401
2487
2345
2424
2476
2451
2470
2540
2445
2471
2335
2455
2422
2416
2373
2484
2458
