2442
2551
2497
2392
2329
2411
2441
2448
2518
2359
2429
2365
2520
2378
2474
2552
2444
2417
2490
2391
2441
2384
2520
2439
2354
2377
2438
2511
2374
2408
2395
2424
2468
2459
2425
2472
2442
2424
2425
2410
2424
2311
2403
2527
2332
2470
2390
2474
2366
2382
2426
2455
2453
2443
2428
2444
2445
2489
2475
2475
2442
2503
2442
2345
2349
2411
2411
2446
2473
2500
2356
2466
2321
2419
2481
2411
2423
2372
2452
2424
2437
2436
2414
2341
2462
2426
2334
2451
2378
2386
2426
2385
2490
2417
2502
2408
2391
2386
2359
2432
2400
2459
2383
2484
2466
2413
2395
2346
2377
2376
2510
2355
2451
2361
2433
2484
2504
2481
2396
2341
2410
2362
2385
2378
2434
2399
2420
2472
2403
2398
2311
2496
2573
2470
2433
2466
2380
2443
2422
2486
2363
2372
2292
2415
2385
2345
2420
2342
2449
2443
2465
2466
2429
2502
2457
2384
2459
2388
2511
2403
2426
2472
2455
2392
2386
2468
2457
2448
2473
2423
2465
2408
2430
2536
2376
2443
2437
2352
2308
2511
2354
2344
2305
2473
2354
2482
2384
2401
2392
2369
2418
2396
2424
2367
2449
2397
2467
2404
2418
2398
2377
2283
2411
2377
2379
2429
2489
2470
2374
2349
2408
2448
2347
2310
2267
2367
2406
2333
2208
2293
2290
2222
2275
2241
2191
2175
2192
2148
2123
2035
2061
1972
1838
1818
1746
1657
1542
1558
1397
1496
1441
1446
1477
1538
1636
1635
1713
1742
1774
1737
1614
1585
1478
1502
1491
1374
1427
1501
1517
1528
1641
1713
1787
1846
1957
2058
2069
2067
2087
2189
2282
2191
2249
2202
2326
2416
2406
2252
2322
2344
2349
2395
2334
2391
2324
2355
2402
2339
2345
2335
2398
2420
2351
2352
2416
2292
2358
2350
2345
2273
2421
2442
2414
2302
2318
2353
2417
2349
2415
2443
2444
2422
2406
2426
2279
2473
2422
2374
2480
2366
2359
2434
2378
2366
2417
2461
2380
2294
2419
2344
2566
2373
2434
2431
2381
2436
2444
2456
2404
2365
2462
2395
2410
2424
2532
2395
2413
2360
2395
2399
2340
2446
2356
2335
2401
2422
2480
2420
2330
2345
2437
2426
2493
2406
2374
2358
2479
2461
2344
2426
2418
2472
2388
2441
2418
2380
2352
2382
2315
2458
2379
2415
2392
2406
2408
2415
2391
2433
2386
2470
2486
2415
2330
2388
2384
2388
2466
2398
2436
2379
2449
2340
2477
2444
2502
2440
2426
2435
2448
2344
2433
2359
2399
2367
2392
2494
2441
2443
2482
2358
2474
2377
2493
2439
2447
2494
2350
2468
2425
2434
2451
2451
2416
2381
2435
2367
2466
2397
2440
2370
2476
2454
2356
2417
2463
2490
2448
2402
2434
2471
2404
2485
2434
2448
2379
2512
2405
2377
2461
2415
2452
2450
2439
2413
2422
2403
2459
2551
2392
2460
2404
2384
2425
2404
2422
2420
2433
2385
2394
2427
2434
2489
2434
2395
2388
2408
2282
2482
2420
2428
2457
2355
2400
2415
2522
2367
2423
2488
2453
2378
2441
2477
2433
2420
2455
2445
2425
2476
2444
2425
2389
2479
2508
2474
2478
2425
2472
2390
2461
2423
2465
2410
2414
2424
2455
2441
2400
2448
2478
2344
2478
2486
2410
2385
2397
2409
2459
2515
2392
2432
2521
2415
2339
2444
2484
2420
2427
2408
2479
2393
2469
2447
2405
2360
2368
2378
2409
2479
2427
2458
2410
2451
2433
2412
2441
2336
2433
2392
2468
2445
2354
2432
2526
2385
2463
2390
2334
2368
2393
2457
2461
2379
2351
2470
2472
2458
2377
2400
2354
2439
2449
2381
2387
2476
2413
2421
2436
2385
2414
2501
2455
2396
2530
2370
2433
2448
2358
2359
2448
2401
2372
2390
2364
2401
2451
2480
2464
2413
2435
2480
2471
2394
2325
2465
2442
2409
2400
2444
2467
2359
2410
2460
2305
2420
2417
2463
2371
2435
2373
2433
2400
2364
2463
2379
2502
2354
2384
2420
2414
2404
2389
2392
2389
2421
2428
2377
2413
2343
2451
2456
2327
2367
2476
2460
2413
2394
2441
2314
2449
2341
2453
2437
2443
2468
2337
2386
2383
2428
2442
2435
2327
2412
2411
2402
2475
2403
2476
2404
2349
2324
2407
2421
2412
2491
2412
2391
2409
2337
2399
2488
2442
2384
2385
2371
2408
2282
2334
2398
2368
2386
2372
2365
2408
2394
2406
2282
2367
2339
2389
2416
2457
2387
2406
2344
2374
2339
2337
2438
2313
2369
2282
2366
2370
2294
2339
2345
2350
2317
2387
2341
2311
2408
2231
2343
2303
2254
2291
2266
2236
2240
2177
2302
2220
2097
2081
2007
1945
1934
1931
1813
1762
1740
1659
1610
1498
1437
1466
1501
1449
1463
1592
1537
1722
1707
1746
1683
1680
1578
1552
1551
1504
1469
1384
1484
1473
1567
1643
1688
1697
1859
1859
1893
1974
2110
2154
2142
2266
2260
2143
2210
2244
2228
2323
2264
2225
2273
2345
2294
2309
2299
2454
2335
2248
2357
2307
2364
2356
2365
2409
2378
2383
2416
2449
2361
2426
2376
2457
2355
2370
2363
2380
2402
2547
2310
2459
2436
2413
2500
2337
2299
2328
2503
2459
2325
2397
2464
2379
2420
2404
2362
2401
2301
2440
2442
2396
2311
2393
2411
2388
2397
2364
2352
2424
2418
2374
2403
2469
2522
2396
2392
2470
2422
2412
2355
2394
2422
2405
2491
2394
2459
2387
2392
2377
2384
2450
2436
2542
2374
2436
2464
2414
2414
2513
2393
2355
2446
2412
2382
2370
2531
2465
2396
2461
2483
2428
2354
2425
2368
2338
2377
2404
2436
2422
2443
2457
2430
2466
2479
2433
2408
2448
2526
2382
2415
2437
2347
2357
2362
2393
2423
2460
2513
2493
2502
2476
2396
2352
2446
2421
2340
2433
2420
2461
2380
2396
2402
2424
2437
2497
2390
2397
2466
2365
2377
2493
2421
2515
2406
2378
2411
2419
2442
2372
2364
2382
2382
2419
2456
2444
2476
2322
2364
2406
2412
2456
2392
2422
2407
2462
2412
2375
2441
2407
2458
2406
2496
2436
2408
2306
2464
2419
2501
2432
2424
2373
2484
2476
2381
2513
2427
2436
2372
2450
2468
2359
2371
2474
2424
2405
2397
2458
2376
2452
2423
2435
2423
2459
2336
2380
2381
2339
2456
2263
