2435
2415
2429
2503
2396
2437
2437
2420
2380
2394
2396
2433
2445
2430
2388
2438
2388
2460
2412
2415
2402
2428
2401
2447
2476
2404
2356
2429
2399
2419
2433
2449
2467
2455
2429
2383
2487
2403
2371
2368
2406
2448
2350
2428
2399
2390
2420
2553
2440
2433
2423
2456
2373
2465
2384
2493
2414
2422
2472
2448
2402
2440
2372
2473
2462
2385
2306
2330
2474
2462
2425
2403
2423
2439
2348
2400
2365
2410
2395
2401
2388
2360
2397
2437
2353
2450
2433
2363
2478
2425
2416
2447
2448
2488
2456
2399
2365
2449
2374
2413
2392
2493
2370
2337
2449
2419
2409
2475
2373
2463
2387
2433
2419
2323
2444
2426
2344
2385
2437
2379
2357
2439
2436
2342
2502
2441
2397
2329
2501
2403
2398
2410
2383
2451
2363
2457
2459
2315
2427
2417
2422
2339
2460
2381
2323
2321
2443
2353
2326
2409
2387
2325
2546
2395
2406
2402
2476
2383
2417
2423
2357
2449
2464
2374
2426
2436
2458
2430
2387
2461
2392
2393
2385
2393
2377
2473
2279
2493
2260
2421
2335
2381
2370
2394
2403
2392
2375
2452
2427
2512
2325
2437
2268
2359
2443
2332
2360
2341
2393
2363
2336
2402
2423
2407
2383
2344
2422
2328
2365
2319
2406
2335
2292
2352
2349
2333
2262
2271
2304
2369
2271
2364
2194
2260
2231
2237
2154
2151
2116
2080
1881
1906
1805
1745
1669
1634
1588
1526
1509
1427
1423
1493
1499
1558
1559
1623
1752
1788
1661
1668
1577
1620
1548
1463
1566
1420
1447
1449
1514
1561
1624
1757
1753
1853
1855
1999
2026
2157
2149
2215
2233
2284
2248
2297
2275
2225
2299
2345
2394
2382
2378
2419
2328
2339
2331
2316
2446
2419
2384
2354
2329
2325
2358
2350
2318
2437
2426
2313
2441
2317
2409
2441
2355
2435
2443
2442
2338
2429
2424
2450
2386
2347
2407
2406
2427
2418
2383
2480
2340
2459
2329
2371
2515
2505
2427
2419
2469
2376
2428
2449
2468
2427
2397
2444
2396
2457
2417
2376
2428
2435
2422
2439
2351
2434
2369
2505
2414
2343
2482
2375
2406
2391
2468
2390
2409
2418
2379
2438
2418
2459
2332
2433
2350
2372
2428
2363
2497
2340
2435
2439
2390
2410
2412
2386
2406
2359
2339
2443
2411
2506
2368
2391
2376
2454
2364
2475
2347
2397
2349
2376
2504
2364
2336
2321
2430
2427
2315
2433
2503
2466
2390
2376
2442
2392
2345
2429
2491
2389
2442
2486
2436
2458
2484
2502
2400
2388
2486
2483
2353
2444
2474
2387
2498
2411
2401
2462
2505
2430
2447
2360
2444
2321
2412
2426
2429
2383
2311
2463
2354
2513
2494
2426
2452
2433
2393
2459
2283
2435
2423
2379
2466
2484
2434
2455
2426
2458
2402
2412
2411
2454
2414
2393
2490
2416
2390
2475
2456
2447
2448
2465
2480
2371
2360
2419
2406
2390
2308
2448
2514
2465
2380
2407
2388
2452
2378
2395
2393
2460
2425
2382
2407
2385
2489
2363
2396
2430
2426
2406
2472
2395
2388
2405
2389
2449
2502
2367
2474
2487
2452
2464
2394
2436
2451
2446
2394
2372
2446
2474
2400
2471
2340
2436
2363
2395
2448
2514
2430
2363
2385
2418
2449
2427
2421
2384
2400
2425
2389
2378
2348
2427
2442
2360
2371
2367
2393
2428
2441
2421
2484
2316
2410
2451
2428
2434
2437
2465
2355
2427
2449
2477
2521
2476
2495
2496
2434
2447
2424
2500
2382
2412
2462
2395
2343
2351
2378
2407
2349
2506
2408
2411
2403
2481
2403
2413
2367
2398
2443
2422
2428
2443
2398
2474
2371
2407
2451
2467
2478
2426
2338
2405
2464
2376
2341
2477
2434
2409
2449
2318
2408
2329
2383
2287
2453
2328
2434
2427
2409
2452
2467
2518
2429
2455
2395
2392
2388
2348
2352
2411
2418
2440
2396
2368
2401
2422
2424
2442
2466
2347
2366
2358
2390
2386
2446
2338
2441
2455
2436
2463
2396
2407
2427
2407
2399
2449
2344
2402
2486
2397
2395
2362
2367
2429
2491
2395
2515
2433
2426
2376
2402
2381
2444
2407
2460
2377
2426
2319
2429
2405
2464
2434
2342
2358
2394
2394
2394
2363
2289
2382
2356
2353
2422
2403
2396
2382
2458
2431
2469
2460
2461
2347
2354
2419
2417
2329
2502
2358
2378
2396
2370
2422
2388
2405
2382
2459
2434
2407
2402
2414
2282
2413
2368
2322
2373
2352
2440
2297
2495
2403
2277
2386
2429
2324
2424
2342
2428
2391
2370
2405
2343
2263
2374
2338
2278
2304
2351
2333
2318
2310
2258
2291
2243
2261
2186
2157
2112
2076
1994
1950
1871
1790
1769
1589
1590
1503
1495
1511
1433
1459
1477
1484
1596
1643
1698
1719
1812
1778
1704
1684
1649
1470
1482
1433
1480
1503
1580
1555
1605
1719
1712
1844
1833
1968
1967
2080
2146
2167
2109
2154
2182
2343
2294
2308
2301
2366
2373
2423
2353
2328
2320
2375
2376
2317
2415
2269
2418
2394
2386
2409
2318
2395
2419
2347
2328
2347
2390
2361
2383
2341
2428
2391
2375
2376
2347
2322
2440
2392
2412
2426
2403
2472
2409
2415
2416
2481
2350
2438
2335
2322
2386
2452
2380
2351
2386
2427
2409
2474
2393
2407
2312
2394
2376
2398
2435
2398
2433
2370
2374
2371
2413
2324
2435
2473
2481
2379
2474
2404
2360
2433
2544
2396
2260
2452
2446
2385
2394
2458
2366
2482
2442
2400
2451
2386
2453
2442
2428
2460
2444
2376
2357
2427
2377
2491
2452
2380
2408
2423
2374
2359
2506
2449
2442
2406
2421
2328
2380
2399
2410
2444
2414
2471
2384
2385
2516
2437
2308
2374
2404
2428
2474
2356
2336
2368
2415
2412
2408
2468
2461
2392
2375
2416
2422
2503
2354
2377
2449
2406
2322
2459
2313
2363
2464
2450
2389
2450
2416
2540
2427
2508
2337
2392
2501
2403
2362
2521
2261
2500
2425
2427
2461
2422
2412
2416
2445
2406
2407
2506
2498
2454
2384
2418
2346
2479
2444
2391
2408
2332
2350
2436
2443
2391
2444
2444
2408
2521
2376
2318
2353
2370
2400
2399
2449
2419
2403
2396
2438
2381
2376
2424
2437
2503
2508
2348
2361
2429
2511
2412
2460
2431
2375
2444
2454
2415
2389
