2417
2406
2501
2343
2419
2421
2461
2433
2409
2503
2421
2415
2306
2432
2441
2475
2334
2390
2342
2394
2384
2483
2472
2433
2406
2431
2528
2424
2406
2372
2496
2434
2431
2408
2479
2427
2444
2461
2487
2423
2431
2495
2378
2358
2471
2305
2455
2403
2493
2462
2368
2446
2468
2464
2415
2405
2469
2396
2370
2395
2404
2417
2409
2435
2379
2476
2396
2480
2415
2418
2444
2468
2446
2486
2426
2411
2412
2429
2455
2413
2434
2342
2414
2487
2384
2501
2446
2361
2418
2352
2426
2415
2458
2456
2473
2408
2405
2389
2407
2392
2403
2394
2476
2406
2396
2475
2410
2425
2397
2445
2425
2474
2438
2416
2419
2382
2471
2438
2438
2446
2417
2438
2382
2393
2470
2430
2405
2306
2456
2441
2402
2332
2408
2405
2423
2492
2438
2435
2381
2370
2402
2382
2445
2473
2514
2420
2454
2399
2368
2486
2503
2439
2478
2515
2457
2419
2375
2364
2303
2410
2395
2443
2438
2475
2406
2430
2457
2580
2417
2443
2429
2339
2383
2330
2436
2458
2360
2449
2453
2402
2414
2371
2434
2431
2491
2411
2499
2405
2421
2381
2413
2393
2455
2450
2440
2340
2390
2460
2339
2326
2433
2356
2411
2318
2510
2375
2420
2443
2406
2336
2366
2416
2387
2344
2304
2373
2328
2344
2354
2298
2268
2285
2260
2276
2265
2187
2234
2215
2095
2124
2040
1929
1844
1757
1709
1628
1544
1602
1486
1536
1486
1442
1543
1514
1619
1612
1695
1771
1746
1712
1660
1560
1588
1448
1472
1420
1427
1539
1544
1656
1686
1746
1740
1821
1964
2019
2075
2126
2056
2234
2223
2278
2314
2296
2329
2298
2312
2327
2369
2305
2377
2366
2323
2367
2380
2343
2444
2338
2418
2448
2365
2401
2349
2396
2431
2412
2342
2409
2328
2353
2451
2420
2464
2376
2380
2427
2422
2429
2391
2439
2362
2395
2375
2500
2477
2364
2362
2384
2423
2498
2376
2390
2369
2521
2362
2484
2451
2438
2368
2341
2372
2438
2424
2382
2449
2504
2441
2469
2423
2464
2367
2432
2383
2425
2462
2379
2488
2415
2446
2334
2345
2510
2385
2520
2455
2437
2396
2502
2401
2469
2469
2408
2386
2403
2574
2472
2440
2469
2443
2257
2375
2495
2486
2390
2422
2408
2378
2436
2454
2392
2462
2356
2375
2391
2323
2437
2414
2388
2440
2417
2288
2384
2452
2435
2421
2395
2376
2302
2329
2458
2515
2425
2451
2479
2350
2359
2417
2432
2431
2461
2495
2404
2388
2477
2398
2485
2471
2473
2367
2367
2382
2415
2465
2461
2445
2448
2380
2410
2392
2475
2441
2510
2440
2510
2419
2491
2399
2469
2424
2431
2399
2476
2410
2425
2388
2416
2487
2397
2427
2423
2488
2424
2392
2475
2412
2357
2443
2422
2457
2424
2440
2388
2486
2350
2335
2412
2454
2418
2525
2414
2390
2376
2448
2456
2395
2429
2457
2375
2423
2388
2429
2370
2513
2507
2440
2383
2452
2431
2380
2500
2478
2400
2371
2476
2454
2448
2373
2420
2446
2581
2413
2622
2447
2427
2440
2443
2499
2408
2451
2465
2462
2488
2439
2464
2440
2351
2452
2433
2394
2422
2387
2432
2408
2425
2485
2396
2427
2433
2421
2433
2464
2447
2409
2454
2438
2353
2340
2342
2437
2454
2509
2458
2396
2388
2424
2441
2459
2422
2368
2448
2446
2506
2352
2467
2490
2455
2353
2419
2423
2371
2319
2406
2357
2477
2356
2376
2427
2387
2452
2376
2463
2307
2487
2397
2406
2508
2336
2411
2480
2435
2355
2460
2423
2418
2332
2378
2486
2415
2447
2381
2401
2439
2361
2388
2408
2431
2439
2430
2368
2410
2473
2472
2446
2345
2445
2410
2375
2483
2361
2425
2322
2455
2390
2464
2392
2481
2377
2417
2392
2377
2408
2403
2468
2386
2467
2426
2424
2420
2323
2475
2533
2442
2369
2406
2371
2417
2427
2363
2348
2452
2408
2379
2404
2400
2396
2427
2498
2391
2457
2499
2382
2455
2420
2336
2346
2418
2342
2489
2459
2488
2400
2416
2376
2395
2380
2522
2444
2433
2315
2384
2339
2489
2338
2391
2385
2477
2420
2290
2406
2396
2341
2437
2508
2302
2354
2336
2436
2404
2386
2457
2331
2415
2449
2377
2424
2397
2370
2480
2368
2446
2377
2392
2465
2410
2431
2462
2513
2359
2359
2410
2369
2381
2456
2462
2459
2322
2318
2398
2444
2443
2374
2447
2410
2477
2392
2350
2364
2445
2418
2399
2431
2377
2352
2451
2376
2368
2410
2365
2366
2383
2374
2411
2326
2371
2304
2294
2286
2309
2267
2237
2231
2205
2114
2155
2063
2062
1993
1971
1922
1804
1734
1662
1630
1557
1485
1448
1409
1507
1438
1462
1586
1545
1691
1736
1723
1771
1601
1654
1529
1557
1467
1458
1534
1460
1543
1542
1639
1659
1772
1870
1845
2013
2042
2115
2135
2123
2217
2153
2226
2221
2236
2235
2263
2314
2252
2331
2300
2390
2296
2387
2351
2362
2400
2245
2416
2434
2341
2376
2415
2328
2405
2360
2468
2353
2446
2384
2397
2418
2411
2338
2358
2420
2388
2383
2392
2381
2432
2429
2436
2373
2329
2433
2371
2410
2349
2469
2397
2424
2326
2362
2351
2411
2404
2496
2350
2407
2461
2350
2332
2350
2385
2412
2427
2453
2373
2485
2429
2391
2485
2484
2482
2426
2458
2472
2496
2340
2463
2491
2488
2370
2429
2483
2391
2335
2411
2426
2437
2369
2437
2410
2439
2391
2442
2371
2385
2411
2423
2474
2445
2369
2356
2431
2401
2402
2316
2466
2405
2373
2402
2386
2336
2428
2387
2446
2546
2416
2379
2469
2395
2458
2404
2452
2422
2511
2443
2461
2453
2393
2487
2427
2493
2454
2483
2410
2415
2320
2435
2406
2475
2307
2452
2494
2428
2411
2425
2510
2413
2317
2407
2414
2527
2446
2438
2393
2442
2442
2387
2503
2359
2429
2488
2450
2397
2376
2492
2420
2342
2527
2528
2481
2364
2469
2448
2542
2416
2374
2380
2451
2491
2473
2415
2418
2430
2411
2372
2436
2341
2425
2552
2408
2481
2403
2463
2320
2443
2343
2349
2408
2411
2329
2398
2418
2392
2433
2392
2430
2422
2445
2464
2431
2520
2391
2502
2349
2495
2467
2417
2501
2428
2442
2388
2467
2452
