2471
2539
2409
2467
2471
2411
2421
2408
2385
2495
2402
2375
2330
2489
2466
2431
2424
2365
2436
2432
2478
2333
2492
2401
2374
2449
2352
2339
2308
2444
2452
2424
2480
2453
2344
2427
2427
2424
2493
2477
2392
2467
2414
2467
2454
2329
2448
2454
2351
2384
2410
2413
2430
2389
2395
2443
2411
2541
2370
2489
2416
2440
2438
2409
2439
2449
2443
2400
2434
2385
2351
2387
2365
2369
2448
2453
2386
2380
2379
2406
2371
2368
2394
2472
2390
2400
2402
2432
2301
2429
2440
2375
2468
2392
2455
2414
2422
2426
2402
2451
2419
2452
2437
2442
2452
2379
2313
2459
2431
2367
2446
2387
2464
2449
2426
2470
2466
2427
2461
2423
2464
2431
2395
2436
2487
2376
2328
2378
2401
2471
2428
2418
2394
2325
2455
2478
2431
2461
2448
2380
2354
2434
2490
2347
2371
2491
2436
2381
2339
2474
2414
2427
2394
2418
2425
2438
2435
2405
2354
2345
2361
2483
2398
2454
2424
2330
2530
2384
2403
2392
2429
2358
2338
2364
2470
2387
2456
2406
2352
2460
2492
2398
2334
2344
2393
2385
2410
2441
2405
2434
2399
2345
2387
2370
2356
2394
2390
2399
2394
2361
2318
2437
2337
2453
2340
2274
2410
2408
2359
2366
2276
2351
2424
2435
2283
2329
2318
2387
2279
2247
2239
2244
2182
2240
2206
2196
2158
2172
2091
2035
2008
1919
1866
1907
1670
1588
1595
1544
1526
1466
1420
1457
1499
1551
1652
1615
1733
1776
1736
1735
1698
1576
1583
1507
1488
1479
1486
1511
1524
1635
1578
1690
1787
1812
1940
2023
2033
2071
2120
2115
2230
2187
2132
2223
2263
2307
2328
2353
2347
2343
2277
2252
2285
2394
2371
2387
2392
2326
2438
2313
2324
2341
2509
2290
2427
2433
2399
2382
2437
2387
2384
2387
2338
2365
2378
2403
2350
2397
2280
2356
2408
2409
2394
2407
2376
2430
2395
2404
2391
2489
2399
2397
2375
2338
2440
2390
2340
2362
2429
2421
2510
2443
2403
2443
2316
2453
2439
2385
2447
2464
2371
2341
2374
2407
2469
2286
2418
2382
2392
2320
2475
2356
2484
2339
2436
2428
2396
2456
2419
2494
2405
2439
2404
2405
2482
2391
2504
2449
2476
2383
2445
2414
2443
2417
2377
2455
2519
2433
2433
2417
2414
2492
2475
2392
2442
2380
2480
2360
2393
2394
2407
2372
2405
2442
2455
2370
2466
2411
2360
2478
2405
2445
2438
2488
2353
2410
2400
2414
2325
2374
2497
2324
2497
2399
2468
2383
2467
2445
2358
2414
2319
2448
2396
2409
2398
2458
2400
2385
2481
2349
2443
2341
2451
2401
2473
2343
2424
2412
2370
2497
2456
2471
2433
2500
2414
2397
2399
2462
2487
2407
2401
2435
2336
2425
2331
2494
2485
2458
2406
2409
2376
2340
2297
2452
2481
2472
2475
2413
2451
2403
2424
2406
2369
2418
2356
2426
2468
2337
2381
2537
2461
2433
2402
2358
2445
2446
2384
2372
2347
2399
2415
2418
2361
2470
2444
2404
2475
2436
2449
2349
2475
2460
2412
2460
2460
2536
2400
2369
2370
2392
2349
2323
2450
2498
2353
2441
2450
2418
2431
2417
2500
2457
2449
2321
2340
2370
2460
2482
2338
2396
2403
2355
2445
2445
2410
2393
2391
2495
2416
2447
2394
2385
2436
2344
2390
2523
2444
2442
2447
2337
2507
2411
2535
2430
2418
2398
2393
2388
2381
2468
2373
2374
2504
2495
2427
2480
2402
2407
2397
2399
2415
2443
2368
2432
2421
2395
2436
2403
2417
2488
2395
2394
2397
2382
2367
2401
2560
2430
2414
2443
2408
2488
2394
2434
2405
2390
2366
2369
2352
2421
2510
2403
2422
2383
2417
2411
2374
2449
2431
2423
2337
2349
2411
2437
2424
2470
2448
2431
2510
2435
2452
2451
2377
2387
2353
2464
2374
2394
2413
2510
2485
2408
2407
2353
2382
2416
2410
2442
2379
2446
2370
2413
2441
2391
2514
2450
2405
2479
2385
2472
2417
2409
2313
2373
2364
2454
2375
2583
2384
2405
2433
2434
2366
2462
2323
2417
2419
2416
2395
2478
2495
2405
2502
2478
2385
2366
2348
2335
2395
2430
2428
2424
2443
2510
2415
2387
2419
2377
2337
2407
2379
2373
2415
2372
2387
2479
2429
2439
2399
2406
2418
2408
2414
2346
2379
2419
2491
2456
2334
2467
2419
2392
2394
2356
2396
2345
2399
2333
2394
2406
2328
2415
2377
2334
2380
2341
2216
2394
2412
2441
2411
2412
2423
2310
2338
2444
2313
2339
2370
2381
2348
2293
2371
2349
2346
2351
2221
2312
2262
2215
2179
2188
2175
2150
2150
2018
2002
1875
1907
1806
1753
1630
1668
1590
1479
1475
1436
1486
1433
1454
1546
1586
1688
1820
1765
1671
1712
1630
1559
1532
1482
1459
1501
1420
1501
1474
1552
1697
1708
1766
1937
2004
1958
2020
2158
2190
2204
2167
2189
2302
2259
2302
2363
2221
2245
2337
2217
2376
2259
2366
2316
2390
2297
2308
2396
2324
2357
2349
2315
2457
2444
2335
2407
2424
2405
2457
2378
2348
2421
2368
2365
2434
2418
2382
2379
2336
2381
2448
2327
2362
2424
2384
2410
2411
2339
2427
2422
2413
2445
2453
2342
2386
2324
2353
2401
2419
2356
2407
2391
2411
2373
2385
2374
2405
2392
2387
2356
2409
2473
2417
2303
2253
2417
2438
2375
2378
2367
2454
2358
2396
2400
2407
2415
2356
2441
2476
2422
2346
2417
2423
2319
2383
2437
2451
2385
2440
2420
2430
2343
2403
2472
2380
2516
2395
2353
2338
2436
2431
2297
2422
2483
2471
2427
2332
2372
2414
2391
2477
2484
2485
2347
2437
2363
2388
2414
2448
2447
2366
2414
2328
2431
2417
2406
2524
2447
2396
2394
2449
2459
2481
2422
2424
2430
2419
2478
2363
2440
2448
2331
2391
2477
2376
2311
2372
2435
2379
2387
2509
2391
2412
2473
2350
2417
2406
2432
2382
2495
2509
2555
2444
2363
2472
2360
2407
2515
2521
2423
2438
2435
2359
2472
2431
2482
2403
2561
2351
2368
2385
2366
2387
2462
2390
2448
2398
2422
2419
2417
2427
2359
2352
2421
2445
2357
2446
2374
2454
2474
2431
2439
2364
2483
2368
2451
2344
2449
2361
2478
2407
2418
2425
2412
2461
2336
