2421
2461
2419
2390
2414
2521
2345
2382
2477
2446
2395
2489
2387
2423
2445
2344
2471
2355
2481
2470
2427
2317
2373
2472
2459
2374
2381
2430
2510
2391
2488
2454
2389
2465
2398
2381
2449
2477
2459
2351
2368
2448
2408
2472
2483
2453
2354
2381
2503
2359
2421
2374
2434
2521
2384
2373
2338
2432
2407
2416
2419
2427
2388
2382
2350
2394
2326
2443
2365
2460
2412
2488
2504
2459
2393
2404
2415
2569
2382
2468
2366
2437
2429
2432
2418
2375
2419
2409
2376
2459
2388
2354
2415
2460
2363
2401
2425
2358
2389
2446
2393
2441
2358
2360
2341
2361
2425
2434
2376
2420
2430
2408
2423
2400
2528
2471
2475
2401
2437
2465
2463
2359
2462
2313
2396
2329
2422
2351
2359
2418
2363
2434
2454
2428
2284
2444
2466
2434
2447
2494
2381
2384
2399
2392
2395
2449
2391
2412
2376
2383
2428
2461
2474
2337
2448
2415
2358
2329
2392
2487
2423
2382
2483
2331
2360
2415
2435
2319
2424
2414
2412
2393
2444
2466
2410
2452
2387
2381
2424
2426
2456
2342
2430
2395
2363
2357
2350
2425
2361
2397
2328
2466
2382
2399
2369
2357
2348
2396
2369
2334
2315
2308
2481
2355
2278
2360
2457
2399
2422
2460
2352
2316
2284
2321
2359
2333
2260
2259
2360
2381
2336
2235
2348
2305
2210
2289
2181
2083
2090
2060
1953
1960
1809
1811
1681
1667
1581
1502
1539
1463
1531
1455
1493
1560
1590
1844
1702
1721
1746
1724
1713
1585
1575
1512
1510
1529
1453
1510
1555
1567
1589
1672
1766
1882
1895
2010
1978
2060
2171
2154
2262
2187
2235
2275
2264
2274
2314
2264
2325
2281
2251
2275
2374
2381
2336
2341
2448
2357
2401
2333
2327
2357
2334
2340
2295
2388
2337
2290
2400
2479
2375
2428
2362
2343
2415
2426
2438
2367
2372
2453
2387
2393
2420
2353
2417
2423
2426
2385
2364
2399
2407
2485
2351
2511
2351
2397
2378
2370
2380
2448
2385
2442
2399
2396
2450
2305
2320
2420
2450
2341
2488
2446
2453
2419
2345
2446
2436
2407
2432
2435
2399
2451
2434
2432
2409
2392
2392
2360
2344
2431
2341
2438
2432
2474
2384
2374
2460
2454
2374
2432
2385
2478
2431
2416
2403
2422
2381
2412
2348
2350
2325
2402
2417
2432
2452
2314
2352
2314
2486
2390
2294
2472
2395
2363
2351
2416
2357
2410
2433
2397
2381
2414
2449
2473
2430
2478
2365
2458
2357
2343
2492
2392
2462
2461
2411
2405
2358
2399
2430
2420
2407
2399
2441
2454
2366
2355
2372
2473
2465
2397
2356
2358
2436
2535
2444
2435
2343
2453
2402
2518
2388
2450
2437
2356
2438
2429
2444
2400
2411
2421
2460
2398
2404
2431
2403
2455
2460
2367
2440
2441
2438
2331
2497
2388
2465
2421
2413
2364
2421
2414
2381
2346
2467
2404
2443
2406
2381
2436
2454
2426
2427
2381
2420
2501
2427
2327
2374
2367
2421
2413
2497
2380
2441
2423
2516
2402
2445
2441
2440
2443
2479
2449
2416
2428
2426
2394
2379
2341
2436
2368
2401
2473
2378
2378
2433
2341
2475
2424
2540
2437
2476
2363
2430
2422
2418
2324
2432
2461
2466
2394
2484
2391
2355
2352
2407
2425
2426
2448
2360
2375
2368
2355
2326
2383
2442
2465
2356
2436
2407
2413
2481
2322
2405
2399
2409
2355
2451
2398
2432
2441
2403
2393
2368
2430
2438
2419
2372
2350
2466
2372
2431
2452
2434
2434
2470
2423
2393
2366
2468
2447
2424
2415
2308
2408
2414
2366
2443
2440
2437
2458
2427
2333
2343
2378
2391
2415
2384
2433
2413
2410
2354
2341
2445
2384
2414
2487
2482
2434
2506
2452
2404
2439
2431
2497
2407
2457
2430
2390
2412
2445
2384
2448
2370
2486
2315
2383
2392
2428
2337
2341
2440
2421
2343
2539
2411
2483
2409
2426
2429
2446
2430
2379
2349
2350
2392
2508
2390
2416
2483
2412
2342
2404
2372
2336
2359
2377
2434
2344
2438
2443
2382
2411
2454
2300
2336
2441
2405
2447
2349
2368
2354
2497
2286
2465
2295
2426
2463
2428
2401
2302
2402
2408
2394
2368
2420
2399
2439
2383
2455
2319
2369
2391
2406
2386
2334
2395
2454
2385
2433
2405
2435
2345
2394
2335
2362
2338
2310
2413
2363
2382
2406
2378
2364
2465
2361
2413
2361
2449
2391
2442
2401
2373
2323
2441
2384
2425
2353
2390
2403
2370
2391
2277
2402
2303
2359
2383
2301
2317
2407
2298
2402
2292
2253
2310
2269
2286
2327
2268
2253
2256
2212
2233
2190
2097
2132
2046
2027
1950
1860
1791
1748
1682
1653
1537
1578
1489
1439
1469
1456
1540
1523
1649
1693
1773
1697
1705
1718
1657
1586
1521
1482
1424
1479
1473
1481
1571
1651
1627
1780
1857
1958
1923
2114
2047
2047
2228
2087
2248
2243
2174
2286
2196
2244
2305
2344
2270
2266
2289
2336
2353
2330
2363
2308
2390
2387
2340
2280
2356
2324
2334
2365
2381
2432
2376
2302
2401
2376
2312
2419
2361
2327
2385
2318
2341
2426
2379
2368
2353
2342
2405
2386
2405
2387
2380
2355
2453
2353
2349
2417
2450
2401
2344
2394
2405
2427
2437
2392
2306
2404
2340
2450
2469
2402
2349
2349
2387
2385
2487
2369
2445
2497
2382
2447
2342
2314
2436
2379
2419
2428
2342
2281
2442
2514
2430
2351
2388
2453
2381
2419
2296
2293
2401
2356
2437
2362
2394
2404
2461
2392
2386
2363
2435
2333
2375
2437
2384
2523
2390
2423
2299
2411
2472
2537
2357
2342
2402
2369
2466
2431
2444
2316
2336
2465
2324
2433
2458
2411
2399
2330
2358
2384
2415
2362
2358
2447
2433
2391
2413
2446
2356
2481
2380
2432
2464
2445
2472
2420
2463
2345
2427
2545
2405
2376
2484
2340
2355
2412
2473
2461
2422
2352
2386
2285
2331
2445
2397
2441
2421
2469
2448
2519
2374
2358
2390
2389
2468
2433
2424
2543
2396
2365
2378
2388
2426
2407
2369
2402
2371
2310
2493
2456
2510
2399
2466
2353
2403
2483
2481
2437
2418
2453
2476
2433
2464
2464
2403
2434
2437
2479
2374
2366
2478
2466
2441
2431
2425
2431
2462
2437
2423
2444
2440
2419
