2414
2496
2391
2315
2456
2407
2417
2411
2437
2377
2420
2469
2366
2521
2438
2342
2336
2355
2373
2342
2393
2470
2471
2500
2455
2492
2407
2413
2353
2435
2481
2333
2455
2440
2298
2389
2408
2444
2453
2457
2427
2436
2430
2450
2459
2465
2392
2386
2408
2403
2341
2424
2382
2436
2468
2366
2426
2332
2416
2537
2372
2363
2386
2440
2351
2298
2388
2481
2503
2356
2452
2309
2370
2436
2407
2435
2421
2465
2409
2364
2412
2491
2417
2469
2390
2362
2348
2390
2323
2409
2439
2432
2405
2359
2503
2463
2432
2388
2393
2471
2443
2460
2386
2482
2449
2389
2377
2428
2354
2390
2419
2373
2400
2439
2440
2480
2336
2466
2479
2386
2400
2368
2446
2404
2366
2401
2397
2405
2432
2422
2451
2412
2430
2469
2447
2322
2480
2410
2385
2454
2434
2435
2347
2471
2371
2477
2386
2402
2419
2428
2403
2425
2382
2336
2355
2377
2358
2329
2407
2310
2330
2423
2466
2371
2438
2345
2466
2383
2365
2338
2338
2436
2421
2354
2434
2384
2403
2448
2375
2347
2451
2397
2404
2440
2369
2344
2438
2389
2393
2394
2412
2428
2383
2366
2380
2448
2388
2376
2353
2405
2411
2263
2422
2329
2363
2372
2373
2354
2303
2331
2371
2388
2318
2408
2369
2187
2317
2248
2301
2196
2327
2321
2253
2202
2248
2155
2176
2183
2087
2094
2085
1954
1839
1729
1795
1677
1581
1616
1458
1445
1423
1435
1453
1586
1612
1678
1717
1731
1730
1752
1663
1663
1575
1525
1469
1421
1489
1477
1529
1525
1700
1692
1850
1844
1902
1872
2032
2159
2081
2223
2161
2270
2272
2141
2322
2229
2343
2249
2252
2419
2364
2280
2258
2283
2413
2368
2403
2346
2352
2389
2370
2363
2420
2369
2321
2330
2425
2309
2448
2407
2424
2403
2506
2439
2414
2428
2428
2397
2392
2423
2349
2385
2395
2374
2479
2430
2404
2385
2370
2327
2445
2390
2401
2383
2367
2426
2424
2529
2359
2307
2351
2337
2341
2472
2433
2454
2404
2413
2420
2441
2377
2440
2410
2319
2330
2487
2456
2420
2401
2366
2393
2363
2417
2420
2411
2417
2457
2479
2323
2417
2382
2407
2488
2379
2366
2347
2490
2366
2396
2397
2325
2411
2390
2470
2392
2523
2400
2439
2349
2361
2400
2466
2517
2434
2401
2508
2398
2469
2376
2420
2430
2392
2487
2449
2360
2403
2396
2440
2423
2483
2365
2473
2560
2490
2423
2449
2398
2405
2414
2330
2500
2408
2373
2438
2404
2427
2371
2381
2414
2322
2309
2401
2407
2449
2475
2433
2391
2464
2529
2430
2432
2447
2488
2403
2441
2399
2484
2419
2357
2383
2350
2404
2432
2469
2417
2366
2441
2422
2406
2446
2332
2349
2434
2367
2427
2413
2394
2365
2392
2369
2343
2458
2365
2475
2376
2420
2417
2506
2382
2360
2397
2325
2414
2345
2413
2389
2433
2388
2414
2414
2360
2358
2397
2435
2445
2332
2455
2409
2387
2350
2453
2417
2394
2383
2331
2403
2411
2461
2386
2432
2426
2481
2382
2434
2456
2394
2422
2469
2326
2428
2424
2512
2419
2382
2441
2347
2414
2428
2386
2366
2422
2384
2481
2408
2412
2397
2392
2491
2466
2447
2363
2413
2384
2441
2369
2342
2292
2461
2372
2364
2418
2393
2431
2376
2403
2384
2359
2483
2461
2471
2425
2451
2428
2419
2458
2423
2438
2416
2448
2433
2420
2418
2395
2363
2294
2360
2444
2449
2471
2404
2500
2449
2411
2401
2402
2433
2356
2472
2372
2432
2407
2378
2441
2466
2466
2441
2443
2369
2385
2424
2354
2428
2434
2490
2429
2448
2443
2397
2357
2366
2367
2413
2350
2365
2375
2434
2440
2498
2394
2478
2431
2444
2418
2476
2403
2438
2452
2438
2398
2391
2399
2349
2461
2426
2428
2385
2400
2469
2434
2417
2414
2461
2411
2351
2459
2363
2476
2350
2516
2397
2391
2394
2446
2475
2344
2383
2436
2423
2382
2465
2384
2336
2406
2358
2406
2392
2459
2445
2450
2347
2374
2463
2369
2387
2384
2487
2419
2436
2347
2492
2397
2335
2507
2440
2320
2391
2415
2446
2338
2422
2445
2391
2343
2391
2472
2452
2493
2399
2464
2458
2422
2440
2385
2425
2384
2331
2400
2452
2385
2382
2448
2466
2361
2413
2371
2444
2407
2357
2383
2384
2369
2360
2417
2452
2436
2343
2317
2349
2349
2414
2317
2343
2327
2322
2434
2429
2435
2371
2349
2381
2416
2305
2413
2279
2434
2440
2313
2306
2347
2361
2276
2310
2303
2276
2278
2251
2262
2252
2220
2215
2205
2161
2173
2272
2074
2112
2084
1986
1874
1844
1758
1636
1630
1576
1429
1458
1508
1453
1467
1530
1567
1568
1705
1709
1753
1782
1740
1628
1554
1497
1427
1447
1447
1506
1499
1585
1661
1698
1714
1843
1882
1925
1965
2123
2119
2140
2136
2367
2196
2230
2227
2193
2256
2255
2322
2327
2295
2337
2311
2334
2345
2427
2351
2380
2486
2376
2334
2363
2423
2383
2327
2451
2332
2381
2391
2352
2380
2370
2406
2417
2485
2364
2499
2363
2478
2401
2409
2268
2450
2382
2416
2406
2435
2422
2372
2320
2422
2432
2428
2310
2480
2375
2375
2337
2315
2358
2309
2448
2334
2365
2403
2324
2354
2385
2453
2438
2331
2391
2449
2402
2381
2348
2361
2350
2395
2369
2464
2410
2404
2364
2379
2353
2471
2388
2511
2302
2391
2395
2419
2416
2393
2386
2378
2371
2390
2479
2459
2478
2308
2456
2352
2405
2521
2412
2449
2463
2430
2412
2457
2425
2464
2464
2451
2419
2406
2411
2490
2426
2329
2446
2384
2427
2456
2405
2408
2400
2356
2335
2490
2414
2490
2423
2379
2383
2342
2412
2440
2441
2422
2513
2469
2436
2370
2418
2404
2383
2392
2494
2452
2394
2404
2451
2443
2396
2367
2469
2469
2469
2302
2405
2440
2451
2405
2351
2433
2414
2384
2383
2437
2355
2395
2429
2445
2347
2387
2406
2398
2372
2430
2410
2451
2416
2369
2385
2401
2462
2364
2440
2336
2486
2453
2379
2456
2427
2408
2409
2456
2384
2409
2304
2413
2352
2421
2484
2413
2450
2376
2409
2389
2367
2481
2324
2429
2411
2329
2318
2413
2452
2445
2483
2517
2337
2430
