2450
2430
2470
2464
2438
2401
2430
2370
2449
2414
2381
2455
2361
2395
2444
2376
2367
2373
2328
2364
2370
2404
2390
2380
2462
2367
2361
2437
2456
2417
2410
2452
2468
2343
2457
2409
2453
2468
2526
2436
2575
2375
2399
2577
2423
2386
2443
2434
2546
2436
2505
2429
2407
2392
2397
2350
2423
2481
2450
2412
2412
2430
2366
2456
2479
2396
2430
2398
2363
2418
2396
2376
2323
2439
2462
2446
2389
2468
2487
2404
2370
2467
2416
2290
2522
2410
2475
2457
2418
2413
2508
2389
2534
2456
2406
2438
2405
2465
2486
2415
2374
2414
2393
2453
2496
2407
2463
2409
2423
2465
2299
2535
2363
2502
2455
2406
2460
2498
2453
2438
2457
2480
2367
2433
2407
2473
2397
2450
2404
2492
2407
2327
2431
2440
2415
2399
2363
2435
2388
2366
2478
2442
2450
2436
2348
2414
2438
2373
2451
2413
2420
2379
2473
2504
2354
2387
2414
2379
2392
2554
2421
2371
2457
2336
2389
2457
2447
2243
2466
2519
2364
2377
2365
2423
2454
2406
2355
2428
2424
2374
2420
2371
2295
2330
2363
2378
2482
2433
2440
2494
2356
2451
2535
2448
2438
2396
2483
2423
2402
2372
2424
2251
2398
2353
2357
2487
2370
2419
2358
2323
2367
2451
2368
2305
2422
2398
2323
2342
2341
2262
2315
2219
2209
2364
2202
2273
2148
2050
2084
2073
1982
1919
1873
1744
1708
1652
1609
1501
1542
1421
1483
1474
1513
1491
1506
1619
1755
1764
1846
1766
1702
1495
1569
1439
1510
1410
1541
1538
1497
1605
1616
1697
1754
1893
1854
1939
2070
2127
2107
2228
2206
2232
2261
2256
2294
2366
2394
2236
2350
2326
2359
2355
2353
2361
2260
2366
2413
2359
2324
2366
2225
2398
2361
2373
2457
2477
2430
2441
2441
2450
2420
2439
2447
2379
2405
2437
2386
2374
2361
2359
2370
2355
2421
2432
2470
2460
2524
2426
2398
2383
2350
2444
2449
2489
2410
2413
2377
2424
2498
2486
2464
2398
2396
2491
2410
2474
2383
2364
2412
2389
2428
2433
2435
2489
2426
2443
2388
2378
2420
2462
2462
2409
2366
2455
2479
2345
2498
2364
2335
2437
2388
2419
2415
2404
2467
2375
2489
2414
2414
2381
2355
2417
2377
2490
2388
2394
2383
2413
2495
2419
2436
2431
2518
2395
2394
2451
2581
2368
2475
2471
2468
2412
2441
2443
2478
2501
2480
2499
2359
2423
2384
2554
2505
2398
2467
2435
2393
2419
2410
2440
2404
2502
2446
2429
2380
2421
2424
2466
2444
2364
2399
2352
2421
2461
2447
2490
2408
2447
2411
2390
2411
2405
2329
2388
2395
2386
2481
2490
2491
2437
2475
2385
2473
2419
2439
2446
2336
2434
2434
2469
2341
2516
2432
2403
2449
2377
2421
2367
2281
2492
2397
2464
2471
2453
2449
2314
2469
2356
2461
2437
2415
2401
2378
2423
2406
2390
2435
2425
2405
2401
2435
2377
2428
2455
2379
2401
2443
2412
2461
2424
2391
2416
2392
2381
2409
2443
2475
2445
2522
2443
2434
2426
2426
2426
2458
2424
2447
2338
2452
2498
2389
2464
2493
2423
2533
2413
2412
2416
2416
2462
2342
2378
2316
2486
2410
2446
2485
2474
2420
2433
2356
2366
2385
2411
2326
2380
2420
2526
2333
2448
2427
2496
2432
2414
2361
2485
2426
2493
2414
2449
2385
2410
2335
2373
2434
2455
2424
2413
2485
2450
2448
2418
2406
2419
2448
2401
2430
2490
2404
2333
2462
2444
2383
2485
2505
2425
2380
2421
2472
2447
2531
2440
2489
2506
2385
2415
2418
2509
2381
2362
2376
2385
2428
2550
2482
2361
2538
2448
2464
2411
2416
2500
2514
2454
2524
2420
2384
2398
2445
2507
2377
2384
2426
2433
2439
2391
2386
2363
2417
2315
2457
2414
2447
2375
2407
2400
2529
2463
2486
2446
2379
2505
2481
2404
2485
2379
2371
2406
2458
2329
2396
2390
2353
2377
2388
2423
2477
2460
2365
2357
2447
2381
2377
2401
2441
2377
2416
2493
2382
2524
2390
2421
2483
2455
2514
2410
2346
2428
2418
2409
2381
2407
2385
2405
2428
2456
2388
2452
2362
2487
2411
2408
2432
2472
2465
2393
2402
2405
2451
2377
2421
2396
2464
2394
2429
2364
2388
2289
2447
2362
2473
2383
2429
2435
2451
2378
2472
2384
2380
2332
2392
2423
2363
2402
2397
2434
2420
2349
2383
2394
2455
2299
2276
2387
2297
2418
2425
2357
2447
2323
2341
2394
2415
2443
2389
2343
2352
2411
2407
2415
2313
2308
2301
2379
2319
2276
2257
2284
2271
2290
2217
2193
2205
2207
2112
2007
2040
1973
1844
1801
1779
1670
1551
1594
1544
1510
1421
1445
1513
1499
1493
1650
1726
1755
1763
1744
1734
1641
1505
1572
1508
1438
1448
1501
1495
1512
1590
1636
1765
1702
1878
2040
2074
2059
2149
2240
2202
2210
2241
2251
2244
2317
2305
2261
2376
2351
2328
2272
2256
2351
2292
2316
2388
2390
2359
2346
2469
2304
2361
2371
2388
2396
2331
2466
2315
2392
2321
2460
2384
2335
2363
2511
2442
2331
2462
2382
2388
2338
2427
2356
2353
2395
2410
2370
2380
2429
2349
2471
2475
2355
2445
2418
2317
2441
2399
2364
2364
2388
2400
2515
2311
2409
2395
2421
2295
2370
2409
2414
2362
2422
2367
2314
2379
2454
2396
2386
2357
2438
2482
2345
2444
2335
2355
2475
2408
2355
2387
2444
2479
2396
2345
2442
2439
2464
2431
2355
2380
2412
2393
2475
2322
2426
2432
2393
2430
2527
2413
2381
2436
2370
2400
2424
2362
2419
2411
2348
2351
2522
2390
2403
2392
2412
2439
2314
2434
2451
2481
2356
2451
2494
2413
2482
2376
2520
2501
2414
2435
2404
2375
2419
2424
2386
2388
2453
2383
2446
2401
2421
2471
2362
2482
2381
2431
2483
2442
2420
2384
2370
2385
2405
2374
2424
2368
2413
2446
2449
2469
2389
2421
2378
2480
2360
2401
2425
2417
2440
2428
2466
2484
2434
2388
2417
2402
2429
2452
2407
2474
2482
2487
2398
2452
2458
2444
2477
2424
2359
2473
2443
2398
2449
2399
2337
2481
2450
2411
2432
2388
2404
2443
2468
2473
2456
2464
2416
2424
2403
2453
2465
2437
2441
2383
2362
2374
