2369
2450
2363
2337
2327
2382
2453
2461
2422
2454
2400
2477
2482
2387
2425
2372
2425
2365
2451
2398
2366
2443
2441
2408
2405
2363
2511
2437
2447
2355
2359
2404
2293
2405
2483
2353
2427
2364
2419
2371
2324
2423
2458
2494
2413
2392
2439
2395
2339
2414
2524
2384
2365
2447
2419
2374
2464
2334
2465
2487
2373
2366
2432
2459
2419
2365
2455
2405
2411
2520
2432
2406
2436
2410
2482
2411
2401
2373
2338
2453
2379
2444
2480
2362
2371
2381
2394
2471
2473
2451
2397
2369
2415
2413
2414
2393
2436
2305
2308
2463
2352
2368
2289
2390
2392
2459
2380
2374
2355
2391
2376
2413
2362
2416
2354
2330
2445
2485
2383
2376
2333
2453
2306
2384
2416
2357
2457
2349
2334
2476
2352
2411
2499
2474
2424
2369
2530
2516
2363
2525
2372
2410
2355
2369
2452
2410
2414
2398
2394
2379
2393
2441
2385
2400
2432
2385
2419
2477
2354
2406
2322
2394
2463
2408
2360
2514
2379
2402
2364
2318
2443
2411
2417
2436
2409
2393
2440
2418
2377
2376
2302
2370
2391
2394
2444
2312
2347
2378
2304
2422
2368
2329
2354
2384
2429
2457
2384
2350
2399
2362
2431
2430
2405
2349
2348
2390
2327
2345
2352
2357
2378
2426
2396
2351
2381
2367
2279
2317
2341
2235
2278
2285
2251
2237
2258
2107
2205
2218
2046
2033
1999
1906
1806
1774
1742
1657
1562
1567
1460
1451
1446
1414
1567
1555
1679
1602
1767
1687
1726
1761
1700
1579
1589
1521
1471
1443
1436
1489
1519
1571
1588
1749
1769
1846
1896
1984
2015
2103
2170
2090
2184
2214
2252
2293
2286
2368
2363
2327
2272
2324
2320
2410
2312
2357
2380
2307
2390
2391
2310
2392
2409
2354
2387
2424
2345
2279
2360
2379
2379
2333
2414
2408
2414
2314
2455
2373
2363
2308
2405
2428
2292
2450
2403
2432
2465
2337
2409
2336
2512
2413
2428
2404
2504
2453
2347
2373
2494
2336
2417
2397
2420
2412
2428
2333
2405
2413
2413
2462
2381
2428
2345
2354
2430
2390
2436
2446
2428
2470
2355
2406
2316
2397
2383
2343
2448
2327
2498
2449
2396
2391
2445
2412
2442
2475
2425
2472
2546
2458
2406
2378
2372
2455
2399
2464
2431
2427
2422
2376
2523
2456
2324
2417
2358
2386
2436
2508
2367
2307
2366
2396
2440
2387
2433
2420
2466
2452
2363
2365
2387
2415
2474
2393
2326
2396
2440
2336
2352
2388
2343
2405
2412
2467
2407
2420
2437
2401
2357
2452
2377
2431
2363
2481
2418
2504
2450
2376
2483
2437
2472
2384
2450
2345
2449
2433
2391
2485
2432
2411
2453
2430
2372
2391
2443
2447
2438
2389
2386
2358
2416
2479
2419
2347
2377
2446
2394
2401
2376
2388
2496
2414
2378
2480
2396
2586
2381
2451
2397
2412
2364
2465
2395
2342
2475
2370
2350
2411
2357
2383
2270
2480
2370
2389
2480
2383
2415
2425
2345
2364
2390
2485
2504
2443
2363
2383
2517
2382
2411
2511
2447
2435
2451
2399
2353
2395
2345
2388
2376
2352
2349
2420
2422
2383
2419
2407
2411
2467
2404
2435
2482
2354
2381
2402
2442
2413
2435
2443
2366
2419
2308
2392
2400
2445
2436
2349
2454
2456
2486
2401
2411
2429
2456
2436
2467
2399
2472
2476
2386
2410
2490
2455
2403
2382
2319
2398
2418
2417
2386
2380
2404
2395
2375
2368
2347
2470
2456
2343
2464
2415
2414
2429
2353
2443
2373
2407
2421
2397
2457
2434
2366
2360
2346
2385
2308
2311
2407
2402
2487
2530
2483
2435
2395
2407
2428
2390
2398
2361
2411
2339
2435
2368
2434
2404
2431
2458
2444
2509
2429
2387
2403
2476
2336
2385
2450
2382
2467
2442
2400
2408
2332
2412
2423
2426
2435
2417
2350
2403
2396
2375
2470
2349
2419
2380
2468
2395
2395
2456
2333
2457
2428
2407
2428
2355
2389
2391
2480
2342
2381
2392
2445
2465
2456
2381
2278
2401
2350
2347
2381
2403
2402
2364
2339
2365
2366
2461
2433
2336
2340
2390
2310
2430
2358
2341
2353
2443
2332
2406
2501
2439
2320
2528
2438
2469
2482
2330
2360
2351
2319
2436
2415
2482
2393
2364
2471
2384
2329
2454
2437
2405
2337
2468
2342
2407
2488
2458
2436
2461
2440
2500
2494
2353
2312
2390
2433
2418
2362
2396
2438
2407
2373
2346
2405
2443
2396
2488
2342
2384
2279
2348
2346
2398
2341
2324
2366
2350
2422
2290
2333
2359
2372
2285
2311
2325
2316
2284
2381
2307
2275
2331
2204
2218
2216
2211
2182
2101
2145
2056
1957
1995
1905
1769
1713
1688
1643
1551
1510
1527
1514
1469
1381
1514
1473
1572
1748
1723
1708
1773
1670
1622
1529
1515
1513
1439
1432
1484
1496
1549
1629
1699
1738
1833
1895
1951
1968
2095
2123
2112
2097
2303
2277
2164
2366
2335
2297
2315
2250
2362
2325
2316
2278
2336
2323
2290
2332
2314
2324
2266
2321
2377
2411
2307
2402
2339
2374
2384
2377
2361
2414
2333
2408
2325
2342
2314
2397
2343
2397
2371
2452
2373
2388
2378
2476
2405
2481
2346
2341
2414
2459
2422
2359
2402
2368
2357
2358
2438
2436
2468
2441
2445
2419
2400
2460
2406
2372
2439
2418
2298
2319
2336
2495
2418
2458
2446
2331
2407
2417
2431
2355
2356
2269
2380
2365
2289
2427
2399
2435
2344
2400
2431
2427
2390
2440
2431
2413
2383
2335
2387
2376
2412
2421
2451
2433
2357
2363
2410
2427
2402
2415
2348
2446
2439
2387
2453
2405
2334
2377
2384
2399
2328
2411
2548
2458
2474
2368
2430
2515
2428
2412
2488
2441
2372
2465
2371
2452
2401
2363
2517
2423
2430
2472
2437
2434
2484
2371
2443
2423
2409
2364
2501
2430
2391
2424
2413
2407
2345
2351
2378
2420
2419
2383
2407
2440
2395
2428
2324
2351
2375
2401
2423
2367
2360
2498
2437
2378
2389
2347
2452
2383
2382
2461
2429
2444
2379
2437
2345
2427
2430
2386
2347
2425
2390
2389
2465
2470
2431
2455
2480
2371
2465
2459
2379
2420
2408
2377
2378
2451
2402
2407
2485
2465
2446
2518
2328
2307
2433
2435
2484
2439
2385
2455
2430
2431
2489
2422
