2435
2389
2383
2441
2527
2390
2406
2418
2371
2386
2460
2436
2389
2453
2457
2461
2383
2497
2395
2424
2309
2400
2472
2356
2445
2357
2323
2398
2463
2458
2427
2460
2472
2422
2422
2455
2346
2484
2442
2440
2307
2429
2415
2413
2427
2437
2473
2459
2406
2407
2431
2349
2505
2320
2382
2387
2471
2412
2426
2421
2462
2473
2468
2326
2325
2399
2390
2474
2345
2394
2461
2463
2361
2382
2367
2438
2398
2419
2345
2469
2456
2427
2427
2329
2480
2368
2412
2447
2468
2452
2443
2322
2422
2442
2422
2393
2436
2360
2471
2400
2439
2435
2415
2423
2364
2374
2505
2458
2378
2412
2375
2524
2503
2444
2443
2388
2425
2373
2446
2417
2370
2437
2480
2349
2379
2459
2450
2409
2413
2467
2436
2386
2351
2489
2416
2437
2421
2434
2430
2465
2423
2451
2416
2465
2347
2394
2411
2493
2317
2407
2348
2479
2391
2561
2342
2438
2479
2423
2447
2441
2389
2432
2327
2433
2426
2361
2404
2382
2438
2421
2439
2367
2325
2342
2355
2357
2423
2414
2387
2429
2492
2497
2433
2454
2356
2355
2359
2426
2422
2446
2434
2341
2458
2354
2382
2409
2476
2381
2392
2386
2408
2315
2319
2375
2363
2355
2398
2290
2388
2448
2344
2391
2345
2347
2315
2391
2301
2278
2346
2330
2364
2325
2276
2244
2242
2271
2176
2125
2104
2038
1990
2026
1748
1767
1716
1597
1506
1553
1489
1400
1388
1483
1538
1538
1565
1702
1775
1697
1741
1754
1695
1563
1475
1454
1500
1498
1492
1430
1672
1580
1693
1699
1742
1847
1912
1964
2002
2127
2098
2222
2140
2247
2237
2271
2255
2330
2325
2311
2291
2284
2379
2370
2370
2349
2371
2266
2321
2337
2257
2423
2396
2400
2375
2413
2420
2323
2388
2353
2380
2376
2369
2431
2438
2405
2409
2309
2455
2438
2376
2382
2344
2445
2400
2412
2461
2396
2384
2383
2418
2505
2420
2426
2418
2458
2513
2349
2269
2504
2332
2458
2369
2406
2422
2383
2420
2402
2413
2326
2379
2415
2423
2414
2337
2396
2392
2465
2362
2436
2434
2418
2422
2437
2413
2303
2383
2474
2405
2384
2353
2438
2362
2369
2459
2397
2416
2491
2393
2456
2445
2437
2429
2396
2348
2441
2358
2490
2395
2456
2318
2466
2355
2486
2372
2423
2444
2404
2357
2429
2429
2388
2368
2362
2398
2357
2399
2413
2505
2340
2508
2497
2409
2404
2381
2436
2411
2401
2435
2396
2453
2454
2412
2402
2381
2286
2395
2428
2470
2470
2441
2402
2435
2424
2386
2298
2303
2408
2485
2342
2408
2424
2416
2452
2432
2374
2356
2406
2330
2422
2478
2501
2484
2445
2386
2328
2475
2525
2384
2460
2488
2401
2441
2498
2441
2429
2398
2357
2379
2326
2375
2333
2433
2341
2388
2400
2390
2426
2451
2405
2362
2365
2405
2410
2369
2434
2441
2390
2449
2381
2376
2459
2382
2391
2419
2368
2438
2382
2393
2403
2454
2406
2441
2392
2391
2505
2421
2417
2360
2439
2395
2398
2476
2471
2277
2425
2502
2417
2372
2372
2377
2461
2396
2375
2363
2333
2496
2382
2438
2389
2368
2373
2426
2359
2424
2366
2322
2368
2474
2390
2472
2405
2474
2459
2379
2407
2426
2372
2404
2348
2446
2423
2440
2449
2454
2304
2410
2368
2427
2413
2416
2413
2430
2429
2439
2406
2344
2461
2354
2495
2359
2378
2372
2430
2437
2374
2454
2478
2440
2475
2514
2384
2367
2344
2410
2482
2442
2447
2372
2397
2369
2397
2412
2427
2456
2434
2415
2414
2310
2399
2456
2346
2363
2412
2371
2391
2446
2416
2360
2393
2346
2422
2408
2420
2438
2439
2432
2339
2336
2453
2356
2384
2381
2437
2426
2346
2427
2364
2354
2465
2371
2474
2441
2503
2457
2440
2389
2439
2397
2451
2378
2365
2431
2390
2367
2418
2354
2437
2366
2485
2483
2371
2472
2417
2501
2461
2384
2403
2449
2467
2444
2398
2401
2422
2434
2390
2310
2296
2442
2400
2441
2394
2333
2424
2396
2366
2331
2334
2374
2425
2424
2369
2476
2398
2375
2377
2434
2377
2486
2420
2409
2392
2373
2398
2405
2413
2408
2410
2483
2447
2479
2409
2417
2420
2369
2348
2475
2419
2425
2511
2425
2483
2387
2398
2409
2419
2394
2465
2494
2414
2420
2345
2352
2444
2401
2370
2432
2314
2430
2448
2527
2455
2323
2425
2286
2451
2386
2367
2404
2376
2287
2446
2444
2372
2414
2275
2429
2321
2315
2332
2379
2333
2280
2372
2261
2350
2302
2325
2254
2296
2231
2304
2271
2180
2144
2089
2119
2015
2057
2004
1867
1823
1668
1717
1608
1519
1512
1563
1450
1463
1461
1584
1559
1611
1747
1762
1770
1752
1714
1701
1592
1474
1515
1527
1420
1491
1443
1535
1675
1685
1716
1747
1932
1945
2058
2018
2156
2185
2190
2173
2187
2235
2243
2306
2331
2215
2264
2366
2370
2350
2338
2291
2393
2287
2368
2416
2373
2358
2424
2394
2383
2390
2468
2387
2345
2358
2365
2392
2333
2435
2418
2551
2417
2432
2345
2404
2359
2458
2389
2302
2396
2510
2381
2466
2476
2375
2359
2475
2440
2341
2398
2434
2446
2477
2391
2461
2338
2432
2416
2348
2377
2470
2353
2433
2332
2399
2403
2373
2412
2378
2319
2418
2378
2365
2378
2403
2369
2389
2441
2295
2418
2420
2362
2443
2434
2320
2485
2345
2346
2508
2358
2419
2437
2389
2509
2465
2391
2351
2395
2357
2351
2346
2403
2450
2381
2449
2472
2439
2350
2457
2425
2464
2472
2391
2395
2384
2445
2363
2433
2475
2380
2426
2434
2428
2320
2475
2410
2461
2456
2341
2462
2403
2337
2437
2410
2440
2363
2469
2463
2470
2374
2435
2407
2406
2344
2419
2392
2401
2443
2443
2406
2393
2323
2406
2433
2445
2448
2467
2390
2426
2473
2478
2434
2390
2397
2335
2443
2448
2452
2383
2497
2438
2471
2461
2461
2450
2390
2436
2369
2379
2417
2376
2448
2472
2465
2412
2433
2428
2444
2476
2400
2483
2414
2446
2426
2374
2436
2365
2408
2335
2363
2443
2411
2454
2462
2390
2469
2461
2354
2443
2438
2374
2390
2393
2390
2440
2444
2426
2434
2443
2462
2465
2379
2412
2431
