2375
2403
2369
2335
2396
2408
2404
2378
2456
2416
2470
2483
2324
2412
2458
2387
2448
2450
2343
2500
2468
2363
2421
2337
2502
2333
2366
2347
2455
2347
2404
2367
2360
2425
2330
2445
2445
2390
2405
2368
2404
2508
2387
2436
2410
2442
2447
2310
2382
2414
2478
2417
2408
2353
2426
2395
2447
2358
2434
2418
2464
2428
2366
2492
2387
2436
2440
2415
2358
2437
2488
2475
2485
2448
2410
2374
2478
2414
2432
2402
2410
2456
2386
2472
2460
2437
2431
2327
2416
2425
2421
2381
2393
2395
2451
2403
2403
2334
2494
2419
2437
2325
2405
2373
2470
2498
2368
2390
2454
2486
2310
2470
2346
2391
2449
2333
2469
2388
2423
2450
2410
2480
2394
2400
2453
2429
2301
2308
2397
2392
2404
2442
2378
2354
2520
2502
2458
2429
2361
2377
2492
2389
2393
2421
2369
2492
2424
2404
2353
2448
2407
2427
2361
2364
2401
2434
2359
2418
2376
2422
2397
2377
2402
2416
2395
2443
2461
2380
2380
2419
2372
2381
2477
2404
2353
2466
2428
2398
2388
2379
2398
2325
2431
2401
2419
2420
2386
2323
2276
2347
2321
2292
2370
2443
2321
2404
2394
2334
2368
2403
2413
2446
2394
2322
2402
2425
2288
2435
2347
2378
2286
2320
2338
2328
2274
2278
2298
2370
2292
2261
2363
2306
2396
2321
2241
2143
2228
2138
2151
2006
1983
1943
1863
1719
1717
1703
1645
1548
1483
1487
1436
1461
1516
1526
1594
1727
1686
1722
1734
1687
1667
1562
1637
1521
1493
1472
1362
1510
1541
1582
1589
1674
1784
1816
1902
2058
2001
2064
2149
2193
2239
2257
2211
2219
2315
2232
2310
2328
2323
2284
2368
2335
2383
2340
2299
2264
2289
2353
2404
2370
2317
2352
2478
2407
2410
2381
2436
2412
2382
2302
2423
2417
2453
2435
2428
2421
2425
2405
2401
2357
2319
2461
2411
2387
2434
2408
2359
2358
2406
2354
2427
2327
2405
2382
2411
2419
2410
2424
2454
2329
2422
2432
2358
2405
2474
2352
2419
2298
2296
2456
2364
2458
2336
2355
2484
2395
2399
2462
2435
2337
2371
2352
2346
2429
2419
2301
2342
2439
2372
2456
2370
2546
2389
2410
2421
2485
2394
2388
2382
2394
2407
2460
2436
2343
2410
2473
2401
2446
2408
2374
2412
2483
2427
2443
2430
2452
2417
2362
2440
2405
2390
2453
2336
2398
2436
2361
2437
2417
2385
2477
2489
2371
2364
2319
2431
2576
2403
2500
2425
2288
2450
2467
2304
2426
2349
2453
2457
2340
2408
2394
2429
2497
2402
2440
2448
2427
2458
2362
2513
2399
2336
2406
2406
2377
2413
2425
2429
2499
2330
2385
2344
2407
2404
2474
2458
2334
2383
2398
2428
2499
2464
2393
2536
2337
2411
2430
2423
2367
2436
2356
2408
2430
2477
2413
2389
2386
2466
2340
2397
2463
2423
2444
2423
2428
2328
2371
2470
2416
2469
2439
2358
2469
2460
2435
2450
2402
2429
2410
2358
2468
2431
2376
2338
2464
2463
2364
2437
2449
2476
2371
2337
2358
2460
2455
2435
2359
2403
2368
2477
2351
2432
2417
2466
2495
2417
2453
2389
2389
2496
2390
2456
2363
2428
2431
2469
2434
2504
2399
2428
2436
2457
2432
2350
2399
2437
2406
2443
2416
2357
2412
2301
2425
2501
2331
2443
2481
2455
2415
2435
2384
2556
2379
2365
2370
2455
2431
2393
2405
2403
2391
2392
2400
2512
2352
2421
2435
2445
2337
2506
2438
2397
2382
2357
2437
2445
2428
2422
2381
2511
2356
2426
2457
2349
2445
2387
2447
2490
2366
2362
2424
2378
2427
2449
2465
2411
2402
2459
2378
2455
2446
2330
2366
2441
2441
2432
2445
2407
2472
2492
2433
2497
2492
2375
2411
2356
2364
2379
2507
2401
2531
2360
2530
2331
2395
2425
2424
2467
2331
2395
2451
2406
2365
2411
2350
2360
2439
2354
2415
2423
2385
2373
2390
2421
2353
2385
2375
2352
2406
2389
2440
2395
2380
2436
2449
2440
2381
2349
2440
2420
2411
2412
2402
2448
2352
2463
2434
2359
2466
2402
2363
2453
2413
2402
2476
2394
2391
2349
2364
2460
2417
2310
2505
2384
2425
2368
2418
2399
2453
2449
2415
2363
2447
2379
2351
2383
2426
2431
2395
2326
2348
2426
2436
2355
2422
2437
2403
2387
2367
2470
2391
2355
2424
2345
2346
2300
2376
2343
2446
2405
2447
2406
2450
2397
2393
2369
2355
2373
2346
2358
2333
2457
2293
2311
2369
2433
2373
2378
2305
2358
2354
2361
2205
2424
2282
2332
2193
2375
2248
2233
2231
2268
2190
2170
2185
2064
2049
1975
1898
1907
1810
1749
1607
1518
1557
1445
1456
1482
1446
1503
1529
1591
1578
1657
1677
1708
1701
1654
1646
1561
1607
1411
1486
1521
1467
1495
1522
1588
1660
1702
1800
1791
1942
1996
2150
2199
2171
2075
2228
2178
2230
2256
2282
2330
2293
2359
2293
2249
2272
2288
2368
2364
2384
2305
2367
2303
2424
2433
2334
2352
2286
2349
2441
2396
2389
2372
2508
2422
2301
2396
2350
2421
2307
2440
2435
2379
2322
2380
2443
2391
2366
2478
2415
2477
2340
2380
2410
2391
2352
2378
2372
2417
2295
2373
2276
2428
2301
2488
2441
2411
2436
2415
2337
2383
2418
2419
2330
2484
2458
2359
2325
2359
2391
2364
2446
2388
2357
2452
2441
2463
2419
2404
2404
2406
2424
2422
2330
2459
2400
2351
2472
2406
2370
2346
2471
2403
2324
2363
2492
2370
2410
2482
2389
2427
2361
2368
2423
2331
2443
2428
2459
2409
2426
2378
2520
2295
2418
2391
2334
2378
2372
2493
2403
2423
2366
2454
2410
2352
2427
2452
2430
2470
2402
2393
2424
2357
2448
2418
2403
2429
2397
2393
2448
2530
2336
2496
2343
2472
2418
2403
2450
2420
2409
2421
2425
2364
2356
2415
2414
2414
2479
2484
2371
2468
2391
2423
2437
2302
2381
2465
2473
2500
2469
2350
2353
2368
2383
2396
2448
2436
2380
2419
2406
2465
2447
2473
2392
2480
2423
2382
2375
2339
2432
2434
2433
2449
2427
2322
2417
2400
2392
2463
2382
2424
2342
2374
2518
2506
2542
2417
2508
2404
2483
2421
2485
2332
2349
2333
2449
2438
2450
2391
2392
2413
