2414
2388
2422
2441
2407
2360
2423
2478
2477
2392
2387
2517
2405
2487
2365
2442
2454
2438
2438
2459
2463
2433
2483
2382
2387
2455
2430
2391
2384
2498
2472
2417
2456
2328
2416
2436
2455
2367
2407
2442
2379
2391
2466
2459
2356
2427
2452
2431
2383
2339
2511
2399
2452
2397
2406
2356
2367
2506
2368
2466
2425
2407
2416
2406
2364
2406
2390
2450
2427
2413
2355
2411
2436
2439
2414
2364
2346
2459
2500
2348
2362
2345
2443
2537
2369
2432
2406
2402
2396
2474
2340
2515
2398
2402
2460
2362
2452
2497
2428
2408
2555
2392
2373
2374
2374
2447
2476
2436
2441
2518
2486
2451
2437
2396
2409
2505
2460
2591
2414
2441
2432
2396
2428
2482
2441
2419
2401
2354
2309
2403
2444
2416
2468
2396
2433
2390
2532
2449
2462
2386
2389
2485
2514
2404
2420
2369
2401
2353
2364
2364
2432
2450
2417
2429
2402
2449
2383
2464
2398
2403
2425
2448
2468
2400
2401
2410
2447
2366
2419
2396
2382
2479
2389
2481
2488
2392
2365
2391
2362
2416
2379
2402
2531
2380
2400
2426
2328
2403
2374
2352
2436
2458
2451
2410
2448
2409
2384
2372
2409
2372
2371
2423
2394
2373
2432
2342
2492
2361
2435
2294
2362
2459
2297
2433
2292
2293
2265
2322
2290
2360
2338
2224
2256
2264
2224
2256
2079
2188
2109
2083
1988
1943
1926
1843
1708
1638
1644
1541
1536
1450
1399
1555
1437
1493
1711
1690
1700
1675
1769
1755
1650
1660
1558
1537
1457
1506
1482
1543
1491
1575
1608
1675
1807
1967
1891
2017
2120
2151
2182
2232
2249
2242
2200
2290
2316
2302
2244
2350
2271
2288
2364
2332
2469
2342
2317
2322
2360
2402
2370
2379
2316
2483
2376
2325
2424
2391
2356
2393
2323
2426
2436
2362
2421
2461
2361
2456
2342
2427
2345
2424
2372
2457
2360
2469
2446
2431
2481
2366
2392
2426
2472
2495
2406
2430
2351
2463
2535
2366
2344
2526
2515
2472
2452
2413
2357
2402
2436
2357
2514
2394
2457
2462
2442
2469
2417
2499
2356
2388
2466
2374
2365
2371
2383
2419
2436
2420
2468
2403
2416
2460
2444
2541
2507
2437
2369
2462
2485
2421
2427
2459
2426
2380
2430
2429
2469
2474
2364
2465
2437
2446
2492
2475
2396
2422
2442
2332
2496
2469
2490
2436
2317
2402
2383
2398
2509
2429
2466
2438
2487
2455
2409
2363
2493
2423
2339
2447
2433
2487
2319
2436
2439
2464
2441
2425
2477
2438
2388
2369
2340
2465
2458
2354
2482
2404
2370
2488
2425
2374
2480
2372
2402
2523
2398
2402
2444
2400
2442
2467
2427
2372
2505
2522
2458
2486
2453
2535
2408
2390
2387
2401
2456
2401
2459
2510
2350
2368
2493
2488
2434
2464
2528
2390
2450
2358
2430
2365
2453
2443
2433
2415
2437
2388
2336
2381
2371
2424
2491
2419
2386
2409
2512
2481
2454
2431
2348
2432
2389
2439
2457
2419
2436
2432
2463
2399
2411
2384
2479
2422
2422
2441
2584
2415
2496
2407
2411
2516
2441
2437
2381
2403
2476
2421
2414
2459
2383
2446
2429
2405
2465
2438
2442
2382
2456
2442
2464
2413
2391
2438
2322
2446
2435
2454
2426
2453
2501
2379
2393
2467
2428
2421
2459
2490
2439
2484
2418
2478
2491
2415
2411
2385
2469
2477
2406
2357
2445
2453
2364
2426
2458
2402
2310
2464
2472
2415
2462
2390
2419
2430
2421
2404
2348
2412
2400
2422
2488
2406
2511
2436
2446
2481
2478
2449
2438
2422
2415
2483
2418
2435
2399
2359
2438
2301
2382
2420
2511
2480
2413
2390
2420
2473
2396
2328
2439
2380
2415
2403
2435
2493
2448
2470
2392
2487
2484
2384
2537
2515
2381
2396
2393
2403
2398
2382
2352
2465
2302
2421
2463
2400
2536
2418
2436
2513
2361
2414
2475
2397
2446
2402
2443
2435
2428
2399
2484
2441
2450
2420
2462
2368
2384
2433
2386
2453
2397
2429
2418
2375
2356
2484
2445
2414
2413
2390
2412
2394
2405
2426
2403
2343
2412
2433
2480
2373
2404
2377
2435
2480
2351
2403
2407
2401
2420
2416
2376
2382
2464
2447
2446
2467
2388
2425
2412
2322
2377
2460
2449
2404
2409
2474
2404
2393
2405
2363
2387
2406
2441
2421
2396
2461
2459
2484
2435
2413
2418
2453
2338
2450
2381
2464
2412
2408
2376
2449
2378
2344
2361
2460
2375
2425
2340
2475
2364
2404
2316
2413
2410
2333
2405
2339
2361
2281
2287
2309
2354
2273
2293
2258
2301
2328
2258
2300
2236
2248
2144
2142
2088
2092
1994
1951
1868
1817
1738
1667
1585
1548
1599
1511
1468
1459
1524
1534
1585
1629
1667
1732
1769
1701
1662
1605
1571
1530
1465
1450
1537
1432
1582
1667
1588
1720
1698
1836
1904
2032
2010
2130
2109
2140
2142
2242
2270
2272
2250
2229
2295
2373
2304
2335
2272
2378
2354
2429
2337
2491
2392
2315
2367
2332
2338
2413
2391
2360
2448
2405
2381
2387
2510
2373
2460
2356
2511
2369
2404
2401
2446
2328
2335
2381
2461
2476
2402
2468
2383
2427
2331
2450
2354
2331
2397
2421
2348
2519
2451
2373
2383
2434
2323
2379
2429
2407
2387
2392
2440
2484
2388
2374
2429
2378
2460
2506
2471
2471
2392
2447
2330
2397
2494
2450
2418
2369
2410
2462
2406
2523
2381
2409
2437
2450
2461
2382
2338
2478
2354
2340
2378
2368
2452
2433
2433
2450
2355
2400
2414
2412
2404
2430
2443
2374
2476
2444
2419
2466
2480
2355
2438
2409
2508
2385
2427
2335
2480
2497
2477
2358
2448
2463
2376
2325
2468
2420
2476
2393
2465
2498
2388
2451
2410
2345
2453
2386
2375
2425
2451
2349
2390
2526
2402
2400
2377
2429
2464
2438
2483
2413
2440
2407
2380
2430
2442
2382
2453
2458
2461
2469
2457
2471
2450
2487
2382
2416
2465
2441
2398
2376
2430
2453
2380
2434
2382
2464
2429
2436
2438
2475
2407
2433
2364
2392
2414
2395
2384
2476
2423
2524
2425
2436
2340
2371
2445
2405
2406
2373
2478
2507
2388
2457
2395
2428
2488
2364
2355
2448
2390
2341
2420
2361
2501
2444
2455
2399
2396
2360
2533
2447
2449
