2396
2327
2461
2390
2409
2392
2372
2300
2397
2442
2380
2418
2395
2442
2423
2433
2419
2397
2352
2355
2393
2370
2428
2349
2416
2347
2392
2533
2366
2393
2404
2365
2353
2437
2331
2403
2452
2369
2385
2315
2384
2336
2484
2476
2375
2374
2376
2381
2397
2279
2378
2390
2436
2384
2305
2474
2471
2399
2447
2363
2382
2440
2405
2382
2361
2449
2345
2459
2376
2347
2376
2344
2438
2428
2406
2486
2394
2365
2329
2417
2399
2323
2402
2431
2399
2401
2269
2371
2383
2374
2392
2453
2345
2338
2373
2357
2449
2374
2410
2454
2373
2396
2440
2374
2411
2308
2424
2437
2407
2432
2270
2411
2348
2372
2413
2367
2354
2328
2329
2346
2296
2465
2328
2356
2351
2365
2417
2348
2344
2319
2384
2406
2379
2426
2354
2443
2394
2336
2452
2388
2437
2315
2313
2410
2350
2392
2446
2413
2309
2481
2350
2384
2410
2335
2390
2412
2461
2407
2402
2398
2424
2383
2375
2439
2333
2412
2425
2309
2434
2383
2461
2276
2377
2387
2333
2408
2442
2374
2340
2369
2417
2418
2321
2399
2383
2453
2341
2339
2377
2341
2292
2371
2407
2354
2443
2353
2367
2365
2342
2322
2335
2284
2320
2411
2391
2262
2376
2295
2383
2301
2340
2264
2318
2332
2341
2320
2360
2364
2267
2337
2253
2280
2275
2264
2214
2144
2137
2141
2099
1963
1997
1947
1870
1812
1714
1703
1583
1511
1500
1455
1423
1487
1429
1485
1652
1653
1720
1786
1738
1648
1675
1613
1469
1421
1492
1400
1470
1454
1493
1623
1686
1633
1772
1844
1896
2017
2070
2158
2154
2141
2169
2327
2239
2354
2221
2331
2272
2296
2287
2274
2333
2331
2259
2350
2316
2377
2422
2378
2374
2346
2358
2391
2376
2410
2479
2416
2424
2437
2400
2446
2392
2325
2266
2410
2420
2369
2418
2359
2274
2447
2385
2380
2332
2354
2348
2357
2264
2318
2414
2339
2397
2341
2303
2331
2313
2359
2351
2362
2364
2274
2260
2433
2359
2364
2312
2500
2354
2407
2319
2362
2398
2389
2426
2407
2402
2410
2449
2400
2442
2358
2382
2345
2451
2325
2366
2388
2410
2512
2462
2375
2347
2367
2355
2428
2360
2396
2402
2393
2372
2368
2406
2360
2325
2470
2423
2417
2371
2384
2401
2416
2305
2452
2382
2346
2376
2420
2384
2347
2327
2373
2366
2364
2418
2351
2422
2462
2411
2407
2408
2352
2373
2387
2477
2435
2370
2343
2401
2415
2398
2390
2414
2352
2480
2426
2416
2262
2415
2420
2373
2410
2324
2394
2401
2390
2387
2433
2441
2278
2363
2408
2377
2345
2463
2420
2327
2423
2448
2350
2441
2448
2433
2412
2447
2431
2399
2344
2409
2465
2323
2382
2413
2506
2336
2354
2286
2436
2449
2338
2335
2337
2376
2449
2357
2381
2357
2437
2329
2424
2362
2332
2369
2396
2386
2375
2353
2402
2397
2461
2306
2446
2428
2367
2416
2427
2288
2404
2392
2379
2341
2350
2358
2368
2467
2322
2340
2374
2397
2396
2402
2382
2408
2399
2425
2386
2366
2457
2365
2336
2412
2390
2400
2375
2388
2406
2380
2424
2444
2407
2424
2435
2434
2408
2475
2398
2368
2409
2358
2326
2389
2386
2401
2391
2378
2363
2391
2409
2472
2350
2300
2364
2377
2387
2493
2360
2353
2308
2422
2411
2401
2430
2386
2426
2334
2410
2370
2403
2459
2385
2358
2418
2342
2428
2371
2361
2406
2413
2378
2375
2415
2392
2368
2302
2419
2326
2376
2405
2442
2480
2417
2381
2437
2384
2329
2443
2379
2405
2455
2413
2392
2455
2261
2293
2406
2405
2319
2293
2421
2484
2432
2331
2343
2394
2351
2463
2437
2341
2396
2437
2473
2311
2362
2358
2384
2342
2464
2468
2362
2387
2477
2368
2358
2522
2376
2367
2393
2426
2355
2403
2343
2306
2451
2446
2306
2450
2438
2373
2437
2401
2420
2387
2362
2297
2473
2352
2485
2364
2414
2319
2262
2436
2354
2396
2346
2449
2273
2373
2333
2446
2333
2377
2326
2378
2250
2348
2343
2371
2381
2314
2332
2404
2396
2367
2365
2432
2370
2412
2340
2404
2395
2486
2397
2396
2350
2458
2321
2407
2346
2298
2398
2394
2385
2439
2439
2400
2307
2329
2424
2351
2297
2373
2524
2391
2357
2368
2386
2351
2469
2374
2405
2386
2420
2467
2310
2317
2346
2350
2380
2431
2456
2415
2347
2295
2339
2343
2412
2369
2368
2365
2328
2288
2388
2422
2343
2350
2307
2317
2315
2369
2327
2352
2175
2402
2248
2323
2321
2314
2273
2287
2185
2248
2214
2190
2208
2093
2081
2007
2023
1946
1832
1872
1726
1635
1616
1587
1496
1474
1467
1503
1463
1580
1546
1530
1719
1738
1726
1769
1736
1624
1520
1414
1535
1486
1466
1450
1533
1517
1547
1636
1778
1801
1818
1961
2001
2004
2117
2172
2129
2155
2260
2186
2215
2241
2294
2307
2366
2260
2241
2330
2322
2370
2395
2349
2327
2347
2387
2312
2328
2303
2371
2402
2344
2371
2333
2343
2430
2386
2395
2250
2429
2369
2396
2302
2346
2380
2346
2365
2409
2411
2318
2295
2456
2354
2290
2308
2386
2413
2385
2447
2434
2459
2369
2392
2333
2413
2487
2318
2370
2380
2410
2442
2358
2402
2452
2374
2376
2348
2379
2399
2315
2356
2390
2438
2371
2396
2368
2339
2393
2388
2457
2347
2417
2376
2441
2307
2415
2440
2357
2385
2432
2321
2399
2359
2436
2394
2330
2351
2335
2493
2420
2501
2438
2420
2376
2367
2434
2325
2468
2453
2413
2360
2335
2447
2377
2375
2379
2343
2447
2554
2404
2363
2296
2248
2413
2384
2385
2379
2385
2396
2338
2370
2456
2355
2360
2378
2428
2379
2383
2366
2404
2358
2355
2333
2430
2325
2402
2449
2336
2385
2344
2348
2360
2361
2377
2365
2389
2430
2481
2478
2400
2417
2347
2416
2386
2369
2417
2336
2371
2399
2318
2350
2320
2363
2379
2447
2386
2379
2427
2382
2412
2401
2353
2390
2351
2298
2336
2404
2474
2359
2303
2320
2429
2363
2433
2396
2352
2474
2412
2351
2401
2334
2368
2409
2346
2356
2403
2361
2313
2442
2387
2386
2355
2352
2437
2409
2460
2362
2408
2340
2411
2397
2372
2375
2362
