2388
2366
2354
2407
2425
2427
2348
2360
2344
2463
2412
2441
2329
2365
2404
2345
2403
2357
2371
2483
2372
2415
2391
2404
2380
2352
2434
2342
2435
2383
2481
2433
2338
2338
2375
2330
2325
2344
2430
2257
2314
2460
2348
2397
2381
2438
2358
2315
2488
2346
2406
2448
2342
2370
2341
2387
2430
2434
2344
2374
2280
2394
2399
2299
2407
2393
2472
2340
2418
2385
2426
2410
2342
2400
2420
2331
2381
2403
2373
2387
2421
2387
2335
2380
2431
2345
2347
2378
2401
2371
2388
2333
2350
2373
2350
2308
2388
2342
2390
2413
2363
2351
2411
2468
2368
2369
2357
2391
2351
2414
2368
2434
2417
2373
2396
2321
2360
2410
2421
2419
2453
2390
2330
2368
2357
2306
2376
2400
2341
2327
2394
2322
2329
2376
2394
2291
2406
2393
2401
2435
2354
2366
2338
2366
2305
2388
2341
2355
2417
2365
2393
2327
2394
2347
2373
2361
2366
2276
2309
2384
2324
2392
2380
2450
2412
2429
2282
2338
2318
2394
2306
2371
2318
2447
2305
2404
2389
2349
2411
2410
2328
2451
2361
2346
2435
2444
2344
2403
2329
2362
2361
2413
2304
2384
2435
2380
2360
2353
2313
2317
2328
2293
2233
2344
2354
2324
2330
2360
2269
2393
2445
2271
2317
2259
2268
2215
2283
2276
2243
2263
2179
2239
2228
2215
2233
2187
2227
2130
2064
2026
1940
1854
1825
1762
1717
1609
1532
1458
1382
1431
1478
1475
1438
1464
1572
1695
1748
1716
1708
1732
1654
1569
1545
1459
1449
1513
1444
1518
1500
1499
1645
1662
1711
1868
1846
1986
2061
2001
2018
2116
2131
2183
2277
2247
2147
2273
2281
2272
2247
2261
2303
2317
2299
2354
2218
2253
2314
2332
2310
2312
2287
2320
2343
2339
2356
2340
2313
2304
2323
2430
2213
2336
2435
2246
2409
2355
2319
2359
2325
2308
2317
2431
2329
2283
2317
2317
2409
2373
2379
2372
2320
2359
2384
2364
2320
2284
2345
2333
2416
2373
2315
2340
2315
2385
2401
2464
2393
2364
2377
2441
2322
2414
2353
2367
2360
2403
2382
2420
2390
2403
2327
2360
2405
2406
2468
2286
2355
2324
2340
2331
2337
2409
2453
2360
2406
2459
2417
2483
2389
2375
2376
2336
2354
2374
2381
2359
2416
2376
2457
2370
2334
2467
2392
2368
2424
2357
2431
2412
2383
2379
2394
2362
2273
2401
2318
2352
2414
2386
2325
2453
2314
2388
2367
2335
2445
2389
2344
2398
2464
2278
2441
2419
2433
2394
2391
2421
2313
2398
2372
2374
2421
2365
2386
2407
2460
2368
2382
2336
2409
2306
2427
2357
2349
2399
2443
2412
2357
2452
2332
2414
2410
2401
2425
2425
2327
2341
2404
2334
2355
2398
2417
2410
2318
2394
2367
2347
2343
2376
2318
2399
2295
2349
2480
2353
2360
2353
2414
2338
2303
2361
2360
2329
2321
2363
2344
2346
2359
2363
2350
2495
2355
2343
2405
2353
2434
2383
2439
2369
2404
2390
2356
2424
2386
2326
2435
2354
2377
2443
2361
2392
2456
2427
2391
2467
2374
2406
2315
2369
2380
2403
2362
2385
2433
2391
2385
2498
2480
2406
2392
2401
2375
2389
2399
2390
2401
2361
2406
2308
2333
2423
2375
2396
2387
2348
2358
2386
2406
2419
2392
2403
2358
2391
2351
2461
2354
2446
2369
2401
2444
2308
2436
2417
2401
2367
2397
2354
2373
2354
2366
2496
2345
2366
2385
2410
2328
2353
2336
2401
2344
2400
2412
2366
2323
2291
2317
2434
2445
2361
2416
2303
2377
2340
2351
2427
2389
2360
2351
2354
2397
2432
2348
2414
2401
2378
2396
2353
2318
2356
2466
2413
2341
2353
2289
2338
2433
2397
2392
2360
2434
2344
2349
2322
2290
2417
2361
2357
2256
2310
2394
2377
2401
2344
2393
2461
2417
2363
2407
2416
2379
2365
2410
2416
2330
2342
2266
2323
2383
2374
2318
2429
2336
2346
2332
2357
2410
2408
2366
2396
2317
2324
2384
2263
2368
2379
2327
2405
2331
2325
2355
2333
2345
2386
2328
2339
2428
2343
2420
2329
2348
2473
2362
2409
2418
2346
2392
2338
2317
2439
2395
2303
2413
2357
2451
2395
2437
2442
2368
2268
2328
2364
2415
2369
2339
2400
2336
2322
2378
2419
2326
2277
2332
2308
2305
2372
2415
2330
2372
2277
2364
2326
2387
2409
2359
2392
2324
2354
2373
2379
2372
2417
2430
2348
2259
2357
2295
2311
2390
2383
2321
2288
2238
2307
2316
2199
2362
2316
2360
2317
2313
2354
2277
2301
2335
2284
2240
2208
2263
2277
2288
2280
2221
2111
2140
2127
2025
2033
2054
1853
1868
1688
1624
1669
1584
1488
1454
1435
1416
1418
1450
1447
1578
1633
1724
1637
1738
1696
1626
1551
1576
1495
1549
1413
1412
1466
1522
1552
1613
1668
1707
1786
1817
1964
2063
2028
2012
2028
2214
2233
2273
2215
2169
2236
2340
2171
2268
2298
2266
2301
2323
2301
2277
2239
2378
2322
2248
2420
2324
2371
2270
2372
2342
2325
2278
2354
2290
2302
2281
2300
2286
2352
2321
2288
2388
2370
2316
2366
2410
2311
2366
2395
2406
2330
2322
2376
2366
2370
2338
2344
2383
2382
2384
2368
2364
2322
2299
2346
2318
2377
2418
2330
2313
2417
2337
2400
2358
2378
2463
2391
2448
2368
2428
2311
2316
2391
2376
2349
2307
2382
2403
2323
2329
2403
2333
2353
2338
2358
2397
2338
2350
2371
2401
2369
2405
2347
2254
2349
2417
2356
2316
2318
2441
2342
2393
2281
2349
2451
2384
2396
2322
2368
2406
2346
2257
2384
2317
2327
2364
2439
2292
2379
2395
2359
2352
2364
2420
2372
2346
2381
2381
2364
2464
2387
2273
2430
2364
2340
2413
2375
2317
2357
2365
2308
2401
2311
2428
2411
2382
2399
2381
2391
2349
2464
2273
2397
2358
2373
2413
2431
2288
2415
2329
2419
2384
2483
2307
2361
2389
2366
2338
2355
2400
2270
2386
2318
2428
2267
2342
2357
2358
2374
2378
2355
2402
2333
2360
2361
2272
2348
2320
2320
2428
2400
2317
2403
2355
2318
2340
2417
2391
2367
2383
2373
2387
2297
2431
2364
2333
2371
2326
2395
2324
2468
2382
2342
2343
2389
2456
2378
2388
2456
2311
2318
2343
