2366
2364
2349
2403
2351
2391
2396
2326
2288
2308
2411
2407
2430
2407
2352
2325
2390
2358
2351
2353
2464
2374
2313
2411
2318
2349
2390
2411
2319
2442
2423
2413
2366
2313
2324
2321
2371
2355
2437
2421
2381
2314
2340
2428
2355
2369
2226
2343
2372
2431
2402
2419
2343
2343
2404
2343
2402
2451
2333
2398
2372
2427
2348
2358
2389
2390
2397
2377
2387
2350
2355
2320
2418
2382
2315
2414
2337
2303
2488
2392
2413
2337
2336
2391
2319
2358
2357
2346
2423
2326
2475
2387
2343
2309
2446
2442
2430
2319
2305
2408
2446
2401
2397
2390
2382
2377
2365
2481
2312
2311
2445
2287
2373
2364
2333
2331
2435
2367
2386
2292
2318
2340
2449
2451
2455
2416
2387
2315
2392
2408
2343
2432
2400
2336
2374
2379
2427
2392
2378
2428
2343
2364
2366
2380
2318
2445
2372
2242
2367
2336
2373
2398
2408
2355
2400
2464
2351
2386
2296
2356
2385
2499
2321
2384
2382
2364
2358
2482
2365
2391
2373
2363
2362
2414
2342
2393
2411
2379
2409
2398
2419
2323
2427
2337
2387
2380
2341
2423
2329
2470
2303
2377
2326
2243
2329
2308
2332
2406
2309
2348
2474
2336
2394
2307
2388
2414
2302
2322
2241
2320
2356
2304
2338
2299
2195
2252
2303
2216
2253
2240
2264
2259
2225
2226
2189
2159
2148
2173
2076
2050
1997
1918
1739
1730
1706
1664
1609
1498
1489
1458
1426
1505
1556
1460
1565
1696
1677
1763
1735
1722
1656
1585
1490
1479
1446
1417
1454
1502
1526
1518
1589
1679
1759
1810
1915
1921
2017
2104
2105
2066
2165
2182
2193
2143
2239
2311
2266
2333
2393
2299
2258
2246
2362
2379
2307
2318
2362
2317
2341
2329
2362
2375
2325
2403
2306
2396
2291
2344
2396
2406
2378
2464
2316
2412
2381
2442
2459
2350
2426
2364
2360
2410
2386
2353
2329
2365
2396
2407
2346
2401
2406
2404
2330
2382
2434
2356
2423
2390
2385
2359
2362
2370
2349
2342
2434
2317
2342
2412
2394
2358
2378
2353
2431
2439
2392
2432
2368
2409
2394
2428
2328
2419
2436
2346
2290
2382
2322
2394
2368
2299
2336
2395
2417
2393
2355
2334
2270
2397
2414
2424
2373
2365
2404
2453
2351
2431
2405
2446
2416
2391
2316
2392
2291
2458
2414
2401
2305
2380
2363
2404
2379
2373
2365
2399
2420
2409
2327
2489
2386
2396
2363
2377
2302
2361
2320
2383
2373
2387
2475
2368
2325
2452
2373
2401
2401
2337
2344
2463
2312
2370
2345
2427
2352
2414
2424
2403
2490
2423
2399
2364
2324
2494
2412
2420
2386
2399
2407
2386
2462
2363
2410
2274
2429
2349
2359
2355
2330
2490
2360
2464
2429
2398
2380
2403
2335
2384
2356
2387
2366
2393
2378
2436
2371
2378
2409
2376
2382
2361
2463
2422
2376
2425
2336
2395
2453
2399
2354
2428
2409
2359
2314
2293
2394
2396
2343
2397
2414
2340
2397
2355
2426
2359
2379
2340
2256
2380
2334
2358
2406
2405
2339
2309
2389
2340
2437
2371
2406
2350
2281
2363
2352
2342
2420
2347
2386
2342
2343
2375
2347
2342
2459
2497
2351
2352
2408
2420
2448
2377
2376
2328
2410
2323
2385
2323
2428
2275
2417
2351
2367
2308
2368
2505
2322
2409
2390
2377
2421
2447
2363
2369
2368
2402
2422
2391
2345
2344
2392
2358
2313
2388
2470
2373
2347
2356
2387
2388
2342
2455
2311
2294
2380
2444
2396
2424
2419
2386
2396
2357
2369
2328
2392
2361
2342
2412
2365
2354
2389
2361
2410
2469
2298
2351
2427
2312
2329
2479
2388
2438
2443
2437
2388
2368
2390
2316
2365
2292
2403
2338
2434
2377
2466
2397
2371
2330
2373
2402
2435
2371
2316
2298
2297
2381
2418
2413
2367
2476
2377
2433
2332
2380
2447
2336
2431
2344
2426
2341
2420
2249
2334
2438
2356
2406
2383
2333
2408
2549
2389
2400
2321
2381
2390
2443
2361
2343
2393
2368
2272
2251
2411
2352
2449
2475
2391
2287
2412
2432
2348
2285
2308
2469
2377
2345
2463
2326
2312
2379
2286
2451
2331
2381
2376
2354
2301
2363
2399
2339
2399
2313
2352
2325
2343
2315
2404
2376
2307
2327
2428
2403
2346
2277
2445
2376
2424
2404
2320
2322
2425
2281
2342
2362
2404
2413
2428
2407
2323
2288
2331
2312
2367
2410
2289
2343
2321
2411
2309
2352
2363
2360
2373
2264
2324
2366
2331
2313
2368
2277
2406
2324
2340
2340
2263
2321
2301
2312
2344
2235
2234
2274
2137
2315
2162
2144
2078
2076
2034
1943
1929
1921
1931
1809
1745
1626
1511
1481
1501
1414
1457
1461
1433
1479
1532
1591
1666
1736
1747
1723
1745
1628
1605
1490
1419
1439
1454
1452
1408
1510
1578
1611
1707
1802
1809
1864
1968
2004
2109
2125
2174
2151
2189
2303
2181
2269
2256
2261
2270
2223
2267
2304
2381
2314
2307
2410
2307
2231
2325
2347
2327
2333
2296
2327
2403
2396
2305
2336
2250
2350
2343
2359
2280
2341
2308
2431
2290
2345
2338
2290
2377
2390
2285
2340
2288
2361
2399
2390
2355
2330
2440
2339
2474
2346
2409
2288
2409
2293
2354
2416
2366
2441
2335
2380
2303
2388
2354
2359
2360
2461
2317
2329
2398
2367
2295
2432
2396
2366
2319
2356
2355
2342
2376
2291
2303
2444
2432
2338
2372
2409
2329
2387
2420
2368
2392
2308
2341
2402
2421
2352
2339
2454
2348
2371
2428
2367
2372
2412
2343
2358
2370
2295
2430
2479
2418
2347
2436
2346
2361
2396
2447
2436
2417
2418
2318
2317
2381
2409
2399
2314
2403
2384
2467
2373
2399
2414
2376
2411
2406
2404
2422
2363
2379
2303
2312
2308
2399
2354
2399
2435
2317
2399
2343
2389
2325
2375
2390
2382
2376
2338
2358
2373
2435
2432
2365
2325
2444
2353
2360
2327
2373
2364
2379
2315
2357
2333
2424
2421
2395
2395
2402
2327
2322
2372
2566
2384
2400
2393
2390
2365
2422
2354
2324
2379
2409
2425
2387
2461
2358
2472
2433
2404
2376
2402
2366
2388
2276
2335
2418
2359
2388
2414
2352
2370
2365
2371
2348
2322
2458
2328
2323
2378
2393
2402
2356
2358
2364
