2438
2402
2415
2454
2481
2394
2380
2471
2384
2291
2351
2470
2320
2395
2381
2412
2351
2425
2346
2485
2425
2473
2334
2396
2336
2375
2431
2459
2335
2493
2474
2338
2401
2428
2446
2328
2384
2394
2442
2487
2289
2436
2396
2409
2397
2480
2340
2379
2427
2337
2413
2415
2298
2336
2422
2460
2503
2377
2408
2359
2369
2409
2311
2437
2423
2365
2302
2397
2445
2385
2428
2458
2342
2351
2292
2329
2466
2340
2475
2425
2387
2382
2405
2398
2257
2388
2455
2310
2437
2326
2472
2381
2307
2445
2450
2399
2348
2429
2363
2358
2406
2428
2447
2411
2418
2422
2375
2432
2390
2320
2378
2403
2465
2418
2400
2418
2451
2390
2362
2483
2445
2382
2461
2333
2435
2337
2401
2409
2352
2342
2354
2328
2425
2440
2379
2396
2388
2463
2366
2375
2403
2357
2359
2429
2359
2413
2374
2348
2368
2364
2367
2387
2379
2474
2356
2402
2356
2371
2346
2408
2430
2388
2370
2429
2402
2354
2402
2338
2228
2388
2386
2454
2357
2342
2381
2405
2375
2472
2339
2378
2438
2413
2325
2325
2398
2427
2352
2303
2367
2411
2320
2297
2437
2342
2421
2386
2307
2320
2428
2356
2279
2423
2258
2374
2319
2356
2345
2396
2345
2315
2333
2376
2352
2365
2346
2304
2306
2338
2266
2367
2238
2249
2242
2252
2156
2161
2171
2128
2018
1955
1987
1939
1835
1743
1705
1622
1609
1502
1498
1436
1440
1515
1483
1509
1563
1672
1748
1766
1750
1716
1741
1574
1519
1422
1488
1398
1458
1495
1535
1609
1611
1606
1777
1807
1929
1948
1935
2038
2136
2152
2177
2194
2220
2244
2252
2270
2364
2291
2293
2284
2235
2354
2417
2396
2313
2354
2284
2393
2390
2416
2387
2248
2288
2357
2424
2394
2347
2426
2375
2354
2269
2434
2391
2418
2346
2289
2313
2373
2398
2433
2321
2296
2429
2366
2293
2336
2411
2420
2349
2425
2366
2389
2338
2336
2330
2426
2426
2392
2354
2382
2367
2349
2381
2269
2378
2298
2390
2443
2348
2422
2387
2465
2300
2370
2345
2315
2340
2352
2430
2295
2416
2406
2438
2321
2371
2327
2458
2428
2395
2337
2353
2363
2357
2294
2407
2370
2349
2356
2291
2390
2350
2385
2400
2371
2407
2385
2385
2388
2345
2354
2383
2362
2405
2315
2358
2361
2482
2362
2313
2383
2419
2358
2402
2404
2374
2363
2360
2341
2440
2416
2474
2343
2375
2438
2370
2361
2428
2371
2366
2407
2445
2420
2350
2324
2321
2453
2447
2440
2344
2406
2326
2294
2364
2470
2316
2364
2467
2442
2411
2369
2394
2394
2311
2372
2456
2332
2298
2389
2375
2358
2451
2365
2376
2453
2279
2397
2415
2322
2359
2389
2429
2387
2350
2298
2429
2421
2370
2429
2431
2403
2421
2421
2374
2363
2453
2356
2358
2346
2464
2383
2498
2360
2360
2395
2417
2365
2341
2318
2289
2385
2444
2381
2478
2321
2369
2360
2492
2407
2364
2472
2390
2381
2361
2457
2430
2330
2301
2311
2371
2389
2348
2398
2365
2385
2445
2391
2485
2387
2416
2358
2337
2419
2359
2428
2374
2354
2358
2375
2347
2328
2342
2384
2354
2382
2353
2394
2372
2378
2403
2462
2450
2363
2398
2420
2405
2342
2425
2418
2455
2321
2336
2368
2399
2401
2325
2424
2373
2419
2401
2367
2374
2401
2353
2398
2462
2442
2341
2420
2313
2408
2353
2433
2363
2379
2350
2438
2390
2390
2374
2440
2446
2307
2434
2346
2424
2323
2423
2300
2368
2389
2406
2397
2386
2356
2384
2426
2424
2311
2423
2421
2396
2360
2332
2464
2291
2404
2391
2470
2367
2360
2378
2380
2368
2364
2380
2362
2371
2332
2402
2434
2395
2413
2375
2400
2383
2394
2387
2350
2365
2445
2455
2395
2462
2443
2334
2330
2356
2374
2375
2461
2464
2411
2408
2342
2414
2381
2442
2359
2370
2433
2445
2306
2430
2330
2336
2424
2381
2410
2317
2385
2427
2422
2455
2438
2380
2346
2370
2323
2409
2371
2333
2451
2375
2413
2404
2340
2382
2424
2363
2455
2417
2428
2339
2392
2403
2471
2353
2480
2309
2424
2328
2407
2276
2401
2370
2427
2420
2291
2338
2380
2418
2387
2481
2348
2381
2275
2352
2452
2473
2378
2324
2425
2423
2388
2359
2374
2367
2415
2439
2288
2325
2297
2382
2380
2355
2432
2433
2379
2327
2336
2449
2350
2392
2330
2350
2430
2365
2405
2229
2336
2400
2296
2352
2312
2379
2320
2269
2311
2269
2373
2375
2346
2331
2267
2238
2240
2269
2332
2283
2347
2204
2226
2088
2103
2000
2066
1936
1962
1874
1858
1738
1632
1637
1560
1508
1389
1422
1415
1477
1491
1524
1595
1680
1626
1700
1724
1665
1588
1620
1530
1444
1442
1463
1509
1504
1594
1590
1660
1774
1823
1881
1922
1966
2020
2112
2104
2122
2117
2259
2223
2248
2219
2279
2285
2248
2218
2324
2381
2410
2327
2321
2367
2319
2299
2274
2307
2269
2366
2342
2270
2342
2287
2366
2367
2370
2349
2336
2371
2345
2382
2307
2351
2335
2307
2287
2250
2304
2391
2340
2409
2372
2378
2304
2345
2352
2378
2402
2303
2385
2336
2409
2365
2362
2381
2357
2388
2372
2430
2365
2364
2421
2392
2446
2434
2334
2405
2464
2440
2360
2297
2364
2321
2402
2325
2329
2501
2322
2437
2450
2448
2381
2372
2339
2414
2366
2353
2344
2360
2398
2285
2420
2371
2425
2358
2418
2405
2294
2386
2338
2408
2380
2397
2382
2444
2361
2415
2481
2417
2401
2402
2417
2349
2426
2435
2362
2385
2368
2373
2361
2364
2379
2425
2445
2445
2330
2388
2352
2307
2449
2424
2388
2437
2351
2402
2345
2426
2415
2430
2383
2363
2428
2414
2446
2419
2459
2365
2417
2423
2355
2465
2382
2428
2481
2382
2444
2466
2406
2396
2361
2364
2343
2381
2436
2387
2375
2408
2457
2355
2409
2381
2326
2429
2419
2424
2386
2476
2422
2323
2429
2427
2423
2346
2343
2348
2433
2377
2355
2353
2413
2317
2338
2425
2430
2328
2402
2438
2429
2318
2403
2408
2340
2352
2383
2407
2408
2411
2357
2363
2377
2436
2374
2499
2369
2438
2399
2435
2483
2426
2322
2368
2427
2352
2423
