2372
2337
2421
2359
2373
2380
2390
2374
2398
2364
2361
2324
2314
2433
2368
2375
2471
2365
2381
2381
2397
2437
2355
2411
2288
2352
2388
2324
2387
2276
2383
2342
2369
2381
2359
2322
2327
2421
2377
2340
2368
2453
2467
2449
2320
2408
2418
2323
2346
2420
2381
2425
2376
2504
2411
2356
2379
2388
2386
2338
2270
2395
2299
2398
2443
2368
2414
2356
2425
2421
2362
2429
2302
2400
2419
2382
2404
2407
2342
2426
2420
2324
2378
2347
2345
2507
2494
2413
2413
2345
2341
2446
2414
2440
2493
2385
2257
2356
2371
2394
2318
2375
2272
2481
2449
2397
2461
2451
2393
2317
2464
2348
2376
2409
2361
2426
2391
2328
2362
2377
2338
2368
2300
2386
2342
2442
2423
2458
2347
2398
2354
2328
2360
2444
2442
2280
2326
2394
2398
2333
2395
2241
2294
2336
2410
2461
2319
2413
2437
2343
2359
2357
2362
2340
2427
2389
2368
2385
2358
2415
2365
2423
2411
2353
2478
2319
2397
2393
2390
2380
2322
2371
2362
2359
2396
2397
2266
2364
2323
2385
2320
2395
2391
2376
2357
2344
2404
2301
2342
2440
2376
2334
2321
2365
2356
2317
2367
2361
2339
2268
2297
2412
2379
2398
2308
2320
2365
2341
2360
2373
2283
2352
2287
2391
2300
2286
2278
2203
2230
2299
2238
2256
2236
2198
2192
2139
2077
2225
2064
2089
2043
1931
1877
1790
1648
1647
1636
1429
1474
1442
1367
1473
1537
1517
1577
1608
1693
1741
1818
1700
1677
1629
1644
1492
1438
1447
1472
1469
1566
1587
1629
1672
1807
1759
1911
1973
1994
2037
2072
2117
2190
2154
2172
2259
2254
2321
2357
2302
2357
2353
2303
2258
2275
2354
2352
2290
2332
2319
2318
2283
2392
2335
2352
2344
2329
2277
2260
2295
2296
2331
2395
2398
2436
2407
2316
2340
2467
2408
2395
2309
2332
2379
2387
2330
2323
2294
2273
2315
2283
2393
2395
2422
2457
2384
2280
2370
2356
2324
2408
2364
2370
2403
2326
2352
2366
2295
2283
2481
2447
2424
2418
2350
2467
2412
2312
2341
2461
2385
2472
2384
2367
2374
2349
2337
2426
2401
2386
2373
2315
2381
2418
2360
2359
2379
2282
2379
2451
2432
2402
2344
2369
2484
2438
2396
2418
2368
2393
2392
2375
2426
2408
2413
2301
2440
2376
2343
2337
2345
2433
2408
2377
2382
2436
2356
2456
2350
2381
2357
2441
2438
2332
2432
2374
2477
2312
2396
2316
2398
2353
2384
2410
2338
2406
2393
2398
2402
2369
2409
2422
2415
2487
2384
2365
2449
2410
2350
2371
2441
2313
2416
2380
2393
2423
2370
2389
2395
2369
2366
2402
2380
2425
2433
2355
2383
2386
2377
2403
2396
2427
2326
2421
2314
2379
2392
2451
2359
2415
2326
2379
2447
2317
2405
2319
2436
2364
2420
2430
2373
2362
2406
2453
2410
2340
2490
2408
2337
2439
2225
2306
2447
2375
2408
2387
2278
2265
2353
2319
2355
2401
2429
2362
2363
2353
2338
2407
2376
2352
2362
2395
2378
2356
2452
2266
2430
2433
2359
2430
2366
2453
2465
2439
2381
2425
2403
2378
2432
2454
2448
2395
2334
2394
2314
2359
2386
2343
2337
2424
2419
2349
2409
2325
2364
2408
2340
2243
2324
2295
2386
2443
2347
2366
2315
2411
2419
2452
2342
2356
2347
2333
2437
2404
2402
2434
2365
2412
2399
2443
2384
2420
2432
2309
2384
2337
2409
2464
2337
2276
2375
2446
2375
2277
2353
2433
2456
2404
2345
2419
2470
2342
2435
2452
2371
2403
2421
2383
2428
2360
2362
2359
2426
2401
2236
2314
2305
2366
2349
2408
2420
2390
2336
2420
2388
2357
2354
2362
2287
2400
2353
2360
2382
2392
2356
2354
2474
2367
2411
2437
2338
2382
2305
2349
2440
2330
2443
2399
2306
2367
2332
2324
2381
2364
2305
2341
2363
2376
2359
2370
2382
2305
2353
2393
2377
2380
2427
2345
2389
2363
2472
2288
2420
2422
2310
2379
2293
2359
2349
2366
2432
2343
2412
2402
2409
2404
2404
2393
2380
2416
2372
2379
2290
2393
2357
2366
2391
2382
2391
2389
2343
2374
2464
2324
2385
2336
2361
2355
2377
2319
2382
2365
2322
2451
2429
2276
2404
2296
2257
2351
2395
2329
2369
2328
2380
2373
2408
2342
2353
2354
2403
2391
2307
2383
2413
2353
2291
2383
2378
2313
2368
2267
2339
2396
2362
2432
2279
2329
2330
2308
2349
2307
2462
2327
2319
2387
2328
2381
2280
2326
2385
2305
2351
2268
2352
2289
2296
2292
2289
2256
2216
2219
2223
2195
2140
2117
2080
2043
2032
1964
2022
1828
1805
1745
1627
1591
1523
1496
1424
1461
1513
1461
1446
1619
1659
1702
1725
1750
1686
1665
1618
1514
1509
1464
1409
1501
1484
1458
1522
1561
1672
1787
1858
1834
1980
1978
1937
2042
2088
2142
2134
2174
2193
2177
2223
2238
2253
2344
2278
2255
2276
2320
2391
2328
2381
2327
2296
2320
2357
2272
2346
2313
2326
2310
2355
2386
2414
2303
2376
2322
2417
2224
2208
2320
2372
2395
2310
2390
2315
2382
2350
2347
2285
2351
2466
2372
2326
2394
2332
2323
2342
2366
2392
2309
2453
2365
2323
2363
2303
2353
2335
2343
2390
2384
2388
2386
2404
2292
2260
2298
2448
2378
2401
2314
2374
2376
2445
2370
2384
2390
2374
2402
2341
2374
2393
2387
2339
2381
2343
2400
2339
2415
2340
2407
2360
2369
2353
2360
2447
2367
2356
2303
2418
2441
2320
2389
2348
2354
2381
2368
2354
2346
2378
2344
2378
2361
2363
2392
2349
2374
2361
2320
2417
2409
2333
2332
2337
2439
2374
2384
2378
2348
2408
2365
2433
2409
2392
2396
2419
2396
2416
2474
2304
2290
2407
2379
2278
2392
2343
2432
2386
2375
2349
2293
2424
2413
2420
2399
2323
2422
2345
2363
2370
2472
2378
2423
2357
2407
2374
2354
2377
2400
2329
2366
2367
2382
2406
2459
2405
2338
2396
2346
2333
2395
2382
2327
2423
2304
2324
2462
2425
2325
2338
2437
2329
2356
2411
2411
2393
2388
2363
2265
2361
2416
2321
2392
2407
2325
2335
2356
2445
2387
2378
2446
2409
2390
2427
2367
2323
2419
2308
2386
2428
2383
2295
2371
