2382
2418
2327
2432
2351
2370
2458
2379
2307
2390
2321
2378
2390
2344
2321
2339
2352
2444
2443
2408
2397
2425
2401
2371
2381
2399
2343
2373
2426
2490
2460
2413
2328
2398
2427
2454
2360
2430
2435
2400
2454
2439
2454
2409
2435
2439
2353
2443
2359
2387
2393
2433
2382
2411
2370
2347
2433
2389
2446
2390
2413
2411
2385
2445
2360
2399
2435
2340
2375
2457
2382
2454
2414
2373
2413
2483
2388
2358
2432
2385
2367
2440
2409
2374
2307
2370
2411
2414
2492
2392
2433
2365
2331
2350
2337
2345
2398
2426
2283
2299
2404
2447
2331
2372
2406
2354
2405
2355
2454
2414
2392
2427
2386
2327
2429
2361
2375
2408
2301
2426
2421
2402
2414
2393
2356
2419
2400
2341
2388
2392
2380
2405
2358
2391
2382
2411
2380
2415
2401
2439
2403
2361
2431
2301
2394
2405
2358
2493
2415
2362
2469
2329
2417
2384
2323
2392
2384
2327
2348
2384
2401
2362
2416
2349
2470
2327
2375
2330
2368
2408
2300
2339
2391
2384
2369
2429
2426
2286
2425
2359
2415
2360
2403
2412
2384
2329
2420
2429
2368
2357
2313
2432
2318
2411
2435
2378
2301
2407
2385
2345
2309
2336
2352
2368
2294
2327
2379
2355
2349
2341
2321
2314
2404
2376
2363
2326
2318
2214
2275
2262
2226
2218
2299
2140
2260
2200
2100
2129
2061
2006
1976
1883
1869
1761
1673
1641
1572
1531
1528
1463
1431
1456
1563
1517
1577
1629
1644
1755
1763
1721
1667
1537
1558
1495
1419
1501
1410
1496
1555
1474
1652
1682
1738
1846
1847
1962
1979
2075
2070
2190
2178
2170
2164
2197
2277
2224
2268
2320
2266
2261
2348
2204
2313
2377
2291
2322
2287
2449
2372
2381
2401
2431
2394
2357
2331
2351
2371
2324
2360
2376
2361
2394
2389
2318
2360
2344
2357
2341
2279
2386
2310
2393
2368
2363
2328
2312
2300
2442
2410
2388
2372
2432
2321
2397
2394
2329
2327
2384
2353
2401
2441
2410
2422
2376
2417
2380
2386
2398
2433
2308
2411
2363
2441
2414
2335
2410
2470
2382
2395
2450
2405
2440
2327
2296
2431
2421
2369
2389
2351
2420
2419
2380
2350
2298
2345
2372
2477
2437
2447
2352
2357
2394
2365
2405
2406
2369
2349
2455
2376
2330
2415
2394
2390
2283
2438
2395
2403
2317
2345
2437
2472
2407
2425
2462
2411
2315
2442
2402
2390
2449
2419
2400
2418
2426
2317
2370
2322
2376
2365
2354
2435
2397
2402
2432
2273
2353
2391
2343
2430
2383
2456
2332
2418
2320
2352
2388
2370
2462
2424
2378
2313
2360
2319
2433
2460
2372
2458
2290
2430
2413
2446
2355
2460
2347
2441
2387
2497
2392
2394
2393
2442
2387
2330
2443
2430
2390
2388
2417
2357
2432
2315
2418
2363
2405
2407
2392
2421
2403
2379
2351
2398
2371
2443
2493
2389
2423
2402
2386
2428
2315
2424
2358
2353
2362
2329
2452
2378
2401
2412
2482
2443
2485
2458
2433
2371
2351
2438
2341
2345
2411
2483
2346
2355
2352
2355
2379
2391
2479
2428
2384
2386
2405
2391
2342
2352
2332
2444
2334
2449
2441
2444
2351
2394
2494
2368
2405
2401
2383
2367
2449
2438
2453
2502
2370
2446
2386
2412
2385
2433
2444
2417
2465
2437
2372
2421
2473
2410
2403
2368
2450
2383
2336
2382
2450
2341
2405
2380
2392
2301
2371
2327
2411
2345
2443
2334
2358
2387
2370
2370
2427
2361
2440
2377
2395
2412
2426
2397
2464
2426
2509
2423
2309
2371
2404
2349
2386
2351
2397
2444
2409
2363
2341
2428
2394
2336
2456
2384
2353
2409
2334
2381
2401
2353
2340
2380
2333
2318
2316
2305
2418
2405
2331
2344
2324
2329
2439
2363
2383
2341
2411
2402
2305
2317
2448
2396
2346
2277
2404
2331
2435
2395
2383
2374
2411
2399
2382
2375
2382
2332
2311
2493
2427
2357
2349
2487
2410
2344
2357
2434
2349
2401
2394
2388
2391
2421
2375
2433
2439
2313
2394
2289
2347
2388
2431
2314
2337
2338
2409
2310
2342
2320
2275
2340
2347
2380
2391
2368
2404
2428
2274
2327
2361
2412
2356
2355
2431
2505
2407
2320
2249
2397
2393
2383
2366
2416
2335
2367
2354
2380
2507
2437
2451
2425
2329
2311
2440
2436
2411
2294
2349
2478
2412
2360
2349
2299
2376
2378
2360
2381
2348
2463
2405
2306
2398
2367
2360
2354
2319
2276
2311
2309
2415
2308
2340
2397
2362
2360
2354
2328
2364
2344
2323
2277
2222
2285
2201
2251
2244
2261
2329
2232
2151
2243
2039
2047
2037
1978
1968
1843
1749
1738
1658
1554
1545
1592
1499
1410
1443
1516
1463
1578
1598
1730
1656
1757
1722
1583
1648
1608
1531
1499
1434
1496
1463
1502
1590
1642
1626
1754
1815
1894
1929
1950
1992
2133
2180
2110
2160
2179
2237
2297
2209
2226
2255
2226
2214
2334
2377
2301
2329
2304
2286
2303
2322
2406
2311
2186
2329
2405
2296
2376
2342
2352
2353
2324
2371
2363
2346
2354
2272
2489
2395
2399
2383
2363
2428
2401
2355
2379
2401
2424
2293
2309
2466
2391
2456
2484
2298
2358
2368
2388
2371
2394
2419
2366
2408
2378
2371
2394
2329
2400
2412
2289
2373
2363
2424
2383
2315
2358
2504
2381
2377
2347
2360
2317
2406
2350
2313
2372
2369
2398
2352
2398
2352
2318
2354
2468
2360
2327
2296
2335
2427
2432
2372
2435
2373
2392
2424
2321
2326
2393
2382
2308
2405
2358
2352
2422
2448
2404
2350
2432
2359
2365
2388
2330
2339
2427
2349
2346
2411
2399
2355
2379
2273
2340
2404
2481
2394
2358
2487
2293
2349
2407
2434
2362
2365
2377
2427
2483
2454
2410
2407
2306
2329
2398
2366
2391
2412
2491
2503
2485
2425
2520
2380
2417
2426
2324
2317
2410
2410
2459
2438
2401
2351
2507
2421
2398
2407
2369
2402
2435
2358
2382
2313
2336
2343
2444
2356
2393
2502
2400
2327
2346
2366
2448
2328
2439
2417
2468
2397
2441
2422
2383
2357
2349
2409
2462
2422
2421
2416
2430
2238
2406
2389
2431
2411
2381
2416
2354
2358
2373
2414
2438
2415
2397
2432
2419
2411
2451
2469
2351
2292
2395
