2408
2405
2391
2413
2424
2430
2382
2351
2450
2405
2316
2428
2371
2401
2386
2361
2422
2381
2432
2371
2406
2484
2407
2435
2377
2459
2281
2426
2331
2415
2401
2418
2367
2381
2430
2437
2463
2442
2321
2387
2412
2370
2425
2415
2409
2460
2350
2402
2462
2473
2372
2408
2345
2373
2377
2327
2383
2501
2425
2404
2376
2414
2316
2352
2436
2432
2444
2423
2385
2446
2418
2462
2480
2335
2379
2398
2375
2333
2421
2424
2400
2311
2420
2383
2452
2363
2361
2381
2389
2443
2340
2376
2363
2279
2375
2387
2334
2444
2421
2438
2458
2396
2378
2451
2397
2453
2434
2419
2403
2365
2434
2364
2407
2327
2387
2437
2405
2376
2371
2400
2418
2344
2333
2412
2348
2386
2439
2411
2424
2437
2402
2325
2348
2328
2459
2458
2471
2421
2389
2376
2314
2379
2379
2366
2445
2423
2482
2365
2327
2321
2426
2378
2445
2343
2457
2385
2398
2415
2346
2393
2362
2361
2335
2480
2365
2366
2486
2359
2424
2419
2385
2443
2365
2358
2438
2399
2374
2338
2392
2352
2312
2351
2391
2423
2222
2376
2462
2458
2257
2435
2442
2351
2377
2427
2402
2332
2377
2310
2379
2360
2402
2381
2394
2343
2346
2413
2333
2332
2377
2291
2303
2265
2250
2255
2356
2186
2249
2287
2339
2256
2273
2263
2202
2310
2168
2185
2139
2126
2062
2114
2015
1992
1797
1754
1658
1627
1544
1563
1549
1468
1445
1474
1439
1561
1599
1670
1748
1692
1704
1707
1655
1636
1505
1505
1489
1409
1518
1471
1550
1560
1670
1686
1819
1819
1922
1985
2102
2170
2102
2130
2122
2153
2182
2193
2275
2236
2369
2272
2382
2232
2366
2282
2341
2307
2285
2307
2318
2285
2365
2341
2275
2318
2328
2288
2362
2319
2316
2312
2323
2364
2316
2317
2304
2358
2356
2318
2362
2352
2366
2445
2372
2413
2322
2321
2336
2313
2407
2356
2403
2325
2488
2417
2395
2329
2397
2372
2344
2331
2377
2280
2383
2337
2469
2354
2424
2408
2355
2398
2300
2397
2390
2337
2376
2445
2404
2392
2346
2395
2399
2394
2389
2401
2515
2378
2373
2334
2284
2347
2354
2410
2377
2396
2425
2363
2364
2404
2366
2401
2412
2383
2345
2438
2487
2355
2404
2512
2365
2389
2511
2383
2415
2346
2355
2355
2455
2450
2378
2380
2432
2380
2431
2416
2343
2413
2487
2407
2360
2397
2388
2402
2426
2325
2381
2371
2333
2474
2430
2434
2405
2426
2330
2402
2414
2358
2406
2430
2392
2428
2409
2416
2403
2457
2482
2496
2339
2395
2427
2418
2372
2480
2421
2398
2308
2406
2353
2386
2371
2336
2378
2370
2397
2429
2406
2405
2350
2450
2455
2430
2485
2481
2441
2395
2359
2396
2354
2399
2419
2343
2361
2445
2413
2344
2436
2440
2450
2460
2407
2446
2336
2380
2435
2402
2410
2347
2363
2400
2369
2391
2434
2462
2372
2423
2368
2347
2345
2371
2373
2414
2463
2378
2438
2400
2423
2410
2373
2434
2444
2477
2311
2412
2416
2406
2378
2497
2423
2373
2379
2379
2296
2310
2339
2416
2383
2488
2339
2366
2393
2334
2269
2327
2366
2475
2431
2357
2416
2394
2366
2347
2376
2378
2393
2340
2365
2368
2376
2440
2426
2416
2395
2324
2428
2430
2399
2400
2309
2539
2432
2394
2477
2358
2385
2435
2460
2365
2469
2401
2436
2301
2373
2355
2360
2405
2385
2415
2389
2370
2375
2431
2437
2385
2353
2406
2469
2398
2347
2332
2340
2390
2450
2355
2370
2504
2388
2370
2478
2400
2404
2254
2429
2418
2302
2348
2407
2371
2382
2388
2483
2467
2425
2462
2345
2423
2448
2388
2395
2376
2395
2326
2447
2495
2355
2411
2346
2421
2357
2390
2399
2456
2338
2390
2394
2318
2386
2430
2402
2317
2378
2381
2379
2377
2492
2355
2329
2326
2381
2306
2409
2421
2357
2319
2456
2324
2329
2428
2298
2452
2371
2321
2457
2310
2413
2363
2396
2398
2425
2388
2356
2357
2413
2342
2426
2330
2385
2356
2328
2315
2317
2307
2359
2357
2361
2340
2431
2380
2442
2398
2371
2324
2453
2499
2316
2429
2360
2339
2354
2395
2364
2307
2352
2292
2443
2324
2408
2353
2270
2362
2314
2367
2388
2435
2355
2376
2310
2312
2334
2411
2295
2320
2256
2402
2432
2318
2341
2324
2296
2305
2271
2402
2347
2394
2421
2351
2326
2381
2264
2398
2431
2414
2352
2361
2403
2359
2363
2336
2236
2324
2344
2337
2325
2281
2219
2338
2268
2273
2300
2252
2232
2285
2219
2228
2169
2212
2145
2083
2109
2074
1925
1942
1861
1741
1661
1609
1612
1521
1468
1475
1441
1431
1432
1503
1600
1558
1677
1800
1697
1749
1723
1633
1584
1481
1493
1404
1472
1412
1476
1547
1623
1655
1745
1843
1871
1992
1995
2012
2050
2187
2067
2219
2195
2245
2207
2299
2218
2277
2350
2360
2265
2274
2344
2334
2254
2291
2311
2348
2297
2291
2378
2307
2323
2412
2316
2239
2285
2429
2312
2338
2375
2384
2331
2305
2382
2342
2365
2479
2364
2344
2354
2460
2384
2329
2379
2286
2392
2384
2319
2327
2392
2428
2352
2412
2378
2377
2316
2322
2331
2403
2300
2363
2398
2401
2364
2363
2370
2370
2402
2317
2394
2358
2297
2386
2374
2379
2416
2415
2336
2328
2382
2387
2398
2433
2399
2438
2421
2356
2382
2394
2397
2424
2349
2420
2437
2387
2432
2302
2405
2342
2356
2349
2414
2445
2390
2375
2429
2402
2390
2396
2330
2428
2384
2347
2441
2406
2412
2281
2383
2382
2432
2339
2332
2347
2402
2362
2398
2416
2295
2400
2359
2413
2402
2371
2401
2422
2438
2505
2373
2410
2430
2340
2346
2363
2317
2439
2461
2375
2399
2414
2452
2456
2353
2356
2414
2358
2398
2394
2431
2349
2400
2319
2378
2412
2462
2339
2353
2335
2388
2340
2320
2363
2310
2366
2376
2472
2337
2382
2400
2318
2314
2418
2345
2377
2361
2325
2295
2413
2364
2417
2277
2360
2427
2350
2444
2375
2406
2371
2380
2385
2434
2449
2376
2481
2328
2384
2403
2371
2439
2363
2412
2310
2409
2444
2387
2406
2461
2430
2361
2303
2453
2381
2331
2424
2386
2393
2402
