2814
2830
2791
2829
2808
2828
2786
2751
2753
2838
2832
2825
2800
2862
2871
2821
2845
2783
2836
2755
2799
2868
2790
2820
2822
2779
2881
2775
2905
2740
2883
2855
2844
2772
2803
2795
2886
2860
2827
2777
2779
2744
2892
2839
2883
2723
2818
2834
2771
2760
2857
2809
2869
2882
2752
2804
2851
2810
2814
2749
2805
2826
2796
2817
2828
2837
2759
2845
2818
2746
2783
2922
2875
2764
2854
2822
2919
2865
2810
2753
2800
2839
2846
2744
2845
2879
2746
2795
2823
2875
2824
2918
2794
2796
2790
2894
2841
2831
2753
2758
2799
2875
2825
2810
2737
2772
2855
2803
2825
2747
2804
2843
2824
2729
2738
2839
2717
2835
2758
2782
2822
2814
2826
2794
2765
2850
2750
2808
2759
2851
2793
2819
2845
2850
2751
2920
2807
2870
2734
2814
2720
2808
2789
2856
2812
2671
2685
2864
2783
2856
2861
2813
2810
2919
2891
2834
2792
2799
2746
2941
2776
2759
2784
2781
2775
2813
2860
2874
2831
2855
2845
2659
2896
2822
2836
2796
2713
2703
2860
2729
2872
2771
2838
2829
2710
2753
2743
2833
2818
2764
2715
2818
2855
2729
2777
2743
2803
2893
2782
2789
2754
2715
2807
2822
2715
2656
2731
2742
2787
2768
2737
2739
2794
2725
2740
2649
2736
2728
2827
2757
2638
2641
2648
2621
2575
2566
2582
2564
2489
2320
2310
2288
2159
2075
1988
1974
1882
1788
1762
1728
1734
1733
1739
1742
1868
1987
2000
2050
1926
1988
1976
1893
1785
1707
1701
1795
1751
1668
1815
1757
1913
2044
2048
2101
2142
2316
2324
2344
2408
2546
2504
2650
2617
2610
2693
2592
2714
2877
2649
2789
2747
2715
2739
2711
2745
2737
2830
2781
2771
2793
2793
2808
2734
2759
2742
2857
2666
2799
2845
2758
2789
2816
2764
2712
2706
2826
2858
2735
2724
2789
2672
2889
2867
2812
2736
2807
2864
2794
2802
2764
2861
2744
2801
2899
2751
2756
2850
2817
2813
2749
2906
2782
2859
2833
2815
2789
2778
2861
2761
2834
2790
2683
2757
2744
2762
2820
2829
2844
2791
2804
2877
2775
2783
2901
2828
2922
2772
2794
2839
2776
2760
2776
2808
2791
2808
2836
2712
2783
2892
2834
2839
2799
2821
2781
2794
2743
2817
2810
2787
2810
2716
2922
2893
2873
2772
2769
2826
2736
2777
2797
2834
2898
2865
2846
2841
2803
2716
2878
2895
2885
2874
2771
2778
2860
2774
2788
2863
2836
2705
2764
2729
2905
2810
2764
2863
2772
2812
2745
2856
2729
2755
2779
2867
2849
2798
2755
2843
2877
2777
2827
2771
2910
2785
2769
2732
2753
2871
2830
2839
2818
2797
2917
2846
2779
2870
2828
2925
2900
2914
2854
2796
2949
2890
2853
2827
2790
2784
2871
2811
2856
2821
2930
2836
2848
2829
2852
2802
2841
2828
2857
2796
2882
2752
2859
2798
2943
2836
2901
2771
2739
2840
2717
2881
2748
2753
2881
2826
2820
2870
2825
2783
2853
2801
2835
2816
2877
2927
2848
2793
2819
2888
2780
2855
2853
2738
2800
2860
2884
2785
2848
2809
2853
2860
2830
2714
2926
2763
2819
2808
2762
2831
2740
2817
2841
2777
2772
2834
2854
2866
2724
3016
2831
2839
2766
2844
2824
2883
2739
2896
2799
2835
2878
2708
2729
2731
2765
2781
2835
2716
2781
2856
2843
2833
2769
2769
2885
2829
2868
2850
2744
2762
2843
2928
2800
2843
2869
2777
2818
2814
2835
2693
2823
2757
2837
2755
2877
2817
2802
2699
2877
2897
2808
2788
2925
2852
2771
2715
2909
2789
2818
2728
2782
2817
2799
2846
2765
2792
2762
2878
2899
2787
2822
2820
2866
2862
2827
2741
2798
2858
2717
2792
2800
2760
2830
2790
2869
2773
2801
2902
2840
2748
2788
2761
2725
2724
2767
2825
2754
2783
2797
2811
2814
2871
2687
2822
2742
2804
2821
2859
2808
2767
2845
2725
2844
2812
2836
2751
2801
2859
2819
2781
2765
2869
2743
2810
2826
2724
2763
2738
2804
2846
2763
2839
2724
2875
2870
2774
2872
2867
2827
2851
2721
2824
2824
2740
2834
2808
2823
2750
2845
2704
2906
2727
2761
2742
2755
2733
2734
2676
2733
2813
2767
2787
2759
2810
2842
2699
2743
2775
2856
2798
2678
2896
2813
2770
2725
2903
2757
2765
2807
2775
2720
2748
2841
2886
2677
2796
2780
2770
2731
2728
2780
2818
2735
2711
2689
2687
2674
2768
2779
2809
2797
2681
2805
2744
2710
2763
2744
2653
2706
2847
2790
2754
2669
2693
2638
2610
2619
2802
2651
2652
2525
2555
2480
2420
2352
2325
2198
2196
2025
2046
1949
1929
1826
1682
1749
1725
1749
1662
1725
1789
1911
1968
1969
2117
2081
1988
1882
1852
1824
1782
1735
1810
1735
1762
1922
1850
1920
2018
2209
2227
2301
2403
2524
2480
2476
2472
2588
2655
2627
2578
2681
2606
2703
2684
2724
2703
2758
2715
2736
2742
2690
2744
2704
2782
2694
2752
2723
2764
2786
2664
2733
2784
2830
2801
2716
2795
2842
2895
2918
2806
2771
2834
2790
2767
2839
2783
2815
2768
2708
2798
2776
2835
2795
2789
2876
2807
2770
2847
2780
2777
2762
2790
2775
2801
2878
2764
2748
2811
2784
2893
2778
2769
2866
2739
2825
2766
2740
2798
2832
2802
2819
2901
2843
2802
2794
2761
2797
2761
2903
2780
2941
2840
2892
2789
2807
2829
2766
2887
2866
2870
2776
2839
2863
2866
2757
2770
2745
2900
2809
2795
2816
2912
2878
2806
2807
2732
2939
2828
2806
2907
2742
2802
2796
2853
2842
2763
2897
2748
2812
2732
2746
2777
2841
2871
2769
2817
2753
2903
2774
2813
2761
2791
2808
2742
2869
2814
2708
2853
2933
2828
2819
2807
2814
2873
2808
2729
2851
2815
2907
2841
2863
2805
2861
2891
2784
2747
2860
2793
2765
2841
2957
2757
2780
2914
2853
2821
2787
2804
2735
2891
2840
2714
2866
2914
2734
2843
2796
2774
2808
2781
2838
2767
2728
2817
2723
2825
2863
2807
2755
2814
2836
2861
2866
2845
2808
2874
2904
2763
2814
2880
2886
2795
2882
2794
2765
2689
2768
2766
2745
2943
2872
2793
2847
2810
2832
2770
2880
2727
2845
2738
2804
2855
