2305
2242
2322
2331
2327
2364
2321
2400
2433
2363
2296
2265
2346
2348
2435
2361
2356
2267
2313
2473
2281
2309
2355
2340
2410
2294
2359
2243
2366
2351
2362
2375
2326
2355
2378
2406
2338
2277
2366
2391
2297
2275
2354
2388
2322
2287
2346
2310
2433
2382
2284
2310
2339
2293
2334
2385
2287
2355
2309
2246
2366
2264
2312
2317
2180
2192
2229
2285
2257
2133
2156
2225
2137
2169
2120
2082
2023
1983
2120
1976
2006
2021
1910
2004
2036
1902
1983
2040
2045
1898
2013
2074
2014
1920
2055
2005
2071
2061
2084
2152
2016
2093
2086
2158
2120
2177
2184
2238
2138
2044
2227
2240
2179
2253
2269
2327
2261
2291
2286
2265
2252
2249
2247
2262
2269
2200
2207
2249
2305
2261
2383
2200
2258
2266
2385
2289
2300
2222
2383
2258
2254
2159
2177
2151
2096
2092
2154
2038
2051
2020
2045
1962
2067
1984
1936
2031
1987
1998
1954
2048
2074
2062
1994
2040
2076
2153
2097
2238
2160
2135
2232
2259
2214
2186
2150
2268
2174
2187
2241
2145
2224
2280
2259
2355
2243
2272
2279
2354
2310
2222
2330
2252
2320
2201
2355
2189
2254
2270
2312
2294
2292
2274
2372
2274
2361
2290
2219
2307
2244
2275
2288
2257
2308
2149
2137
2132
2100
2152
2101
2022
2099
1928
2067
2053
2068
2152
2051
2165
2040
2182
2233
2112
2160
2241
2205
2198
2225
2238
2217
2243
2320
2246
2235
2262
2286
2259
2206
2284
2204
2328
2226
2175
2232
2213
2222
2223
2238
2162
2253
2213
2237
2258
2155
2226
2150
2123
2097
2066
2043
2053
2096
2051
1987
2129
2109
2046
2027
2225
2207
2141
2251
2267
2201
2239
2261
2335
2204
2266
2305
2392
2234
2293
2240
2292
2256
2215
2317
2234
2355
2252
2368
2260
2383
2303
2279
2185
2292
2257
2243
2342
2333
2374
2254
2214
2204
2309
2218
2191
2241
2254
2268
2223
2299
2225
2168
2215
2132
2156
2176
2062
2136
2110
2111
2006
2090
2123
1937
2064
1974
1980
1946
1892
1962
1992
2034
2019
2057
2082
2050
2103
2104
2205
2231
2233
2191
2233
2246
2311
2253
2217
2278
2292
2233
2284
2246
2372
2349
2341
2264
2270
2248
2239
2335
2147
2324
2269
2222
2221
2266
2299
2171
2250
2275
2308
2159
2189
2182
2188
2118
2240
2167
2196
2151
2095
2113
2147
2147
2083
2141
2040
2084
1968
1995
2032
1972
1964
1950
1951
2002
1953
1916
1922
1896
1980
1964
2008
2068
2027
2042
2015
2065
2168
2107
2199
2152
2284
2275
2265
2280
2286
2294
2361
2326
2259
2318
2265
2354
2310
2286
2320
2342
2329
2310
2337
2386
2359
2298
2263
2355
2367
2360
2359
2334
2381
2313
2348
2365
2294
2332
2312
2340
2321
2311
2371
2324
2325
2392
2354
2326
2322
2316
2367
2328
2454
2393
2321
2406
2313
2236
2337
2356
2432
2264
2302
2373
2277
2371
2347
2258
2364
2368
2378
2284
2332
2340
2399
2322
2322
2261
2375
2471
2329
2331
2370
2342
2328
2329
2430
2335
2375
2289
2338
2363
2364
2359
2358
2395
2354
2380
2302
2326
2333
2294
2326
2339
2355
2323
2329
2327
2374
2333
2309
2339
2359
2269
2313
2326
2311
2290
2396
2353
2277
2377
2312
2348
2334
2310
2289
2457
2323
2342
2393
2314
2313
2247
2244
2355
2357
2401
2391
2289
2328
2320
2359
2374
2380
2261
2343
2233
2371
2271
2308
2338
2343
2329
2367
2387
2345
2313
2315
2243
2324
2290
2343
2371
2303
2318
2213
2295
2278
2332
2289
2238
2175
2287
2259
2173
2173
2059
2186
2114
2047
2037
2120
1916
2036
1951
1993
1967
1979
1958
1947
1874
1835
1983
1961
2000
2021
1997
2012
1932
2077
2062
2061
2133
1938
2099
2151
2100
2127
2142
2124
2198
2108
2205
2223
2272
2212
2184
2231
2235
2187
2191
2284
2210
2262
2319
2239
2282
2339
2248
2132
2295
2169
2315
2255
2248
2214
2224
2184
2284
2348
2290
2307
2331
2249
2264
2280
2225
2145
2174
2130
2128
2066
2072
2032
2073
1997
1979
2021
1968
1921
1993
2087
1870
2004
1967
2074
2066
2071
2072
2101
2065
2147
2141
2163
2194
2084
2293
2160
2191
2187
2194
2261
2180
2285
2216
2270
2232
2284
2354
2207
2254
2233
2258
2219
2325
2277
2221
2338
2208
2226
2258
2302
2227
2320
2331
2359
2348
2312
2333
2337
2289
2291
2314
2202
2275
2231
2195
2185
2258
2223
2197
2175
2125
2104
2064
2008
2014
1982
2031
2085
2033
2049
2069
2247
2211
2125
2251
2236
2226
2228
2293
2171
2279
2180
2222
2295
2201
2192
2207
2321
2206
2303
2302
2195
2289
2252
2248
2209
2231
2215
2296
2219
2217
2296
2171
2232
2194
2147
2234
2250
2146
2199
2185
2151
2141
2170
2146
2045
2097
2102
2018
2095
2073
2144
2187
2047
2198
2188
2224
2227
2259
2299
2361
2286
2256
2278
2304
2312
2286
2224
2337
2247
2235
2351
2258
2267
2289
2311
2371
2367
2368
2283
2286
2301
2288
2304
2321
2251
2244
2227
2198
2275
2192
2181
2229
2264
2266
2187
2199
2116
2123
2224
2125
2183
2141
2056
2026
2106
2101
2088
1987
2034
1951
1896
1997
1965
1982
1876
1943
2002
1970
2035
1996
2014
2116
2034
2122
2173
2288
2175
2230
2284
2280
2351
2228
2284
2274
2320
2244
2232
2232
2347
2218
2181
2298
2337
2275
2222
2203
2263
2252
2235
2271
2223
2180
2311
2273
2194
2143
2150
2235
2211
2131
2174
2132
2174
2141
2087
2099
2129
2133
2069
2091
2037
2077
2052
2024
2110
1962
2023
1974
1966
2046
1979
1984
1957
1972
1987
1992
1926
2074
1977
2074
2048
2028
2106
2093
2189
2176
2231
2111
2230
2219
2226
2223
2271
2183
2323
2264
2258
2288
2320
2313
2326
2398
2309
2329
2288
2305
2258
2244
2333
2295
2341
2269
2265
2300
2295
2398
2335
2311
2363
2264
2362
2330
2358
2331
2297
2231
2348
2304
2341
2426
2324
2271
2283
2325
2380
2328
2383
2333
2303
2307
2291
2325
2322
2303
2355
2362
2345
2399
2337
2332
2221
2254
2232
2321
2415
2323
2357
2329
