2707
2699
2806
2604
2722
2646
2695
2657
2660
2644
2740
2648
2668
2558
2668
2693
2622
2707
2638
2762
2662
2657
2702
2585
2719
2647
2686
2589
2669
2722
2591
2705
2647
2776
2539
2672
2684
2666
2685
2698
2721
2709
2648
2642
2689
2624
2616
2630
2714
2632
2662
2745
2682
2647
2607
2741
2674
2597
2574
2655
2743
2702
2653
2720
2630
2631
2671
2615
2646
2732
2595
2771
2655
2680
2687
2725
2589
2666
2718
2724
2693
2637
2787
2675
2791
2638
2587
2770
2585
2630
2668
2662
2703
2715
2650
2669
2578
2704
2609
2636
2764
2699
2637
2617
2698
2681
2707
2714
2652
2711
2706
2636
2709
2589
2681
2689
2708
2698
2689
2706
2675
2620
2683
2595
2667
2679
2696
2631
2738
2676
2745
2695
2560
2730
2645
2683
2680
2659
2641
2701
2680
2544
2644
2651
2643
2653
2653
2615
2664
2596
2646
2747
2696
2733
2652
2654
2672
2593
2669
2658
2685
2623
2683
2573
2644
2673
2686
2657
2653
2705
2618
2665
2741
2691
2628
2640
2721
2668
2611
2653
2661
2726
2640
2592
2702
2659
2714
2536
2663
2644
2662
2688
2653
2654
2626
2664
2670
2659
2643
2608
2692
2645
2622
2597
2614
2570
2537
2512
2583
2633
2664
2581
2621
2674
2651
2525
2556
2597
2645
2533
2450
2458
2514
2475
2566
2529
2375
2292
2248
2262
2219
2132
2043
2027
1982
1849
1851
1673
1707
1661
1615
1672
1686
1720
1802
1887
1907
1916
1956
1881
1832
1829
1743
1699
1623
1660
1610
1635
1707
1751
1800
1880
1948
2044
2071
2203
2260
2299
2397
2330
2372
2432
2490
2550
2479
2477
2486
2576
2547
2684
2473
2575
2504
2604
2513
2585
2527
2592
2655
2606
2531
2600
2662
2606
2628
2682
2648
2635
2636
2621
2724
2614
2588
2561
2821
2628
2734
2589
2572
2691
2598
2657
2769
2667
2633
2686
2604
2651
2710
2665
2640
2629
2622
2597
2732
2662
2659
2667
2619
2619
2623
2688
2730
2718
2683
2668
2656
2634
2631
2733
2680
2680
2551
2753
2751
2729
2666
2635
2687
2634
2714
2683
2679
2700
2611
2690
2647
2644
2711
2733
2707
2687
2535
2685
2617
2696
2799
2658
2665
2687
2630
2734
2685
2597
2636
2645
2544
2692
2681
2609
2631
2631
2751
2720
2603
2748
2708
2693
2815
2739
2595
2711
2638
2571
2665
2631
2692
2671
2657
2660
2739
2639
2703
2689
2651
2700
2766
2611
2722
2616
2643
2712
2694
2636
2653
2747
2761
2652
2680
2691
2710
2682
2585
2579
2640
2582
2610
2672
2690
2740
2605
2628
2640
2718
2549
2635
2693
2618
2711
2663
2651
2736
2717
2664
2744
2569
2705
2653
2650
2718
2721
2675
2726
2751
2678
2589
2641
2645
2669
2732
2684
2598
2614
2665
2696
2699
2764
2699
2662
2657
2685
2683
2682
2643
2664
2572
2738
2672
2717
2715
2688
2680
2802
2728
2703
2747
2615
2656
2664
2758
2690
2684
2676
2665
2690
2666
2618
2767
2677
2633
2782
2612
2630
2627
2612
2597
2648
2676
2727
2662
2655
2804
2720
2728
2723
2607
2706
2686
2657
2649
2680
2770
2627
2728
2722
2648
2700
2641
2648
2663
2748
2654
2766
2652
2663
2689
2695
2674
2625
2746
2710
2683
2781
2646
2641
2643
2727
2697
2731
2645
2717
2556
2672
2691
2706
2623
2683
2765
2640
2691
2703
2741
2767
2675
2615
2734
2716
2749
2617
2682
2653
2664
2698
2698
2636
2685
2601
2593
2687
2647
2711
2653
2736
2674
2687
2681
2670
2605
2707
2684
2609
2606
2657
2664
2662
2653
2587
2733
2727
2654
2785
2617
2674
2611
2731
2670
2635
2658
2660
2740
2628
2687
2715
2743
2686
2656
2675
2586
2630
2618
2657
2539
2679
2708
2659
2639
2644
2705
2573
2628
2712
2683
2607
2655
2631
2694
2657
2694
2664
2740
2695
2576
2577
2715
2785
2579
2720
2781
2713
2619
2591
2662
2739
2676
2648
2667
2768
2540
2566
2596
2625
2623
2683
2706
2588
2695
2718
2633
2723
2707
2607
2677
2687
2623
2627
2612
2651
2697
2573
2661
2662
2693
2570
2672
2701
2577
2701
2643
2629
2667
2561
2819
2624
2621
2756
2618
2685
2753
2677
2616
2731
2659
2615
2622
2781
2718
2669
2563
2662
2569
2713
2658
2622
2675
2619
2711
2702
2702
2697
2648
2675
2570
2745
2703
2590
2596
2634
2637
2562
2585
2639
2605
2523
2565
2560
2656
2609
2549
2577
2626
2567
2496
2595
2573
2530
2525
2510
2561
2604
2535
2462
2403
2425
2361
2283
2267
2228
2135
2093
2074
1888
1859
1747
1752
1675
1656
1598
1593
1681
1667
1757
1824
1854
1968
2043
1877
1903
1807
1666
1651
1675
1653
1593
1647
1693
1732
1795
1878
1875
2096
2051
2168
2291
2267
2225
2330
2431
2466
2455
2460
2511
2599
2578
2481
2530
2574
2512
2578
2647
2589
2589
2575
2628
2630
2620
2536
2560
2692
2542
2658
2561
2609
2622
2716
2647
2668
2586
2604
2647
2664
2617
2668
2689
2670
2646
2582
2728
2637
2688
2670
2676
2612
2669
2513
2704
2628
2558
2694
2637
2651
2588
2713
2750
2721
2724
2589
2582
2671
2646
2645
2626
2672
2648
2629
2644
2578
2671
2529
2641
2726
2644
2636
2616
2614
2663
2748
2668
2654
2563
2580
2720
2645
2712
2695
2657
2546
2663
2678
2627
2621
2688
2675
2677
2635
2619
2662
2712
2575
2555
2627
2725
2654
2589
2574
2725
2676
2685
2709
2644
2591
2611
2667
2716
2643
2654
2719
2721
2651
2685
2855
2557
2687
2594
2731
2599
2686
2598
2729
2625
2621
2669
2652
2663
2657
2632
2700
2686
2639
2598
2680
2654
2640
2617
2681
2709
2728
2736
2659
2609
2726
2672
2721
2701
2697
2617
2835
2699
2645
2766
2705
2652
2688
2677
2680
2630
2705
2648
2668
2632
2654
2694
2671
2585
2654
2619
2605
2624
2627
2737
2670
2602
2606
2654
2741
2639
2621
2673
2700
2614
2692
2727
2624
2663
2661
2555
2719
2655
2658
2700
2626
2624
2692
2663
2706
2610
2619
2607
2652
2681
2655
2756
2728
2726
2758
2696
2653
2656
2602
2623
2723
2679
2622
2673
