2382
2314
2389
2458
2367
2484
2401
2361
2356
2441
2297
2323
2440
2421
2366
2445
2364
2337
2571
2314
2420
2320
2302
2416
2377
2400
2401
2439
2400
2419
2335
2390
2433
2418
2441
2434
2366
2361
2412
2419
2347
2401
2425
2349
2367
2395
2323
2352
2413
2340
2384
2319
2362
2451
2349
2482
2412
2378
2444
2407
2356
2369
2415
2339
2380
2378
2392
2410
2354
2362
2385
2391
2343
2365
2289
2420
2397
2418
2383
2376
2376
2496
2362
2402
2382
2375
2393
2417
2438
2440
2398
2431
2417
2461
2317
2420
2405
2418
2302
2351
2364
2361
2358
2358
2379
2342
2354
2314
2344
2305
2311
2374
2402
2389
2348
2420
2365
2465
2397
2466
2413
2421
2415
2415
2405
2273
2368
2433
2277
2404
2465
2365
2335
2385
2381
2449
2398
2286
2346
2420
2424
2328
2410
2403
2394
2437
2390
2433
2308
2339
2436
2408
2432
2320
2349
2375
2359
2345
2227
2402
2346
2284
2402
2354
2394
2443
2263
2443
2329
2427
2387
2382
2356
2390
2408
2314
2362
2465
2352
2310
2317
2360
2352
2327
2356
2391
2362
2353
2321
2308
2360
2264
2455
2400
2386
2438
2375
2349
2326
2412
2389
2382
2371
2313
2310
2302
2349
2302
2256
2386
2340
2398
2403
2251
2310
2299
2349
2223
2297
2231
2227
2287
2239
2277
2187
2215
2199
2076
2052
2048
1993
1884
1843
1744
1723
1614
1521
1455
1524
1463
1483
1495
1471
1517
1617
1656
1732
1755
1734
1732
1717
1649
1544
1479
1454
1445
1436
1486
1534
1504
1619
1607
1721
1832
1937
1907
2026
2039
2117
2208
2170
2193
2208
2260
2294
2318
2261
2312
2213
2235
2173
2290
2383
2340
2274
2219
2375
2286
2222
2358
2285
2324
2357
2324
2353
2389
2337
2377
2328
2318
2389
2380
2312
2294
2398
2410
2314
2359
2401
2367
2398
2352
2343
2381
2293
2345
2440
2387
2395
2368
2453
2303
2350
2345
2413
2371
2398
2319
2391
2386
2408
2394
2402
2341
2322
2394
2435
2348
2411
2427
2312
2332
2398
2322
2377
2356
2345
2342
2392
2377
2413
2340
2436
2398
2413
2420
2408
2463
2387
2350
2432
2444
2316
2411
2412
2338
2414
2342
2352
2379
2286
2449
2338
2364
2436
2361
2457
2333
2439
2443
2341
2426
2388
2447
2350
2412
2376
2383
2410
2356
2445
2396
2320
2451
2328
2427
2452
2381
2328
2287
2384
2404
2334
2355
2405
2402
2409
2240
2289
2353
2299
2381
2357
2393
2456
2471
2427
2260
2356
2403
2408
2348
2374
2439
2392
2414
2381
2438
2290
2365
2370
2376
2350
2414
2414
2367
2418
2264
2368
2432
2355
2333
2399
2399
2310
2383
2326
2355
2433
2302
2344
2327
2380
2386
2398
2350
2360
2380
2480
2448
2456
2328
2397
2388
2431
2421
2398
2324
2350
2417
2286
2360
2289
2458
2364
2375
2335
2401
2394
2378
2369
2364
2360
2375
2399
2409
2436
2359
2506
2411
2355
2370
2326
2447
2470
2394
2342
2362
2494
2253
2376
2325
2358
2340
2356
2463
2429
2353
2332
2353
2415
2293
2375
2360
2425
2446
2378
2399
2380
2393
2379
2414
2334
2496
2376
2450
2405
2372
2492
2358
2364
2376
2391
2415
2356
2439
2396
2334
2352
2356
2383
2421
2345
2348
2367
2368
2411
2358
2379
2400
2378
2458
2459
2395
2355
2383
2299
2413
2340
2366
2462
2394
2379
2275
2359
2398
2337
2316
2306
2391
2346
2437
2352
2391
2333
2382
2365
2327
2376
2370
2348
2362
2327
2377
2379
2378
2311
2417
2398
2307
2416
2456
2388
2383
2370
2410
2377
2294
2297
2358
2387
2335
2373
2347
2329
2367
2399
2374
2312
2421
2411
2315
2326
2388
2378
2301
2343
2274
2332
2433
2419
2386
2475
2330
2337
2415
2370
2363
2420
2401
2415
2326
2480
2390
2353
2321
2391
2451
2419
2441
2352
2405
2406
2400
2441
2415
2418
2300
2464
2423
2362
2331
2342
2371
2402
2347
2347
2380
2399
2363
2404
2445
2357
2382
2306
2340
2324
2384
2354
2379
2388
2255
2347
2332
2331
2371
2392
2383
2481
2432
2422
2406
2328
2405
2408
2347
2275
2329
2371
2371
2349
2376
2285
2354
2326
2307
2350
2313
2337
2314
2376
2342
2302
2418
2299
2397
2316
2292
2317
2397
2429
2365
2453
2415
2315
2346
2338
2350
2385
2341
2333
2360
2370
2296
2359
2380
2439
2388
2319
2323
2325
2375
2332
2333
2385
2303
2307
2268
2218
2231
2325
2285
2198
2314
2371
2202
2302
2172
2276
2164
2227
2190
2182
2154
2140
2023
1923
1977
1909
1847
1655
1671
1571
1592
1561
1434
1470
1460
1434
1579
1648
1662
1645
1750
1741
1724
1670
1577
1540
1514
1454
1458
1448
1500
1491
1530
1593
1659
1661
1816
1892
1959
2064
2035
2129
2093
2162
2165
2142
2191
2227
2208
2242
2151
2242
2284
2245
2244
2299
2275
2256
2296
2297
2273
2307
2305
2337
2310
2425
2384
2340
2225
2350
2307
2365
2309
2444
2281
2318
2377
2316
2301
2367
2330
2350
2349
2371
2391
2391
2334
2328
2343
2324
2344
2320
2306
2350
2380
2331
2442
2332
2421
2440
2309
2296
2416
2319
2386
2378
2338
2415
2381
2313
2386
2310
2394
2249
2279
2384
2435
2365
2358
2341
2278
2417
2447
2364
2386
2390
2398
2244
2351
2386
2409
2394
2376
2290
2399
2364
2283
2435
2358
2396
2449
2334
2352
2399
2379
2389
2352
2345
2341
2408
2315
2329
2320
2379
2412
2376
2315
2389
2425
2369
2433
2373
2365
2343
2396
2369
2341
2457
2350
2317
2339
2353
2359
2350
2386
2406
2352
2464
2331
2370
2325
2437
2345
2377
2469
2341
2357
2370
2446
2413
2370
2359
2493
2365
2429
2277
2416
2391
2359
2326
2421
2344
2394
2361
2315
2447
2339
2288
2302
2443
2369
2342
2412
2373
2451
2368
2330
2341
2409
2383
2492
2411
2378
2405
2377
2388
2454
2384
2408
2432
2311
2419
2320
2414
2378
2408
2381
2422
2434
2262
2368
2386
2374
2327
2440
2352
2413
2386
2248
2312
2385
2274
2360
2325
2398
2395
2403
2291
2452
2308
2387
2344
2444
2397
2353
2423
2321
2469
2354
2439
