2433
2451
2424
2422
2436
2463
2385
2374
2405
2460
2392
2435
2344
2362
2361
2378
2443
2354
2428
2397
2472
2384
2417
2402
2308
2360
2343
2383
2447
2401
2369
2430
2406
2469
2333
2338
2383
2301
2408
2410
2418
2394
2397
2353
2325
2454
2379
2480
2424
2301
2322
2371
2447
2346
2459
2374
2355
2429
2431
2400
2326
2400
2472
2349
2445
2395
2492
2401
2409
2338
2453
2397
2402
2383
2343
2358
2379
2405
2401
2374
2426
2389
2361
2470
2386
2260
2380
2351
2384
2378
2314
2422
2470
2400
2334
2436
2378
2299
2386
2354
2397
2430
2371
2415
2397
2393
2417
2439
2384
2415
2438
2377
2421
2403
2394
2404
2382
2395
2359
2429
2289
2404
2451
2363
2340
2403
2399
2370
2355
2413
2407
2441
2424
2452
2424
2379
2402
2307
2395
2399
2455
2286
2363
2422
2371
2327
2389
2407
2406
2361
2366
2325
2325
2469
2357
2372
2337
2385
2377
2328
2367
2450
2365
2424
2435
2398
2450
2451
2386
2344
2433
2411
2353
2303
2363
2361
2229
2402
2312
2340
2355
2318
2300
2405
2417
2344
2425
2396
2410
2289
2401
2436
2379
2355
2342
2337
2318
2365
2302
2323
2401
2397
2415
2388
2301
2384
2361
2298
2325
2324
2305
2325
2368
2371
2227
2300
2307
2281
2283
2337
2275
2204
2305
2210
2171
2223
2099
2192
2054
2103
2047
1882
1811
1687
1729
1641
1632
1488
1477
1467
1484
1522
1490
1528
1563
1681
1719
1795
1791
1690
1626
1603
1578
1523
1437
1509
1460
1458
1498
1635
1636
1734
1813
1823
1877
2030
1962
2034
2153
2139
2165
2184
2237
2240
2295
2328
2202
2246
2283
2247
2444
2254
2208
2302
2301
2289
2381
2329
2369
2419
2461
2384
2313
2382
2392
2346
2456
2297
2364
2333
2361
2384
2373
2371
2369
2383
2324
2362
2386
2347
2411
2367
2337
2361
2337
2307
2347
2389
2420
2372
2458
2400
2381
2528
2402
2385
2300
2380
2374
2406
2405
2515
2404
2485
2410
2427
2383
2366
2385
2461
2437
2316
2339
2362
2408
2431
2301
2309
2398
2361
2384
2362
2404
2443
2365
2418
2315
2434
2356
2471
2357
2395
2377
2496
2370
2389
2370
2284
2337
2381
2345
2374
2383
2417
2365
2444
2355
2395
2460
2396
2375
2399
2396
2405
2412
2415
2376
2439
2440
2364
2322
2311
2452
2370
2358
2438
2332
2469
2400
2417
2403
2326
2400
2514
2273
2353
2433
2467
2503
2310
2441
2346
2419
2448
2439
2334
2349
2375
2439
2462
2299
2419
2370
2373
2369
2427
2482
2436
2333
2362
2453
2334
2405
2413
2374
2430
2421
2415
2450
2422
2398
2332
2401
2461
2348
2373
2363
2455
2323
2341
2367
2405
2475
2381
2347
2428
2396
2345
2457
2425
2441
2405
2369
2386
2366
2424
2407
2369
2393
2425
2417
2413
2468
2367
2392
2382
2367
2358
2286
2403
2343
2322
2435
2447
2417
2353
2432
2442
2305
2417
2367
2306
2371
2448
2448
2419
2432
2404
2417
2414
2457
2397
2402
2403
2438
2461
2353
2387
2456
2371
2361
2355
2367
2433
2382
2443
2410
2465
2440
2381
2427
2366
2365
2369
2452
2299
2308
2450
2357
2472
2403
2477
2416
2363
2399
2393
2442
2372
2437
2332
2395
2408
2375
2407
2449
2489
2441
2487
2336
2436
2389
2318
2378
2515
2415
2415
2391
2467
2365
2418
2389
2414
2353
2467
2433
2354
2387
2387
2396
2386
2437
2400
2320
2388
2330
2342
2421
2452
2463
2387
2392
2373
2454
2390
2362
2404
2407
2381
2407
2394
2369
2403
2425
2377
2336
2372
2313
2356
2376
2450
2403
2329
2389
2436
2371
2476
2451
2508
2398
2424
2419
2382
2411
2505
2460
2324
2417
2347
2338
2394
2365
2397
2410
2432
2415
2434
2406
2366
2384
2391
2442
2358
2365
2417
2397
2376
2433
2369
2392
2404
2403
2392
2306
2412
2389
2378
2373
2374
2277
2340
2300
2345
2411
2441
2450
2408
2356
2374
2416
2394
2450
2324
2364
2339
2387
2425
2443
2341
2395
2466
2398
2380
2417
2424
2413
2402
2416
2413
2422
2297
2399
2315
2415
2381
2471
2381
2324
2366
2457
2364
2337
2395
2480
2439
2342
2445
2334
2374
2392
2350
2376
2315
2343
2299
2301
2333
2443
2416
2466
2410
2385
2326
2379
2353
2412
2410
2393
2425
2304
2403
2329
2372
2328
2350
2293
2399
2382
2316
2334
2365
2291
2282
2308
2338
2322
2328
2329
2302
2323
2301
2359
2351
2350
2302
2234
2296
2225
2196
2306
2232
2274
2130
2143
2181
2087
2023
2010
1984
1837
1824
1724
1637
1578
1531
1499
1517
1508
1468
1442
1525
1563
1649
1726
1688
1693
1716
1653
1600
1601
1509
1501
1463
1498
1502
1490
1570
1691
1564
1748
1765
1934
1924
2041
2033
2136
2126
2139
2207
2219
2193
2203
2215
2263
2277
2398
2203
2354
2298
2342
2277
2333
2383
2324
2290
2288
2357
2333
2396
2288
2349
2343
2320
2345
2346
2315
2393
2369
2322
2259
2350
2279
2295
2394
2342
2376
2424
2381
2400
2323
2362
2437
2338
2366
2446
2337
2344
2458
2366
2415
2296
2369
2390
2360
2379
2466
2257
2499
2345
2408
2371
2350
2436
2301
2297
2315
2292
2425
2381
2244
2410
2435
2293
2422
2364
2405
2282
2351
2410
2353
2344
2428
2390
2397
2419
2411
2429
2437
2405
2448
2382
2354
2437
2390
2377
2390
2371
2434
2428
2363
2362
2300
2379
2355
2407
2411
2402
2414
2502
2457
2424
2349
2316
2382
2308
2345
2452
2334
2484
2281
2365
2393
2372
2380
2455
2424
2462
2394
2331
2432
2323
2332
2329
2436
2396
2430
2372
2335
2329
2386
2403
2399
2308
2359
2387
2377
2436
2391
2415
2384
2380
2411
2399
2364
2406
2416
2357
2405
2418
2368
2415
2367
2403
2403
2418
2393
2490
2383
2286
2391
2421
2397
2306
2462
2279
2371
2411
2419
2382
2383
2421
2373
2436
2297
2345
2328
2382
2358
2358
2388
2475
2329
2298
2413
2362
2354
2327
2372
2339
2491
2353
2441
2382
2352
2377
2377
2413
2383
2355
2300
2405
2308
2374
2450
2358
2346
2426
2412
2390
2252
2393
2340
2354
2425
