2360
2372
2387
2361
2322
2375
2393
2373
2448
2388
2356
2476
2349
2305
2352
2425
2349
2469
2449
2414
2382
2360
2404
2367
2444
2415
2341
2388
2375
2313
2346
2374
2304
2381
2480
2468
2268
2390
2349
2395
2316
2398
2469
2412
2400
2406
2287
2372
2401
2453
2396
2398
2374
2440
2321
2407
2358
2455
2382
2398
2386
2405
2450
2472
2371
2397
2333
2466
2331
2327
2427
2359
2409
2332
2421
2324
2392
2345
2450
2427
2309
2405
2321
2367
2456
2335
2406
2429
2402
2380
2361
2369
2413
2406
2466
2337
2344
2431
2351
2386
2297
2318
2396
2299
2402
2419
2468
2305
2438
2375
2484
2390
2448
2413
2359
2358
2342
2356
2436
2337
2423
2469
2405
2404
2367
2323
2326
2355
2329
2296
2443
2356
2356
2324
2376
2336
2348
2351
2376
2371
2455
2381
2394
2344
2390
2460
2395
2351
2351
2405
2367
2336
2270
2396
2306
2354
2373
2324
2323
2371
2354
2379
2347
2360
2369
2348
2418
2440
2456
2382
2417
2435
2396
2366
2381
2292
2355
2311
2413
2264
2434
2371
2329
2388
2343
2395
2334
2359
2404
2367
2428
2385
2370
2344
2376
2341
2301
2397
2359
2373
2261
2338
2396
2298
2343
2391
2369
2278
2327
2221
2325
2376
2417
2238
2284
2262
2244
2249
2389
2279
2211
2196
2170
2195
2229
2291
2207
2157
2027
2078
2098
1892
1836
1704
1796
1552
1606
1528
1490
1443
1499
1424
1492
1611
1678
1678
1681
1753
1743
1692
1690
1659
1538
1490
1499
1407
1424
1446
1540
1522
1532
1747
1737
1828
1913
1936
1910
2064
2076
2105
2208
2181
2224
2257
2293
2275
2275
2310
2319
2277
2333
2270
2290
2361
2260
2386
2299
2258
2353
2305
2344
2284
2326
2249
2385
2394
2378
2395
2412
2396
2367
2343
2359
2380
2337
2313
2275
2439
2401
2372
2288
2419
2399
2393
2344
2480
2451
2372
2379
2335
2400
2463
2419
2383
2245
2310
2404
2353
2361
2350
2338
2398
2384
2383
2482
2272
2371
2419
2319
2330
2477
2345
2414
2424
2383
2421
2295
2404
2410
2376
2419
2380
2421
2417
2392
2379
2357
2443
2455
2387
2417
2351
2369
2343
2349
2325
2411
2377
2381
2396
2379
2393
2400
2342
2428
2326
2410
2390
2296
2374
2393
2405
2448
2392
2336
2268
2308
2412
2249
2363
2409
2440
2476
2432
2438
2376
2283
2369
2298
2383
2310
2409
2359
2302
2378
2377
2411
2337
2458
2317
2407
2323
2344
2456
2382
2370
2384
2382
2334
2380
2359
2297
2324
2448
2278
2362
2405
2441
2390
2426
2482
2410
2361
2282
2404
2416
2409
2271
2372
2333
2470
2425
2399
2382
2427
2341
2357
2395
2379
2341
2416
2455
2362
2364
2433
2363
2336
2391
2421
2438
2391
2334
2412
2349
2427
2422
2382
2344
2312
2418
2323
2398
2368
2360
2346
2331
2365
2483
2425
2356
2360
2325
2378
2337
2375
2382
2288
2415
2431
2409
2413
2337
2368
2353
2345
2393
2422
2495
2443
2414
2406
2373
2429
2353
2289
2419
2296
2315
2365
2314
2415
2327
2345
2397
2354
2352
2371
2413
2355
2449
2346
2347
2377
2372
2435
2337
2369
2322
2353
2373
2401
2427
2407
2353
2373
2259
2428
2375
2347
2344
2374
2388
2377
2396
2369
2341
2480
2322
2345
2323
2372
2418
2432
2309
2326
2363
2391
2477
2417
2354
2389
2370
2293
2439
2349
2364
2355
2373
2320
2379
2418
2390
2461
2354
2318
2372
2416
2348
2304
2358
2468
2347
2379
2345
2381
2534
2363
2367
2372
2389
2351
2284
2311
2431
2384
2338
2453
2367
2384
2389
2330
2421
2455
2299
2292
2395
2394
2365
2334
2389
2341
2367
2328
2279
2359
2353
2316
2325
2364
2368
2378
2344
2351
2344
2326
2342
2413
2466
2352
2462
2329
2390
2402
2281
2374
2420
2408
2384
2480
2325
2327
2395
2435
2359
2375
2375
2342
2422
2326
2411
2317
2415
2397
2399
2303
2308
2402
2352
2351
2416
2388
2489
2351
2356
2319
2323
2324
2309
2379
2355
2348
2373
2303
2444
2464
2298
2439
2337
2330
2344
2351
2404
2270
2398
2351
2402
2394
2366
2405
2385
2379
2285
2318
2332
2339
2344
2398
2273
2368
2382
2322
2322
2291
2344
2295
2375
2347
2397
2373
2293
2386
2418
2417
2253
2312
2300
2469
2353
2467
2281
2335
2324
2319
2354
2292
2329
2342
2394
2394
2330
2372
2286
2343
2312
2285
2327
2234
2220
2301
2301
2234
2331
2308
2295
2336
2299
2222
2335
2311
2150
2225
2140
2165
2159
2105
2034
1966
1886
1807
1798
1750
1666
1579
1533
1536
1428
1474
1475
1460
1492
1496
1634
1729
1734
1731
1724
1685
1635
1549
1492
1451
1422
1415
1467
1526
1590
1673
1636
1648
1776
1868
1928
2002
2094
2138
2194
2106
2186
2292
2272
2263
2308
2257
2260
2293
2412
2237
2246
2264
2259
2268
2357
2292
2285
2291
2337
2305
2302
2366
2318
2333
2327
2323
2403
2390
2272
2354
2300
2413
2381
2358
2377
2353
2319
2289
2271
2279
2432
2390
2348
2376
2343
2439
2411
2434
2408
2398
2343
2349
2347
2432
2332
2489
2399
2363
2344
2425
2374
2330
2363
2358
2365
2429
2366
2379
2360
2389
2383
2306
2368
2395
2301
2358
2447
2375
2376
2374
2399
2344
2432
2438
2378
2333
2410
2339
2377
2424
2377
2394
2390
2400
2396
2403
2400
2378
2396
2384
2417
2307
2440
2460
2337
2361
2475
2367
2331
2360
2287
2303
2323
2373
2378
2476
2402
2360
2387
2420
2364
2401
2365
2318
2391
2329
2429
2340
2351
2437
2431
2281
2395
2268
2380
2401
2355
2403
2330
2429
2413
2365
2274
2345
2411
2390
2456
2399
2390
2388
2425
2432
2302
2468
2432
2431
2431
2374
2453
2335
2314
2394
2363
2476
2334
2361
2409
2453
2345
2390
2425
2368
2300
2322
2455
2429
2367
2372
2479
2369
2459
2303
2395
2458
2433
2367
2399
2395
2377
2376
2326
2402
2388
2360
2378
2357
2387
2357
2362
2316
2312
2393
2391
2372
2371
2309
2400
2377
2363
2418
2351
2372
2452
2366
2391
2392
2467
2405
2372
2497
2360
2418
2431
2359
2329
2378
