2655
2692
2655
2551
2723
2582
2597
2625
2716
2637
2610
2697
2726
2746
2679
2680
2592
2660
2663
2664
2689
2631
2701
2707
2603
2697
2757
2715
2760
2669
2700
2720
2739
2604
2618
2749
2558
2604
2768
2631
2752
2585
2636
2565
2618
2604
2679
2628
2693
2628
2712
2680
2611
2647
2536
2718
2616
2689
2703
2564
2644
2706
2679
2586
2652
2619
2670
2639
2655
2626
2721
2676
2597
2641
2614
2635
2606
2705
2706
2724
2640
2638
2682
2734
2679
2729
2663
2655
2583
2669
2658
2586
2640
2659
2689
2739
2718
2596
2614
2568
2666
2608
2702
2684
2743
2674
2672
2585
2788
2670
2627
2756
2685
2633
2651
2670
2633
2690
2671
2744
2688
2667
2667
2674
2723
2739
2682
2679
2621
2680
2568
2609
2660
2711
2639
2687
2650
2588
2694
2646
2648
2732
2543
2675
2696
2615
2743
2692
2625
2596
2696
2663
2696
2678
2673
2644
2614
2748
2644
2718
2765
2589
2657
2659
2739
2655
2654
2640
2593
2703
2657
2630
2650
2649
2684
2585
2628
2633
2635
2674
2668
2555
2583
2516
2643
2607
2688
2561
2621
2650
2634
2647
2662
2617
2686
2608
2641
2690
2661
2707
2643
2608
2735
2661
2590
2606
2652
2643
2594
2563
2595
2687
2691
2627
2661
2564
2486
2585
2557
2649
2496
2507
2462
2558
2474
2435
2434
2316
2406
2177
2160
2084
2045
2006
1876
1848
1798
1657
1686
1638
1619
1654
1690
1736
1723
1830
1877
2040
1911
1898
1876
1848
1759
1752
1564
1629
1628
1662
1717
1737
1810
1890
1924
2086
2150
2178
2211
2355
2395
2343
2395
2446
2496
2540
2541
2535
2499
2473
2561
2606
2563
2571
2559
2597
2580
2548
2608
2605
2617
2640
2639
2605
2619
2618
2586
2594
2636
2635
2647
2538
2640
2558
2692
2605
2604
2611
2569
2655
2659
2731
2677
2557
2674
2620
2739
2590
2637
2701
2670
2585
2685
2598
2618
2644
2681
2611
2581
2660
2555
2581
2597
2659
2706
2519
2670
2678
2689
2711
2780
2597
2640
2588
2641
2618
2650
2593
2784
2661
2642
2606
2623
2665
2708
2602
2702
2724
2685
2667
2587
2653
2629
2706
2587
2612
2677
2631
2637
2641
2661
2676
2656
2609
2634
2646
2694
2705
2616
2640
2682
2790
2707
2616
2614
2680
2651
2706
2652
2764
2584
2652
2630
2690
2693
2675
2675
2680
2531
2793
2576
2699
2642
2698
2713
2657
2716
2636
2587
2646
2655
2651
2730
2671
2642
2645
2669
2798
2544
2710
2710
2673
2564
2652
2663
2727
2654
2630
2652
2667
2774
2691
2598
2694
2754
2632
2682
2698
2617
2614
2616
2670
2659
2592
2697
2616
2593
2789
2579
2771
2660
2695
2618
2657
2687
2658
2717
2649
2590
2639
2615
2722
2637
2652
2597
2647
2611
2613
2676
2661
2572
2617
2717
2657
2690
2604
2653
2657
2661
2569
2645
2645
2737
2639
2572
2590
2647
2709
2766
2672
2731
2616
2604
2661
2746
2633
2559
2730
2671
2594
2652
2674
2556
2650
2652
2670
2638
2729
2627
2641
2642
2717
2727
2585
2695
2774
2633
2660
2638
2664
2662
2769
2620
2618
2719
2693
2640
2704
2552
2638
2631
2573
2719
2662
2591
2578
2618
2595
2596
2645
2648
2626
2756
2589
2705
2683
2709
2624
2694
2657
2655
2550
2663
2735
2650
2660
2657
2620
2617
2746
2632
2670
2556
2730
2585
2606
2676
2694
2631
2634
2658
2707
2716
2653
2693
2655
2677
2666
2600
2677
2666
2628
2626
2683
2642
2653
2650
2749
2673
2651
2734
2706
2690
2563
2700
2738
2686
2671
2651
2686
2648
2647
2666
2588
2638
2679
2771
2615
2586
2730
2758
2609
2634
2597
2674
2615
2652
2637
2624
2661
2658
2700
2633
2705
2599
2635
2740
2723
2736
2616
2583
2665
2608
2651
2708
2615
2674
2645
2571
2692
2674
2656
2682
2680
2664
2682
2704
2702
2659
2680
2635
2659
2743
2681
2680
2718
2679
2704
2654
2735
2661
2612
2595
2714
2664
2687
2570
2628
2684
2594
2619
2576
2694
2649
2713
2665
2686
2735
2669
2607
2679
2648
2635
2701
2626
2560
2685
2634
2563
2661
2632
2682
2648
2581
2594
2649
2635
2645
2702
2659
2603
2712
2681
2659
2594
2652
2675
2579
2553
2672
2614
2664
2597
2609
2745
2751
2705
2664
2636
2725
2564
2534
2678
2677
2663
2686
2717
2708
2661
2572
2674
2724
2633
2711
2558
2584
2606
2598
2573
2534
2531
2549
2607
2560
2510
2591
2547
2507
2528
2487
2509
2443
2450
2480
2298
2334
2304
2251
2194
2224
2105
2020
1970
1864
1843
1734
1786
1666
1645
1566
1570
1672
1777
1797
1888
1953
1881
1974
1815
1795
1791
1636
1629
1653
1641
1635
1657
1772
1761
1845
1976
2033
2183
2183
2295
2341
2286
2427
2442
2516
2437
2538
2475
2529
2539
2604
2593
2528
2567
2562
2620
2637
2601
2551
2591
2528
2648
2605
2551
2581
2716
2649
2673
2627
2696
2626
2581
2655
2698
2673
2577
2655
2631
2604
2585
2560
2658
2562
2708
2686
2573
2646
2642
2696
2729
2652
2609
2600
2518
2626
2690
2553
2592
2631
2727
2619
2587
2678
2595
2545
2587
2617
2663
2623
2691
2673
2677
2680
2669
2691
2639
2629
2650
2628
2577
2674
2573
2632
2635
2630
2598
2581
2583
2691
2562
2630
2651
2612
2724
2606
2692
2701
2724
2616
2674
2698
2690
2569
2641
2653
2664
2622
2562
2668
2623
2624
2532
2607
2695
2619
2549
2656
2733
2694
2578
2660
2665
2662
2593
2732
2579
2714
2642
2662
2556
2697
2650
2674
2660
2653
2643
2740
2748
2704
2663
2719
2660
2696
2544
2558
2691
2610
2678
2645
2698
2676
2859
2586
2700
2608
2683
2652
2652
2622
2690
2627
2691
2708
2650
2738
2769
2684
2691
2646
2583
2667
2658
2718
2621
2627
2736
2612
2753
2590
2631
2667
2716
2675
2681
2552
2786
2636
2656
2745
2687
2692
2633
2671
2647
2651
2706
2694
2594
2651
2672
2566
2706
2618
2661
2619
2672
2606
2707
2677
2652
2648
2645
2640
2696
2617
2644
2723
2666
2687
2572
2725
2694
2587
2584
2631
2674
2629
2780
2605
2751
