2395
2299
2465
2428
2388
2318
2403
2376
2413
2404
2404
2440
2413
2295
2336
2406
2406
2344
2380
2321
2379
2468
2289
2410
2491
2418
2459
2360
2338
2389
2330
2388
2393
2344
2379
2464
2339
2360
2339
2322
2375
2393
2345
2329
2385
2284
2408
2408
2348
2374
2413
2410
2387
2436
2368
2398
2380
2417
2313
2311
2374
2383
2303
2414
2409
2416
2327
2336
2409
2372
2428
2454
2411
2327
2394
2348
2365
2406
2338
2391
2311
2381
2350
2367
2391
2358
2428
2352
2451
2395
2352
2385
2344
2334
2359
2385
2356
2313
2327
2347
2352
2312
2329
2401
2312
2402
2402
2414
2336
2359
2414
2369
2277
2387
2350
2402
2331
2344
2394
2358
2339
2393
2434
2365
2375
2423
2325
2352
2353
2389
2386
2383
2365
2348
2445
2482
2354
2397
2424
2386
2374
2270
2339
2363
2413
2349
2392
2371
2310
2347
2337
2431
2312
2339
2460
2343
2361
2347
2411
2464
2321
2447
2333
2382
2222
2369
2385
2317
2326
2345
2338
2345
2329
2437
2306
2315
2332
2461
2413
2467
2370
2330
2310
2407
2327
2322
2419
2322
2306
2339
2408
2329
2317
2277
2323
2364
2284
2327
2274
2331
2345
2396
2395
2290
2282
2369
2330
2334
2290
2250
2313
2383
2368
2377
2313
2351
2300
2240
2313
2251
2308
2152
2300
2214
2241
2198
2149
2076
2048
2087
1994
1938
1886
1770
1648
1606
1600
1522
1453
1398
1386
1442
1523
1524
1589
1648
1633
1684
1738
1764
1652
1619
1536
1429
1527
1491
1425
1462
1475
1542
1557
1621
1772
1792
1886
1912
1996
2158
2114
2086
2237
2222
2265
2243
2303
2237
2271
2306
2283
2306
2299
2296
2333
2459
2390
2360
2325
2327
2345
2285
2342
2356
2346
2390
2296
2291
2230
2308
2260
2356
2312
2418
2294
2317
2378
2461
2368
2293
2387
2282
2264
2381
2306
2382
2330
2445
2325
2413
2379
2393
2314
2319
2282
2379
2361
2369
2345
2390
2402
2465
2351
2418
2342
2283
2337
2389
2393
2376
2320
2381
2372
2332
2419
2320
2396
2401
2378
2376
2369
2225
2431
2395
2330
2387
2398
2357
2347
2389
2364
2376
2431
2347
2335
2407
2411
2340
2346
2409
2427
2464
2431
2386
2380
2431
2345
2303
2296
2444
2382
2373
2368
2373
2362
2400
2307
2432
2467
2400
2343
2349
2329
2395
2421
2303
2291
2458
2333
2311
2339
2416
2422
2368
2391
2410
2379
2369
2373
2344
2342
2340
2410
2387
2436
2387
2398
2318
2310
2395
2385
2305
2338
2455
2329
2448
2390
2418
2404
2445
2405
2381
2345
2478
2334
2402
2424
2450
2372
2341
2407
2396
2392
2376
2320
2353
2352
2392
2396
2371
2374
2347
2436
2378
2367
2318
2452
2403
2349
2335
2395
2429
2388
2343
2303
2364
2440
2404
2417
2427
2412
2379
2389
2415
2448
2417
2376
2349
2407
2392
2418
2351
2394
2320
2350
2398
2378
2423
2375
2469
2349
2334
2372
2257
2357
2402
2356
2420
2332
2396
2405
2379
2352
2403
2489
2361
2352
2393
2448
2343
2377
2367
2374
2377
2388
2427
2290
2431
2383
2355
2447
2370
2431
2428
2395
2391
2381
2349
2337
2338
2367
2324
2274
2396
2370
2372
2312
2335
2389
2423
2418
2383
2436
2339
2364
2385
2355
2353
2386
2384
2467
2410
2343
2395
2367
2336
2327
2411
2357
2435
2350
2471
2373
2381
2425
2445
2437
2398
2446
2429
2430
2394
2395
2385
2382
2324
2430
2412
2326
2357
2315
2391
2353
2367
2420
2395
2343
2378
2392
2360
2362
2433
2321
2401
2387
2293
2447
2302
2425
2316
2418
2451
2436
2329
2489
2381
2406
2397
2392
2381
2405
2430
2327
2274
2307
2409
2396
2351
2396
2399
2390
2398
2413
2419
2395
2380
2292
2391
2356
2367
2373
2241
2332
2323
2316
2366
2431
2383
2401
2421
2313
2394
2353
2352
2430
2412
2432
2317
2305
2413
2340
2391
2315
2360
2320
2399
2363
2331
2407
2330
2332
2457
2259
2403
2341
2397
2451
2419
2384
2370
2321
2393
2438
2399
2312
2306
2380
2330
2388
2301
2340
2353
2329
2429
2372
2355
2415
2306
2388
2288
2380
2401
2332
2331
2430
2312
2378
2373
2415
2282
2438
2290
2275
2391
2375
2346
2420
2313
2412
2435
2345
2405
2412
2320
2309
2367
2348
2415
2402
2373
2342
2368
2393
2313
2381
2328
2268
2314
2385
2293
2360
2377
2312
2339
2345
2290
2284
2332
2341
2306
2365
2356
2345
2257
2322
2280
2275
2254
2292
2123
2193
2205
2270
2241
2083
2101
2118
1963
2003
1994
1866
1743
1699
1611
1571
1529
1503
1504
1462
1450
1470
1480
1532
1616
1681
1727
1802
1598
1684
1644
1501
1526
1325
1410
1445
1400
1454
1531
1681
1624
1728
1792
1874
1916
1994
2101
2080
2093
2191
2146
2184
2152
2267
2217
2194
2262
2326
2238
2305
2285
2307
2334
2285
2380
2346
2255
2300
2327
2321
2337
2293
2303
2367
2334
2279
2352
2317
2374
2358
2385
2299
2368
2365
2328
2329
2355
2331
2312
2385
2385
2322
2346
2330
2312
2472
2383
2405
2278
2312
2387
2476
2292
2350
2351
2392
2338
2271
2349
2323
2371
2375
2320
2354
2310
2451
2394
2424
2475
2456
2261
2333
2310
2291
2261
2354
2376
2413
2379
2436
2359
2421
2435
2348
2290
2305
2282
2339
2407
2278
2408
2373
2387
2381
2353
2320
2422
2405
2312
2354
2365
2368
2279
2406
2401
2307
2431
2341
2359
2444
2314
2466
2420
2313
2356
2389
2409
2481
2379
2390
2423
2430
2422
2366
2406
2299
2418
2372
2364
2366
2362
2383
2330
2351
2441
2294
2387
2307
2505
2403
2345
2335
2448
2376
2433
2389
2433
2401
2306
2352
2365
2347
2267
2334
2388
2373
2445
2521
2473
2375
2359
2325
2369
2352
2369
2308
2385
2396
2326
2380
2304
2433
2317
2388
2438
2302
2371
2491
2301
2386
2293
2339
2421
2386
2365
2423
2413
2441
2337
2365
2271
2322
2364
2301
2423
2414
2383
2310
2406
2394
2321
2309
2434
2335
2404
2419
2403
2393
2359
2468
2460
2331
2364
2398
2341
2418
2346
2343
2454
2375
2334
2368
2444
2358
2300
2400
