2412
2411
2384
2424
2429
2401
2372
2397
2290
2504
2328
2335
2358
2398
2264
2323
2332
2331
2356
2329
2396
2351
2391
2366
2393
2478
2386
2396
2393
2269
2385
2418
2313
2332
2362
2359
2319
2355
2359
2369
2421
2490
2299
2279
2373
2410
2416
2361
2372
2360
2439
2385
2363
2350
2284
2404
2369
2370
2334
2354
2379
2417
2355
2380
2306
2336
2343
2301
2356
2260
2326
2314
2452
2356
2269
2360
2335
2442
2371
2333
2334
2353
2345
2433
2358
2432
2364
2354
2426
2372
2357
2400
2241
2428
2364
2394
2417
2355
2432
2321
2412
2383
2408
2360
2373
2364
2367
2347
2403
2376
2280
2365
2450
2379
2462
2409
2375
2314
2363
2428
2371
2378
2417
2464
2296
2372
2399
2453
2421
2395
2346
2320
2396
2348
2357
2399
2273
2241
2438
2369
2361
2271
2434
2324
2378
2279
2357
2352
2375
2293
2293
2406
2359
2380
2341
2373
2298
2348
2366
2419
2329
2337
2265
2339
2392
2378
2385
2372
2392
2328
2287
2381
2414
2380
2391
2309
2440
2433
2288
2395
2385
2367
2357
2253
2317
2327
2321
2349
2360
2345
2327
2358
2359
2219
2332
2343
2311
2410
2420
2341
2336
2317
2256
2319
2337
2332
2273
2325
2376
2334
2256
2279
2250
2299
2237
2332
2233
2247
2252
2281
2213
2287
2213
2110
2183
2151
2114
2153
2044
2021
1875
1938
1852
1776
1672
1625
1528
1499
1467
1462
1458
1411
1466
1511
1618
1634
1720
1778
1759
1697
1636
1617
1574
1425
1472
1489
1478
1512
1433
1548
1616
1712
1712
1846
1864
1917
2031
2012
2134
2095
2120
2212
2240
2171
2183
2182
2277
2234
2303
2303
2293
2290
2244
2270
2203
2295
2278
2318
2307
2324
2412
2351
2254
2375
2305
2325
2338
2334
2385
2319
2314
2309
2372
2269
2361
2333
2363
2232
2394
2383
2430
2363
2429
2373
2416
2359
2315
2383
2370
2400
2385
2308
2284
2374
2387
2335
2329
2357
2369
2315
2292
2286
2363
2400
2364
2447
2304
2336
2368
2383
2396
2370
2347
2386
2341
2308
2380
2339
2350
2428
2396
2286
2434
2319
2450
2340
2398
2397
2308
2435
2434
2393
2373
2303
2315
2245
2405
2304
2432
2417
2319
2363
2357
2420
2418
2381
2331
2325
2308
2433
2417
2361
2392
2355
2355
2355
2271
2388
2403
2409
2350
2294
2324
2319
2361
2358
2329
2341
2328
2405
2362
2408
2416
2382
2330
2364
2463
2376
2373
2314
2327
2365
2463
2360
2348
2326
2436
2282
2378
2332
2353
2373
2393
2406
2363
2421
2420
2294
2356
2407
2391
2396
2407
2451
2375
2373
2409
2327
2352
2334
2358
2347
2374
2349
2313
2362
2361
2322
2396
2356
2342
2313
2335
2322
2319
2359
2372
2336
2352
2403
2413
2357
2352
2403
2386
2286
2294
2311
2416
2516
2340
2330
2350
2363
2321
2356
2356
2446
2425
2400
2375
2292
2425
2305
2375
2379
2340
2419
2408
2442
2389
2345
2415
2359
2337
2340
2427
2362
2328
2321
2347
2385
2348
2297
2394
2393
2338
2390
2338
2415
2291
2358
2396
2461
2357
2377
2401
2414
2432
2357
2265
2349
2420
2310
2385
2298
2336
2335
2521
2365
2376
2221
2329
2310
2358
2281
2214
2415
2399
2404
2435
2422
2354
2360
2322
2441
2357
2323
2305
2381
2412
2280
2364
2317
2302
2349
2461
2311
2440
2358
2436
2398
2333
2368
2394
2374
2435
2382
2355
2364
2278
2397
2460
2400
2380
2371
2476
2309
2418
2403
2260
2337
2412
2225
2364
2360
2344
2388
2346
2382
2371
2367
2404
2419
2364
2326
2348
2352
2432
2409
2286
2319
2353
2334
2368
2346
2398
2481
2393
2417
2322
2379
2392
2375
2418
2305
2351
2398
2310
2328
2236
2311
2313
2337
2442
2304
2384
2330
2366
2361
2331
2254
2317
2326
2298
2365
2454
2393
2304
2378
2352
2370
2321
2367
2399
2369
2345
2316
2414
2400
2282
2425
2361
2344
2409
2336
2386
2329
2441
2418
2327
2351
2364
2354
2370
2347
2371
2374
2424
2361
2387
2376
2390
2282
2392
2269
2370
2275
2446
2379
2383
2401
2299
2399
2319
2334
2265
2329
2260
2338
2362
2325
2323
2437
2346
2398
2386
2391
2364
2295
2358
2369
2312
2283
2407
2361
2445
2308
2341
2356
2264
2383
2397
2264
2390
2285
2281
2430
2285
2271
2329
2331
2415
2223
2317
2412
2371
2315
2377
2395
2302
2303
2261
2260
2327
2313
2236
2291
2268
2230
2214
2324
2297
2311
2302
2219
2260
2207
2173
2207
2221
2146
2189
2145
2086
2021
1979
1912
1880
1769
1696
1628
1500
1527
1440
1506
1502
1492
1505
1550
1554
1592
1682
1735
1693
1679
1659
1593
1528
1511
1456
1490
1423
1524
1452
1550
1552
1687
1727
1842
1843
1923
2024
2006
2060
2173
2105
2120
2239
2239
2173
2253
2261
2222
2270
2317
2325
2367
2342
2231
2278
2342
2258
2313
2317
2368
2340
2295
2323
2283
2397
2243
2345
2268
2419
2336
2251
2387
2246
2274
2339
2309
2294
2312
2402
2317
2340
2319
2357
2262
2356
2387
2320
2350
2373
2434
2305
2292
2410
2239
2369
2420
2401
2364
2388
2272
2320
2289
2344
2327
2361
2394
2300
2403
2333
2243
2405
2425
2304
2376
2312
2490
2361
2372
2295
2397
2379
2330
2233
2367
2354
2353
2409
2281
2290
2352
2259
2416
2393
2299
2333
2327
2305
2309
2464
2389
2332
2327
2287
2332
2351
2352
2447
2336
2394
2359
2393
2320
2402
2348
2401
2317
2304
2281
2349
2368
2364
2419
2362
2400
2372
2442
2348
2444
2312
2387
2348
2383
2382
2351
2343
2388
2353
2323
2308
2304
2373
2361
2360
2344
2357
2380
2399
2386
2345
2447
2482
2339
2370
2344
2381
2439
2377
2422
2390
2362
2308
2446
2383
2431
2298
2396
2370
2403
2438
2417
2505
2334
2346
2296
2316
2442
2440
2379
2410
2345
2411
2408
2309
2316
2401
2431
2379
2419
2363
2316
2401
2346
2416
2420
2253
2348
2373
2376
2378
2411
2327
2360
2312
2334
2383
2429
2230
2368
2375
2436
2349
2452
2394
2431
2350
2337
2345
2361
2310
2322
2319
2423
2318
2369
2340
2379
2413
