2344
2361
2408
2289
2320
2409
2244
2281
2340
2359
2309
2389
2297
2367
2371
2422
2398
2358
2351
2361
2344
2359
2297
2411
2410
2342
2345
2330
2337
2327
2423
2330
2358
2397
2397
2337
2420
2288
2320
2354
2347
2273
2237
2268
2336
2338
2422
2309
2294
2325
2347
2346
2375
2361
2343
2294
2405
2331
2338
2362
2357
2260
2312
2225
2246
2318
2140
2254
2244
2209
2200
2193
2205
2278
2161
2082
2161
2135
2095
2039
2045
2024
2118
2016
1956
2002
2057
1994
1966
1981
1971
2007
1975
2007
2030
2074
2019
2088
2068
2057
2082
2081
2161
2162
2082
2123
2093
2194
2259
2255
2209
2260
2236
2284
2208
2300
2225
2255
2172
2273
2253
2221
2322
2292
2336
2254
2246
2245
2253
2202
2236
2290
2291
2367
2288
2258
2223
2258
2263
2224
2228
2202
2209
2207
2139
2088
2078
1991
2153
1963
2061
2106
2099
1936
2041
1977
1987
1995
2134
2075
2019
2112
2148
2128
2072
2221
2161
2067
2252
2123
2141
2226
2181
2239
2280
2239
2255
2289
2152
2308
2243
2314
2358
2329
2354
2277
2323
2302
2311
2348
2284
2331
2229
2287
2252
2337
2357
2275
2344
2177
2285
2388
2351
2351
2306
2378
2328
2266
2212
2224
2304
2207
2244
2219
2183
2206
2191
2142
2174
2107
2070
2032
2048
2096
2054
2142
2187
2136
2179
2248
2173
2199
2237
2249
2196
2192
2236
2220
2276
2323
2242
2307
2204
2302
2295
2241
2211
2194
2248
2373
2321
2227
2303
2301
2215
2244
2207
2270
2274
2261
2190
2200
2202
2273
2203
2170
2177
2105
2079
2156
2098
2105
2070
2047
2104
2075
2171
2155
2122
2219
2196
2211
2116
2261
2292
2248
2306
2275
2213
2283
2326
2320
2243
2214
2321
2286
2251
2294
2290
2305
2221
2365
2373
2278
2343
2315
2319
2253
2280
2334
2252
2283
2286
2242
2341
2351
2319
2293
2228
2303
2351
2216
2273
2234
2300
2243
2150
2116
2188
2139
2146
2032
2131
2115
2063
2029
2001
1950
2013
2025
1943
1932
2037
2007
1924
2144
2062
1954
2073
2150
2185
2246
2264
2252
2378
2232
2245
2136
2326
2280
2274
2309
2275
2283
2341
2264
2262
2315
2233
2239
2443
2268
2325
2274
2260
2294
2305
2285
2298
2252
2186
2243
2370
2228
2174
2174
2203
2182
2277
2195
2162
2085
2123
2120
2167
2097
2072
2200
2028
2016
2060
2078
2044
2057
1934
1981
1942
1970
1937
1938
1921
1932
1947
1974
2020
2027
2104
2061
2094
2078
2190
2203
2154
2187
2189
2224
2255
2335
2307
2273
2355
2320
2319
2331
2366
2369
2290
2305
2390
2348
2354
2393
2369
2316
2337
2337
2307
2397
2357
2372
2355
2334
2379
2363
2395
2363
2332
2354
2305
2401
2411
2363
2361
2363
2375
2319
2337
2328
2329
2351
2337
2343
2386
2398
2397
2329
2294
2378
2368
2342
2315
2356
2296
2374
2472
2345
2355
2327
2290
2316
2388
2379
2392
2296
2326
2377
2299
2323
2371
2352
2383
2271
2359
2398
2384
2382
2300
2377
2343
2362
2404
2412
2395
2348
2400
2373
2353
2299
2424
2442
2305
2308
2319
2336
2356
2320
2393
2369
2314
2386
2324
2371
2376
2358
2303
2271
2376
2339
2342
2322
2417
2402
2354
2329
2325
2310
2402
2342
2355
2377
2391
2411
2350
2349
2326
2426
2245
2347
2406
2293
2268
2346
2295
2451
2274
2315
2303
2373
2313
2429
2326
2280
2378
2323
2385
2341
2362
2231
2285
2369
2288
2296
2416
2335
2361
2350
2256
2388
2335
2364
2330
2364
2253
2278
2284
2274
2175
2152
2190
2032
2129
2088
2139
2091
2100
2154
1973
2109
2017
2022
1904
1902
2054
1936
2009
1971
1962
1976
2007
2011
2019
2061
2010
2048
2027
2140
2168
2140
2106
2023
2120
2086
2102
2271
2174
2174
2278
2218
2182
2357
2236
2246
2324
2275
2238
2266
2177
2246
2274
2283
2247
2239
2322
2233
2234
2318
2251
2258
2254
2272
2273
2328
2266
2199
2277
2269
2326
2222
2234
2152
2230
2187
2138
2120
2114
2118
2096
2129
2092
2074
1936
1987
2022
1957
1940
2070
1978
2105
2058
2084
2154
2048
2159
2159
2223
2136
2149
2161
2173
2282
2227
2225
2318
2213
2219
2334
2296
2290
2290
2309
2366
2273
2262
2316
2313
2313
2203
2316
2244
2261
2179
2249
2261
2351
2328
2313
2275
2347
2281
2284
2321
2363
2233
2307
2227
2220
2206
2283
2254
2233
2228
2232
2170
2149
2144
2136
2099
2144
2094
2027
2030
2069
2116
2183
2087
2071
2114
2124
2139
2129
2150
2260
2214
2250
2227
2266
2318
2332
2236
2250
2249
2321
2250
2200
2275
2250
2312
2217
2173
2274
2209
2292
2240
2319
2190
2169
2189
2281
2186
2151
2066
2223
2172
2203
2200
2060
2169
2173
2014
2063
2062
2045
2027
2133
2082
2202
2220
2242
2155
2238
2161
2256
2352
2313
2277
2237
2297
2356
2230
2266
2279
2333
2277
2256
2297
2247
2303
2315
2323
2345
2255
2275
2168
2375
2314
2314
2347
2265
2277
2316
2266
2214
2276
2259
2281
2232
2251
2202
2186
2289
2270
2263
2261
2181
2260
2085
2131
2171
2177
2101
2062
2054
1989
1984
2098
1975
2020
1992
2048
1968
2033
2020
2118
2068
2057
2051
2097
2153
2235
2138
2239
2235
2328
2214
2270
2198
2236
2302
2285
2293
2290
2269
2271
2321
2317
2295
2251
2343
2340
2251
2304
2273
2264
2281
2298
2252
2191
2302
2219
2199
2247
2125
2233
2150
2254
2160
2161
2136
2132
2126
2153
2100
2127
2095
2054
2021
2031
2006
1986
2035
2145
1953
2108
2012
1994
1984
2069
1911
1960
1991
2014
1988
2050
2025
2047
2034
2087
2179
2215
2184
2238
2164
2138
2279
2242
2248
2296
2263
2284
2306
2286
2379
2325
2362
2333
2338
2312
2369
2374
2357
2369
2295
2314
2345
2268
2241
2373
2370
2323
2312
2316
2305
2313
2370
2334
2336
2419
2312
2429
2341
2392
2346
2406
2394
2349
2375
2313
2340
2373
2375
2342
2398
2324
2437
2342
2327
2468
2367
2271
2320
2324
2385
2375
2320
2341
2385
2372
2366
2337
2393
2463
2298
2356
