2365
2325
2381
2365
2389
2366
2425
2395
2340
2385
2411
2362
2351
2340
2397
2374
2416
2309
2318
2374
2410
2430
2314
2359
2362
2333
2391
2374
2366
2433
2358
2323
2400
2307
2361
2352
2331
2317
2319
2383
2363
2316
2335
2355
2378
2384
2372
2389
2444
2261
2396
2442
2448
2464
2436
2360
2331
2348
2395
2443
2335
2365
2378
2401
2348
2389
2355
2359
2298
2361
2313
2352
2355
2380
2362
2275
2255
2457
2434
2333
2358
2391
2382
2286
2363
2401
2302
2456
2396
2352
2384
2368
2351
2372
2330
2433
2431
2322
2309
2375
2362
2325
2391
2364
2366
2404
2387
2376
2353
2370
2307
2364
2317
2408
2363
2409
2346
2426
2413
2349
2235
2373
2344
2357
2309
2335
2339
2370
2462
2329
2457
2382
2294
2321
2397
2361
2326
2356
2427
2314
2407
2294
2297
2364
2321
2404
2355
2326
2357
2242
2365
2426
2348
2368
2391
2423
2379
2379
2329
2327
2388
2383
2327
2304
2411
2291
2401
2351
2378
2301
2338
2319
2332
2302
2405
2380
2368
2386
2343
2312
2251
2324
2343
2310
2338
2299
2378
2314
2451
2281
2432
2335
2412
2334
2364
2388
2307
2363
2368
2381
2228
2305
2423
2414
2290
2397
2334
2297
2386
2287
2364
2226
2321
2271
2261
2368
2222
2257
2295
2247
2220
2175
2262
2275
2268
2234
2138
2121
2079
2000
1995
1967
1890
1762
1737
1657
1652
1516
1520
1412
1421
1434
1501
1461
1555
1613
1726
1734
1716
1798
1687
1607
1574
1507
1539
1423
1372
1499
1506
1651
1586
1771
1757
1768
1765
1917
2020
2016
2030
2116
2150
2256
2151
2266
2201
2151
2317
2293
2287
2269
2309
2278
2222
2321
2352
2366
2444
2219
2299
2316
2392
2277
2281
2346
2483
2331
2365
2375
2243
2364
2365
2294
2380
2267
2313
2385
2418
2363
2340
2331
2333
2304
2374
2323
2364
2397
2365
2362
2402
2302
2316
2336
2468
2468
2371
2318
2293
2458
2315
2241
2382
2382
2445
2406
2332
2338
2325
2399
2324
2458
2417
2367
2313
2352
2369
2382
2374
2329
2363
2324
2428
2368
2337
2266
2337
2373
2316
2385
2349
2318
2299
2369
2418
2223
2315
2448
2367
2375
2326
2387
2329
2410
2427
2430
2255
2383
2374
2468
2346
2404
2415
2414
2353
2394
2337
2366
2406
2361
2300
2435
2424
2422
2228
2449
2362
2460
2283
2313
2360
2395
2455
2391
2368
2330
2380
2412
2321
2366
2271
2355
2358
2367
2471
2347
2371
2334
2301
2315
2381
2373
2317
2406
2410
2283
2395
2436
2415
2339
2374
2364
2313
2336
2438
2382
2369
2312
2365
2338
2405
2375
2388
2371
2341
2384
2366
2390
2354
2363
2483
2365
2348
2336
2399
2396
2378
2381
2315
2436
2433
2407
2349
2358
2453
2497
2354
2403
2421
2319
2325
2338
2369
2459
2303
2346
2362
2272
2387
2354
2311
2399
2387
2409
2351
2405
2427
2306
2377
2413
2391
2308
2362
2365
2311
2375
2364
2399
2389
2391
2374
2326
2378
2441
2369
2368
2358
2341
2296
2438
2343
2392
2402
2346
2380
2425
2366
2428
2378
2482
2425
2347
2403
2340
2376
2418
2464
2340
2322
2375
2391
2375
2357
2385
2311
2328
2340
2352
2430
2329
2356
2377
2391
2407
2325
2284
2348
2405
2347
2337
2386
2352
2412
2322
2343
2401
2337
2404
2376
2389
2425
2305
2382
2347
2419
2350
2278
2359
2386
2324
2365
2271
2343
2301
2379
2463
2373
2368
2397
2399
2405
2367
2382
2418
2371
2406
2351
2290
2319
2388
2285
2286
2403
2370
2416
2372
2351
2296
2340
2460
2359
2416
2431
2378
2417
2296
2359
2445
2385
2295
2390
2337
2402
2379
2441
2363
2299
2292
2408
2356
2377
2372
2348
2325
2311
2300
2420
2366
2421
2418
2355
2374
2374
2349
2313
2289
2340
2350
2362
2270
2306
2426
2264
2290
2389
2415
2276
2375
2321
2296
2389
2319
2377
2351
2346
2328
2300
2326
2295
2347
2436
2361
2407
2320
2401
2359
2318
2262
2319
2387
2381
2327
2371
2385
2462
2303
2348
2404
2375
2301
2358
2392
2344
2356
2340
2351
2384
2315
2400
2314
2404
2334
2382
2388
2350
2370
2341
2395
2353
2379
2352
2369
2374
2359
2361
2359
2346
2374
2310
2430
2307
2402
2356
2290
2308
2260
2302
2343
2298
2352
2327
2359
2395
2339
2378
2249
2318
2287
2384
2269
2332
2324
2317
2278
2379
2333
2353
2358
2299
2314
2285
2288
2287
2212
2308
2223
2244
2243
2231
2262
2272
2171
2223
2240
2166
2034
2068
1980
2006
1920
1846
1764
1717
1617
1574
1507
1558
1426
1458
1429
1480
1529
1656
1581
1649
1706
1772
1723
1672
1681
1537
1537
1439
1424
1380
1475
1564
1528
1568
1665
1747
1895
1909
1951
2058
2020
2106
2073
2130
2174
2207
2226
2215
2251
2237
2250
2255
2281
2286
2281
2264
2255
2356
2303
2335
2307
2266
2323
2301
2319
2246
2352
2376
2309
2335
2311
2342
2403
2394
2360
2342
2401
2296
2337
2341
2339
2298
2315
2260
2248
2351
2371
2363
2297
2325
2427
2299
2281
2349
2304
2247
2271
2293
2293
2368
2358
2361
2330
2277
2414
2380
2408
2305
2332
2355
2235
2342
2393
2417
2364
2411
2271
2321
2395
2369
2282
2373
2372
2336
2406
2406
2346
2379
2317
2303
2314
2364
2338
2385
2380
2309
2416
2331
2296
2354
2369
2318
2286
2441
2378
2289
2317
2404
2366
2375
2242
2438
2396
2377
2415
2362
2313
2388
2366
2449
2390
2331
2333
2344
2328
2382
2324
2316
2418
2378
2383
2306
2403
2357
2324
2235
2381
2330
2478
2317
2350
2446
2362
2298
2340
2395
2305
2292
2346
2349
2242
2426
2400
2396
2295
2430
2357
2361
2334
2345
2334
2420
2356
2304
2428
2329
2373
2410
2317
2293
2298
2424
2402
2420
2369
2362
2367
2347
2342
2422
2327
2359
2392
2305
2319
2361
2401
2385
2392
2317
2400
2314
2377
2409
2439
2366
2345
2411
2398
2321
2402
2298
2360
2343
2355
2358
2315
2439
2357
2500
2396
2346
2363
2371
2404
2412
2427
2387
2323
2361
2452
2460
2371
2478
2413
2300
2261
2481
2359
2405
