2350
2365
2279
2441
2318
2344
2295
2318
2358
2386
2401
2287
2383
2349
2343
2439
2221
2335
2365
2385
2332
2304
2351
2453
2275
2365
2353
2363
2385
2334
2376
2409
2345
2334
2294
2390
2291
2346
2372
2404
2338
2333
2315
2451
2425
2315
2331
2324
2354
2282
2397
2324
2341
2389
2336
2331
2273
2337
2360
2272
2279
2332
2311
2339
2325
2285
2249
2383
2180
2185
2173
2210
2178
2232
2158
2169
2117
2094
2177
2005
2130
2056
1951
2105
2057
2016
2095
1943
2023
2039
2035
2032
2022
2071
2026
2032
2039
2021
2116
2076
2107
2173
2127
2151
2148
2194
2127
2268
2176
2231
2177
2279
2184
2180
2198
2237
2218
2381
2255
2234
2260
2247
2294
2329
2291
2344
2336
2250
2238
2272
2294
2210
2267
2331
2266
2291
2303
2249
2269
2331
2337
2214
2265
2188
2278
2142
2124
2096
2046
2041
1969
2029
2019
2097
2069
1989
2098
1970
2066
2114
1981
2188
2144
2090
2108
2171
2138
2217
2059
2202
2205
2179
2172
2300
2211
2227
2303
2312
2295
2237
2242
2327
2282
2314
2360
2342
2242
2305
2277
2287
2268
2315
2374
2300
2240
2321
2315
2275
2306
2344
2229
2279
2335
2218
2320
2281
2311
2291
2346
2230
2302
2254
2197
2254
2218
2199
2204
2135
2122
2112
2043
2016
2133
2087
2114
2049
2152
2185
2107
2132
2248
2147
2146
2215
2143
2200
2249
2188
2216
2249
2254
2266
2240
2306
2177
2296
2377
2344
2252
2191
2291
2266
2297
2410
2224
2243
2163
2193
2176
2217
2193
2202
2263
2181
2124
2111
2225
2164
2035
2139
2114
2103
2098
2041
2169
2052
2175
2110
2220
2206
2212
2197
2212
2162
2254
2184
2273
2246
2274
2354
2277
2276
2336
2322
2326
2241
2237
2317
2238
2310
2393
2347
2302
2312
2316
2336
2183
2255
2273
2342
2317
2305
2311
2231
2227
2263
2279
2237
2203
2290
2202
2154
2237
2257
2256
2141
2222
2224
2119
2157
2115
2046
2055
2192
2007
2070
1951
2064
2059
2068
2030
2001
2040
2040
2152
2047
2035
2082
2195
2154
2256
2247
2201
2223
2251
2298
2359
2256
2279
2260
2285
2259
2244
2361
2363
2215
2181
2293
2218
2273
2351
2269
2241
2309
2296
2275
2276
2303
2230
2275
2226
2213
2296
2290
2182
2155
2308
2131
2178
2138
2106
2112
2143
2171
2135
2139
2119
2054
2072
2010
1991
1990
2052
1949
1964
2016
1996
2011
1953
2009
2027
2001
2021
1953
2001
2021
2028
2070
2116
2196
2147
2147
2172
2245
2246
2293
2269
2265
2353
2353
2281
2274
2344
2330
2254
2384
2350
2326
2393
2351
2332
2320
2351
2311
2404
2300
2355
2405
2307
2309
2298
2290
2388
2350
2312
2316
2437
2355
2343
2321
2249
2350
2288
2377
2360
2286
2410
2373
2409
2409
2263
2330
2360
2366
2288
2344
2390
2410
2381
2273
2328
2392
2350
2370
2357
2374
2331
2301
2371
2391
2304
2321
2357
2384
2333
2372
2265
2407
2322
2407
2366
2379
2382
2290
2373
2300
2334
2403
2429
2301
2326
2398
2373
2228
2390
2303
2363
2352
2334
2417
2330
2400
2373
2357
2303
2350
2404
2325
2382
2393
2320
2449
2384
2369
2416
2331
2279
2317
2367
2385
2324
2326
2366
2399
2419
2337
2335
2331
2328
2346
2380
2322
2394
2325
2339
2438
2284
2352
2440
2313
2400
2358
2344
2284
2347
2345
2449
2233
2426
2236
2377
2369
2390
2300
2344
2378
2438
2280
2383
2376
2234
2394
2341
2288
2355
2274
2335
2281
2296
2360
2246
2314
2318
2284
2332
2257
2225
2263
2151
2230
2200
2135
2118
2171
2080
2080
2101
2089
1991
1901
2027
1978
2025
1980
1928
1944
1922
1990
2039
1983
1950
2026
2037
1973
2086
2087
2165
2085
2061
2105
2198
2178
2204
2175
2125
2153
2224
2216
2244
2248
2270
2252
2223
2232
2262
2183
2270
2216
2233
2264
2224
2274
2266
2307
2289
2304
2260
2248
2325
2309
2275
2329
2268
2250
2302
2274
2177
2283
2207
2096
2181
2154
2213
2145
2069
2048
2029
2036
2038
2033
1962
2063
2003
1948
2072
2062
2003
2103
2062
2135
2135
2073
2109
2180
2158
2128
2217
2225
2172
2261
2220
2225
2288
2256
2201
2183
2220
2203
2291
2231
2312
2237
2221
2231
2318
2285
2294
2300
2374
2297
2349
2291
2256
2276
2316
2275
2372
2296
2212
2267
2356
2292
2208
2265
2262
2357
2302
2210
2213
2248
2242
2259
2170
2182
2155
2107
2076
2095
1990
2052
2098
2087
2105
2158
2046
2118
2221
2153
2163
2146
2251
2220
2177
2163
2191
2220
2226
2220
2229
2215
2258
2229
2235
2169
2314
2288
2217
2246
2207
2234
2177
2242
2256
2173
2241
2238
2166
2195
2196
2173
2249
2214
2172
2157
2143
2130
2145
2121
2031
2002
2116
2113
2028
2107
2012
2199
2167
2182
2218
2199
2242
2213
2202
2298
2248
2338
2237
2269
2270
2242
2266
2268
2301
2244
2349
2250
2303
2301
2235
2287
2374
2285
2225
2321
2299
2235
2317
2231
2268
2419
2246
2249
2230
2233
2233
2276
2201
2221
2248
2177
2149
2179
2110
2209
2079
2162
2111
2162
2109
2024
2040
2084
1996
2089
2031
2063
1987
1964
1987
1987
1991
1979
2000
2024
2037
2092
2162
2213
2232
2198
2128
2197
2250
2180
2209
2201
2265
2250
2208
2277
2262
2218
2202
2205
2336
2220
2303
2200
2178
2289
2254
2294
2152
2258
2204
2208
2272
2238
2235
2171
2256
2213
2148
2103
2168
2281
2163
2106
2116
2088
2095
2134
2095
2054
2047
2082
2045
1969
1897
1939
2063
2041
1988
2017
2035
2071
2019
2067
2047
1923
1910
1942
2066
2020
2098
2177
2125
2261
2157
2171
2241
2205
2291
2280
2319
2301
2321
2251
2303
2244
2316
2286
2397
2283
2310
2299
2314
2245
2330
2334
2275
2390
2347
2355
2264
2341
2326
2391
2343
2389
2383
2417
2304
2408
2304
2284
2329
2373
2408
2363
2369
2386
2267
2260
2371
2304
2295
2332
2302
2287
2325
2406
2326
2371
2339
2339
2357
2345
2385
2322
2410
2348
2274
2312
2365
2299
2376
2337
2302
2333
2339
2408
2408
