2355
2376
2322
2378
2346
2374
2288
2419
2435
2305
2391
2248
2308
2304
2262
2310
2357
2327
2237
2303
2349
2364
2362
2321
2363
2375
2338
2265
2353
2424
2378
2357
2324
2383
2398
2335
2338
2324
2329
2340
2379
2283
2230
2287
2307
2323
2296
2375
2318
2278
2243
2367
2387
2324
2238
2294
2354
2372
2338
2332
2282
2253
2237
2260
2285
2333
2341
2297
2260
2218
2240
2253
2188
2148
2184
2242
2151
2193
1967
2042
2055
2007
1965
1963
1977
2070
1991
2030
2018
2021
1948
2010
2048
1969
2047
2059
1878
2089
2033
2081
2056
2061
2106
2184
2101
2149
2100
2131
2154
2123
2138
2172
2167
2196
2166
2220
2198
2253
2159
2202
2185
2182
2292
2229
2234
2252
2249
2232
2256
2241
2238
2264
2224
2203
2269
2279
2313
2219
2351
2322
2301
2228
2181
2140
2182
2128
2075
2103
2022
2068
2121
2056
2010
2054
2098
2076
1945
2033
2059
2103
2022
2009
2031
2075
2106
2077
2129
2124
2147
2099
2105
2202
2172
2154
2169
2178
2312
2175
2316
2277
2293
2257
2283
2291
2330
2261
2197
2279
2348
2225
2303
2246
2290
2318
2207
2245
2256
2205
2274
2294
2274
2282
2219
2310
2358
2330
2254
2270
2245
2300
2132
2227
2129
2163
2260
2157
2286
2078
2092
2151
2143
1985
2123
2045
2000
2113
2123
2129
2135
2179
2143
2142
2101
2124
2119
2133
2227
2172
2196
2121
2279
2216
2261
2192
2248
2209
2173
2232
2214
2298
2287
2121
2234
2177
2229
2185
2244
2243
2203
2147
2123
2144
2145
2158
2191
2119
2220
2168
2093
2054
2057
2020
2046
2065
2091
2092
2121
2080
2166
2258
2297
2152
2237
2201
2239
2232
2249
2220
2312
2319
2284
2233
2227
2261
2354
2218
2291
2247
2321
2356
2348
2376
2276
2339
2342
2286
2236
2345
2298
2273
2235
2222
2180
2205
2319
2118
2155
2253
2212
2273
2223
2229
2308
2177
2184
2171
2118
2196
2141
2063
2075
2082
2145
2064
2006
2059
1926
2002
2047
1993
1970
1978
1926
2073
2084
1983
2022
2086
2173
2150
2160
2202
2125
2257
2208
2245
2316
2197
2359
2259
2247
2224
2250
2275
2263
2215
2318
2337
2268
2316
2172
2306
2251
2221
2298
2176
2238
2268
2199
2249
2204
2137
2144
2217
2215
2142
2256
2171
2134
2092
2102
2124
2165
2106
2055
2159
2069
2097
2032
2039
1990
1996
1994
2055
2004
2027
2056
1930
1902
2001
1990
1971
2005
1933
1959
2035
2071
2132
2200
2110
2094
2184
2215
2189
2255
2379
2344
2257
2283
2308
2290
2239
2281
2361
2349
2273
2338
2259
2336
2303
2307
2294
2307
2258
2306
2370
2362
2356
2354
2360
2290
2317
2351
2377
2337
2406
2339
2357
2260
2398
2318
2359
2333
2313
2265
2293
2391
2263
2262
2276
2352
2318
2397
2352
2296
2373
2328
2298
2369
2234
2407
2313
2320
2310
2314
2318
2285
2380
2301
2327
2306
2347
2352
2380
2326
2302
2304
2303
2273
2253
2374
2344
2405
2341
2266
2265
2368
2461
2276
2358
2384
2381
2376
2383
2328
2324
2288
2322
2416
2315
2312
2325
2355
2331
2395
2371
2310
2316
2226
2341
2298
2370
2361
2372
2307
2354
2378
2381
2410
2417
2302
2305
2352
2322
2322
2372
2287
2350
2332
2294
2347
2313
2399
2389
2331
2383
2395
2245
2308
2306
2343
2412
2387
2250
2314
2345
2431
2269
2385
2415
2348
2235
2410
2276
2282
2262
2327
2274
2393
2383
2346
2313
2288
2267
2236
2263
2221
2265
2348
2335
2269
2316
2351
2260
2172
2256
2156
2248
2159
2163
2192
2155
2190
2189
2042
2095
2024
2020
2010
1999
2041
1968
1936
1947
1926
2050
1977
1987
1955
2042
2105
1982
2070
2035
1993
2087
2085
2022
2120
2134
2089
2069
2189
2153
2211
2129
2233
2149
2249
2194
2187
2200
2231
2172
2244
2202
2261
2162
2263
2297
2261
2320
2258
2276
2226
2286
2207
2316
2216
2230
2271
2250
2244
2267
2207
2327
2154
2283
2227
2224
2086
2123
2040
2169
2091
2113
2127
2030
2122
2030
2003
1989
2026
2013
1986
2003
2015
2114
2043
2020
2093
2032
2087
2174
2192
2104
2154
2195
2133
2195
2208
2241
2169
2203
2199
2101
2099
2191
2232
2253
2237
2216
2196
2350
2270
2176
2314
2400
2224
2250
2278
2219
2278
2313
2326
2245
2356
2277
2328
2281
2321
2327
2263
2310
2220
2313
2155
2192
2213
2268
2184
2260
2164
2152
2142
2149
2111
2096
2062
2067
2092
2061
2065
2001
2083
2197
2126
2135
2210
2166
2232
2266
2136
2210
2129
2216
2263
2194
2121
2185
2193
2248
2257
2180
2214
2268
2249
2246
2156
2189
2245
2225
2275
2143
2100
2195
2214
2205
2128
2097
2171
2188
2153
2099
2109
2144
2072
2145
2040
2072
2088
2071
2056
2120
2091
2190
2196
2166
2176
2207
2164
2239
2349
2278
2199
2180
2200
2256
2355
2188
2289
2283
2273
2255
2273
2344
2313
2288
2357
2258
2246
2252
2243
2283
2233
2269
2263
2312
2212
2238
2265
2156
2251
2215
2196
2218
2228
2175
2270
2213
2124
2186
2174
2123
2128
2147
2063
2068
2144
2064
2076
2116
2051
2031
2074
1968
2075
1967
1985
2021
2015
2107
2059
2053
2070
2073
2152
2160
2271
2252
2247
2186
2289
2234
2236
2175
2309
2198
2288
2364
2239
2281
2197
2230
2265
2220
2334
2151
2270
2191
2302
2222
2239
2257
2206
2127
2205
2221
2200
2179
2251
2180
2169
2204
2118
2176
2239
2111
2234
2177
2105
2110
2139
2110
2087
2056
2007
1993
2091
2065
1980
1998
1963
1994
1992
1985
1990
2036
1997
2085
2016
2037
2005
2047
2097
2123
2146
2175
2056
2115
2169
2206
2200
2275
2189
2298
2317
2350
2364
2258
2361
2275
2315
2342
2309
2239
2336
2270
2295
2296
2372
2317
2332
2343
2266
2365
2342
2331
2246
2384
2297
2292
2278
2243
2352
2311
2247
2362
2444
2372
2362
2345
2288
2331
2334
2296
2307
2364
2365
2403
2372
2388
2255
2258
2332
2296
2358
2334
2318
2320
2339
2403
2398
2278
2393
2232
2283
2339
2315
2368
2365
2330
2357
