2346
2322
2364
2361
2337
2303
2340
2365
2270
2308
2336
2290
2381
2205
2412
2290
2332
2274
2333
2331
2305
2322
2281
2341
2303
2278
2353
2426
2266
2297
2251
2319
2294
2356
2294
2346
2443
2327
2342
2334
2308
2371
2291
2313
2235
2282
2321
2339
2334
2360
2298
2291
2255
2279
2295
2385
2297
2290
2326
2274
2337
2341
2278
2303
2311
2262
2333
2245
2223
2251
2327
2242
2276
2281
2096
2170
2186
2148
2101
2147
2113
2038
2003
1974
2083
2066
1956
2020
2006
2029
2072
2039
2055
2034
1991
1991
2079
2026
2082
2027
2136
2145
2124
2233
2140
2086
2208
2226
2272
2171
2089
2142
2181
2130
2169
2176
2190
2178
2243
2237
2244
2190
2275
2174
2202
2237
2270
2243
2300
2208
2307
2235
2193
2265
2287
2203
2240
2273
2238
2233
2177
2233
2253
2268
2189
2112
2084
2136
2033
2125
2072
2064
1998
1986
2044
2011
2045
1957
2079
1916
2082
2033
2133
2104
2174
2060
2162
2094
2201
2059
2103
2170
2174
2164
2283
2252
2211
2177
2246
2213
2226
2362
2243
2313
2256
2283
2200
2275
2241
2228
2265
2285
2272
2246
2329
2271
2218
2264
2266
2368
2284
2270
2256
2244
2194
2274
2238
2303
2270
2266
2245
2202
2272
2201
2222
2213
2135
2111
2100
2103
2109
2060
2016
2037
2117
2118
2078
2176
2131
2193
2139
2161
2180
2202
2164
2173
2148
2198
2167
2288
2107
2190
2218
2213
2239
2168
2167
2258
2295
2210
2298
2253
2232
2167
2168
2144
2084
2277
2173
2185
2102
2252
2143
2124
2190
2090
2131
2145
2112
2040
2015
2007
2045
2064
2044
2120
2148
2079
2164
2194
2218
2168
2214
2123
2242
2192
2236
2293
2294
2238
2342
2269
2205
2285
2220
2268
2352
2278
2208
2340
2340
2275
2350
2311
2270
2305
2282
2276
2209
2329
2229
2278
2209
2224
2264
2231
2207
2200
2200
2234
2289
2248
2108
2115
2167
2148
2210
2133
2149
2114
2075
2067
2101
2044
2070
1998
2051
2012
1993
1993
2044
2026
2036
2006
2085
2114
2184
2065
2182
2079
2085
2126
2281
2175
2195
2223
2226
2232
2291
2275
2258
2291
2331
2315
2165
2268
2279
2226
2139
2255
2203
2281
2294
2341
2225
2307
2226
2196
2243
2258
2190
2226
2185
2191
2249
2142
2170
2141
2125
2060
2183
2142
2156
2142
2109
2141
2033
2033
2007
2040
2062
2024
2018
1975
1985
2045
1953
1929
1974
2034
1943
2045
1957
2008
1966
2074
2050
2069
2111
2141
2187
2153
2155
2244
2213
2206
2230
2278
2299
2281
2233
2280
2340
2289
2354
2346
2355
2298
2291
2283
2326
2295
2300
2293
2289
2155
2388
2335
2348
2313
2361
2347
2309
2377
2313
2364
2282
2372
2343
2307
2287
2306
2353
2336
2277
2325
2317
2221
2291
2205
2249
2344
2328
2296
2342
2287
2338
2361
2250
2286
2250
2345
2249
2343
2240
2320
2284
2369
2290
2261
2342
2338
2333
2384
2388
2252
2198
2288
2287
2341
2398
2380
2299
2361
2408
2332
2292
2279
2262
2402
2335
2292
2272
2350
2365
2307
2352
2322
2339
2375
2293
2370
2286
2300
2320
2388
2342
2326
2339
2293
2342
2310
2416
2293
2318
2267
2374
2311
2254
2297
2302
2240
2339
2321
2357
2279
2403
2365
2272
2277
2365
2320
2361
2372
2280
2323
2296
2229
2346
2369
2344
2405
2249
2411
2294
2335
2302
2269
2288
2354
2299
2331
2239
2285
2257
2346
2290
2274
2290
2218
2247
2343
2257
2275
2298
2353
2309
2412
2303
2356
2371
2273
2282
2295
2278
2302
2258
2249
2268
2225
2163
2132
2177
2141
2146
2123
2102
2108
2017
2026
1995
1961
1983
1925
1977
2028
2036
1975
1994
2051
1981
1945
2032
2085
2055
2097
2084
2039
2062
2109
2183
2134
2065
2148
2128
2261
2191
2182
2092
2247
2256
2145
2206
2255
2215
2240
2212
2257
2216
2162
2279
2204
2292
2267
2211
2186
2267
2160
2199
2210
2288
2249
2211
2141
2331
2248
2279
2276
2197
2196
2127
2186
2150
2142
2077
2097
2109
2055
1985
2006
1963
1983
1983
1998
1946
1980
1834
2040
2041
2143
2061
2060
2055
2175
2038
2172
2128
2156
2156
2200
2128
2123
2228
2266
2216
2239
2137
2268
2272
2253
2176
2192
2310
2247
2212
2228
2256
2277
2231
2175
2232
2229
2306
2176
2245
2265
2356
2261
2271
2326
2324
2303
2267
2217
2294
2238
2229
2228
2197
2240
2195
2122
2151
2161
2109
2116
2157
2078
2057
2029
2069
2061
2108
2171
2092
2176
2228
2046
2168
2137
2120
2094
2158
2101
2246
2052
2279
2337
2132
2183
2129
2240
2204
2220
2238
2167
2181
2210
2248
2234
2185
2215
2272
2206
2190
2202
2231
2200
2147
2152
2118
2141
2131
2185
2188
2069
2010
2182
2104
2169
2100
2098
2142
2116
2116
2202
2197
2120
2187
2234
2220
2271
2339
2246
2349
2301
2232
2192
2253
2298
2273
2222
2218
2297
2300
2223
2282
2240
2219
2179
2305
2330
2317
2264
2284
2247
2198
2267
2244
2244
2214
2168
2199
2183
2225
2212
2121
2219
2184
2138
2135
2172
2157
2174
2159
2189
2175
2029
2059
2090
1999
2041
1963
2120
1978
1981
2043
2013
2046
2025
2030
2006
1993
2073
2077
2048
2228
2124
2251
2101
2213
2346
2256
2209
2197
2198
2229
2236
2290
2212
2226
2194
2288
2245
2244
2192
2163
2282
2319
2238
2210
2259
2211
2244
2264
2164
2221
2252
2203
2183
2140
2190
2151
2177
2087
2144
2026
2045
2117
2092
2072
2062
2063
2003
2122
1980
2066
2017
2031
2013
2012
2094
1985
1867
1916
1949
2018
1938
2041
2066
2028
2059
2084
2061
2301
2219
2109
2212
2156
2171
2225
2225
2285
2218
2244
2262
2222
2229
2243
2262
2314
2357
2227
2272
2254
2298
2351
2231
2311
2327
2384
2378
2318
2415
2279
2285
2374
2340
2305
2313
2379
2214
2274
2266
2287
2350
2366
2374
2269
2328
2330
2325
2405
2264
2224
2368
2330
2341
2321
2320
2321
2318
2322
2280
2360
2361
2349
2328
2349
2405
2354
2408
2367
2248
2356
2340
2396
2340
2362
2364
2335
2380
2328
