2293
2329
2250
2283
2313
2339
2265
2405
2324
2283
2299
2304
2395
2296
2363
2280
2274
2266
2331
2324
2317
2332
2306
2339
2301
2344
2385
2407
2286
2337
2416
2281
2327
2346
2323
2285
2311
2341
2323
2306
2352
2361
2353
2313
2198
2309
2315
2345
2311
2310
2308
2335
2334
2354
2321
2297
2202
2257
2383
2336
2309
2273
2232
2318
2339
2331
2362
2251
2261
2271
2234
2187
2204
2136
2197
2213
2180
2135
2174
2113
2066
2107
2101
2087
2079
1987
2089
1966
2003
2060
1973
2077
2111
2080
2001
2071
2052
2182
2049
2099
2067
2048
2109
2075
2185
2109
2075
2088
2141
2220
2151
2194
2139
2150
2252
2207
2178
2233
2235
2234
2147
2141
2232
2263
2302
2171
2171
2216
2168
2263
2316
2267
2283
2139
2217
2250
2235
2256
2269
2268
2152
2146
2136
2140
2107
2175
2167
2120
2066
2030
2072
1993
2109
2002
1969
2109
1990
2067
2075
2031
2003
2028
2052
2074
2064
2149
2102
1991
2139
2123
2116
2127
2204
2120
2161
2251
2200
2200
2242
2247
2118
2235
2228
2226
2220
2313
2283
2237
2253
2226
2214
2327
2186
2310
2332
2258
2266
2249
2254
2277
2304
2310
2323
2269
2188
2281
2220
2191
2293
2210
2283
2265
2236
2163
2182
2152
2069
2129
2029
2066
2071
2085
2045
2029
2074
2092
2135
2161
2185
2121
2126
2155
2182
2121
2091
2227
2268
2174
2108
2188
2191
2177
2228
2162
2189
2177
2028
2236
2201
2185
2180
2184
2113
2159
2123
2076
2159
2096
2125
2212
2074
2113
2160
2110
2151
2103
2041
1989
2015
2109
2150
1991
1994
2115
2055
2089
2043
2117
2099
2154
2280
2181
2204
2221
2227
2198
2151
2235
2292
2258
2251
2299
2243
2340
2210
2170
2282
2329
2268
2226
2303
2288
2291
2236
2227
2223
2249
2226
2164
2336
2228
2256
2259
2227
2200
2129
2175
2206
2173
2190
2237
2159
2137
2114
2147
2122
2057
2175
2103
2108
2024
2023
2050
1980
1962
1972
2005
2009
2060
2022
1989
1908
2019
2094
2035
2125
2154
2076
2177
2193
2151
2124
2207
2259
2225
2312
2275
2262
2190
2299
2237
2209
2194
2178
2225
2202
2245
2355
2226
2243
2195
2222
2260
2214
2253
2231
2157
2230
2225
2217
2145
2153
2161
2170
2149
2122
2152
2111
2141
2068
2127
2122
1998
2095
2124
2060
2039
2008
2044
2048
1999
2052
1972
2103
1954
2036
2004
1990
2052
1974
2056
2031
2056
2064
2134
2110
2105
2162
2146
2188
2134
2183
2200
2189
2279
2313
2236
2248
2285
2316
2280
2359
2302
2377
2276
2333
2354
2260
2332
2271
2275
2325
2346
2421
2257
2333
2380
2313
2323
2371
2372
2373
2413
2263
2272
2276
2266
2373
2227
2319
2321
2323
2414
2380
2327
2286
2313
2347
2322
2293
2380
2294
2294
2310
2332
2296
2328
2298
2268
2372
2384
2257
2271
2292
2333
2375
2254
2386
2382
2330
2311
2308
2273
2271
2325
2285
2392
2282
2343
2253
2264
2356
2336
2345
2263
2291
2295
2295
2325
2286
2400
2341
2227
2223
2264
2338
2405
2368
2300
2380
2324
2296
2347
2323
2368
2325
2319
2368
2335
2331
2360
2351
2234
2282
2345
2329
2265
2328
2304
2348
2296
2232
2312
2232
2278
2267
2325
2340
2342
2388
2297
2348
2329
2309
2303
2287
2266
2206
2298
2382
2268
2383
2303
2317
2339
2375
2393
2275
2362
2312
2272
2299
2317
2306
2241
2337
2301
2245
2335
2313
2254
2262
2295
2389
2353
2342
2369
2249
2357
2246
2297
2275
2199
2211
2224
2246
2271
2246
2249
2179
2189
2129
2202
2268
2157
2056
2191
2100
2046
2023
2080
2043
2041
2010
1974
2098
1935
1973
2024
1950
2016
1970
1984
2008
2007
2031
2031
1970
2137
2190
2108
2078
2215
2265
2084
2161
2102
2149
2138
2142
2190
2208
2206
2216
2250
2145
2160
2187
2196
2229
2289
2251
2312
2191
2206
2309
2141
2224
2240
2220
2248
2160
2234
2184
2209
2236
2247
2139
2145
2194
2127
2166
2266
2119
2198
2076
2078
2111
2055
2094
2035
2058
1938
2032
2014
2008
2073
2026
2077
1967
2051
1988
2068
2074
2112
2123
2165
2149
2101
2185
2229
2199
2160
2174
2156
2150
2143
2280
2191
2213
2231
2285
2264
2242
2202
2209
2182
2235
2223
2197
2233
2177
2213
2238
2237
2329
2277
2214
2252
2266
2261
2186
2220
2195
2099
2269
2250
2163
2186
2199
2278
2163
2135
2159
2110
2144
2130
2078
2061
2080
2092
2073
2087
2018
2060
2095
2105
2091
2061
2114
2132
2114
2212
2167
2181
2169
2079
2135
2253
2190
2155
2213
2177
2197
2236
2192
2157
2058
2232
2181
2170
2214
2142
2130
2104
2145
2238
2144
2154
2096
2161
2093
2171
2095
2073
2055
2074
2038
2015
2016
1970
2059
2073
2113
2118
2162
2168
2103
2215
2179
2141
2251
2213
2177
2261
2253
2196
2251
2176
2295
2294
2291
2296
2163
2095
2211
2258
2280
2202
2181
2263
2307
2240
2180
2231
2199
2165
2269
2244
2203
2250
2184
2119
2173
2240
2272
2243
2153
2208
2063
2093
2163
2125
2134
2060
1996
2147
2025
2028
2130
2041
2112
2060
2066
2009
1979
2034
2011
2046
2048
2039
2080
2031
2091
2080
2175
2088
2130
2170
2168
2237
2234
2272
2175
2226
2334
2250
2198
2241
2222
2226
2247
2243
2120
2278
2214
2132
2163
2163
2324
2285
2312
2226
2213
2230
2139
2189
2177
2136
2279
2171
2118
2092
2239
2147
2102
2206
2153
2100
2134
2046
2073
2072
1990
2070
2050
1979
2050
1945
2001
2060
1974
2060
1975
1967
1995
1997
2072
2038
1944
2075
2067
2136
2052
2112
2078
2126
2064
2188
2226
2241
2211
2254
2251
2309
2307
2316
2174
2205
2267
2309
2341
2289
2352
2253
2349
2320
2350
2280
2355
2316
2361
2273
2338
2237
2388
2317
2288
2324
2253
2223
2386
2338
2257
2355
2354
2318
2315
2243
2339
2336
2269
2355
2401
2289
2346
2335
2358
2303
2383
2285
2353
2297
2307
2261
2319
2259
2306
2342
2344
2394
2382
2287
2225
2437
2312
2293
2312
2319
2401
2237
2330
2398
