2359
2396
2309
2338
2393
2287
2345
2370
2287
2380
2350
2304
2349
2316
2272
2298
2401
2314
2371
2221
2323
2284
2382
2325
2324
2358
2379
2220
2343
2370
2337
2350
2304
2276
2358
2331
2319
2290
2395
2289
2311
2384
2331
2332
2435
2324
2364
2382
2251
2387
2372
2323
2316
2279
2356
2296
2341
2231
2418
2298
2312
2321
2261
2297
2327
2256
2340
2292
2320
2247
2283
2207
2190
2278
2216
2174
2212
2177
2198
2206
2127
2133
2130
2100
2041
1999
2095
1999
2089
1990
2023
1941
2149
2013
2052
2054
2106
2127
2097
2098
2036
2104
2086
2116
2068
2034
2118
2060
2164
2128
2166
2182
2159
2158
2179
2160
2193
2232
2095
2163
2257
2214
2297
2162
2219
2197
2187
2247
2247
2266
2194
2297
2254
2282
2227
2271
2210
2244
2243
2188
2225
2267
2154
2093
2135
2213
2196
2137
2088
2048
2130
2103
1973
2093
2007
1967
1924
2027
2038
2039
2110
2123
2088
2049
2138
2128
2096
1997
2183
2104
2038
2128
2136
2239
2199
2170
2233
2225
2208
2229
2241
2228
2241
2268
2237
2221
2240
2291
2211
2196
2209
2245
2310
2322
2256
2213
2254
2318
2346
2234
2261
2204
2274
2235
2206
2192
2328
2222
2251
2192
2187
2262
2179
2263
2215
2205
2119
2070
2181
2140
2057
2010
2066
2093
2005
2131
2103
2155
2145
2096
2103
2164
2105
2210
2225
2128
2138
2136
2155
2084
2218
2201
2131
2193
2089
2241
2234
2207
2214
2191
2137
2114
2172
2149
2171
2168
2116
2161
2089
2138
2098
2131
2129
2146
2137
2078
2159
2068
2074
2142
2106
2001
2027
2138
2038
2084
2106
2161
2171
2164
2188
2355
2135
2286
2256
2271
2225
2309
2255
2284
2156
2275
2253
2229
2224
2268
2217
2203
2220
2315
2293
2283
2271
2219
2219
2203
2213
2294
2216
2243
2194
2326
2257
2184
2229
2225
2204
2129
2197
2211
2151
2158
2194
2152
2189
2138
2104
2047
2140
2068
2130
2156
2028
2086
2052
2043
1957
2009
2015
2082
2032
2040
2038
2050
2059
2134
2099
2217
2138
2263
2122
2229
2197
2205
2190
2193
2289
2201
2195
2207
2203
2229
2257
2284
2191
2235
2312
2188
2255
2233
2293
2278
2169
2197
2251
2249
2251
2157
2209
2190
2173
2172
2259
2227
2160
2094
2107
2207
2200
2072
2109
2093
2015
2113
2049
2098
2034
1957
2014
2024
2021
2013
1969
2002
2012
1978
2034
2012
2030
2007
1998
2053
2043
2086
2109
2249
2127
2209
2157
2290
2212
2291
2261
2196
2248
2272
2211
2308
2243
2315
2298
2322
2240
2258
2332
2258
2321
2311
2171
2318
2281
2249
2396
2206
2335
2324
2329
2336
2326
2403
2301
2359
2398
2306
2329
2319
2321
2399
2343
2308
2395
2327
2351
2231
2294
2319
2308
2339
2360
2288
2380
2359
2311
2328
2314
2418
2322
2335
2296
2318
2317
2324
2203
2316
2305
2332
2279
2313
2338
2220
2329
2358
2430
2272
2312
2350
2315
2381
2319
2268
2332
2249
2356
2384
2402
2300
2384
2285
2264
2381
2292
2277
2372
2368
2402
2368
2313
2337
2315
2414
2355
2327
2258
2325
2251
2324
2294
2376
2297
2369
2281
2271
2385
2348
2334
2281
2331
2358
2412
2298
2266
2291
2344
2245
2387
2320
2292
2302
2270
2316
2264
2279
2310
2260
2351
2307
2223
2297
2212
2259
2291
2363
2359
2244
2308
2408
2308
2443
2418
2375
2341
2279
2319
2339
2350
2288
2384
2338
2377
2340
2273
2351
2280
2235
2266
2336
2287
2395
2283
2293
2302
2256
2307
2268
2265
2136
2222
2267
2342
2280
2241
2165
2239
2197
2148
2124
2182
2048
2091
2072
2022
2095
2012
2027
1995
2051
1987
1912
2013
2051
2044
2047
1991
2063
1980
2094
2059
2103
2139
2054
2129
2072
2081
2080
2105
2065
2178
2161
2084
2114
2209
2163
2123
2178
2167
2244
2255
2327
2213
2201
2237
2198
2228
2149
2255
2187
2225
2256
2293
2232
2254
2325
2313
2209
2253
2199
2287
2198
2263
2273
2212
2202
2193
2128
2107
2103
2135
2083
2115
2065
2026
2046
1994
2060
2045
2011
1972
2079
2049
1979
2033
2007
2108
2159
2049
2070
2076
2196
2159
2194
2140
2215
2187
2128
2148
2147
2244
2162
2256
2260
2223
2216
2314
2223
2192
2196
2214
2255
2275
2254
2286
2243
2238
2263
2229
2268
2283
2244
2260
2256
2319
2279
2277
2228
2171
2269
2138
2152
2316
2137
2218
2175
2231
2227
2150
2203
2140
2148
2064
2047
2072
2127
2061
2109
2078
2178
2110
2038
2122
2094
2101
2138
2103
2106
2154
2085
2133
2143
2225
2110
2160
2197
2185
2193
2102
2277
2194
2213
2213
2097
2099
2203
2130
2120
2132
2171
2176
2142
2195
2146
2093
2148
2097
2130
2188
2028
2091
2155
1984
2152
2126
2038
2050
2173
2086
2084
2211
2123
2198
2232
2239
2205
2285
2206
2274
2251
2234
2188
2265
2213
2300
2283
2176
2278
2228
2310
2221
2297
2239
2174
2148
2179
2276
2273
2208
2262
2242
2288
2264
2201
2294
2184
2188
2141
2118
2101
2249
2200
2199
2126
2129
2202
2105
2121
2146
2127
2057
2040
2054
1931
2028
1987
2080
2033
2142
2031
2038
2001
2062
2119
2034
2094
2009
2031
2152
2085
2167
2147
2235
2196
2189
2232
2191
2256
2252
2221
2255
2234
2246
2174
2177
2216
2164
2251
2295
2260
2270
2266
2165
2262
2271
2216
2162
2198
2220
2249
2215
2202
2144
2189
2171
2183
2237
2146
2171
2124
2129
2099
2086
1988
2079
2029
2153
2056
2098
2057
2002
2061
2044
2012
2073
2096
2126
1922
2044
2079
2035
2122
2089
1973
2098
2122
2086
2156
2111
2178
2153
2241
2215
2283
2200
2263
2210
2217
2270
2246
2338
2357
2364
2310
2369
2172
2270
2424
2343
2335
2281
2215
2258
2321
2313
2321
2239
2281
2279
2274
2327
2291
2292
2355
2278
2340
2365
2306
2382
2369
2328
2327
2329
2334
2371
2303
2339
2295
2352
2325
2335
2301
2342
2312
2303
2345
2338
2324
2323
2275
2256
2324
2395
2288
2318
2305
2330
2271
2354
2314
2293
2340
2315
2410
2351
2340
2418
