2556
2581
2542
2531
2571
2596
2580
2571
2653
2647
2606
2549
2578
2584
2611
2587
2632
2669
2581
2675
2595
2559
2595
2597
2603
2588
2605
2654
2578
2631
2656
2486
2606
2581
2562
2569
2576
2448
2507
2508
2570
2601
2558
2489
2565
2598
2560
2587
2558
2657
2516
2590
2433
2563
2514
2542
2558
2597
2582
2590
2617
2534
2543
2578
2598
2479
2532
2520
2567
2582
2444
2526
2426
2469
2438
2558
2475
2414
2362
2393
2408
2378
2367
2315
2319
2201
2314
2232
2212
2294
2274
2288
2251
2249
2221
2316
2214
2233
2247
2220
2366
2307
2297
2252
2388
2263
2401
2369
2387
2338
2391
2417
2416
2350
2388
2425
2429
2408
2471
2367
2469
2420
2496
2452
2410
2532
2423
2440
2454
2469
2567
2516
2492
2520
2337
2359
2513
2516
2492
2477
2540
2495
2386
2522
2488
2434
2335
2421
2416
2359
2258
2346
2201
2315
2260
2261
2242
2222
2256
2217
2280
2236
2356
2295
2252
2324
2325
2286
2230
2401
2423
2407
2394
2406
2472
2417
2398
2456
2399
2455
2483
2398
2478
2501
2431
2519
2513
2476
2497
2442
2570
2442
2530
2419
2542
2480
2497
2497
2515
2476
2577
2473
2539
2490
2492
2432
2499
2548
2537
2496
2424
2482
2462
2385
2417
2374
2345
2430
2388
2328
2392
2252
2278
2297
2359
2325
2299
2378
2441
2386
2295
2394
2325
2321
2399
2353
2468
2429
2374
2348
2289
2332
2373
2363
2349
2363
2387
2403
2446
2503
2455
2330
2323
2375
2387
2393
2421
2257
2373
2295
2310
2414
2303
2325
2300
2366
2380
2299
2233
2194
2268
2273
2331
2353
2366
2352
2383
2381
2319
2301
2489
2480
2419
2464
2482
2505
2507
2523
2486
2468
2420
2493
2493
2538
2403
2516
2590
2499
2450
2502
2559
2554
2463
2527
2491
2506
2547
2506
2528
2483
2403
2456
2439
2492
2437
2465
2528
2440
2424
2358
2409
2410
2453
2360
2434
2327
2404
2306
2278
2359
2335
2276
2258
2320
2317
2289
2190
2342
2211
2151
2232
2211
2271
2383
2374
2319
2384
2368
2350
2430
2511
2434
2472
2441
2444
2434
2609
2376
2480
2572
2490
2417
2515
2493
2435
2440
2507
2454
2479
2534
2465
2484
2483
2440
2478
2453
2494
2431
2355
2486
2360
2288
2475
2387
2288
2311
2360
2341
2347
2356
2401
2342
2311
2259
2244
2314
2237
2277
2275
2242
2197
2323
2260
2222
2216
2299
2277
2214
2319
2307
2350
2297
2306
2348
2341
2365
2431
2382
2409
2493
2459
2467
2536
2569
2573
2529
2521
2492
2578
2537
2538
2638
2602
2494
2509
2584
2583
2585
2532
2510
2601
2654
2518
2587
2487
2653
2506
2496
2613
2603
2584
2570
2655
2534
2643
2572
2528
2546
2546
2550
2564
2545
2730
2596
2492
2576
2541
2529
2571
2573
2513
2643
2510
2368
2633
2582
2497
2560
2720
2580
2626
2538
2583
2506
2594
2601
2542
2687
2700
2644
2604
2571
2668
2573
2485
2590
2601
2501
2573
2652
2560
2634
2625
2574
2604
2569
2547
2593
2648
2619
2604
2507
2569
2640
2556
2551
2526
2601
2579
2586
2610
2628
2491
2609
2588
2538
2543
2614
2471
2614
2523
2617
2556
2546
2548
2554
2577
2541
2565
2596
2505
2633
2604
2524
2602
2656
2607
2583
2566
2687
2532
2680
2568
2530
2589
2487
2530
2589
2539
2675
2533
2609
2587
2633
2540
2569
2547
2681
2642
2556
2592
2579
2549
2574
2598
2511
2623
2475
2516
2570
2663
2600
2586
2591
2463
2564
2554
2627
2557
2621
2577
2587
2450
2603
2502
2510
2495
2501
2489
2573
2420
2470
2366
2424
2504
2418
2350
2378
2414
2289
2354
2290
2280
2203
2306
2258
2287
2302
2287
2251
2301
2220
2275
2287
2166
2385
2341
2265
2357
2277
2291
2329
2285
2341
2222
2424
2363
2318
2496
2334
2327
2379
2434
2405
2423
2398
2438
2431
2478
2426
2425
2531
2442
2502
2475
2456
2445
2517
2466
2496
2418
2369
2571
2463
2493
2552
2437
2471
2414
2484
2473
2453
2382
2386
2394
2438
2378
2354
2313
2292
2276
2219
2210
2291
2221
2223
2225
2250
2219
2305
2272
2250
2283
2366
2307
2232
2301
2457
2368
2334
2515
2405
2464
2406
2444
2428
2311
2403
2470
2448
2537
2489
2484
2509
2499
2473
2461
2472
2456
2521
2393
2520
2446
2558
2494
2454
2475
2487
2500
2575
2544
2450
2503
2357
2470
2449
2498
2449
2453
2378
2465
2435
2413
2280
2376
2297
2393
2223
2244
2251
2263
2277
2295
2253
2336
2298
2321
2363
2316
2383
2248
2463
2305
2279
2353
2386
2446
2301
2361
2376
2406
2375
2365
2370
2445
2484
2371
2472
2360
2311
2411
2407
2315
2390
2378
2364
2271
2349
2351
2283
2273
2390
2300
2288
2270
2272
2288
2307
2192
2232
2320
2331
2308
2362
2307
2329
2383
2426
2380
2371
2469
2429
2452
2391
2507
2453
2519
2490
2510
2417
2523
2482
2437
2572
2553
2410
2465
2429
2535
2414
2527
2533
2554
2456
2500
2491
2534
2482
2468
2417
2426
2471
2399
2416
2419
2419
2322
2395
2407
2406
2342
2397
2330
2367
2272
2390
2209
2294
2431
2279
2204
2345
2317
2280
2149
2305
2285
2311
2269
2270
2338
2353
2357
2331
2345
2366
2289
2467
2295
2374
2378
2513
2460
2451
2430
2452
2378
2404
2468
2399
2482
2576
2442
2413
2412
2536
2454
2414
2403
2490
2318
2443
2372
2508
2401
2385
2390
2414
2325
2416
2501
2380
2425
2366
2344
2346
2342
2359
2317
2283
2342
2282
2291
2316
2241
2196
2292
2334
2334
2288
2262
2334
2259
2267
2317
2302
2274
2309
2285
2383
2310
2362
2447
2394
2399
2410
2446
2446
2542
2367
2455
2443
2476
2508
2510
2562
2591
2528
2524
2576
2449
2573
2546
2505
2527
2623
2547
2587
2619
2600
2633
2654
2608
2622
2564
2607
2543
2544
2537
2576
2499
2537
2617
2574
2642
2540
2517
2521
2577
2678
2568
2580
2568
2614
2560
2586
2751
2586
2512
2587
2512
2589
2658
2595
2615
2620
2517
2522
2495
2608
2559
2673
2614
2522
2602
2593
2683
2584
2631
2528
2546
2581
2566
