2358
2387
2388
2292
2365
2375
2314
2304
2229
2232
2278
2235
2310
2319
2286
2280
2328
2304
2258
2255
2258
2356
2279
2407
2378
2238
2286
2339
2332
2330
2335
2284
2273
2261
2312
2288
2299
2304
2274
2273
2344
2271
2265
2333
2154
2414
2260
2213
2315
2319
2352
2365
2277
2282
2390
2319
2315
2249
2390
2358
2268
2285
2298
2226
2305
2232
2349
2212
2258
2258
2239
2170
2253
2254
2222
2233
2218
2184
2172
2184
2056
2103
2098
2098
2091
2092
1980
2053
2015
2069
2031
2012
2059
1991
2045
1979
2030
2104
2057
2051
2062
2087
2034
2100
2028
2079
2033
2178
2098
2139
2134
2153
2118
2140
2197
2127
2184
2198
2235
2179
2100
2203
2228
2285
2174
2194
2320
2254
2278
2142
2164
2222
2198
2150
2248
2205
2247
2206
2196
2269
2147
2179
2199
2209
2182
2161
2210
2088
2117
2091
2053
2021
2079
2156
2056
2038
1985
2006
1939
2036
2036
2112
2061
2079
2027
2086
2103
2071
2085
2087
2160
2218
2193
2108
2185
2194
2223
2211
2246
2185
2126
2185
2160
2191
2181
2124
2190
2224
2208
2288
2159
2252
2233
2217
2245
2234
2222
2266
2254
2265
2250
2249
2192
2143
2194
2168
2205
2194
2264
2255
2157
2146
2220
2189
2181
2225
2141
2101
2149
2089
2072
2019
2103
2036
2097
2031
2116
2074
2093
2104
2051
2079
2164
2054
2155
2077
2070
2135
2135
2090
2112
2193
2139
2139
2157
2153
2197
2164
2218
2126
2128
2161
2140
2104
2135
2097
2145
2024
2122
2032
2109
2115
2109
2101
2071
2113
2055
2127
2099
2073
2090
2092
2022
2029
2109
2124
2105
2183
2170
2133
2187
2223
2146
2213
2162
2221
2248
2135
2184
2311
2222
2246
2239
2188
2244
2230
2159
2234
2261
2219
2245
2268
2241
2235
2267
2184
2250
2301
2183
2149
2212
2129
2247
2287
2157
2163
2286
2171
2169
2149
2148
2106
2076
2183
2115
2070
2143
2020
2092
2021
2112
2071
2028
2077
2024
2050
2043
1950
1984
2032
2048
2072
2010
2036
2152
2117
2091
2168
2116
2164
2164
2223
2204
2231
2164
2253
2214
2197
2282
2259
2259
2231
2182
2232
2185
2225
2176
2205
2161
2235
2189
2163
2167
2192
2126
2212
2112
2177
2140
2106
2171
2151
2091
2196
2107
2134
2064
2067
2057
2102
2087
2084
2127
2082
2045
2059
2104
2081
2043
2010
2071
1949
1999
2016
2027
1986
2025
2049
2071
2094
2101
2108
2121
2138
2185
2147
2176
2182
2140
2249
2252
2265
2249
2242
2322
2218
2361
2263
2274
2309
2334
2297
2373
2337
2283
2220
2310
2254
2230
2323
2335
2284
2290
2325
2327
2269
2339
2295
2328
2341
2416
2270
2233
2299
2345
2316
2404
2312
2326
2311
2235
2329
2340
2388
2293
2269
2298
2321
2260
2240
2312
2271
2348
2344
2298
2343
2368
2315
2324
2280
2283
2365
2340
2378
2259
2339
2304
2365
2315
2341
2240
2343
2241
2396
2334
2270
2308
2258
2351
2371
2392
2296
2313
2295
2377
2257
2305
2296
2360
2326
2383
2329
2374
2263
2302
2362
2302
2229
2334
2306
2243
2303
2363
2337
2294
2368
2287
2372
2339
2367
2288
2426
2352
2387
2215
2364
2253
2344
2331
2267
2289
2278
2341
2337
2350
2292
2266
2331
2358
2358
2280
2332
2314
2356
2350
2263
2298
2359
2276
2237
2205
2377
2334
2350
2314
2319
2226
2306
2297
2266
2337
2268
2294
2233
2294
2361
2276
2374
2287
2305
2345
2212
2302
2257
2356
2242
2370
2216
2351
2243
2302
2277
2308
2275
2242
2253
2352
2185
2248
2240
2262
2194
2202
2190
2264
2197
2219
2179
2219
2070
2125
2064
2074
2031
2075
2079
2029
2087
2018
2057
1991
2063
2057
2065
2068
2122
2007
2054
2117
2158
2080
2123
2075
2068
2163
2092
2165
2066
2139
2145
2154
2169
2236
2174
2164
2197
2196
2173
2230
2202
2187
2150
2195
2176
2177
2216
2229
2233
2169
2213
2261
2195
2262
2149
2233
2249
2158
2282
2220
2209
2213
2120
2145
2121
2097
2086
2109
2145
2087
1997
2072
2044
2005
2008
2007
1998
2065
2020
2024
2060
2062
2037
2057
2040
2095
2084
2178
2077
2154
2139
2076
2179
2092
2244
2171
2177
2181
2163
2312
2199
2172
2156
2159
2282
2205
2183
2270
2169
2206
2276
2130
2256
2269
2189
2311
2188
2222
2170
2254
2240
2242
2284
2197
2264
2166
2158
2177
2215
2174
2171
2232
2157
2094
2188
2215
2052
2024
2038
2006
2101
2059
2019
2087
2129
2011
2041
2043
2068
2091
2156
2106
2083
2025
2137
2152
2099
2092
2057
2115
2048
2151
2175
2089
2140
2155
2275
2111
2149
2113
2152
2237
1993
2158
2087
2029
2100
2056
2098
2086
2214
2062
2053
2048
2074
2121
2116
2064
2122
2006
2048
2041
2053
2116
2007
2122
2159
2105
2175
2174
2164
2240
2240
2268
2139
2230
2224
2226
2226
2219
2223
2287
2158
2198
2294
2231
2207
2313
2307
2177
2262
2190
2214
2132
2234
2170
2169
2243
2171
2213
2238
2228
2287
2236
2178
2187
2140
2143
2124
2131
2164
2121
2078
2009
1995
2030
2097
2111
2128
2057
2040
2016
2084
2033
2078
2026
1903
2014
2098
2033
2135
2042
2000
2037
2141
2087
2071
2139
2197
2148
2116
2183
2207
2164
2270
2151
2199
2230
2271
2265
2146
2181
2253
2217
2231
2207
2148
2252
2229
2190
2187
2186
2215
2208
2110
2136
2237
2204
2169
2138
2126
2131
2077
2105
2172
2102
2048
2177
2078
2073
2093
2136
2022
2096
2059
2067
2034
2072
2064
2069
2038
2100
2062
2013
2067
2025
2064
2120
2015
2177
2095
2128
2114
2070
2086
2209
2112
2179
2202
2219
2255
2312
2278
2279
2250
2213
2285
2323
2316
2308
2290
2236
2266
2308
2290
2312
2262
2283
2296
2413
2280
2385
2305
2363
2243
2396
2277
2318
2329
2275
2341
2363
2211
2290
2327
2336
2294
2277
2242
2304
2293
2294
2375
2400
2274
2366
2281
2303
2359
2406
2358
2271
2335
2336
2306
2308
2316
2406
2374
2289
2237
2343
2329
2361
2261
2246
2350
2331
2282
2326
2315
2265
2320
2261
