2323
2287
2336
2379
2291
2386
2241
2273
2377
2320
2322
2300
2323
2377
2252
2343
2332
2334
2269
2374
2225
2201
2337
2322
2247
2287
2296
2261
2366
2301
2306
2302
2317
2294
2265
2231
2288
2289
2256
2308
2314
2334
2336
2242
2340
2324
2342
2451
2288
2317
2335
2359
2284
2326
2309
2393
2315
2335
2244
2269
2268
2243
2306
2240
2257
2245
2234
2318
2350
2306
2199
2303
2281
2268
2273
2218
2217
2246
2164
2187
2091
2101
2157
2144
2144
2181
2135
2049
2073
2025
2081
2022
2056
2066
2067
1953
2039
2134
2096
2006
2110
2050
2066
2032
2140
2080
2098
2145
2008
2133
2088
2108
2097
2144
2168
2107
2194
2135
2151
2196
2190
2171
2197
2172
2184
2139
2182
2235
2150
2238
2204
2220
2251
2224
2187
2141
2109
2282
2234
2179
2220
2215
2177
2190
2191
2175
2124
2127
2078
2122
2038
2042
2164
2061
2031
2037
2039
2050
2052
2008
2011
2009
2075
2085
2142
2019
2064
2044
2021
2121
2078
2092
2119
2128
2092
2133
2097
2204
2132
2202
2185
2241
2227
2157
2233
2263
2190
2192
2220
2200
2246
2189
2168
2174
2154
2155
2240
2209
2162
2227
2277
2247
2201
2218
2236
2188
2257
2186
2206
2270
2232
2173
2091
2185
2203
2209
2097
2114
2105
2135
2068
1997
2017
2084
1969
2084
2072
2046
2085
2096
2055
2049
2128
2028
2033
2091
2070
2026
2098
2076
2184
2069
2157
2149
2097
2153
2201
2115
2151
2181
2073
2112
2108
2180
2128
2002
2083
2116
2126
2102
2034
2105
2167
2085
2101
2079
2066
2070
2014
2083
2007
2042
1986
2099
2027
2096
2167
2115
2184
2180
2154
2210
2104
2182
2201
2226
2135
2234
2191
2204
2225
2127
2206
2153
2246
2246
2226
2148
2281
2240
2184
2197
2232
2261
2203
2178
2163
2224
2141
2250
2189
2271
2190
2183
2195
2154
2195
2210
2126
2090
2057
2162
2164
2127
2080
2060
2141
2137
2084
2054
2133
1988
2106
2008
2085
2054
2036
2055
2044
2038
2078
2075
2087
2149
2023
2125
2099
2133
2138
2214
2156
2221
2220
2151
2099
2262
2231
2256
2195
2224
2153
2176
2213
2236
2195
2179
2100
2250
2196
2187
2222
2235
2234
2137
2326
2173
2143
2154
2167
2083
2110
2183
2120
2155
2149
2059
2185
2081
2014
2134
2091
2109
2111
2146
2037
2115
2086
2025
2029
2030
2006
1942
2056
2029
2052
2094
2060
2001
2030
2059
2122
2101
2093
2090
2103
2156
2215
2272
2151
2242
2194
2233
2186
2203
2198
2196
2248
2300
2296
2271
2370
2289
2329
2322
2346
2263
2307
2349
2370
2366
2313
2314
2254
2312
2326
2295
2303
2329
2262
2175
2263
2297
2407
2367
2386
2356
2314
2397
2329
2284
2302
2317
2276
2271
2375
2322
2326
2332
2239
2287
2298
2384
2349
2304
2325
2269
2256
2242
2301
2363
2292
2214
2332
2410
2224
2334
2352
2269
2316
2298
2303
2276
2268
2341
2287
2317
2391
2318
2313
2317
2289
2422
2282
2306
2351
2176
2255
2307
2331
2335
2278
2314
2352
2241
2344
2337
2261
2323
2257
2325
2306
2332
2339
2333
2302
2411
2393
2315
2354
2313
2356
2242
2258
2277
2345
2328
2320
2298
2297
2276
2355
2276
2283
2311
2378
2281
2318
2361
2262
2212
2274
2304
2289
2361
2255
2366
2295
2293
2412
2354
2280
2340
2278
2295
2333
2323
2362
2246
2369
2330
2258
2332
2329
2282
2239
2258
2285
2221
2288
2256
2293
2328
2322
2288
2265
2358
2209
2336
2331
2301
2303
2283
2341
2309
2252
2215
2244
2223
2225
2254
2236
2250
2247
2213
2223
2182
2177
2043
2078
2091
2161
2114
2098
2108
2099
2091
2041
2066
2009
2050
2124
2029
1988
1971
2001
2048
2079
2099
2098
2118
2091
2140
2155
2013
2084
2189
2104
2171
2185
2200
2162
2198
2151
2105
2131
2218
2205
2120
2175
2137
2196
2195
2157
2113
2141
2269
2172
2195
2214
2159
2185
2169
2246
2180
2225
2201
2197
2212
2209
2175
2061
2120
2157
2171
2108
2158
2135
2081
2093
2143
2019
1980
2015
2039
2033
2089
2104
2033
1965
2037
2056
2091
2087
2081
2105
2082
2085
2164
2101
2130
2145
2111
2210
2142
2168
2187
2200
2224
2129
2158
2148
2219
2096
2214
2226
2236
2217
2181
2189
2207
2203
2227
2216
2286
2296
2212
2162
2176
2218
2254
2245
2110
2149
2302
2245
2139
2235
2201
2206
2167
2184
2099
2155
2222
2038
2140
2056
2041
2028
2056
2083
2041
1969
2025
1999
2109
2060
1992
2010
2130
2010
2141
2088
2013
2134
2118
2054
2120
2136
2064
2110
2091
2165
2139
2136
2191
2102
2085
2052
2079
2067
2141
2116
2110
2035
2114
2079
2139
2108
2056
2048
1984
2068
2061
2173
2084
2052
2085
2010
2035
2023
2129
2080
2143
2047
2038
2045
2121
2117
2210
2171
2159
2215
2233
2166
2257
2287
2250
2185
2217
2218
2213
2134
2167
2257
2228
2252
2187
2173
2123
2188
2226
2162
2184
2206
2223
2206
2254
2180
2223
2141
2129
2180
2129
2142
2162
2179
2120
2166
2014
2090
2014
2153
2024
2095
2091
2026
2080
2068
2002
1958
2008
2029
2058
2037
2035
2037
2000
2077
2002
2038
2127
2084
2115
2171
2163
2131
2150
2121
2092
2232
2182
2247
2233
2204
2208
2127
2233
2119
2182
2203
2205
2102
2230
2230
2227
2201
2132
2176
2205
2122
2154
2131
2047
2117
2172
2124
2184
2169
2115
2119
2151
2186
2150
2198
2071
2080
2049
1990
2035
2065
2109
2062
2032
2026
2136
1998
2038
1986
2125
2098
2023
2083
2073
2079
2073
2067
2114
2174
2185
2190
2146
2161
2181
2163
2206
2176
2237
2187
2293
2208
2307
2269
2186
2226
2286
2239
2275
2234
2363
2335
2228
2273
2268
2245
2294
2265
2256
2280
2294
2230
2357
2302
2295
2296
2306
2288
2341
2304
2330
2293
2299
2246
2316
2205
2360
2312
2382
2339
2297
2311
2292
2350
2306
2406
2408
2311
2279
2245
2268
2195
2343
2298
2265
2374
2304
2271
2357
2258
2326
2270
2361
2265
2272
2289
2283
2335
2297
2312
2297
2329
2252
2312
