2326
2363
2351
2283
2309
2302
2334
2270
2240
2266
2348
2317
2223
2337
2335
2263
2330
2344
2273
2319
2319
2358
2339
2397
2278
2340
2323
2240
2313
2326
2352
2298
2296
2368
2269
2259
2356
2356
2252
2303
2332
2274
2323
2323
2299
2288
2374
2202
2376
2255
2285
2288
2306
2301
2216
2304
2345
2328
2238
2378
2342
2302
2279
2263
2315
2271
2345
2180
2168
2270
2287
2381
2335
2281
2187
2233
2303
2109
2224
2242
2178
2164
2120
2054
2103
2120
2074
2072
2099
2085
2075
2087
2099
2057
2086
2043
2078
2085
2065
2038
2119
2096
2024
2091
2106
2062
2040
2096
2088
2176
2225
2059
2098
2167
2057
2180
2164
2134
2308
2121
2164
2191
2109
2240
2229
2172
2210
2308
2184
2221
2195
2073
2203
2287
2275
2154
2244
2226
2133
2213
2186
2152
2205
2167
2200
2215
2179
2161
2104
2128
2094
2136
2076
2176
2146
2062
2035
2095
1998
2054
1989
2077
1944
2072
2047
2100
2038
2119
2105
2090
2046
2100
2188
2125
2175
2191
2083
2177
2163
2165
2075
2251
2177
2142
2204
2249
2320
2198
2230
2239
2234
2293
2224
2162
2146
2199
2196
2299
2255
2166
2208
2211
2170
2264
2286
2209
2224
2182
2123
2124
2224
2154
2195
2160
2219
2139
2190
2134
2064
2074
2030
2129
2046
2047
2034
2031
2039
2114
2080
2124
2072
2111
2141
2087
2106
2034
2066
2060
2112
2139
2112
2101
2109
2108
2148
2160
2058
2120
2073
2064
2053
2020
2054
2034
2047
2121
2014
2035
2110
2087
2080
2095
2125
2090
2064
2082
2102
2092
2070
2116
2018
2001
2074
2034
2106
2040
2096
2122
2211
2129
2190
2209
2178
2190
2186
2138
2240
2215
2257
2213
2247
2232
2250
2292
2225
2207
2145
2226
2275
2162
2283
2254
2265
2304
2212
2179
2174
2243
2210
2172
2026
2111
2148
2182
2139
2132
2117
2135
2135
2073
2157
2043
2037
2144
2098
2148
2015
2100
2116
2100
2023
2023
2045
2001
2053
2020
2107
2022
2066
2057
2066
2031
2084
2189
2153
2089
2129
2104
2159
2199
2199
2163
2343
2198
2263
2202
2178
2123
2204
2146
2181
2203
2209
2197
2246
2164
2222
2193
2230
2126
2217
2176
2190
2133
2208
2215
2098
2156
2145
2177
2082
2131
2159
2222
2151
2118
2103
2052
2056
2065
2086
2160
2049
2036
2031
2022
2058
1980
2111
2029
2031
1999
2059
2037
2031
2085
2078
2065
2080
2087
2075
2162
2182
2144
2125
2199
2235
2218
2291
2225
2351
2186
2281
2302
2298
2202
2272
2367
2265
2283
2359
2272
2257
2290
2383
2362
2303
2309
2317
2267
2363
2292
2335
2359
2265
2366
2313
2274
2292
2342
2271
2310
2274
2203
2306
2309
2309
2262
2276
2273
2284
2312
2273
2333
2243
2287
2306
2281
2386
2380
2362
2337
2338
2384
2413
2241
2393
2331
2287
2257
2262
2227
2241
2316
2328
2287
2217
2334
2325
2299
2301
2282
2348
2249
2382
2269
2329
2259
2263
2326
2303
2397
2283
2314
2331
2357
2264
2254
2257
2289
2300
2280
2249
2269
2398
2419
2307
2361
2283
2323
2323
2353
2354
2352
2322
2342
2260
2369
2304
2311
2176
2338
2311
2320
2247
2417
2297
2322
2322
2306
2373
2422
2237
2367
2305
2323
2375
2322
2367
2342
2329
2282
2243
2288
2300
2355
2344
2314
2303
2267
2320
2276
2384
2392
2279
2288
2239
2295
2287
2318
2283
2317
2273
2362
2286
2324
2334
2290
2295
2439
2284
2233
2328
2366
2270
2314
2313
2426
2293
2281
2377
2304
2206
2307
2290
2263
2246
2241
2305
2282
2365
2308
2349
2326
2248
2269
2141
2175
2208
2144
2141
2165
2021
2154
2094
2114
2158
2066
2009
1990
1998
2079
1954
2064
2019
2139
1991
2143
1974
2095
2133
2124
2066
2132
2056
2084
2130
2113
2101
2088
2226
2107
2226
2198
2167
2169
2229
2141
2200
2207
2176
2168
2189
2255
2185
2163
2219
2233
2216
2225
2177
2193
2257
2207
2184
2208
2147
2305
2155
2255
2137
2196
2147
2252
2207
2134
2154
2200
2090
2117
2104
2017
2036
2055
2042
1989
2013
2159
2069
2036
2095
2096
2091
2078
2013
2077
2013
2095
2074
2145
2075
2130
2188
2104
2133
2289
2158
2159
2219
2269
2244
2181
2094
2206
2113
2193
2161
2218
2181
2255
2156
2231
2250
2313
2310
2155
2283
2227
2082
2245
2255
2209
2252
2256
2295
2231
2315
2156
2230
2173
2187
2114
2288
2110
2138
2096
2125
2153
2067
2099
2094
2106
2105
2004
2075
2042
2101
2011
2077
2095
2050
2076
2134
2141
2061
2046
2071
2127
2056
2066
2098
2179
2112
2164
2057
2130
2074
2104
2088
2032
2115
2004
2092
2045
2108
2066
2107
2058
2136
2055
1988
2048
2019
2068
2114
2091
1986
2050
2071
2065
2096
2014
2140
2094
2158
2104
2108
2094
2250
2182
2249
2205
2095
2237
2165
2262
2224
2278
2167
2140
2145
2111
2174
2214
2207
2272
2197
2226
2179
2234
2184
2216
2303
2237
2198
2225
2245
2190
2235
2211
2152
2175
2162
2216
2171
2218
2262
2088
2144
2170
2181
2171
2069
2116
2092
2033
2101
2093
2033
1984
2026
2104
2030
2024
2039
2082
2078
2059
2116
2084
2122
2110
2139
2257
2138
2142
2244
2086
2173
2116
2244
2186
2139
2255
2188
2138
2188
2203
2162
2290
2190
2230
2244
2292
2271
2158
2181
2254
2240
2213
2086
2115
2149
2223
2137
2167
2134
2107
2178
2075
2198
2173
2101
2146
2097
2139
2137
2097
2090
2078
2082
2051
2021
2001
2106
2059
2097
2149
2030
2127
2114
2083
2144
2160
2138
2103
2072
2023
2205
2100
2135
2192
2130
2061
2256
2299
2254
2257
2258
2307
2309
2320
2166
2231
2347
2306
2282
2314
2173
2351
2357
2314
2269
2327
2338
2233
2394
2364
2262
2405
2252
2335
2290
2282
2293
2262
2299
2171
2299
2233
2285
2383
2238
2305
2236
2347
2332
2320
2376
2199
2323
2347
2419
2282
2262
2163
2303
2371
2339
2288
2304
2431
2298
2298
2294
2365
2369
2365
2286
2292
2318
2302
2362
2342
2255
2378
2292
2217
2305
2234
2251
2369
2290
