2345
2344
2379
2322
2337
2286
2332
2351
2319
2292
2326
2273
2337
2243
2279
2328
2330
2293
2289
2278
2305
2344
2300
2318
2372
2403
2303
2321
2316
2337
2316
2352
2223
2370
2305
2381
2279
2401
2295
2319
2340
2297
2298
2275
2293
2279
2273
2272
2302
2332
2346
2331
2306
2288
2363
2307
2423
2344
2356
2356
2255
2311
2311
2335
2309
2284
2303
2329
2326
2285
2313
2348
2313
2338
2149
2207
2218
2220
2155
2220
2160
2150
2224
2107
2102
2116
2139
2175
2119
2118
2109
2083
2085
2071
2048
2071
2053
2066
2085
2087
2101
2044
2093
2142
2081
2106
2075
2125
2113
2053
2121
2151
2175
2131
2071
2093
2167
2104
2196
2125
2135
2350
2151
2206
2203
2155
2284
2134
2223
2172
2225
2219
2160
2174
2244
2139
2137
2251
2170
2236
2184
2177
2190
2219
2195
2106
2097
2260
2185
2182
2093
2150
2074
2103
2080
2045
2052
2075
2083
2132
2035
2123
1994
2191
2143
2086
2091
2110
2104
2052
2114
2126
2178
2104
2142
2119
2129
2160
2148
2138
2211
2182
2178
2125
2102
2119
2202
2155
2199
2200
2166
2185
2268
2226
2117
2196
2278
2222
2159
2248
2186
2228
2175
2193
2220
2235
2134
2326
2160
2143
2258
2169
2192
2215
2145
2105
2090
2159
2139
2125
2116
1998
2089
2026
2084
1998
2065
2038
2057
2035
2021
2098
2167
2093
2059
2066
2079
2084
2055
2048
2016
2041
2133
2133
2147
2113
2126
2041
2177
2125
2086
2062
2105
2032
2054
2075
2078
2050
2071
2102
2053
2034
2014
2122
2098
2119
2063
2094
2089
1988
2082
2085
2080
2063
2104
2051
2130
2139
2210
2056
2193
2265
2205
2210
2219
2179
2194
2187
2268
2228
2231
2294
2114
2239
2182
2280
2181
2193
2155
2184
2266
2232
2227
2212
2290
2264
2255
2157
2154
2169
2163
2105
2156
2151
2103
2164
2170
2179
2182
2136
2215
2128
2083
2104
2035
2127
2108
2083
2126
2106
2079
2025
2079
2102
2092
1938
2034
1977
2057
2087
2097
2127
2047
2116
2045
2160
2145
2185
2208
2147
2186
2303
2237
2290
2222
2270
2164
2172
2190
2249
2212
2318
2233
2200
2176
2269
2159
2251
2184
2142
2113
2238
2178
2093
2171
2216
2137
2127
2072
2099
2163
2148
2141
2119
2104
2122
2107
2063
2063
2120
2132
2088
2135
2081
2089
2099
2007
2058
2074
2078
2100
2068
2104
2105
2051
2090
2047
2083
2130
2064
2107
2158
2167
2169
2208
2242
2272
2323
2240
2245
2168
2291
2238
2215
2263
2282
2286
2325
2315
2307
2315
2316
2292
2321
2333
2405
2322
2317
2304
2334
2330
2317
2248
2333
2348
2323
2264
2355
2410
2342
2348
2356
2290
2264
2283
2350
2365
2351
2260
2337
2339
2360
2289
2321
2374
2298
2344
2335
2298
2284
2286
2294
2272
2284
2245
2302
2385
2319
2318
2363
2313
2364
2298
2323
2274
2302
2344
2309
2266
2443
2311
2289
2342
2241
2349
2352
2353
2316
2325
2346
2289
2386
2267
2301
2361
2412
2329
2397
2326
2372
2245
2386
2251
2280
2366
2324
2332
2251
2457
2338
2362
2387
2365
2297
2396
2327
2262
2394
2370
2304
2288
2318
2313
2326
2278
2359
2247
2283
2307
2384
2307
2302
2331
2239
2373
2226
2300
2330
2235
2271
2322
2308
2316
2312
2361
2349
2302
2305
2413
2289
2345
2280
2272
2270
2346
2342
2324
2361
2408
2396
2279
2258
2384
2297
2392
2309
2376
2364
2295
2364
2282
2318
2332
2297
2362
2284
2358
2336
2255
2298
2289
2218
2298
2239
2279
2256
2301
2291
2342
2254
2303
2162
2237
2149
2197
2229
2181
2249
2188
2182
2237
2168
2177
2134
2056
2087
2095
2111
2112
2102
2004
1962
2081
2046
2038
2067
2083
2100
2098
2031
2055
2008
2071
2131
2042
2065
2120
2146
2157
2068
2116
2145
2164
2099
2173
2246
2080
2116
2250
2173
2168
2209
2192
2164
2181
2149
2187
2279
2236
2172
2147
2266
2234
2249
2320
2196
2191
2165
2117
2256
2239
2267
2177
2152
2176
2214
2188
2103
2128
2143
2069
2047
2099
2073
2096
2016
2037
1983
2091
1900
2018
2108
2033
2129
2037
2136
2175
2102
2064
2186
2084
2084
2174
2131
2182
2132
2092
2199
2229
2183
2188
2240
2148
2094
2144
2162
2203
2210
2103
2154
2204
2222
2133
2196
2230
2219
2162
2175
2223
2193
2192
2105
2186
2188
2132
2262
2219
2160
2171
2148
2160
2194
2222
2180
2147
2098
2086
2095
2067
2072
2085
2083
2007
2007
2068
2002
2129
2055
2073
2030
2058
1985
2038
2029
2038
2029
2110
2064
2057
2091
2044
2103
2211
2084
2129
2193
2207
2085
2103
2002
1988
2046
2003
2009
2090
2040
1990
2125
2024
2066
2048
2009
2079
2066
2097
2063
2125
2029
2076
2162
1985
2071
2170
2118
2157
2096
2120
2133
2161
2137
2196
2250
2196
2233
2239
2195
2192
2174
2176
2234
2243
2219
2275
2231
2196
2148
2187
2211
2124
2157
2166
2188
2112
2316
2165
2156
2174
2230
2185
2057
2148
2202
2122
2160
2160
2159
2047
2166
2107
2100
2163
2062
2112
2136
2077
2132
2038
2055
2124
2037
2023
1992
2070
2035
2012
1981
2026
2165
2082
2068
2170
2056
2143
2138
2112
2112
2240
2124
2197
2191
2230
2185
2194
2215
2167
2214
2273
2198
2146
2317
2181
2187
2217
2183
2199
2235
2135
2186
2237
2051
2139
2128
2168
2154
2177
2135
2147
2105
2057
2065
2175
2134
2136
2082
2182
2144
2113
2103
2040
2139
2087
2036
2158
2061
2109
1976
2078
2016
2085
2118
2124
2067
2080
2148
2171
2154
2108
2113
2192
2129
2076
2174
2156
2247
2227
2222
2201
2261
2173
2213
2309
2223
2365
2292
2303
2284
2367
2255
2253
2292
2257
2306
2281
2294
2326
2260
2375
2200
2329
2275
2306
2423
2319
2305
2410
2318
2292
2290
2310
2346
2373
2233
2305
2339
2336
2317
2279
2391
2244
2311
2306
2271
2307
2298
2303
2268
2257
2299
2256
2287
2356
2399
2409
2368
2360
2378
2341
2355
2349
2275
2382
2260
2313
2260
2344
2350
2400
2401
2337
2307
2249
2279
2270
