2322
2224
2358
2307
2400
2306
2346
2261
2294
2267
2208
2279
2281
2314
2357
2378
2276
2279
2384
2322
2340
2331
2334
2373
2251
2258
2379
2308
2295
2279
2273
2354
2362
2276
2365
2227
2233
2230
2454
2224
2303
2279
2264
2347
2332
2310
2234
2367
2346
2376
2289
2320
2288
2354
2350
2299
2277
2322
2290
2219
2196
2255
2216
2283
2264
2256
2298
2270
2249
2340
2291
2243
2295
2302
2252
2229
2304
2142
2185
2228
2288
2243
2123
2201
2136
2142
2212
2114
2118
2083
2161
2089
2139
2105
2135
2072
2069
2121
2080
2138
2159
2021
2114
2130
2088
2153
2106
2109
2015
2085
2137
2084
2203
2045
2084
2185
2130
2195
2154
2150
2185
2186
2156
2228
2177
2218
2169
2180
2198
2105
2166
2202
2191
2271
2197
2188
2163
2206
2197
2244
2216
2183
2181
2073
2210
2105
2157
2132
2142
2152
2170
2063
2010
2028
2106
2129
2134
2068
2064
2001
2126
2078
2088
2062
2048
2099
2054
1977
2018
2092
2134
2111
2099
2090
2042
2133
2121
2185
2068
2163
2178
2159
2087
2166
2168
2171
2219
2260
2151
2184
2183
2197
2218
2195
2163
2139
2269
2233
2189
2244
2196
2161
2174
2253
2168
2274
2273
2211
2253
2200
2209
2183
2192
2135
2157
2249
2228
2139
2082
2070
2126
2130
2148
2066
2055
1937
2150
2110
2062
2060
2059
2067
2054
2112
1951
2022
2042
2110
2055
2073
1949
2142
2073
2074
2063
2105
2112
2104
2081
2132
2114
2076
1992
2072
2137
2040
2077
2028
1980
1976
2018
2052
2076
2135
2132
2038
2072
1985
2213
2039
2054
2024
1941
2053
2064
1996
2158
2240
2122
2143
2097
2247
2104
2119
2168
2198
2163
2189
2205
2186
2158
2171
2166
2193
2208
2231
2223
2259
2212
2160
2198
2255
2194
2096
2279
2208
2177
2212
2222
2215
2170
2237
2238
2090
2135
2181
2127
2134
2149
2165
2061
2130
2100
2075
2056
2014
2090
2082
1979
2140
2080
2056
2068
2069
2070
2026
2037
2091
2087
2079
2094
2178
2139
2090
2140
2207
2146
2217
2240
2242
2154
2187
2253
2230
2222
2250
2177
2236
2139
2189
2159
2255
2231
2135
2182
2197
2169
2179
2104
2146
2168
2145
2146
2107
2269
2129
2197
2156
2136
2133
2126
2116
2247
2113
2112
2138
2205
2064
2113
2205
2133
2023
2079
2130
2132
2088
2050
1984
2027
2061
2054
2056
2137
2145
2066
2015
2178
2064
2076
2135
2107
2170
2120
2162
2154
2231
2157
2186
2267
2244
2282
2238
2252
2234
2289
2352
2210
2241
2365
2259
2244
2356
2323
2267
2217
2237
2324
2331
2347
2326
2325
2240
2346
2336
2217
2304
2300
2257
2300
2338
2283
2343
2289
2301
2274
2267
2395
2270
2296
2334
2356
2290
2315
2451
2308
2356
2276
2267
2290
2363
2319
2343
2223
2329
2344
2363
2325
2372
2325
2280
2272
2304
2318
2343
2268
2286
2280
2360
2376
2270
2253
2404
2355
2299
2330
2341
2358
2338
2241
2339
2296
2330
2342
2350
2329
2334
2306
2197
2235
2247
2300
2239
2315
2277
2279
2390
2211
2311
2394
2276
2254
2304
2313
2335
2324
2318
2270
2357
2229
2354
2335
2390
2248
2308
2303
2372
2380
2381
2374
2336
2283
2267
2217
2272
2312
2277
2336
2313
2257
2206
2284
2202
2321
2324
2296
2286
2289
2370
2391
2364
2285
2274
2299
2327
2314
2338
2265
2336
2349
2291
2298
2281
2405
2232
2342
2329
2310
2319
2321
2347
2273
2282
2226
2322
2365
2215
2275
2231
2157
2352
2275
2325
2202
2318
2330
2245
2259
2213
2246
2245
2254
2246
2213
2288
2250
2218
2229
2247
2242
2223
2165
2117
2113
2129
2090
2174
2101
2065
2102
2081
2116
2054
2110
2071
1977
2107
2097
2068
2068
2105
2094
2019
2117
2154
2109
2078
2142
2166
2148
2139
2095
2100
2073
2092
2164
2197
2154
2150
2203
2141
2178
2155
2168
2145
2193
2166
2174
2121
2234
2242
2160
2191
2143
2197
2185
2166
2218
2108
2152
2223
2063
2125
2223
2216
2148
2085
2133
2154
2114
2092
2084
2101
2096
2088
2066
2130
2046
2051
2092
2063
2042
2020
2114
1976
2113
2003
2071
2089
2018
2129
2091
2109
2129
2144
2202
2145
2045
2161
2240
2180
2155
2168
2273
2216
2147
2079
2268
2228
2272
2215
2223
2217
2207
2185
2192
2143
2281
2257
2283
2223
2186
2167
2192
2203
2159
2125
2207
2190
2189
2151
2225
2072
2172
2108
2122
2065
2127
2064
2057
2007
1978
1911
2036
1994
2043
2031
2078
2085
2131
2020
2003
2042
1933
2095
2028
1991
2025
2026
2019
2068
2023
2115
2021
2119
2143
2069
2093
2113
2100
1985
2041
2013
2011
2083
2039
2058
2083
2044
2060
2037
2057
2046
2127
2024
1986
1949
2130
2096
2049
2035
2040
2079
2090
2080
2133
2147
2162
2173
2141
2150
2210
2249
2133
2157
2191
2230
2207
2212
2237
2158
2226
2188
2162
2165
2190
2235
2160
2223
2171
2103
2078
2302
2191
2164
2302
2151
2144
2220
2281
2264
2099
2251
2177
2118
2154
2105
2053
2107
2073
2100
2098
2027
2068
2082
2058
2054
1999
2030
2055
2070
2037
2126
2067
2044
2050
2055
1988
2031
2100
2083
2142
2081
2050
2132
2137
2154
2172
2177
2219
2227
2271
2075
2197
2190
2117
2289
2136
2256
2125
2199
2189
2177
2149
2203
2224
2173
2205
2202
2227
2111
2115
2137
2182
2147
2127
2130
2134
2112
2110
2085
2098
2224
2102
2131
2155
2098
2135
2075
2119
2098
2027
2057
2052
2066
2134
2151
2120
2137
2119
2093
2130
2101
2049
2077
2152
2116
2097
2173
2124
2240
2296
2133
2221
2179
2228
2258
2256
2235
2294
2325
2273
2260
2294
2246
2322
2303
2269
2307
2390
2271
2261
2245
2223
2297
2322
2368
2228
2322
2239
2285
2327
2338
2254
2304
2247
2363
2366
2251
2290
2313
2275
2378
2339
2256
2345
2257
2240
2370
2330
2348
2313
2288
2388
2294
2222
2327
2366
2373
2437
2262
2296
2320
2304
2393
2257
2380
2400
2323
2331
2285
2291
2420
2252
2354
2307
2352
2315
2219
2313
2374
2277
2262
2356
