2349
2295
2416
2275
2413
2301
2292
2226
2270
2356
2295
2443
2244
2305
2300
2404
2344
2370
2255
2265
2314
2350
2308
2273
2238
2243
2285
2324
2355
2283
2203
2258
2377
2345
2293
2182
2266
2341
2316
2357
2389
2309
2276
2255
2349
2347
2315
2263
2432
2273
2298
2278
2343
2329
2304
2353
2296
2291
2268
2313
2361
2254
2218
2218
2337
2253
2348
2258
2321
2320
2348
2377
2290
2302
2299
2220
2211
2193
2199
2244
2274
2279
2218
2188
2105
2176
2148
2140
2104
2096
2157
2075
2043
2107
2129
2045
2079
2081
2100
2104
2073
2042
2158
2074
2092
2086
2112
2054
2170
2058
2160
2159
2060
2091
2154
2121
2263
2090
2172
2178
2168
2168
2158
2197
2151
2117
2138
2210
2235
2191
2180
2179
2198
2181
2228
2229
2210
2165
2180
2132
2150
2151
2160
2268
2102
2178
2109
2139
2131
2116
2027
2033
2079
2104
2140
2005
2040
2022
2001
2053
2015
2139
2043
2075
2053
2109
2115
2086
2065
2048
2069
2137
2061
2183
2111
2091
2017
2121
2109
2212
2121
2168
2209
2119
2138
2167
2154
2208
2096
2198
2134
2077
2132
2236
2166
2261
2187
2235
2194
2165
2147
2275
2151
2112
2142
2153
2231
2115
2130
2167
2119
2160
2224
2145
2142
2186
2118
2161
2103
2067
2116
1997
2038
2053
2042
2072
2115
2037
1963
2027
1996
1997
2069
2058
2036
1984
2067
2049
1954
1995
2045
2048
2004
2015
2058
2037
2068
2095
2032
2081
2075
2142
1977
2022
1980
2033
2015
1984
2139
2036
1997
2033
2060
2030
2011
2013
2098
1990
1957
2086
2065
1955
2000
2090
2058
2144
2091
2082
2109
2132
2207
2070
2206
2165
2168
2080
2206
2179
2084
2293
2211
2162
2238
2191
2181
2224
2126
2194
2170
2180
2133
2159
2261
2211
2178
2210
2213
2125
2292
2134
2200
2198
2168
2126
2168
2075
2188
2186
2193
2157
2122
2069
2091
2031
2052
2058
2054
2086
2045
2064
2125
2114
1962
2042
2083
2026
2073
2097
2067
2030
2043
2076
2086
2105
2140
2145
2116
2162
2183
2218
2200
2231
2193
2248
2211
2196
2159
2151
2170
2167
2145
2201
2136
2190
2147
2137
2134
2167
2165
2099
2194
2237
2090
2143
2218
2124
2191
2099
2265
2163
2185
2161
2104
2075
2065
2036
2095
2155
2051
2158
2059
2089
2099
2079
1986
1969
1962
2158
2074
2101
2070
2101
2115
2118
2124
2160
2122
2121
2129
2102
2217
2187
2165
2177
2200
2237
2138
2352
2280
2274
2168
2219
2231
2290
2311
2301
2316
2354
2248
2325
2277
2255
2350
2272
2329
2338
2246
2288
2270
2306
2229
2357
2299
2256
2305
2221
2307
2274
2309
2392
2284
2287
2311
2250
2317
2277
2319
2241
2315
2316
2272
2266
2278
2252
2315
2233
2397
2314
2276
2323
2265
2287
2290
2314
2301
2322
2347
2331
2282
2210
2299
2274
2344
2269
2336
2324
2254
2320
2401
2342
2247
2377
2305
2328
2268
2308
2214
2336
2279
2251
2293
2294
2258
2276
2341
2292
2210
2321
2318
2232
2323
2273
2358
2319
2364
2301
2309
2315
2231
2345
2263
2367
2295
2313
2308
2292
2354
2270
2265
2283
2275
2305
2321
2370
2311
2358
2292
2313
2203
2226
2304
2201
2296
2281
2223
2293
2235
2385
2334
2342
2287
2250
2315
2295
2242
2395
2331
2323
2327
2270
2334
2249
2245
2277
2280
2382
2294
2263
2268
2313
2278
2302
2288
2316
2320
2302
2335
2244
2379
2371
2335
2298
2358
2291
2306
2221
2316
2248
2337
2327
2307
2251
2255
2249
2256
2262
2302
2362
2234
2190
2268
2262
2230
2247
2311
2306
2187
2190
2153
2203
2187
2161
2162
2187
2088
2095
2181
2071
2096
2108
2072
2088
2194
2045
2046
2006
2037
2067
2064
2065
2042
2100
2039
2041
1970
2052
2119
2048
2080
2080
2089
2109
2100
2073
2109
2156
2045
2186
2129
2159
2099
2195
2115
2187
2171
2147
2202
2186
2268
2212
2169
2212
2188
2262
2227
2152
2079
2162
2193
2223
2083
2199
2154
2180
2156
2101
2114
2102
2142
2095
2100
2128
2052
2054
2062
1968
2119
2036
2100
2008
2079
2004
2060
2096
2006
2081
2100
2069
2112
2023
2068
2068
2046
2095
2176
2130
2084
2177
2123
2148
2242
2157
2098
2161
2187
2148
2188
2109
2201
2200
2165
2141
2180
2187
2198
2210
2124
2209
2150
2181
2160
2151
2218
2229
2228
2149
2165
2122
2111
2157
2140
2060
2188
2163
2129
2110
2110
2071
2052
2060
2099
2046
2009
1995
2010
1961
2019
2034
2109
2060
1956
2009
1903
2012
2017
1976
1979
1975
2017
2080
1948
2037
2065
2054
2062
2036
2103
2077
2000
2000
1942
1947
1969
2084
2018
2044
2048
2001
2011
2028
1965
1998
2041
2004
2005
2007
2056
2045
1991
2021
2047
2061
2022
2101
2100
2092
2176
2043
2253
2209
2069
2137
2079
2149
2197
2167
2238
2248
2050
2167
2070
2192
2170
2132
2228
2184
2223
2125
2204
2165
2198
2124
2228
2207
2167
2154
2201
2169
2186
2136
2148
2188
2139
2164
2100
2125
2155
2141
2141
2031
2017
2082
2067
2078
2059
2058
2051
2025
2081
2083
2059
2040
2111
2003
2079
2034
2113
2011
2088
2085
2112
2090
2090
2142
2123
2067
2173
2176
2146
2103
2265
2210
2215
2185
2215
2162
2127
2160
2262
2143
2081
2218
2120
2091
2150
2268
2186
2159
2191
2119
2124
2128
2228
2198
2091
2105
2146
2104
2146
2131
2025
2128
2151
1971
2113
2039
2103
2204
2003
2142
2012
2097
1999
2085
2099
2051
2044
2077
2087
2205
2173
2140
2035
2087
2135
2185
2120
2087
2144
2149
2109
2180
2245
2179
2158
2229
2282
2263
2244
2187
2302
2293
2275
2289
2319
2232
2312
2241
2241
2234
2423
2247
2340
2318
2286
2286
2328
2290
2282
2228
2240
2371
2351
2308
2329
2319
2322
2267
2301
2223
2333
2309
2287
2284
2326
2213
2292
2267
2390
2337
2271
2340
2337
2297
2371
2238
2252
2333
2190
2309
2285
2242
2350
2245
2265
2329
2294
2327
2204
2261
2394
2345
2342
2237
2359
2240
2298
2271
2296
2324
2332
2253
2304
