2311
2366
2282
2301
2297
2201
2329
2208
2255
2337
2326
2288
2382
2267
2392
2341
2320
2320
2249
2313
2242
2282
2380
2312
2256
2323
2252
2241
2265
2317
2285
2291
2267
2276
2311
2279
2275
2283
2275
2302
2297
2270
2332
2334
2335
2294
2373
2228
2294
2341
2285
2396
2375
2365
2369
2221
2239
2311
2253
2221
2259
2260
2352
2383
2242
2369
2293
2372
2227
2274
2294
2226
2264
2312
2226
2254
2286
2197
2269
2249
2210
2209
2176
2189
2166
2184
2180
2124
2048
2148
2016
2195
2111
2107
2094
2122
2123
2063
2090
2098
2127
2122
2123
2060
2071
2062
2133
2065
2085
2199
2034
2126
2123
2105
2134
2058
2108
2129
2208
2144
2168
2183
2164
2182
2187
2206
2162
2163
2180
2165
2154
2219
2148
2160
2179
2186
2165
2209
2171
2195
2218
2230
2192
2131
2175
2216
2200
2228
2142
2143
2165
2065
2104
2068
2119
2076
2101
2091
2146
2109
2036
2151
1991
2031
1998
2076
2094
2075
2044
2087
2117
2063
2096
2144
2113
2127
2140
2124
2064
2063
2119
2103
2191
2192
2199
2086
2164
2167
2146
2244
2142
2095
2161
2224
2127
2160
2165
2145
2158
2175
2179
2166
2226
2208
2173
2079
2193
2268
2213
2145
2149
2135
2139
2069
2110
2214
2109
2061
2089
2093
2041
2006
2003
2065
2013
2085
2021
2033
1997
2021
2130
2125
2030
1961
2109
2052
2040
2026
1972
1924
1990
1967
2021
2121
2060
2063
2088
2103
2033
2068
1963
2048
2034
2014
2005
1984
1886
1962
1959
1947
2012
1954
2057
2028
1990
2051
1987
2036
2075
2066
1995
2043
2057
1991
2149
2091
2058
2105
2098
2006
2179
2148
2141
2153
2170
2161
2193
2187
2175
2208
2224
2122
2217
2204
2183
2189
2215
2216
2120
2220
2147
2213
2134
2194
2192
2141
2040
2163
2116
2075
2227
2196
2173
2085
2160
2147
2197
2092
2118
2099
2150
2145
2148
2060
2021
2064
2088
2082
2038
2104
2092
2110
2086
2068
2089
2068
2036
2047
2045
2057
2090
2120
2134
2116
2122
2088
2207
2095
2168
2192
2155
2219
2194
2141
2095
2183
2278
2140
2220
2254
2150
2179
2172
2166
2127
2198
2138
2195
2183
2174
2106
2175
2136
2074
2262
2146
2108
2173
2102
2180
2215
2161
2151
2065
2140
2104
2103
2072
2176
2033
2102
2088
2071
2121
2192
2036
2081
2054
2108
2087
2102
2102
2126
2145
2099
2108
2098
2121
2148
2208
2196
2131
2242
2258
2292
2209
2260
2228
2234
2210
2220
2241
2245
2287
2233
2273
2282
2291
2225
2320
2208
2360
2293
2388
2215
2338
2307
2341
2360
2266
2314
2261
2286
2322
2366
2251
2300
2338
2273
2281
2310
2321
2330
2304
2349
2366
2409
2287
2302
2229
2327
2360
2295
2313
2259
2186
2276
2335
2217
2256
2262
2289
2335
2239
2321
2357
2228
2280
2329
2255
2332
2306
2304
2307
2313
2323
2334
2277
2210
2324
2273
2346
2240
2297
2279
2384
2308
2304
2238
2244
2309
2310
2351
2334
2236
2227
2256
2176
2299
2317
2318
2354
2265
2353
2324
2266
2335
2276
2255
2296
2340
2281
2212
2298
2324
2341
2347
2325
2219
2247
2339
2313
2186
2264
2351
2286
2287
2279
2305
2357
2297
2355
2306
2312
2263
2315
2255
2260
2353
2262
2293
2328
2274
2347
2235
2290
2209
2348
2267
2323
2272
2292
2366
2332
2247
2226
2271
2336
2337
2278
2262
2345
2246
2343
2287
2312
2290
2377
2285
2267
2271
2272
2330
2386
2353
2285
2271
2312
2293
2308
2332
2329
2183
2222
2280
2328
2239
2295
2244
2294
2302
2275
2214
2180
2251
2263
2146
2246
2219
2152
2165
2175
2194
2108
2113
2157
2148
2133
2175
2048
2132
2023
2120
2093
2039
2013
2094
2048
2117
2066
2072
2127
2117
1993
2109
2098
2155
2028
2140
2190
2143
2074
2165
2165
2188
2127
2117
2148
2126
2143
2164
2160
2163
2193
2224
2156
2058
2121
2157
2207
2196
2129
2170
2241
2175
2122
2142
2069
2145
2178
2187
2094
2180
2160
2147
2150
2146
2129
2149
2157
2171
2060
2051
2006
1964
2039
2079
2012
2050
2082
2056
2122
2059
2142
2057
2066
2089
2061
2037
2130
2052
2106
2077
2209
2198
2068
2129
2135
2172
2186
2210
2235
2161
2214
2181
2113
2155
2170
2156
2158
2177
2188
2219
2142
2141
2120
2127
2206
2247
2194
2129
2131
2173
2243
2139
2143
2178
2262
2229
2172
2136
2148
2111
2104
2146
2094
2096
2109
2027
1976
2037
1954
1995
2008
2003
2011
2156
2007
2020
2022
1952
1912
2056
1912
2026
2077
1971
1986
1920
2060
2079
1994
2013
2007
2113
2072
1992
2144
2000
1977
1990
1995
1925
1990
2001
1964
2023
2034
1979
2069
2008
1986
2056
2013
2026
2102
1977
2034
2034
2005
2060
2068
2041
2152
2144
2108
2092
2075
2106
2141
2138
2111
2184
2082
2107
2200
2188
2180
2171
2213
2184
2246
2115
2245
2161
2173
2086
2165
2157
2173
2118
2119
2161
2182
2174
2104
2204
2192
2038
2164
2166
2209
2108
2096
2228
2058
2157
2087
2171
2091
2070
2121
2063
2079
2073
2009
2086
1997
2038
2055
2008
2060
2057
2008
2082
2030
2073
2064
2101
2096
2044
2124
2069
2132
2103
2057
2225
2144
2188
2155
2170
2140
2167
2176
2222
2128
2304
2189
2220
2244
2194
2209
2179
2094
2137
2198
2142
2147
2106
2093
2130
2187
2092
2126
2063
2095
2064
2125
2079
2104
2136
2169
2101
2054
2103
2061
2104
2069
2091
2057
2051
2108
2116
2124
2148
2174
2057
2072
2091
2172
2097
2092
2164
2088
2091
2214
2132
2173
2183
2155
2239
2253
2201
2191
2187
2214
2321
2221
2213
2297
2261
2300
2294
2310
2226
2312
2184
2255
2327
2305
2360
2340
2367
2331
2248
2286
2220
2393
2285
2248
2246
2284
2229
2228
2296
2254
2347
2313
2265
2312
2283
2310
2328
2281
2344
2354
2286
2292
2390
2287
2276
2317
2260
2282
2287
2360
2267
2210
2299
2287
2350
2379
2250
2286
2297
2280
2323
2319
2236
2322
2309
2369
2324
2263
2359
2276
2292
2373
2267
2320
2368
2335
2331
