2323
2333
2342
2328
2290
2335
2355
2283
2280
2340
2423
2410
2331
2247
2317
2354
2377
2404
2361
2398
2290
2333
2266
2332
2295
2253
2256
2326
2263
2254
2307
2295
2278
2245
2296
2283
2330
2273
2315
2301
2272
2275
2372
2343
2311
2250
2312
2206
2349
2282
2380
2285
2250
2314
2304
2270
2313
2294
2235
2316
2224
2329
2257
2330
2277
2300
2304
2260
2251
2278
2246
2284
2266
2310
2328
2169
2283
2421
2262
2200
2247
2203
2257
2186
2268
2152
2195
2155
2107
2125
2062
2143
2161
2150
2154
2119
2133
2113
2134
2180
2111
2080
2085
2185
2063
2135
2098
2197
2078
2094
2139
2160
2147
2110
2029
2224
2090
2188
2188
2097
2204
2133
2165
2169
2129
2206
2212
2158
2160
2192
2174
2254
2212
2136
2205
2136
2234
2240
2224
2218
2204
2143
2211
2210
2123
2207
2278
2173
2087
2177
2137
2168
2119
2065
2097
2134
2092
2040
2139
2066
2010
2130
2095
2150
2075
2084
2142
2118
2082
2105
2030
2065
2148
2074
2037
2063
2136
2165
2151
2155
2149
2188
2077
2170
2242
2110
2061
2194
2228
2216
2213
2104
2185
2104
2180
2251
2169
2136
2130
2204
2158
2224
2105
2169
2188
2174
2232
2227
2165
2134
2147
2183
2229
2158
2119
2158
2094
2110
2125
2079
2036
2115
2074
2059
2022
2058
2075
1986
2027
2073
2052
1990
2017
1925
1959
2023
1920
2009
1992
1949
1985
1956
2052
2029
2007
1987
1981
2044
2082
2096
1985
2030
1950
2005
1905
1937
2027
1986
1892
1977
1974
2016
1999
1994
2088
1909
2032
2047
2025
2009
2011
1979
2020
2028
2124
2080
2130
2115
2120
2092
2131
2222
2195
2154
2166
2131
2256
2082
2226
2272
2123
2238
2131
2233
2253
2222
2224
2178
2198
2165
2243
2177
2192
2094
2222
2236
2181
2087
2074
2188
2093
2140
2101
2176
2101
2098
2066
2037
2063
2147
2063
2051
2051
2092
2060
2055
2090
2094
2063
2100
2081
2037
2134
2105
2044
2117
2127
2075
2058
2063
2061
2111
2152
2079
2091
2236
2149
2203
2228
2236
2099
2243
2129
2170
2204
2202
2164
2228
2239
2199
2165
2189
2189
2278
2234
2271
2177
2258
2160
2147
2158
2177
2052
2132
2157
2164
2155
2123
2179
2285
2142
2182
2234
2234
2101
2088
2123
2119
2042
2147
2202
2149
2084
2157
2105
2172
2115
2212
2109
2164
2096
2153
2130
2113
2183
2123
2087
2196
2143
2216
2136
2213
2166
2215
2346
2265
2254
2225
2295
2304
2297
2307
2295
2325
2295
2313
2238
2280
2357
2337
2252
2347
2337
2309
2244
2310
2370
2337
2207
2350
2241
2336
2371
2279
2337
2321
2391
2317
2272
2224
2289
2345
2236
2361
2322
2326
2349
2316
2307
2299
2315
2253
2277
2360
2293
2379
2269
2256
2307
2371
2297
2306
2327
2232
2321
2343
2319
2325
2306
2251
2358
2348
2292
2276
2303
2259
2263
2315
2326
2265
2316
2263
2308
2299
2261
2250
2266
2186
2243
2341
2360
2405
2296
2273
2363
2316
2344
2237
2330
2243
2308
2312
2322
2241
2309
2260
2318
2275
2277
2386
2214
2228
2302
2342
2375
2303
2309
2274
2274
2291
2319
2283
2263
2207
2264
2294
2311
2295
2347
2283
2342
2284
2262
2348
2399
2271
2295
2367
2313
2278
2329
2241
2296
2304
2336
2266
2350
2324
2329
2271
2228
2330
2274
2279
2285
2348
2262
2328
2262
2237
2293
2266
2389
2286
2291
2211
2295
2259
2329
2334
2241
2258
2302
2329
2314
2283
2331
2311
2282
2276
2376
2258
2283
2194
2228
2285
2345
2291
2261
2302
2195
2254
2257
2340
2190
2226
2237
2229
2231
2181
2258
2183
2236
2202
2253
2202
2137
2167
2146
2120
2160
2113
2122
2080
2075
2159
2038
2085
2112
2041
2131
2083
2015
2093
2171
2085
2144
2100
2095
2109
2158
2104
2139
2116
2105
2093
2165
2124
2123
2155
2145
2213
2193
2171
2133
2260
2187
2176
2136
2196
2223
2281
2160
2157
2159
2194
2243
2208
2154
2260
2206
2129
2164
2142
2131
2154
2119
2138
2152
2150
2086
2117
2100
2127
2088
2043
2079
1999
2123
2075
2042
2019
2077
2046
2021
2141
2160
2102
2092
2095
2046
2086
2095
2090
2085
2158
2151
2157
2120
2189
2125
2128
2154
2105
2202
2122
2157
2201
2152
2195
2134
2214
2188
2164
2211
2168
2180
2307
2198
2177
2211
2241
2165
2177
2192
2126
2150
2139
2083
2111
2087
2109
2181
2182
2133
2110
2119
2138
2130
2080
2063
2109
2072
2074
2027
2010
1989
2048
1954
2007
2067
1974
2000
1945
1925
1923
1983
2009
1903
1972
1988
1984
2005
1976
2087
2038
1967
1983
1976
1934
2043
1941
1968
1993
2045
2048
2041
1993
2036
1964
2004
2032
1988
1963
2036
2021
2011
2107
1989
2046
2119
2072
2052
2066
2119
2117
2213
2135
2136
2059
2169
2148
2237
2150
2194
2170
2207
2154
2165
2156
2172
2092
2139
2191
2194
2134
2245
2166
2109
2225
2174
2200
2175
2096
2224
2092
2175
2068
2180
2116
2153
2138
2073
2113
2145
2068
2162
2064
2130
2078
2157
2127
2082
2120
2061
1994
2069
2085
2057
2094
2080
2069
2049
2117
2134
2083
2101
2111
2037
2098
2086
2123
2180
2144
2212
2222
2168
2169
2187
2208
2213
2174
2245
2166
2134
2182
2150
2103
2176
2171
2036
2171
2149
2143
2117
2128
2168
2096
2092
2158
2103
2170
2022
2130
2093
2118
2114
2127
2155
2124
2058
2090
2170
2118
2132
2120
2086
2013
2085
2121
2091
2132
2037
2160
2112
2149
2186
2049
2092
2116
2115
2137
2190
2129
2191
2109
2220
2181
2244
2269
2277
2264
2250
2223
2255
2203
2265
2200
2336
2228
2241
2239
2237
2398
2274
2314
2287
2303
2308
2270
2158
2280
2332
2286
2227
2279
2339
2349
2304
2289
2347
2348
2314
2233
2367
2292
2326
2345
2308
2284
2430
2242
2288
2300
2385
2364
2340
2321
2346
2273
2252
2334
2273
2292
2405
2264
2327
2244
2370
2293
2253
2218
2312
2296
2221
2324
2275
2315
2280
2354
2325
2390
2252
2367
2316
2258
2321
2304
2335
2297
2366
2347
2266
