2322
2295
2319
2359
2316
2357
2274
2253
2308
2256
2272
2314
2380
2273
2252
2251
2211
2298
2280
2380
2333
2253
2248
2264
2363
2230
2252
2228
2233
2255
2301
2330
2216
2325
2216
2270
2232
2319
2299
2320
2348
2349
2264
2325
2236
2300
2224
2293
2376
2357
2275
2323
2205
2233
2292
2281
2236
2277
2250
2306
2242
2288
2293
2259
2242
2284
2251
2260
2176
2285
2266
2325
2265
2215
2231
2298
2273
2210
2205
2174
2211
2212
2187
2159
2205
2216
2142
2211
2224
2119
2157
2059
2139
2081
2148
2111
2112
2142
2091
2129
2101
2144
2119
2090
2183
2127
2096
2053
2165
2097
2230
2130
2046
2099
2084
2130
2096
2126
2128
2103
2106
2194
2012
2103
2133
2165
2141
2110
2182
2097
2109
2185
2124
2208
2096
2128
2179
2181
2191
2218
2186
2203
2133
2095
2213
2196
2231
2114
2214
2156
2168
2028
2075
2172
2161
2060
2105
2087
1984
2176
2081
2092
2033
2053
2009
2012
2052
2078
2097
2019
2152
2083
2124
2082
2187
2136
2060
2049
2108
2084
2105
2192
2122
2046
2147
2177
2098
2098
2125
2141
2181
2214
2121
2187
2182
2234
2152
2186
2131
2209
2145
2118
2245
2177
2193
2215
2084
2181
2134
2121
2244
2147
2188
2152
2150
2052
2121
2084
2091
2047
2117
2056
2077
2076
2052
1981
2102
2027
2056
1936
2025
2030
1997
2027
2031
1932
1926
1946
1876
1961
1985
1927
1934
2004
2028
1983
2057
1976
2088
2044
2085
1961
1960
2029
2016
1952
1917
1893
1927
2025
1914
1959
1957
2000
2015
1944
2025
2009
2042
2070
2085
2090
2061
2090
2047
2139
2033
2075
2101
2096
2143
2104
2081
2075
2103
2153
2238
2172
2094
2174
2163
2187
2090
2205
2191
2094
2210
2150
2192
2250
2129
2123
2157
2116
2092
2118
2059
2099
2152
2098
2200
2123
2132
2152
2133
2089
2137
2094
2048
2042
2102
2091
2035
2023
2150
2042
2113
2072
2097
2088
2067
2102
2008
2072
2034
2055
2094
2079
2010
2080
2124
2147
2097
2105
2170
2000
2065
2200
2192
2177
2201
2116
2218
2209
2157
2203
2209
2149
2171
2238
2164
2165
2148
2178
2189
2166
2215
2180
2070
2232
2171
2131
2167
2191
2210
2144
2146
2065
2101
2096
2043
2128
2115
2098
2171
2128
2132
2157
2101
2070
2115
2132
2074
2072
2171
2105
2090
2126
2110
2065
2133
2156
2042
2213
2103
2255
2197
2242
2227
2170
2322
2185
2306
2232
2234
2231
2218
2236
2291
2370
2292
2245
2214
2305
2346
2273
2215
2230
2262
2295
2224
2282
2259
2279
2201
2290
2209
2306
2232
2351
2316
2255
2359
2389
2250
2235
2334
2254
2207
2209
2327
2313
2253
2341
2315
2300
2314
2357
2332
2219
2205
2205
2300
2350
2354
2286
2200
2304
2364
2259
2281
2263
2262
2320
2313
2292
2368
2255
2376
2290
2274
2288
2338
2276
2334
2304
2365
2285
2160
2314
2265
2261
2257
2315
2233
2273
2257
2235
2296
2235
2212
2260
2279
2369
2281
2233
2228
2371
2359
2325
2378
2268
2275
2294
2244
2240
2339
2292
2295
2323
2201
2329
2321
2287
2135
2322
2361
2325
2208
2312
2271
2230
2288
2193
2226
2287
2324
2262
2287
2291
2294
2299
2314
2305
2340
2265
2206
2347
2227
2355
2249
2304
2278
2337
2264
2304
2316
2283
2321
2296
2367
2314
2247
2272
2324
2272
2341
2252
2352
2263
2274
2258
2250
2265
2332
2251
2430
2262
2284
2227
2243
2252
2278
2309
2347
2247
2340
2244
2201
2275
2272
2301
2317
2217
2239
2293
2230
2276
2312
2263
2216
2212
2252
2185
2366
2254
2191
2301
2154
2287
2212
2160
2124
2181
2112
2147
2144
2125
2126
2199
2181
2087
2123
2118
2104
2053
2136
2150
2159
2057
2071
2135
2132
2061
2082
2116
2090
2066
2097
2111
2063
2116
2157
2126
2099
2138
2063
2117
2086
2134
2218
2209
2111
2127
2183
2064
2142
2228
2143
2108
2221
2207
2116
2144
2220
2107
2235
2145
2202
2188
2278
2243
2179
2116
2176
2194
2133
2094
2222
2150
2072
2045
2122
2155
2060
2103
2066
2069
2084
2058
1964
2021
2133
1972
2002
2058
2023
1997
2070
2109
2025
2017
2098
2035
2083
2000
2032
2078
2229
2163
2059
2201
2154
2147
2126
2122
2106
2157
2095
2105
2113
2105
2132
2069
2125
2109
2131
2129
2108
2166
2084
2154
2168
2136
2182
2140
2186
2112
2173
2094
2051
2121
2086
2112
2145
2101
2064
2108
2058
2082
2019
1979
2025
2086
2018
1980
1979
1965
2005
1873
1981
1921
2036
1986
1963
1921
1863
1846
1867
1913
1941
1928
1991
2088
1969
2017
2032
1989
1961
1971
1962
1878
1942
1972
1869
1954
1956
1938
1907
1984
1968
1941
1943
1898
2040
1993
1979
2015
2008
2005
2051
2058
2061
2098
2062
2082
2038
2169
2172
2156
2118
2132
2150
2183
2256
2186
2216
2144
2155
2221
2189
2244
2193
2208
2188
2209
2152
2155
2127
2104
2168
2171
2149
2166
2197
2194
2083
2083
2178
2144
2131
2097
2198
2084
2126
2046
2085
2103
2084
2020
2060
2063
2018
2075
2062
2088
2046
2036
2071
2016
2046
2001
1996
2111
2105
2064
2091
2149
2083
2124
2124
2070
2163
2198
2203
2121
2231
2094
2206
2114
2159
2128
2173
2224
2181
2095
2151
2164
2134
2142
2164
2052
2165
2193
2065
2168
2164
2230
2126
2220
2123
2128
2051
2106
2128
2191
2137
2158
2072
2081
2183
2071
2162
2020
2084
2103
2170
2079
2092
2148
2044
2136
2079
2140
2127
2152
2116
2116
2068
2111
2142
2074
2221
2143
2198
2155
2253
2164
2248
2193
2177
2129
2323
2249
2298
2233
2256
2335
2217
2125
2325
2354
2274
2284
2191
2310
2327
2366
2215
2151
2422
2218
2318
2289
2244
2219
2311
2261
2200
2438
2331
2199
2324
2335
2269
2356
2244
2317
2191
2238
2263
2346
2327
2255
2321
2176
2306
2276
2322
2229
2287
2211
2261
2322
2315
2221
2310
2255
2264
2271
2255
2237
2253
2271
2310
2247
2291
2195
2291
2319
2331
2262
2237
2207
2342
2295
2289
2294
2325
2336
2327
2254
2301
