2265
2321
2296
2207
2238
2316
2328
2216
2251
2210
2195
2256
2385
2325
2282
2331
2346
2268
2278
2308
2238
2305
2385
2347
2287
2237
2335
2261
2300
2272
2273
2268
2194
2304
2249
2240
2335
2251
2277
2307
2244
2346
2286
2311
2289
2240
2234
2256
2235
2399
2209
2254
2228
2238
2266
2262
2285
2223
2257
2275
2292
2256
2306
2283
2310
2252
2278
2263
2280
2357
2254
2202
2245
2271
2300
2191
2251
2169
2244
2223
2244
2095
2298
2151
2253
2209
2262
2153
2088
2066
2198
2243
2174
2239
2118
2098
2241
2167
2184
2152
2159
2175
2144
2144
2104
2111
2026
2033
1996
2057
2168
1979
2079
2165
2161
2111
2175
2118
2157
2127
2086
2168
2082
2170
2188
2173
2126
2144
2169
2104
2156
2184
2126
2085
2163
2214
2159
2149
2210
2167
2172
2228
2163
2196
2097
2118
2100
2098
2129
2112
2148
2106
2145
2121
2074
2094
2172
2072
2123
2146
2139
2151
2058
2040
2120
2000
2078
2021
2006
2062
2141
2127
2133
2197
2074
2010
2035
2127
2140
2075
2162
2147
2157
2106
2079
2175
2213
2123
2125
2200
2170
2159
2184
2095
2163
2061
2129
2085
2170
2226
2202
2107
2163
2215
2133
2186
2112
2115
2126
2175
2142
2200
2198
2152
2135
2209
2051
2033
2123
2051
2120
2138
2147
2045
1975
2022
2035
2042
2036
1992
2021
1980
2035
2020
1906
1886
1963
1916
1960
1871
1902
1956
1884
1997
1968
1942
2007
1983
2096
1980
1952
1985
1955
1938
1912
1872
1930
1886
1989
2028
1924
2000
1933
2025
1941
1996
1964
1980
2023
1968
1962
2061
2088
2070
2023
2004
2104
2099
2124
2116
2159
2119
2185
2201
2139
2067
2149
2194
2147
2197
2121
2167
2192
2194
2127
2203
2147
2090
2191
2107
2114
2175
2093
2190
2182
2152
2204
2022
2131
2096
2147
2061
2134
2136
2150
2090
2129
2036
2025
2122
2140
2095
2014
2057
1986
2082
2031
2090
2056
2114
2052
2098
2076
2053
2036
2107
2081
2056
2063
2113
2105
2024
2171
2153
2175
2115
2204
2096
2153
2172
2090
2182
2178
2188
2149
2216
2111
2099
2148
2182
2183
2152
2165
2189
2084
2124
2136
2076
2134
2121
2101
2114
2139
2071
2186
2201
2126
2135
2194
2045
2142
2151
2115
2147
2144
2097
2161
2174
2026
2136
2014
2119
2064
2171
2085
2149
2032
2126
2181
2111
2195
2194
2159
2165
2211
2177
2199
2218
2166
2250
2281
2234
2226
2245
2273
2223
2313
2210
2292
2264
2297
2269
2290
2176
2259
2268
2215
2226
2227
2251
2183
2277
2320
2356
2282
2210
2316
2315
2199
2317
2325
2303
2273
2322
2336
2270
2332
2271
2286
2317
2340
2275
2262
2209
2301
2298
2277
2239
2312
2273
2266
2286
2267
2287
2402
2239
2262
2210
2357
2143
2310
2240
2256
2265
2264
2318
2288
2200
2304
2242
2382
2285
2328
2423
2283
2307
2230
2329
2295
2298
2309
2306
2302
2273
2239
2255
2264
2199
2266
2259
2287
2289
2270
2317
2223
2277
2309
2277
2328
2289
2372
2325
2318
2232
2298
2277
2344
2279
2217
2279
2324
2323
2409
2347
2214
2255
2320
2282
2281
2326
2345
2271
2337
2335
2305
2278
2296
2223
2257
2179
2360
2295
2331
2278
2344
2326
2267
2296
2266
2294
2289
2241
2348
2342
2310
2268
2278
2208
2307
2215
2300
2427
2289
2320
2330
2308
2268
2303
2245
2228
2302
2290
2266
2327
2333
2220
2314
2289
2261
2242
2379
2211
2289
2347
2239
2349
2332
2253
2264
2175
2295
2273
2236
2307
2284
2235
2275
2315
2257
2220
2281
2302
2247
2228
2223
2236
2225
2208
2186
2178
2288
2267
2137
2240
2171
2165
2144
2146
2095
2128
2163
2138
2180
2176
2183
2186
2152
2199
2157
2145
2132
2051
2102
2193
2101
2065
2075
2103
2135
2090
2077
2049
2219
2186
2121
2152
2133
2174
2202
2087
2203
2093
2085
2163
2164
2132
2154
2127
2121
2097
2182
2220
2191
2058
2201
2147
2130
2127
2065
2139
2109
2128
2143
2178
2120
2160
2051
2087
2134
2118
2165
2020
2184
2091
2112
2144
1993
2050
1989
2114
2084
2068
2041
2031
2088
2078
2114
2061
1984
2044
2051
2085
2107
2118
2080
2161
2022
2125
2093
2098
2220
2121
2193
2152
2139
2147
2088
2059
2110
2139
2255
2157
2143
2201
2083
2153
2192
2168
2104
2150
2176
2157
2166
2183
2119
2085
2104
2164
2161
2129
2152
2118
2171
2111
2146
2099
2084
2063
2078
2062
2032
1967
2104
2048
1991
2023
2023
1959
1939
1989
1940
1885
1938
1900
1914
1875
1908
1954
1936
2069
1891
1970
1959
1934
1946
1986
1938
1947
2010
1953
1936
1940
1929
1947
1851
1902
1933
1848
1944
1942
2001
1904
2080
2006
2016
1974
2004
2057
2017
2062
2049
2053
2084
2013
2087
2169
2044
2075
2090
2244
2160
2079
2081
2156
2155
2166
2104
2102
2226
2162
2197
2152
2149
2137
2186
2079
2168
2152
2144
2055
2098
2160
2054
2200
2124
2102
2068
2144
2188
2126
2112
2112
2096
2125
2031
2096
2036
2068
2082
2058
2116
2006
2087
2053
2077
2039
2060
2119
2009
2106
2013
1988
2077
2051
2124
2083
2098
2137
2053
2105
2107
2187
2138
2150
2088
2180
2159
2124
2186
2177
2221
2187
2050
2169
2139
2137
2144
2210
2142
2135
2089
2074
2154
2157
2076
2077
2234
2031
2150
2104
2156
2135
2119
2066
2190
2142
2180
2153
1978
2107
2009
2072
2164
2151
2105
2105
2152
2147
2064
2028
2108
2121
2164
2065
2157
2095
2181
2063
2147
2124
2202
2240
2191
2265
2170
2228
2226
2147
2153
2202
2226
2132
2201
2224
2222
2254
2231
2312
2233
2241
2311
2230
2246
2296
2351
2297
2269
2280
2304
2209
2264
2304
2291
2231
2232
2312
2338
2193
2273
2249
2348
2219
2342
2337
2279
2268
2323
2309
2367
2208
2234
2320
2234
2305
2350
2298
2335
2304
2206
2334
2344
2296
2210
2326
2318
2238
2278
2242
2239
2278
2340
2291
2249
2333
2268
2190
2300
2249
2228
2266
2219
2347
2274
2264
2273
2336
2303
2257
2298
2268
2279
2162
2350
