2315
2367
2276
2304
2313
2267
2311
2270
2313
2313
2323
2315
2206
2295
2258
2325
2253
2253
2257
2299
2326
2323
2323
2272
2272
2246
2403
2266
2315
2347
2352
2359
2279
2298
2332
2323
2228
2289
2318
2310
2340
2258
2309
2257
2315
2213
2281
2276
2277
2329
2322
2290
2292
2279
2344
2258
2267
2238
2257
2302
2396
2242
2327
2166
2341
2272
2206
2350
2314
2213
2315
2273
2297
2253
2234
2228
2345
2268
2250
2328
2258
2265
2215
2312
2329
2172
2217
2181
2191
2269
2185
2256
2169
2095
2217
2103
2094
2201
2079
2208
2111
2115
2076
2150
2070
2109
2112
2248
2084
2134
2095
2033
2195
2070
2184
2032
2102
2117
2131
2207
2162
2148
2147
2205
2170
2111
2119
2110
2147
2187
2249
2170
2197
2188
2120
2196
2113
2237
2098
2118
2151
2174
2222
2116
2095
2129
2065
2113
2144
2253
2089
2234
2113
2107
2092
2092
2081
2101
2076
2073
2102
2085
2110
1996
2090
2120
2119
2034
2110
2062
2010
2064
2038
2103
2094
2050
2050
2096
2092
1999
2225
2222
2074
2080
2122
2108
2166
2116
2198
2132
2242
2176
2049
2141
2248
2150
2154
2180
2108
2125
2177
2142
2176
2177
2086
2203
2131
2107
2132
2134
2170
2145
2176
2264
2136
2058
2177
2121
2119
2201
2136
2085
1993
2013
2040
2086
2035
1989
1991
1966
1929
1952
1999
2015
1895
1918
1918
1878
1859
1888
1925
1895
1858
2000
1944
1988
1934
1934
1962
1938
1898
2011
1996
1978
1858
1944
1865
1855
1967
1877
1974
1962
1998
2024
2007
1962
2049
2098
2045
2006
2000
2085
1999
2096
2145
2087
2058
2190
2060
2089
2121
2145
2063
2123
2162
2214
2150
2136
2146
2217
2160
2096
2206
2156
2194
2183
2181
2104
2148
2209
2202
2182
2120
2133
2128
2126
2119
2202
2102
2158
2105
2028
2112
2092
2052
2118
2014
2149
2126
2143
2119
2134
2053
2102
2107
2001
2088
2055
2028
2079
2046
2023
2083
2084
2169
2089
2091
2052
2128
2105
2173
2149
2127
2115
2086
2217
2206
2107
2107
2171
2157
2167
2220
2228
2156
2190
2214
2128
2156
2135
2133
2214
2181
2209
2206
2158
2068
2159
2132
2196
2066
2206
2224
2065
2172
2146
2096
2131
2188
2145
2120
2155
2115
2135
2124
2192
2111
2142
2116
2236
2160
2120
2091
2149
2104
2171
2159
2177
2183
2076
2134
2166
2224
2186
2128
2134
2241
2178
2155
2289
2235
2246
2169
2243
2342
2271
2282
2273
2309
2277
2326
2247
2317
2336
2271
2223
2326
2222
2261
2297
2276
2267
2261
2279
2313
2305
2268
2298
2318
2409
2295
2322
2331
2270
2299
2317
2325
2306
2297
2322
2306
2211
2251
2327
2203
2234
2362
2300
2297
2241
2246
2314
2316
2212
2260
2313
2344
2312
2308
2329
2210
2236
2258
2324
2281
2273
2319
2375
2250
2262
2299
2255
2228
2365
2344
2247
2269
2332
2276
2278
2322
2258
2286
2290
2240
2293
2282
2417
2269
2332
2307
2280
2313
2242
2314
2313
2382
2308
2245
2307
2262
2303
2352
2325
2228
2286
2246
2281
2301
2245
2263
2234
2244
2263
2268
2338
2373
2335
2197
2329
2276
2363
2225
2316
2378
2347
2301
2380
2291
2319
2236
2305
2262
2318
2276
2342
2231
2333
2324
2282
2251
2353
2275
2235
2241
2259
2190
2214
2253
2391
2325
2261
2244
2291
2347
2278
2399
2314
2320
2218
2263
2294
2314
2344
2280
2272
2353
2292
2223
2247
2257
2272
2354
2210
2239
2225
2271
2228
2263
2329
2272
2258
2267
2298
2316
2187
2290
2229
2288
2300
2333
2314
2245
2232
2286
2273
2263
2247
2188
2256
2148
2235
2267
2216
2223
2235
2243
2238
2204
2215
2137
2105
2195
2133
2230
2076
2170
2074
2095
2152
2148
2129
2089
2029
2145
2118
2106
2161
2018
2149
2137
2107
2153
2121
2071
2101
2110
2041
2128
2150
2060
2144
2121
2101
2072
2046
2149
2125
2219
2195
2061
2137
2069
2182
2088
2183
2088
2119
2141
2216
2166
2094
2157
2147
2217
2200
2260
2113
2138
2144
2122
2122
2128
2058
2028
2006
2111
2106
2127
2162
2112
2088
2127
2025
2098
2082
2058
2073
2126
2102
2075
2072
2044
2021
2029
2012
2076
2152
2154
2141
2148
2172
2105
2115
2063
2052
2095
2125
2183
2133
2162
2091
2130
2137
2109
2134
2131
2142
2169
2178
2124
2211
2155
2219
2200
2112
2113
2116
2161
2113
2131
2180
2116
2118
2144
2157
2024
2027
2136
2064
2064
2044
2060
1965
2003
1888
2046
1977
1919
1882
1981
1875
1817
1938
1877
1860
1869
1936
1913
1977
1996
1981
1968
1960
1934
2050
1957
1994
1937
1951
1926
1917
1920
1934
1827
1840
1918
1889
1994
1921
1902
1931
1973
1957
1972
2030
1983
2089
2034
2047
1933
2056
2056
2012
2080
2083
2096
2075
2110
2176
2084
2119
2121
2141
2167
2152
2124
2116
2222
2168
2118
2229
2142
2171
2093
2189
2149
2169
2182
2117
2103
2106
2106
2141
2171
2109
2073
2145
2109
2095
2103
2180
2098
2109
2092
2083
2037
2105
2080
2107
2117
2056
2094
1974
2100
2038
2040
2043
2115
2054
2142
2009
2156
2132
2064
2142
2099
2063
2057
2097
2101
2113
2232
2219
2206
2227
2088
2199
2207
2165
2118
2135
2096
2236
2217
2153
2117
2189
2080
2197
2179
2076
2181
2168
2181
2097
2136
2138
2106
2154
2066
2123
2113
2077
2081
2068
2096
2120
2130
2144
2121
2081
2060
2147
2049
2154
2128
2048
2149
2168
2146
2138
2106
2176
2128
2113
2162
2163
2171
2182
2175
2169
2219
2135
2209
2191
2217
2248
2224
2275
2207
2215
2200
2270
2247
2169
2315
2289
2216
2271
2289
2260
2276
2238
2357
2325
2277
2244
2217
2286
2274
2271
2290
2280
2350
2186
2258
2234
2339
2294
2340
2277
2296
2296
2241
2268
2294
2282
2253
2282
2308
2356
2323
2297
2229
2255
2294
2282
2208
2343
2265
2299
2361
2262
2318
2282
2211
2249
2214
2330
2328
2368
2260
2304
2329
2235
2285
2222
2297
2314
2291
2278
2312
2226
2252
2364
2356
2342
2340
2259
2231
2301
2275
