2247
2199
2323
2213
2253
2289
2266
2267
2255
2345
2273
2296
2316
2338
2314
2302
2225
2212
2290
2242
2251
2307
2229
2334
2245
2238
2291
2292
2343
2377
2297
2206
2281
2188
2272
2275
2272
2292
2282
2280
2294
2382
2265
2348
2261
2355
2280
2253
2234
2255
2274
2344
2319
2291
2317
2358
2194
2271
2248
2280
2272
2287
2228
2279
2197
2248
2287
2246
2247
2315
2218
2218
2230
2364
2288
2325
2184
2247
2192
2207
2278
2320
2173
2274
2257
2265
2257
2205
2300
2163
2092
2193
2188
2123
2250
2258
2170
2164
2215
2065
2087
2071
2212
2249
2077
2190
2080
2144
2086
2098
2197
2125
2045
2039
2041
2112
2151
2095
2215
2201
2183
2145
2177
2112
2108
2139
2104
2073
2120
2170
2152
2219
2132
2129
2183
2065
2124
2210
2103
2069
2104
2070
2178
2072
2149
2179
2132
2175
2119
2126
2228
2099
2222
2111
2160
2111
2008
2056
2098
2049
2136
1967
2051
2098
2058
2041
2133
2042
2121
2126
1986
2011
2145
2056
2142
2037
2061
2034
2008
2013
2101
2123
2167
2122
2148
2151
2053
2158
2087
2055
2152
2176
2098
2186
2225
2135
2163
2045
2139
2238
2140
2169
2190
2057
2131
2230
2210
2173
2208
2183
2093
2153
2220
2176
2123
2134
2069
2173
2103
2058
2046
2068
2096
1996
2041
2068
2048
2047
1946
2005
1976
2001
1905
1868
1920
1972
1910
1928
1908
1929
1815
1868
1882
1933
1952
1939
1900
1902
1976
1976
1993
1963
1831
1939
1883
1847
1881
1916
1864
1871
1930
1954
1951
2058
1990
2022
2009
2033
1955
2081
2076
2082
2107
2015
2014
2062
2065
2063
2102
2109
2136
2064
2192
2113
2081
2079
2117
2157
2141
2060
2102
2110
2137
2143
2194
2204
2094
2211
2153
2098
2185
2163
2133
2141
2097
2187
2175
2167
2085
2080
2065
2127
2061
2121
2000
2105
2070
2055
2096
2082
2045
2058
2096
2020
2083
2020
2068
2133
2024
2081
2054
1994
2027
2041
2033
2106
2042
2052
2082
2103
2205
2124
2134
2124
2125
2188
2221
2154
2169
2243
2079
2167
2204
2177
2141
2182
2124
2172
2184
2183
2144
2139
2124
2059
2144
2101
2147
2187
2112
2096
2155
2107
2128
2099
2184
2074
2054
2109
2175
2181
2143
2091
2087
2111
2100
2092
2087
2115
1996
2112
2183
2149
2074
2189
2193
2048
2191
2131
2103
2147
2184
2120
2133
2209
2218
2119
2234
2206
2194
2241
2287
2222
2183
2198
2186
2197
2320
2182
2230
2186
2241
2302
2334
2284
2308
2258
2296
2232
2253
2164
2357
2219
2308
2195
2370
2328
2210
2290
2378
2297
2331
2198
2333
2191
2327
2286
2281
2309
2374
2247
2244
2286
2351
2333
2271
2309
2174
2262
2239
2264
2355
2267
2381
2307
2220
2233
2242
2334
2276
2285
2250
2206
2298
2222
2328
2209
2233
2282
2231
2259
2256
2290
2312
2320
2239
2296
2307
2343
2335
2341
2325
2295
2281
2263
2311
2303
2285
2217
2278
2235
2342
2288
2289
2284
2222
2283
2195
2210
2262
2253
2386
2303
2266
2153
2345
2231
2279
2211
2328
2237
2240
2308
2274
2341
2229
2296
2255
2286
2320
2270
2361
2308
2297
2260
2265
2282
2284
2293
2206
2269
2335
2309
2279
2267
2314
2348
2233
2311
2190
2261
2277
2288
2296
2274
2282
2256
2261
2261
2189
2287
2203
2345
2201
2286
2258
2285
2329
2350
2307
2281
2243
2193
2282
2278
2236
2320
2248
2282
2323
2264
2319
2253
2268
2321
2217
2273
2344
2290
2249
2269
2211
2222
2331
2287
2241
2372
2300
2330
2317
2294
2283
2223
2249
2297
2256
2271
2278
2247
2285
2254
2260
2125
2216
2194
2222
2139
2134
2227
2177
2137
2125
2120
2158
2131
2109
2084
2187
2128
2210
2131
2162
2092
2113
2182
2146
2058
2090
2142
2135
2133
2140
2056
2130
2066
2201
2172
2126
2122
2080
2165
2212
2153
2128
2171
2104
2131
2180
2153
2104
2188
2149
2135
2200
2012
2164
2141
2165
2152
2162
2094
2084
2121
2125
2154
2132
2224
2185
2145
2115
2055
2123
2110
2094
2013
2116
2065
2113
2074
2183
2123
1996
2132
2060
2057
2151
2126
2106
2138
2147
2001
2108
2040
2037
2058
2039
2096
2082
2123
2142
2089
2066
2067
2085
2059
2141
2107
2114
2068
2109
2141
2060
2097
2195
2194
2117
2094
2191
2226
2117
2152
2002
2174
2044
2127
2163
2133
2213
2133
2105
2127
2153
2095
2133
2157
2088
2093
1994
2105
2141
2071
2028
2086
1986
1979
1980
1981
1951
1952
1998
1868
1866
1881
1885
1910
1868
1792
1836
1863
1808
1914
1894
1928
1915
1924
2008
1932
1897
1968
1894
1889
1852
1908
1915
1857
1883
1830
1859
1901
1972
1917
1969
2015
1944
1928
2023
2003
2131
2006
2008
2033
2058
2032
2040
2050
2036
2114
2127
2190
2094
2102
2169
2132
2145
2152
2133
2049
2090
2157
2168
2137
2130
2189
2179
2116
2115
2116
2122
2172
2162
2085
2121
2214
2174
2137
2108
2049
2045
2154
2135
2059
2113
2051
2079
2085
2172
2052
2098
2063
2074
2011
2045
2128
2097
2134
2063
2100
2123
2099
2050
2134
2126
2096
2084
2090
2052
2090
2142
2166
2147
2206
2155
2081
2031
2225
2102
2118
2122
2066
2181
2146
2188
2178
2259
2230
2075
2182
2081
2150
2186
2162
2103
2087
2101
2198
2113
2082
2144
2058
2127
2166
2141
2109
2105
2105
2123
2104
2119
2131
2096
2025
2141
2091
2162
2125
2055
2102
2103
2145
2227
2171
2079
2151
2195
2152
2213
2171
2131
2168
2179
2190
2142
2102
2255
2198
2234
2186
2231
2177
2211
2255
2274
2204
2311
2308
2258
2223
2174
2147
2288
2206
2233
2304
2263
2293
2223
2251
2267
2252
2330
2232
2248
2224
2377
2353
2244
2360
2260
2218
2311
2233
2264
2288
2285
2288
2241
2290
2335
2302
2269
2274
2260
2265
2283
2295
2307
2244
2326
2257
2248
2232
2276
2318
2348
2323
2320
2305
2262
2243
2301
2303
2347
2213
2292
2325
2283
2240
2257
2308
2312
2332
2336
2280
2265
2235
2338
2253
2260
2282
2284
2291
2351
2335
2260
