2294
2341
2225
2316
2297
2311
2248
2224
2239
2442
2333
2287
2241
2256
2230
2279
2320
2272
2245
2332
2209
2320
2233
2248
2290
2299
2345
2272
2277
2272
2442
2278
2303
2253
2272
2375
2270
2295
2378
2284
2318
2263
2208
2308
2278
2275
2321
2251
2275
2351
2285
2418
2307
2209
2301
2336
2325
2415
2215
2261
2305
2272
2257
2288
2224
2283
2278
2317
2249
2270
2295
2307
2232
2259
2252
2260
2199
2230
2232
2242
2230
2267
2222
2451
2157
2267
2241
2305
2143
2316
2222
2204
2231
2143
2227
2184
2289
2202
2167
2094
2150
2161
2210
2074
2117
2100
2186
2095
2171
2117
2155
2204
2025
2184
2166
2134
2065
2202
2127
2162
2140
2130
2146
2126
2145
2160
2231
2118
2180
2201
2223
2194
2235
2155
2171
2164
2231
2205
2113
2216
2205
2235
2094
2103
2190
2195
2154
2189
2228
2167
2103
2066
2115
2215
2086
2106
2175
2145
2114
2099
2091
2062
2098
2107
2078
2127
1995
2084
2125
2060
2086
2135
2091
2139
2055
2060
2149
2111
2082
2228
2044
2123
2017
2186
2098
2123
2081
2096
2183
2104
2154
2101
2152
2178
2105
2068
2215
2135
2126
2171
2125
2206
2105
2175
2164
2061
2228
2088
2157
2131
2106
2137
2235
2107
2206
2181
2090
2087
2066
2088
2085
2076
2062
2064
2020
2005
1933
2016
2007
1966
2034
1946
1917
1934
1969
1862
1877
1822
1924
1880
1908
1926
1858
1912
1888
1944
1919
1976
1913
1910
1976
1872
1813
1874
1867
1842
1866
1803
1886
1871
1956
1862
2011
1949
1978
2034
2053
2044
1972
1978
2116
2023
2076
2048
1979
2100
2072
2098
2136
2064
2117
2116
2127
2146
2212
2158
2074
2085
2153
2127
2119
2191
2184
2104
2157
2102
2073
2136
2121
2153
2103
2164
2130
2147
2186
2087
2139
2030
2102
2139
2104
2160
2086
2063
2071
2062
2070
2099
2089
2082
2104
2086
1983
2100
2079
2110
2109
2126
2134
2130
2112
2106
2040
2094
2145
2118
2089
2057
2160
2163
2151
2131
2151
2197
2168
2171
2101
2158
2161
2192
2246
2211
2138
2201
2096
2207
2286
2165
2150
2137
2136
2099
2185
2183
2249
2140
2159
2129
2196
2113
2113
2137
2169
2213
2174
2098
2117
2082
2153
2098
2214
2169
2174
2131
2214
2064
2166
2200
2167
2170
2160
2153
2117
2126
2165
2177
2142
2148
2146
2189
2156
2141
2158
2120
2190
2194
2277
2208
2253
2132
2347
2226
2234
2250
2247
2262
2206
2296
2320
2283
2278
2358
2234
2350
2263
2196
2310
2261
2265
2276
2279
2339
2265
2275
2281
2249
2264
2287
2314
2260
2266
2285
2314
2172
2308
2260
2322
2240
2259
2296
2324
2273
2287
2316
2294
2305
2338
2360
2246
2274
2346
2305
2286
2387
2248
2326
2202
2290
2227
2355
2332
2347
2235
2306
2253
2348
2240
2316
2312
2222
2263
2228
2313
2264
2322
2217
2257
2342
2245
2383
2370
2332
2298
2280
2337
2328
2269
2258
2324
2310
2297
2314
2281
2241
2363
2263
2289
2187
2310
2265
2253
2268
2285
2224
2303
2179
2402
2293
2230
2259
2274
2269
2235
2306
2295
2339
2207
2276
2232
2240
2206
2296
2351
2376
2265
2371
2379
2329
2263
2280
2303
2322
2282
2271
2285
2389
2365
2290
2292
2300
2308
2360
2276
2271
2250
2312
2386
2253
2329
2237
2293
2331
2273
2318
2338
2338
2328
2359
2287
2313
2373
2289
2383
2206
2293
2286
2236
2284
2305
2327
2320
2280
2286
2295
2315
2271
2261
2239
2286
2293
2325
2278
2238
2275
2311
2239
2328
2242
2223
2161
2269
2332
2298
2274
2159
2314
2390
2186
2288
2243
2256
2282
2167
2248
2237
2216
2218
2178
2212
2252
2177
2198
2244
2233
2190
2242
2125
2142
2172
2134
2151
2105
2110
2130
2196
2184
2122
2220
2198
2149
2153
2121
2162
2113
2193
2185
2131
2102
2147
2154
2222
2130
2096
2159
2171
2126
2187
2228
2122
2177
2124
2173
2156
2117
2107
2154
2142
2111
2171
2149
2121
2196
2148
2129
2195
2151
2080
2129
2160
2160
2099
2195
2114
2101
2138
2117
2145
2052
2044
2100
2051
2086
2136
2108
2043
2004
2051
2116
2056
2076
2045
2030
2215
2143
1964
2063
2125
2099
2099
2027
2165
2127
2086
2097
2123
2163
2105
2104
2075
2123
2159
2118
2064
2192
2249
2100
2202
2180
2223
2171
2181
2107
2106
2212
2118
2152
2106
2127
2129
2094
2166
2160
2157
2169
2070
2123
2086
2081
2073
1985
2025
2010
2007
2003
2046
2008
1966
2021
2029
1976
1960
2003
1849
1890
1851
1870
1782
1832
1852
1785
1949
1876
1921
1861
1991
1958
1978
1907
1972
1805
1830
1850
1851
1856
1849
1894
1866
1865
1914
1872
2060
2014
2012
2001
2030
1964
2055
2028
1951
2025
1992
2085
2090
2046
2088
2063
2034
2104
2155
2099
2143
2180
2143
2143
2001
2090
2115
2158
2135
2123
2127
2112
2156
2182
2100
2133
2131
2120
2158
2084
2179
2191
2142
2139
2109
2126
2094
2137
2185
2035
2070
2093
2141
2081
2087
2097
2179
2064
2185
2071
2150
2070
2000
2090
2011
1991
2166
2026
2090
2125
2094
2092
2086
2127
2103
2016
2058
2142
2123
2141
2198
2176
2161
2214
2221
2146
2179
2209
2157
2121
2138
2098
2166
2156
2215
2132
2248
2151
2144
2147
2185
2082
2212
2164
2178
2126
2159
2185
2141
2106
2090
2184
2124
2155
2166
2206
2142
2179
2146
2185
2100
2168
2166
2116
2170
2223
2124
2148
2071
2135
2164
2182
2213
2144
2236
2113
2165
2182
2202
2249
2281
2166
2253
2241
2198
2200
2252
2224
2191
2161
2221
2363
2300
2370
2281
2294
2353
2191
2213
2306
2193
2277
2313
2254
2298
2287
2237
2373
2306
2254
2346
2336
2316
2342
2354
2328
2210
2267
2266
2161
2361
2304
2249
2275
2243
2299
2282
2342
2287
2322
2314
2228
2206
2378
2248
2297
2371
2277
2313
2334
2297
2336
2374
2284
2230
2270
2328
2266
2313
2319
2289
2257
2305
2279
2269
2324
2348
2292
2293
2236
2346
2281
2298
2267
2337
2350
2263
2342
2425
2289
2291
2307
2265
