2315
2329
2370
2278
2284
2250
2285
2216
2300
2238
2259
2383
2341
2317
2325
2187
2217
2209
2356
2291
2210
2250
2272
2199
2321
2255
2300
2275
2253
2347
2301
2266
2330
2234
2340
2356
2371
2381
2241
2269
2315
2280
2197
2313
2267
2317
2260
2297
2348
2256
2298
2273
2321
2282
2311
2293
2360
2215
2164
2294
2268
2234
2290
2210
2204
2264
2307
2236
2342
2224
2287
2209
2205
2310
2360
2268
2250
2243
2321
2304
2260
2225
2184
2269
2117
2283
2293
2283
2169
2243
2318
2182
2211
2233
2253
2183
2280
2261
2193
2223
2127
2140
2206
2121
2188
2192
2184
2073
2085
2138
2140
2160
2127
2173
2153
2154
2203
2086
2066
2283
2098
2172
2179
2118
2162
2114
2225
2169
2191
2173
2070
2139
2191
2135
2157
2202
2096
2128
2152
2123
2058
2112
2157
2229
2183
2118
2210
2224
2142
2240
2140
2158
2088
2153
2081
2083
2101
2149
2265
2163
2087
2157
2162
2120
2099
2114
2076
2087
2115
2065
2066
2050
2147
2082
2065
2102
2086
2018
2011
2051
2125
2103
2080
2074
2223
2137
2095
2141
2111
2144
2121
2100
2023
2148
2098
2116
2178
2160
2120
2159
2093
2154
2061
2148
2108
2102
2089
2079
2061
2026
2067
2086
2014
2126
2099
2105
2150
2078
2138
2055
2058
2069
2036
1951
2018
2054
1935
1962
1969
1943
1932
1912
2031
1834
1892
1896
1882
1931
1809
1845
1842
1913
1806
1887
1876
1930
1908
1963
1865
1831
1891
1891
1926
1870
1817
1800
1798
1817
1873
1820
1876
1899
1944
1963
1915
1856
1945
2044
2036
2067
1979
2075
2007
2049
2029
2165
2120
2085
2119
2108
2059
2118
2175
2103
2091
2075
2074
2137
2128
2132
2087
2139
2136
2064
2069
2145
2106
2109
2150
2096
2185
2138
2096
2187
2090
2099
2093
2087
2150
2116
2052
1997
2038
2105
2086
2067
2106
2061
2034
2126
2140
2066
2108
2110
2162
2103
2141
2027
2082
2127
2101
2065
2148
2143
2068
2144
2158
2118
2162
2160
2178
2145
2144
2061
2122
2135
2171
2192
2185
2183
2165
2210
2121
2073
2062
2176
2130
2144
2180
2162
2154
2119
2133
2115
2073
2129
2135
2140
2209
2152
2216
2179
2107
2125
2171
2192
2164
2092
2180
2162
2182
2173
2146
2215
2291
2170
2080
2157
2141
2117
2109
2180
2156
2203
2128
2221
2242
2176
2133
2144
2122
2169
2244
2147
2129
2277
2279
2272
2266
2215
2343
2183
2231
2290
2239
2274
2377
2184
2187
2273
2288
2227
2162
2238
2311
2323
2321
2261
2307
2320
2300
2356
2187
2228
2286
2259
2330
2246
2259
2307
2243
2253
2207
2307
2372
2330
2371
2192
2316
2239
2197
2360
2284
2316
2281
2269
2217
2264
2261
2378
2289
2218
2259
2205
2294
2292
2269
2238
2223
2260
2286
2272
2189
2312
2209
2174
2273
2346
2210
2236
2211
2221
2344
2298
2316
2291
2336
2275
2292
2388
2258
2263
2213
2298
2163
2324
2229
2275
2294
2273
2220
2281
2275
2349
2304
2332
2285
2196
2280
2277
2250
2392
2228
2317
2261
2376
2334
2328
2298
2281
2242
2211
2316
2333
2294
2304
2215
2232
2204
2188
2375
2278
2204
2291
2280
2331
2335
2276
2311
2269
2345
2227
2324
2335
2401
2239
2361
2300
2252
2327
2346
2261
2269
2273
2285
2275
2355
2213
2305
2249
2257
2216
2273
2211
2230
2223
2208
2252
2245
2263
2302
2293
2273
2330
2217
2206
2263
2208
2393
2339
2249
2299
2345
2305
2312
2311
2264
2234
2232
2336
2283
2293
2179
2324
2259
2275
2351
2300
2307
2278
2336
2293
2237
2326
2265
2239
2271
2307
2242
2207
2279
2236
2211
2200
2242
2237
2287
2262
2154
2238
2246
2161
2165
2177
2133
2191
2119
2189
2239
2160
2158
2089
2135
2156
2071
2150
2192
2204
2199
2161
2109
2132
2157
2180
2134
2079
2165
2196
2123
2229
2040
2117
2009
2175
2130
2133
2186
2168
2164
2177
2138
2147
2111
2109
2182
2180
2171
2117
2186
2133
2087
2161
2162
2147
2122
2196
2110
2135
2196
2126
2149
2089
2189
2101
2063
2099
2087
2136
2069
2084
2018
2017
2096
2015
2083
2068
2056
2074
2133
2051
2146
2076
2165
2055
2082
2125
2058
2069
2124
2069
2109
2123
2202
2103
2156
2068
2086
2115
2098
2116
2192
2058
2155
2180
2114
2065
2194
2109
2164
2267
2008
2103
2120
2169
2163
2113
2220
2065
2094
2058
2117
2113
2070
2130
2076
2229
2050
2084
2019
1964
1988
2041
2074
2006
1978
1924
1941
1922
1905
1949
1949
1788
1858
1841
1787
1789
1822
1762
1862
1865
1909
1925
1979
1943
1918
1910
1971
1866
1879
1847
1790
1812
1785
1874
1862
1785
1864
1855
1878
1925
1938
1939
1944
1985
1996
2050
1975
1992
1973
2015
2004
2066
2084
2123
2101
2074
2166
2091
2074
2085
2137
2162
2112
2158
2175
2091
2119
2101
2204
2072
2127
2077
2156
2014
2085
2168
2109
2151
2173
2055
2078
2183
2024
2162
2125
2030
2124
2122
2070
2110
1997
2037
2123
2025
2050
1983
2081
2055
2063
2092
2063
2135
2064
2083
2062
2087
1998
2112
2024
2095
2109
2068
2121
2119
2060
2035
2215
2099
2133
2122
2150
2132
2136
2202
2191
2177
2142
2232
2105
2254
2159
2178
2162
2118
2058
2076
2244
2084
2151
2148
2122
2078
2127
2161
2088
2031
2243
2155
2062
2116
2224
2108
2085
2194
2173
2154
2122
2168
2097
2164
2102
2165
2082
2146
2178
2104
2173
2111
2170
2225
2105
2123
2213
2165
2173
2162
2236
2131
2181
2200
2190
2224
2255
2154
2216
2183
2241
2185
2256
2309
2237
2191
2225
2243
2286
2242
2253
2281
2229
2183
2291
2317
2269
2327
2353
2279
2289
2242
2241
2254
2243
2259
2201
2265
2245
2322
2223
2277
2291
2250
2319
2250
2265
2290
2280
2255
2228
2236
2357
2281
2394
2264
2257
2326
2270
2229
2339
2373
2424
2367
2227
2273
2205
2310
2295
2341
2266
2244
2214
2308
2269
2269
2229
2258
2269
2326
2208
2271
2211
2345
2186
2226
2359
2304
2334
2343
2212
2309
2312
2321
2232
2249
2322
