2280
2271
2297
2295
2259
2413
2353
2276
2280
2308
2255
2252
2302
2237
2268
2280
2266
2327
2276
2268
2226
2250
2260
2208
2302
2304
2327
2274
2229
2295
2291
2320
2336
2256
2226
2364
2291
2248
2275
2245
2288
2304
2321
2296
2228
2227
2380
2331
2346
2313
2220
2286
2368
2250
2303
2328
2284
2342
2292
2319
2257
2297
2245
2238
2344
2284
2246
2295
2293
2392
2226
2271
2180
2288
2257
2223
2316
2247
2224
2252
2169
2288
2247
2316
2287
2230
2315
2182
2153
2232
2244
2361
2201
2192
2216
2227
2271
2222
2160
2176
2181
2125
2148
2194
2160
2187
2198
2124
2131
2165
2246
2147
2146
2198
2136
2186
2180
2127
2123
2115
2157
2158
2206
2137
2131
2132
2090
2077
2145
2122
2137
2263
2123
2138
2123
2037
2181
2114
2181
2143
2147
2196
2193
2211
2131
2122
2085
2198
2174
2162
2175
2164
2140
2183
2126
2141
2146
2081
2123
2168
2108
2098
2035
2127
2202
2055
2102
2065
2032
2043
2149
2126
2097
2113
2118
2141
2076
2126
2122
2110
2170
2046
2030
2127
2138
2097
2124
2032
2167
2118
2071
2008
2087
2111
2083
2146
2131
2152
2182
2128
2049
2071
2090
2159
2183
2096
2159
2088
2155
2217
2063
2126
2168
2129
2124
2135
2000
2171
2112
2030
2136
2132
2002
2052
1988
2048
2011
2000
1944
2034
1932
1906
1916
1897
1844
1881
1814
1874
1784
1777
1831
1803
1835
1875
1838
1946
1963
1992
1858
1962
1852
1964
1857
1829
1791
1785
1840
1827
1787
1772
1936
1868
1921
1933
1904
1947
2022
1984
2002
2011
2030
2023
2126
2046
2088
2105
2133
2107
2062
2005
2123
2067
2150
2121
2229
2210
2168
2090
2122
2142
2221
2099
2124
2132
2170
2199
2113
2136
2065
2137
2118
2085
2162
2080
2192
2196
2129
2090
2121
2180
2120
2129
2097
2107
2171
2122
2055
2114
2109
2178
2072
2133
2071
2074
2059
2042
2038
2102
2021
2140
2107
2131
2128
2117
2125
2076
2134
2146
2109
2215
2161
2195
2132
2146
2157
2179
2207
2167
2187
2088
2118
2153
2093
2196
2082
2100
2162
2146
2107
2227
2171
2185
2124
2082
2256
2161
2199
2195
2142
2245
2207
2214
2144
2072
2134
2149
2183
2132
2155
2192
2187
2197
2027
2138
2190
2185
2119
2190
2166
2225
2170
2117
2193
2138
2269
2242
2262
2275
2251
2183
2173
2259
2269
2205
2237
2210
2269
2174
2323
2222
2256
2238
2270
2347
2268
2303
2372
2253
2304
2347
2230
2245
2286
2302
2254
2272
2189
2361
2321
2224
2320
2228
2277
2283
2282
2181
2320
2310
2286
2130
2307
2378
2260
2209
2352
2361
2289
2290
2259
2297
2311
2228
2289
2209
2246
2304
2293
2231
2353
2255
2312
2312
2230
2285
2285
2237
2296
2266
2290
2306
2353
2299
2261
2224
2246
2226
2334
2261
2302
2323
2277
2279
2322
2317
2274
2269
2319
2296
2258
2283
2325
2263
2276
2300
2249
2236
2281
2270
2290
2199
2257
2219
2245
2245
2297
2253
2283
2203
2228
2326
2265
2226
2370
2262
2233
2288
2311
2226
2188
2273
2273
2330
2322
2383
2247
2319
2213
2255
2322
2363
2299
2316
2295
2324
2308
2269
2268
2285
2290
2305
2295
2247
2295
2263
2288
2347
2273
2313
2278
2245
2295
2243
2357
2285
2309
2326
2246
2325
2254
2310
2216
2292
2289
2239
2273
2248
2321
2307
2250
2315
2266
2208
2194
2224
2378
2363
2226
2259
2315
2327
2282
2294
2366
2279
2187
2206
2259
2353
2299
2246
2227
2255
2332
2249
2192
2261
2315
2224
2357
2214
2300
2343
2264
2274
2337
2274
2183
2260
2309
2279
2274
2224
2263
2218
2249
2281
2296
2238
2259
2192
2234
2202
2221
2191
2237
2223
2194
2192
2241
2162
2203
2158
2173
2169
2236
2086
2086
2114
2230
2177
2097
2197
2116
2156
2079
2188
2189
2137
2113
2119
2180
2171
2178
2119
2186
2077
2190
2169
2274
2185
2058
2194
2177
2179
2068
2151
2138
2103
2116
2127
2169
2093
2179
2168
2208
2093
2142
2173
2126
2108
2145
2251
2138
2173
2111
2207
2103
2159
2094
2153
2123
2035
2025
2107
2103
1999
2119
2073
1981
2092
2123
1934
2088
2054
2008
2002
2078
2042
2171
2096
2132
2111
2106
2089
2223
2129
2062
2139
2125
2157
2103
2151
2064
2193
2049
2188
2156
2217
2162
2132
2049
2097
2137
2089
2137
2160
2097
2136
2044
2156
2130
2104
2109
2123
2217
2070
2084
2163
2040
1974
1986
1995
1984
2043
2010
1990
1966
2000
1912
1911
1881
1896
1844
1908
1804
1774
1831
1782
1804
1806
1827
1888
1928
1886
1961
1941
1862
1922
1800
1893
1802
1789
1749
1892
1827
1774
1807
1882
1929
1885
1991
1966
1945
1960
2011
1939
2103
2014
2055
2034
1985
2028
2160
2102
2165
2087
2083
2128
2088
2147
2167
2177
2222
2083
2107
2133
2088
2033
2077
2082
2090
2143
2098
2122
2105
2047
2097
2129
2189
2049
2009
2122
2057
2051
2087
2114
2073
2091
2119
2067
2130
2114
2135
2077
2131
2010
2088
2127
2052
2085
2114
2104
2216
2077
2077
2123
2132
2085
2085
2138
2121
2117
2151
2090
2074
2169
2132
2173
2191
2204
2181
2187
2184
2138
2133
2157
2134
2075
2217
2167
2169
2116
2230
2155
2100
2126
2235
2160
2203
2187
2153
2122
2128
2201
2154
2181
2105
2215
2050
2111
2149
2199
2215
2090
2182
2114
2198
2162
2108
2102
2159
2209
2141
2222
2194
2238
2138
2191
2219
2120
2218
2288
2148
2174
2210
2176
2170
2126
2148
2274
2206
2278
2291
2236
2242
2303
2259
2201
2310
2261
2231
2208
2259
2324
2269
2278
2145
2256
2301
2229
2273
2295
2212
2282
2303
2209
2313
2324
2314
2244
2316
2242
2349
2324
2202
2218
2348
2284
2271
2268
2213
2337
2328
2269
2328
2267
2265
2341
2286
2229
2316
2300
2245
2386
2303
2283
2190
2309
2297
2259
2275
2290
2280
2262
2239
2292
2265
2231
2235
2296
2328
2381
2350
2272
2361
2318
2217
2354
2267
2264
2236
2300
2285
2322
2216
2244
2244
2282
2318
2281
2230
2392
2234
