2267
2353
2200
2234
2282
2258
2288
2324
2209
2211
2261
2294
2302
2238
2244
2269
2278
2272
2336
2329
2256
2257
2259
2268
2293
2277
2290
2241
2260
2206
2319
2320
2253
2209
2351
2241
2316
2271
2304
2267
2274
2274
2338
2222
2232
2292
2341
2331
2244
2280
2264
2257
2307
2270
2228
2285
2244
2279
2227
2275
2294
2327
2261
2257
2282
2276
2279
2329
2312
2202
2345
2261
2261
2310
2227
2222
2317
2189
2292
2238
2221
2234
2306
2243
2210
2301
2195
2343
2262
2216
2142
2272
2300
2233
2147
2267
2194
2152
2176
2259
2197
2228
2261
2156
2127
2167
2146
2191
2188
2162
2160
2182
2140
2160
2212
2103
2093
2067
2168
2095
2129
2157
2149
2165
2170
2154
2209
2090
2119
2158
2135
2219
2150
2126
2114
2029
2209
2135
2199
2105
2175
2110
2084
2142
2122
2226
2141
2179
2244
2185
2124
2091
2140
2069
2122
2131
2147
2094
2135
2223
2152
2097
2179
2089
2093
2117
2078
2073
2086
2155
2093
2146
2097
2053
2115
2097
2144
2061
2008
2114
2081
2068
2097
2021
2025
2036
2068
2072
2108
2132
2071
2067
2094
2139
2044
2089
2113
2096
2100
2078
2083
2044
2048
2161
2048
2129
2199
2105
2179
2177
2121
2118
2115
2111
2065
2084
2037
2117
2088
2047
2061
2088
2025
1985
2021
1926
2019
1931
1873
1917
1923
1857
1862
1900
1910
1785
1799
1775
1803
1794
1804
1833
1778
1812
1827
1898
1842
1924
1916
1791
1842
1784
1790
1835
1770
1717
1844
1763
1791
1834
1792
1823
1910
1846
1892
1942
1953
1911
1997
2058
2076
2033
2025
2102
2069
2119
2029
2107
2064
2142
2141
2084
2082
2065
2029
2073
2217
2212
2178
2152
2147
2140
2102
2065
2134
2082
2053
2175
2060
2081
2145
2169
2070
2074
2074
2043
2163
2126
2087
2088
2107
2175
2058
2042
2084
2047
2074
2077
2128
2100
2083
2089
2036
2093
2125
2070
2092
2031
2072
2072
2041
2047
2070
2211
2099
2099
2072
2082
2187
2118
2096
2077
2075
2153
2066
2155
2129
2107
2136
2183
2145
2211
2168
2091
2124
2159
2110
2121
2140
2186
2154
2127
2186
2172
2083
2136
2194
2127
2104
2142
2019
2147
2134
2048
2132
2218
2135
2264
2165
2202
2200
2186
2166
2235
2069
2123
2197
2216
2145
2136
2179
2158
2224
2223
2199
2075
2170
2238
2210
2172
2104
2174
2268
2180
2223
2235
2257
2193
2213
2352
2218
2225
2215
2228
2260
2256
2317
2186
2326
2234
2278
2297
2244
2264
2302
2215
2237
2219
2263
2259
2297
2177
2201
2290
2258
2276
2275
2222
2164
2291
2217
2341
2285
2294
2285
2249
2236
2281
2280
2307
2284
2210
2238
2279
2324
2277
2293
2255
2259
2226
2274
2267
2294
2296
2212
2307
2308
2217
2261
2264
2244
2272
2217
2290
2265
2232
2281
2253
2295
2357
2231
2278
2269
2280
2272
2168
2282
2238
2321
2235
2283
2158
2275
2280
2232
2248
2264
2263
2291
2261
2294
2348
2304
2245
2241
2284
2318
2220
2320
2322
2260
2258
2275
2344
2347
2310
2238
2294
2297
2289
2288
2372
2277
2245
2307
2233
2315
2306
2253
2245
2195
2337
2322
2217
2338
2251
2240
2260
2260
2236
2301
2229
2291
2257
2238
2219
2299
2263
2233
2275
2329
2344
2229
2312
2271
2162
2195
2237
2275
2347
2259
2217
2291
2253
2286
2292
2225
2301
2282
2289
2325
2220
2224
2366
2240
2316
2214
2285
2291
2268
2306
2184
2218
2288
2284
2328
2324
2211
2326
2314
2328
2231
2264
2296
2269
2222
2196
2315
2288
2209
2251
2290
2321
2231
2226
2221
2208
2239
2245
2299
2199
2226
2199
2183
2315
2336
2225
2213
2219
2254
2216
2228
2246
2137
2180
2221
2183
2213
2189
2251
2169
2205
2178
2105
2149
2185
2152
2176
2188
2194
2141
2128
2155
2153
2116
2207
2148
2159
2090
2119
2214
2140
2205
2178
2118
2129
2172
2104
2023
2100
2121
2113
2090
2122
2245
2114
2190
2149
2157
2089
2181
2218
2108
2153
2176
2071
2158
2184
2078
2144
2223
2062
2119
2099
2219
2110
2089
2129
2107
2164
2043
1996
2107
2089
2086
2069
2053
1995
2037
2087
2085
2034
2123
2029
1985
2037
2041
2030
2033
2102
2063
2077
2055
2056
2082
2135
2100
2097
2046
2109
2161
2152
2050
2105
2107
2132
2112
2138
2100
2099
2025
2079
2199
2082
2055
2111
2038
2093
2084
2093
2084
2107
2082
2213
2077
2090
2040
2023
1998
2001
2043
1961
2009
1998
2027
1922
1992
1913
1922
1890
1980
1878
1819
1848
1761
1726
1755
1791
1806
1779
1762
1889
1967
1930
1898
1855
1822
1871
1840
1835
1747
1776
1774
1740
1832
1779
1827
1877
1875
1892
1859
1928
1950
1913
1979
1935
2034
1990
1918
2021
2087
1963
1987
2037
2063
2096
2053
2152
2080
2043
2141
2149
2068
2076
2118
2089
2062
2138
2102
2108
2101
2184
2222
2023
2079
2127
2066
2133
2017
2190
1945
2058
2084
2082
2044
2033
2116
2042
2135
2046
2059
2141
2072
2067
2071
2105
2048
2071
2061
2059
2089
2039
2078
2081
2058
2032
2072
2110
2170
2067
2019
2061
2124
2140
2186
2094
2116
2118
2130
2069
2080
2164
2122
2207
2125
2100
2156
2044
2161
2115
2138
2086
2155
2195
2194
2120
2119
2130
2201
2055
2154
2130
2173
2198
2212
2127
2166
2081
2162
2097
2212
2164
2113
2123
2057
2114
2143
2210
2089
2219
2102
2094
2210
2168
2143
2168
2193
2199
2208
2180
2281
2207
2189
2234
2202
2291
2284
2281
2261
2231
2163
2231
2323
2232
2169
2303
2124
2205
2152
2307
2239
2285
2273
2316
2248
2215
2185
2191
2259
2268
2249
2334
2293
2256
2351
2335
2291
2289
2220
2299
2214
2294
2250
2245
2259
2337
2195
2177
2236
2254
2270
2162
2289
2277
2264
2322
2316
2264
2285
2235
2236
2290
2288
2233
2214
2296
2273
2244
2237
2277
2269
2267
2210
2231
2240
2273
2249
2290
2256
2270
2283
2245
2278
2305
2267
2331
2297
2276
2276
2285
2309
2350
2287
2277
2244
2304
2279
2191
2294
2331
2225
2274
2219
