2591
2569
2565
2631
2601
2543
2536
2517
2524
2516
2564
2549
2485
2643
2490
2672
2519
2565
2574
2487
2534
2485
2513
2503
2507
2517
2492
2489
2611
2504
2544
2457
2513
2512
2500
2552
2563
2487
2577
2568
2538
2542
2585
2483
2582
2528
2553
2456
2535
2566
2621
2577
2611
2569
2450
2570
2466
2516
2538
2564
2539
2564
2594
2563
2582
2631
2576
2512
2558
2489
2566
2483
2500
2531
2548
2573
2439
2510
2492
2503
2650
2495
2557
2471
2510
2464
2504
2475
2474
2532
2511
2391
2422
2492
2549
2480
2511
2516
2483
2455
2439
2479
2537
2421
2429
2441
2426
2465
2376
2354
2439
2330
2455
2419
2483
2421
2427
2386
2275
2427
2400
2433
2365
2429
2454
2332
2463
2425
2331
2392
2487
2469
2389
2415
2421
2352
2335
2418
2399
2397
2450
2414
2404
2370
2421
2381
2358
2395
2388
2454
2397
2376
2426
2467
2381
2339
2261
2272
2399
2357
2409
2402
2395
2306
2430
2343
2278
2259
2292
2304
2233
2393
2267
2317
2348
2274
2309
2354
2272
2432
2353
2379
2235
2278
2325
2338
2311
2374
2328
2344
2323
2419
2301
2386
2347
2392
2394
2343
2361
2380
2371
2323
2362
2351
2341
2322
2390
2341
2341
2377
2287
2405
2316
2341
2237
2240
2268
2336
2342
2261
2222
2215
2196
2227
2141
2240
2264
2136
2226
2086
2152
2149
2113
2088
2161
1990
2031
1973
2022
1939
1938
1938
1915
2084
1996
2130
2054
2111
2110
2117
2057
1978
1937
2006
2019
1835
1934
2000
2034
2055
2081
2022
2126
2140
2185
2231
2201
2189
2252
2159
2222
2282
2258
2273
2230
2348
2248
2276
2350
2341
2328
2356
2370
2289
2376
2310
2448
2376
2289
2371
2331
2261
2457
2417
2423
2448
2356
2380
2365
2258
2312
2416
2341
2268
2404
2381
2347
2371
2288
2272
2271
2376
2264
2282
2241
2367
2378
2368
2340
2222
2321
2302
2381
2302
2423
2382
2340
2309
2367
2363
2372
2319
2281
2414
2357
2353
2430
2302
2494
2346
2434
2254
2331
2420
2461
2343
2410
2408
2402
2376
2363
2365
2462
2339
2354
2322
2454
2361
2414
2417
2424
2369
2386
2396
2376
2407
2401
2380
2469
2419
2516
2394
2346
2375
2434
2381
2362
2423
2393
2436
2346
2324
2400
2434
2413
2457
2454
2396
2375
2531
2444
2391
2399
2469
2430
2398
2407
2434
2493
2423
2505
2521
2535
2627
2493
2506
2464
2452
2486
2503
2397
2421
2504
2538
2470
2461
2483
2600
2483
2509
2554
2480
2561
2457
2602
2531
2525
2543
2532
2490
2464
2622
2476
2450
2550
2511
2568
2512
2628
2459
2508
2542
2551
2533
2526
2580
2568
2488
2465
2532
2600
2577
2447
2606
2531
2506
2565
2476
2552
2532
2585
2475
2624
2526
2475
2581
2612
2588
2658
2536
2506
2452
2556
2605
2554
2547
2512
2619
2509
2549
2464
2639
2650
2525
2581
2530
2503
2480
2529
2452
2548
2623
2471
2503
2487
2597
2458
2596
2548
2573
2568
2415
2576
2512
2540
2565
2517
2596
2456
2499
2536
2519
2551
2496
2551
2441
2477
2545
2571
2647
2666
2603
2612
2457
2530
2580
2499
2476
2594
2481
2521
2598
2490
2469
2536
2527
2523
2466
2429
2594
2592
2507
2579
2464
2473
2621
2590
2453
2581
2454
2508
2563
2502
2486
2559
2528
2555
2495
2578
2437
2507
2558
2531
2499
2494
2553
2469
2605
2434
2533
2472
2514
2581
2481
2546
2460
2540
2469
2568
2530
2582
2487
2563
2498
2487
2542
2565
2585
2544
2654
2446
2585
2525
2605
2532
2464
2468
2581
2483
2507
2373
2462
2556
2547
2474
2597
2518
2535
2513
2515
2521
2438
2465
2518
2512
2526
2566
2527
2474
2508
2490
2494
2584
2452
2473
2429
2516
2444
2470
2528
2495
2498
2480
2405
2408
2400
2351
2498
2392
2417
2429
2409
2337
2405
2426
2405
2422
2389
2406
2377
2420
2374
2359
2355
2396
2393
2332
2313
2444
2478
2414
2349
2326
2352
2408
2399
2452
2435
2331
2357
2392
2425
2367
2431
2456
2310
2329
2377
2339
2363
2356
2382
2450
2337
2319
2322
2364
2415
2405
2320
2317
2345
2364
2269
2341
2314
2417
2247
2366
2323
2318
2316
2316
2311
2437
2285
2279
2287
2420
2291
2339
2324
2410
2328
2302
2327
2312
2247
2353
2204
2367
2323
2299
2265
2207
2322
2407
2365
2333
2318
2303
2345
2301
2314
2308
2372
2335
2346
2369
2335
2316
2291
2290
2268
2257
2342
2262
2345
2229
2209
2309
2229
2212
2307
2285
2203
2141
2099
2137
2176
2071
2093
2002
2004
1933
2024
1917
1937
1952
2006
2037
2005
1995
2083
2116
2005
2119
1981
1970
1924
1925
1983
1943
1933
1978
1932
2022
2016
1981
2051
2115
2157
2138
2202
2078
2112
2178
2263
2200
2252
2265
2296
2212
2219
2267
2315
2243
2297
2263
2192
2326
2367
2288
2321
2383
2282
2378
2336
2305
2301
2239
2399
2335
2301
2454
2356
2412
2281
2373
2415
2320
2299
2393
2324
2185
2342
2350
2295
2359
2386
2388
2297
2263
2359
2307
2266
2355
2317
2261
2337
2298
2415
2376
2338
2346
2310
2378
2289
2363
2351
2289
2414
2326
2362
2414
2427
2448
2368
2466
2488
2441
2323
2403
2418
2308
2412
2434
2325
2426
2352
2428
2442
2410
2415
2340
2390
2401
2349
2393
2460
2410
2351
2532
2373
2417
2279
2377
2430
2450
2372
2439
2437
2335
2444
2406
2468
2484
2357
2514
2350
2439
2373
2348
2521
2385
2359
2421
2468
2432
2445
2416
2375
2502
2489
2497
2466
2423
2418
2505
2422
2391
2451
2473
2429
2449
2461
2444
2510
2525
2528
2452
2518
2509
2569
2535
2522
2491
2529
2560
2501
2458
2562
2493
2496
2467
2493
2510
2533
2585
2566
2481
2555
2505
2496
2511
2504
2470
2497
2527
2494
2515
2452
2568
2510
2561
2464
2451
2489
2506
2533
2473
2534
2622
2494
2596
2557
2485
2455
2509
2514
2573
2482
2535
2565
2439
2477
2534
2522
2561
2501
2478
2497
2551
2395
2566
2480
2548
2666
2408
2507
2521
2544
2504
2506
2600
2584
2512
2591
2571
2543
2568
2559
2539
