2239
2253
2212
2266
2228
2248
2273
2307
2379
2219
2177
2265
2191
2315
2222
2255
2268
2167
2339
2278
2186
2257
2195
2263
2246
2235
2238
2259
2239
2232
2235
2190
2278
2276
2222
2223
2201
2306
2169
2224
2202
2230
2325
2219
2236
2204
2194
2212
2241
2350
2224
2239
2244
2299
2194
2287
2190
2236
2239
2116
2241
2157
2193
2268
2243
2278
2201
2321
2235
2263
2268
2183
2223
2243
2243
2276
2223
2217
2182
2249
2171
2266
2199
2238
2232
2224
2216
2239
2260
2214
2169
2155
2202
2188
2235
2220
2310
2301
2144
2188
2161
2181
2158
2284
2100
2162
2164
2221
2212
2229
2154
2242
2115
2160
2167
2056
2183
2111
2139
2105
2112
2113
2191
2199
2115
2108
2209
2056
2102
2140
2137
2110
2141
2219
2088
2063
2097
2139
2118
2085
2197
2126
2188
2188
2085
2152
2074
2072
2151
2082
2116
2128
2087
2071
2096
2149
2047
2081
2102
2213
2118
2071
2133
2071
2018
2000
2040
2117
2041
2018
2108
2087
2036
2039
2004
2059
2108
2049
2001
2107
2038
2124
2092
2146
2020
2122
2040
1991
2071
2012
2120
2074
2060
2061
2150
2046
2103
2064
2082
2068
2052
2054
2136
2076
2032
2045
2034
2051
2041
2094
2093
1993
2106
2112
2011
2019
2053
2034
1963
1986
2067
2013
2084
1990
2042
1956
1889
2012
1940
1876
1815
1819
1773
1880
1819
1765
1721
1699
1782
1703
1752
1743
1822
1787
1755
1784
1822
1751
1701
1831
1848
1794
1704
1638
1675
1694
1707
1656
1742
1795
1765
1716
1859
1861
1859
1941
1847
1945
1981
1892
1975
1921
2002
1990
2058
1994
2074
2038
1968
2111
2139
2094
2106
1991
2055
2056
2056
2091
2025
2105
2106
2077
2113
2107
2058
2016
2040
2040
1997
2055
2096
2126
2016
2003
2022
1995
2125
2010
2038
2088
2140
2049
2088
2027
2059
2073
2078
1961
2052
2041
1910
2062
2059
2103
2042
2147
2105
2161
2091
2118
2073
2102
2048
2080
2146
2105
2107
2148
2146
2117
2052
2164
2146
2115
2154
2038
2131
2064
2167
2200
2113
2124
2175
2199
2063
2123
2139
2115
2179
2069
2125
2137
2162
2081
2101
2157
2203
2083
2103
2109
2119
2147
2150
2155
2038
2155
2126
2158
2101
2088
2160
2192
2199
2185
2062
2131
2185
2255
2117
2168
2230
2113
2162
2227
2123
2134
2203
2230
2115
2157
2118
2212
2206
2174
2178
2187
2266
2191
2213
2214
2171
2230
2169
2200
2304
2287
2173
2233
2234
2216
2217
2237
2278
2238
2202
2291
2221
2269
2227
2214
2304
2258
2254
2213
2242
2114
2200
2268
2350
2341
2243
2292
2176
2248
2221
2230
2222
2187
2250
2278
2264
2265
2189
2225
2233
2264
2244
2095
2274
2227
2213
2202
2227
2212
2145
2217
2171
2323
2268
2243
2221
2239
2260
2343
2225
2271
2162
2239
2318
2307
2281
2217
2244
2244
2168
2228
2213
2241
2230
2251
2187
2268
2220
2213
2238
2282
2202
2196
2261
2153
2338
2281
2228
2160
2188
2203
2264
2291
2253
2294
2251
2216
2203
2160
2232
2333
2169
2236
2255
2217
2269
2148
2217
2230
2258
2218
2240
2317
2209
2300
2220
2223
2125
2187
2184
2246
2255
2205
2212
2256
2272
2265
2278
2227
2262
2210
2210
2228
2183
2253
2252
2217
2296
2315
2249
2198
2239
2239
2309
2252
2212
2226
2240
2226
2264
2237
2177
2144
2209
2289
2256
2266
2302
2152
2200
2257
2146
2217
2170
2096
2228
2207
2244
2260
2241
2248
2238
2243
2217
2200
2131
2242
2247
2237
2246
2138
2275
2226
2262
2169
2220
2296
2238
2250
2260
2252
2160
2245
2282
2257
2203
2134
2283
2208
2210
2175
2167
2134
2152
2234
2225
2241
2223
2085
2162
2099
2153
2113
2122
2142
2252
2230
2132
2185
2165
2121
2155
2156
2134
2122
2155
2006
2187
2164
2187
2156
2188
2158
2042
2136
2136
2112
2069
2135
1978
2074
2107
2115
2080
2101
2044
2099
2142
2208
2086
2183
2039
2066
2145
2166
2112
2105
2124
2113
2128
2103
2151
2186
2125
2106
2149
2056
2109
2070
2114
2042
2049
2143
2091
2138
2056
2097
2157
2099
1997
2094
2136
2156
2040
2093
2140
1970
1985
2005
2060
2173
2084
2070
2038
1993
2093
2144
2026
2021
2061
2060
2033
2084
1952
2017
2107
2105
2036
2090
2118
2093
2122
2081
2084
2040
2062
1994
2031
2020
2115
2026
2084
2128
2109
2043
2066
2064
2078
1983
2037
1991
2049
2090
1980
1972
1969
1891
1921
2022
1865
1874
1863
1928
1831
1796
1806
1833
1794
1722
1746
1757
1684
1682
1729
1703
1788
1830
1829
1806
1806
1826
1812
1764
1775
1749
1775
1747
1795
1677
1715
1784
1736
1872
1735
1815
1870
1896
1952
1931
1984
1970
1975
1948
1919
1980
1979
1989
2019
2073
2092
1994
2036
2094
2013
2013
2073
2037
2049
2078
2036
2015
2119
2009
2127
2011
2046
1986
2074
2076
2076
2029
2055
1972
2051
2063
2014
2079
2032
2054
2026
2066
2077
2120
1995
2022
2033
2043
2081
2102
2077
2050
2019
2065
2065
2062
2042
2062
2049
2111
2035
2035
2037
2073
2049
2118
2152
2092
2161
2054
2040
2147
2138
2047
2027
2088
2183
2096
2129
2115
2088
2156
2154
2094
2144
2038
2078
2140
2162
2149
2166
2075
2107
2119
2168
2078
2105
2132
2084
2068
2045
2151
2111
2174
2169
2179
2142
2150
2094
2107
2158
2073
2093
2111
2158
2107
2120
2126
2202
2187
2176
2169
2149
2184
2179
2235
2165
2130
2078
2194
2153
2235
2209
2220
2185
2202
2198
2175
2218
2254
2169
2178
2277
2236
2251
2212
2186
2116
2173
2224
2157
2228
2194
2173
2192
2343
2198
2234
2279
2267
2242
2212
2219
2240
2305
2191
2188
2247
2286
2241
2214
2220
2200
2165
2230
2240
2250
2212
2261
2275
2175
2149
2223
2156
2247
2170
2272
2256
2261
2302
2201
2216
2142
2258
2216
2195
2303
2257
2249
2122
2275
2284
2243
2292
2198
2296
2304
2244
2129
2177
2360
2288
2299
2249
2144
2260
2210
2260
2259
2153
2266
2175
2204
2211
2320
2264
2262
2294
2291
