2276
2294
2305
2250
2258
2204
2217
2215
2163
2225
2234
2270
2130
2208
2227
2292
2284
2226
2296
2160
2125
2243
2181
2207
2101
2254
2173
2204
2256
2268
2264
2251
2192
2232
2302
2234
2298
2229
2242
2215
2300
2175
2215
2222
2292
2169
2218
2209
2228
2221
2202
2212
2099
2221
2265
2224
2244
2179
2197
2205
2272
2238
2312
2241
2238
2236
2153
2316
2177
2226
2208
2255
2233
2248
2236
2213
2174
2293
2154
2235
2266
2217
2278
2139
2216
2175
2194
2219
2203
2214
2292
2220
2090
2203
2174
2208
2210
2258
2127
2227
2231
2165
2226
2249
2156
2130
2173
2206
2158
2111
2218
2177
2159
2172
2171
2194
2211
2113
2085
2117
2185
2214
2176
2188
2161
2118
2159
2121
2125
2216
2146
2076
2174
2094
2169
2110
2087
2131
2156
2179
2110
2124
2101
2089
2111
2210
2128
2089
2084
2113
2124
2118
2051
2099
2126
2142
2130
2177
2153
2119
2128
2107
2091
2095
2108
2066
2064
2042
2051
2075
2065
2020
2013
2021
2084
2077
2076
2056
2084
1999
2119
1983
2134
2096
2214
2048
2017
2053
2093
2067
2048
2009
2044
2056
2013
2048
2067
2094
2079
2020
2046
1979
2041
2008
2048
2044
1985
2141
2133
2079
2053
2022
1991
2083
2059
2042
2004
2087
2050
2046
1977
2040
2070
2054
1928
1975
1989
1918
1843
1892
1842
1829
1914
1809
1853
1736
1746
1692
1642
1700
1730
1733
1699
1750
1670
1771
1822
1840
1817
1755
1816
1828
1769
1705
1702
1648
1726
1691
1703
1678
1807
1792
1779
1826
1877
1901
1958
1824
1870
1936
1973
2009
1971
1961
1957
1935
1988
2040
2072
2032
2040
2009
2100
2070
2064
2040
2068
1997
2094
2032
2073
2016
2038
2033
2100
2024
2062
2065
2048
2091
2066
2090
1957
2011
2024
2019
2049
2084
2071
2035
2085
2048
2017
2134
2031
2056
2125
2124
2063
2052
2043
2053
2049
2034
2043
2137
2072
2114
2080
2135
2104
2001
2162
2058
2049
2134
2094
2123
2112
2123
2076
2107
2038
2116
2162
2156
2100
2134
2200
2112
2125
2226
2152
2093
2145
2098
2046
2145
2104
2206
2222
2105
2172
2171
2110
2159
2177
2158
2127
2256
2093
2253
2115
2166
2144
2116
2102
2144
2177
2211
2240
2187
2121
2165
2130
2187
2119
2170
2232
2168
2141
2121
2187
2122
2254
2204
2203
2239
2157
2230
2198
2216
2247
2211
2147
2237
2175
2176
2227
2271
2227
2264
2246
2229
2233
2148
2265
2265
2216
2310
2227
2174
2198
2188
2251
2254
2224
2153
2272
2262
2183
2159
2303
2218
2265
2291
2139
2200
2194
2242
2258
2286
2297
2238
2213
2223
2207
2294
2217
2245
2195
2178
2212
2208
2246
2260
2225
2271
2202
2242
2226
2263
2282
2231
2231
2363
2255
2252
2177
2267
2264
2177
2256
2238
2163
2186
2163
2246
2232
2219
2173
2224
2225
2310
2224
2214
2253
2209
2303
2205
2199
2298
2218
2256
2214
2213
2179
2279
2222
2228
2148
2210
2220
2263
2203
2270
2251
2185
2233
2246
2310
2230
2168
2230
2227
2256
2259
2184
2121
2267
2244
2238
2195
2304
2212
2230
2239
2250
2287
2302
2237
2261
2265
2225
2229
2254
2195
2302
2300
2258
2279
2273
2220
2130
2308
2240
2235
2224
2273
2234
2174
2135
2245
2272
2207
2326
2271
2281
2259
2179
2199
2232
2251
2233
2256
2173
2252
2240
2170
2261
2238
2191
2218
2253
2173
2258
2274
2146
2291
2261
2218
2236
2294
2208
2163
2305
2195
2148
2170
2232
2234
2133
2215
2167
2240
2233
2295
2263
2259
2259
2226
2139
2179
2181
2177
2205
2281
2259
2226
2256
2186
2308
2281
2210
2257
2226
2214
2149
2128
2242
2246
2119
2257
2161
2173
2223
2223
2150
2145
2193
2281
2168
2199
2193
2097
2242
2169
2164
2098
2165
2214
2234
2097
2104
2195
2111
2192
2152
2175
2176
2170
2116
2142
2111
2105
2192
2086
2081
2158
2164
2092
2128
2084
2080
2080
2186
2102
2188
2108
2060
2117
2087
2145
2156
2085
2088
2098
2129
2057
2052
2098
2188
2069
2120
2052
2143
2007
2112
2002
2000
2047
2106
2083
1994
2074
2049
2138
2105
2061
2133
2072
2038
2015
2134
1992
2007
2127
1990
2057
2041
2135
2049
2048
2120
2048
2079
1996
2016
2056
2099
2009
1999
2088
2131
2008
1967
2101
2049
1987
2080
1966
2020
2087
1991
2089
2061
1981
2070
1995
2005
2084
2078
1996
2031
2023
2008
2044
1965
1964
1965
2013
1945
1944
1909
1928
1958
1990
1825
1819
1848
1884
1644
1798
1745
1753
1657
1712
1667
1698
1703
1683
1707
1848
1827
1806
1816
1778
1796
1733
1705
1728
1785
1690
1699
1676
1697
1698
1749
1800
1830
1878
1822
1861
1884
1984
1970
1883
1994
1966
1906
2014
1942
2042
1994
2102
1998
2033
2087
2027
2003
2047
2087
2047
2056
2019
2104
2013
2061
2040
2047
2074
2010
1992
2095
2128
2120
1979
2113
2069
2026
2043
2012
2073
2023
2085
2017
2056
2085
1961
2088
2016
2033
2056
2005
2118
2110
2106
2077
1996
2056
1994
2064
2084
2075
2077
2060
1986
2062
1998
2051
2122
2078
2144
2071
2107
2070
2142
2068
2093
2125
2065
2127
2202
2080
2082
2055
2156
2108
2169
2146
2090
2074
2153
2127
2129
2160
2140
2179
2099
2087
2090
2241
2104
2177
2169
2166
2172
2182
2112
2108
2102
2203
2232
2085
2209
2121
2186
2119
2200
2236
2165
2143
2147
2207
2140
2244
2147
2211
2215
2129
2163
2172
2145
2134
2146
2289
2230
2239
2107
2203
2201
2213
2287
2293
2202
2225
2262
2187
2203
2204
2235
2218
2223
2182
2219
2127
2177
2264
2222
2160
2190
2204
2249
2192
2292
2218
2215
2251
2232
2286
2293
2203
2278
2251
2219
2203
2188
2237
2245
2191
2179
2242
2277
2184
2202
2293
2208
2168
2251
2270
2259
2220
2236
2225
2317
2195
2177
2221
2259
2231
2196
2218
2242
2265
2248
2295
2295
2173
2266
2297
2206
2186
2343
2271
2281
2205
2272
2192
2208
2211
2204
2231
2229
2309
2191
2157
2165
2151
2133
2210
2231
2205
2311
