2233
2265
2265
2238
2166
2198
2205
2257
2206
2239
2259
2202
2184
2256
2267
2302
2241
2234
2253
2242
2255
2254
2234
2179
2220
2260
2226
2237
2254
2176
2250
2397
2150
2230
2257
2293
2236
2287
2290
2254
2231
2212
2261
2279
2237
2282
2242
2231
2349
2180
2277
2206
2272
2265
2252
2209
2339
2281
2220
2239
2282
2274
2220
2269
2223
2221
2286
2269
2203
2313
2258
2133
2282
2225
2225
2246
2317
2253
2315
2184
2200
2227
2356
2122
2330
2304
2204
2215
2191
2171
2234
2221
2216
2211
2211
2224
2254
2143
2280
2201
2153
2212
2207
2204
2235
2232
2158
2224
2171
2232
2096
2164
2193
2109
2165
2245
2169
2251
2156
2123
2197
2185
2179
2191
2187
2158
2157
2056
2172
2148
2222
2230
2125
2194
2175
2249
2150
2176
2157
2128
2151
2173
2066
2159
2093
2118
2140
2165
2193
2132
2105
2121
2113
2142
2154
2086
2166
2251
2149
2067
2193
2196
2099
2071
2107
2098
2137
2110
2094
2110
2026
2048
2059
2018
1963
2046
2140
2135
2063
2099
2106
2088
2078
2102
2079
1958
2082
2049
2104
2092
2056
2090
2084
2124
1986
2112
2139
2084
2075
2096
2017
2095
1949
2072
1899
2080
2011
2121
2096
2153
2000
2117
2035
2006
2081
2002
2013
2034
1974
2013
2061
1991
1971
1984
2050
1974
1961
1933
1861
1876
1849
1886
1791
1794
1770
1744
1696
1682
1706
1644
1672
1696
1694
1761
1785
1821
1769
1709
1827
1722
1759
1786
1690
1642
1714
1650
1679
1684
1756
1657
1787
1813
1854
1875
1884
1841
1909
1952
1925
1908
1893
1951
2056
2033
1984
2065
2125
2009
2026
2034
2043
2022
2054
2110
1979
2138
2079
2084
2089
2046
2083
2119
2010
2088
2023
2098
2036
2043
1975
2037
2077
2071
2065
2062
1979
2138
1996
2047
2089
2092
2043
2044
2037
1981
2076
2062
2047
2031
2114
2144
2135
2137
2121
2085
2080
2092
2066
2051
2062
2131
2035
2101
2169
2054
2108
2123
2095
2152
2126
2128
2154
2187
2064
2108
2197
2069
2119
2162
2069
2084
2108
2145
2123
2075
2135
2223
2168
2115
2217
2207
2180
2148
2142
2140
2112
2136
2162
2086
2191
2254
2193
2147
2289
2159
2213
2185
2209
2108
2222
2186
2211
2255
2200
2206
2102
2177
2204
2123
2222
2285
2128
2194
2213
2130
2118
2185
2275
2218
2207
2189
2251
2220
2245
2241
2261
2158
2178
2261
2229
2199
2245
2204
2269
2207
2283
2220
2198
2267
2256
2234
2289
2291
2245
2272
2205
2241
2241
2192
2206
2213
2278
2273
2251
2225
2111
2210
2248
2290
2200
2214
2239
2188
2312
2261
2156
2267
2301
2224
2179
2245
2336
2361
2297
2257
2186
2210
2256
2228
2171
2122
2258
2184
2265
2271
2291
2251
2183
2231
2167
2250
2239
2264
2208
2301
2257
2362
2307
2284
2193
2256
2228
2311
2288
2191
2261
2200
2354
2265
2202
2248
2258
2274
2295
2236
2324
2259
2196
2243
2272
2196
2259
2181
2274
2304
2293
2285
2283
2216
2290
2239
2245
2206
2210
2208
2189
2307
2257
2357
2260
2207
2230
2331
2222
2224
2221
2169
2223
2213
2272
2178
2267
2240
2290
2215
2233
2252
2233
2190
2279
2263
2332
2234
2226
2207
2254
2207
2207
2248
2303
2281
2197
2259
2235
2280
2254
2169
2226
2234
2297
2228
2276
2258
2200
2343
2216
2182
2240
2263
2181
2243
2259
2245
2185
2257
2254
2312
2222
2300
2186
2220
2263
2203
2332
2297
2285
2294
2351
2297
2283
2242
2272
2167
2214
2276
2236
2249
2254
2203
2209
2277
2332
2252
2269
2145
2236
2215
2276
2245
2252
2171
2232
2263
2247
2247
2170
2176
2247
2264
2235
2233
2207
2150
2254
2209
2261
2221
2179
2190
2177
2206
2176
2124
2161
2244
2241
2143
2183
2183
2145
2155
2096
2187
2238
2082
2205
2169
2188
2223
2187
2104
2118
2205
2108
2198
2160
2145
2158
2218
2101
2081
2125
2121
2187
2090
2179
2113
2094
2115
2190
2101
2207
2185
2144
2082
2142
2119
2148
2129
2135
2154
2068
2127
2006
2171
2204
2130
2121
2094
2140
2111
2131
2077
2024
2095
2100
2145
2116
2091
2054
2081
2100
2105
2043
2038
2037
2003
2054
2065
2069
2039
2102
2094
2052
2117
2085
2051
2035
2048
2023
1997
2034
1996
2108
2038
2128
2075
2045
1974
2002
2045
2088
1991
2011
1984
2007
2074
1999
2072
2099
2096
2112
2056
2036
2017
2152
2111
2077
2059
1923
2001
2047
2005
1982
1947
1890
1939
1891
1836
1781
1821
1836
1729
1780
1666
1774
1662
1651
1663
1695
1670
1721
1783
1788
1816
1795
1780
1742
1813
1828
1756
1729
1621
1685
1668
1687
1636
1679
1720
1750
1851
1870
1901
1907
1897
2015
1917
1953
2000
1915
1923
1993
1986
2018
1992
2001
1993
1966
2047
1985
2059
2055
2062
2089
2085
2034
2015
1997
2010
2074
2094
2079
2057
2058
2057
2073
2062
2083
2041
2088
2041
2077
2030
2023
2110
2043
2095
2066
2166
2042
2031
2091
2039
2030
2075
2078
2043
2123
2057
2051
2089
2061
2054
2065
2086
2095
2114
2162
2011
2030
2124
2067
2115
2101
2033
2108
2155
2099
2011
2136
2105
2171
2124
2130
2165
2114
2173
2047
2127
2118
2174
2083
2069
2136
2205
2127
2100
2108
2165
2145
2212
2024
2105
2152
2229
2171
2120
2192
2250
2203
2086
2254
2134
2171
2201
2120
2163
2186
2103
2104
2202
2186
2186
2154
2160
2236
2083
2172
2116
2194
2215
2169
2155
2200
2273
2188
2246
2244
2306
2208
2211
2218
2220
2243
2234
2290
2236
2217
2250
2263
2219
2303
2198
2184
2210
2216
2296
2177
2158
2243
2257
2212
2169
2246
2279
2272
2240
2262
2199
2238
2285
2211
2153
2290
2271
2235
2238
2232
2226
2276
2236
2287
2263
2315
2263
2265
2209
2218
2192
2292
2184
2293
2226
2209
2288
2244
2231
2237
2348
2322
2382
2272
2247
2159
2176
2238
2247
2317
2151
2269
2287
2301
2202
2237
2245
2211
2230
2278
2203
2178
2170
2238
2356
2277
2235
2324
2300
2248
2208
2205
2214
2187
2310
2220
