2211
2204
2246
2216
2180
2188
2199
2304
2225
2155
2213
2307
2201
2226
2207
2241
2097
2276
2281
2278
2199
2289
2217
2218
2219
2185
2229
2308
2255
2251
2269
2220
2211
2265
2256
2296
2146
2227
2271
2265
2161
2223
2202
2188
2216
2283
2337
2361
2306
2195
2310
2215
2269
2290
2237
2222
2193
2282
2169
2233
2202
2210
2176
2160
2289
2258
2214
2160
2211
2231
2279
2188
2232
2166
2254
2182
2318
2187
2184
2248
2242
2246
2211
2171
2145
2250
2181
2296
2228
2192
2204
2275
2248
2235
2307
2222
2209
2157
2105
2158
2175
2164
2151
2157
2201
2231
2276
2208
2304
2198
2159
2121
2177
2215
2229
2172
2162
2192
2184
2150
2143
2131
2205
2210
2113
2170
2163
2137
2159
2149
2188
2206
2160
2146
2161
2169
2186
2156
2147
2102
2130
2178
2173
2127
2084
2079
2141
2127
2160
2037
2166
2059
2150
2074
2229
2136
2107
2083
2063
2089
2086
2118
2012
2063
2107
2053
2025
2046
2135
2127
2074
2061
2088
2130
2033
2130
2125
2117
2102
2129
1976
2106
2082
2017
2087
2062
2010
2116
2055
1937
2045
1986
2020
2107
2005
2029
2001
2079
2027
2041
2094
1979
2100
2064
1979
2105
2019
2032
2049
2104
2074
1960
2121
2041
2024
2076
2008
1967
1999
1930
1921
2006
1921
1948
1970
1894
1944
1956
1870
1827
1934
1829
1770
1802
1837
1677
1583
1711
1677
1624
1667
1666
1736
1741
1700
1721
1861
1767
1818
1714
1707
1687
1722
1688
1666
1693
1695
1630
1639
1695
1745
1725
1730
1847
1915
1958
1811
1976
1923
1896
1931
1970
2010
2022
2029
1945
1890
1969
2016
2067
1958
1902
2068
2045
2086
2075
2099
2059
2014
2061
2096
2125
2053
2061
1979
2081
2048
2086
1992
2151
2100
2005
2040
2046
2106
2048
1955
2012
2008
2121
2044
1948
2038
2080
2089
2086
2049
2086
2068
2108
2152
1990
1997
2065
2076
1996
2107
2104
2026
2111
2077
2110
2060
2157
2045
2071
2085
2107
2132
2185
2089
2153
2124
2217
2134
2091
2103
2137
2053
2138
2107
2129
2197
2153
2045
2176
2192
2170
2188
2101
2115
2058
2187
2141
2155
2104
2144
2152
2112
2145
2203
2144
2240
2132
2172
2253
2242
2190
2152
2183
2192
2203
2075
2231
2132
2164
2140
2245
2280
2172
2168
2197
2220
2188
2308
2099
2144
2213
2170
2095
2127
2190
2199
2250
2213
2173
2239
2197
2203
2145
2208
2215
2195
2243
2235
2170
2231
2228
2177
2198
2217
2211
2274
2158
2195
2235
2227
2255
2249
2152
2265
2268
2339
2189
2209
2165
2285
2288
2229
2214
2227
2324
2323
2215
2281
2179
2292
2234
2294
2189
2247
2245
2235
2218
2277
2156
2232
2179
2261
2227
2154
2258
2268
2260
2203
2225
2173
2191
2204
2284
2277
2241
2232
2213
2267
2216
2238
2271
2190
2249
2246
2232
2210
2232
2241
2164
2264
2338
2309
2215
2192
2286
2154
2144
2256
2281
2191
2277
2213
2221
2318
2206
2146
2281
2267
2189
2129
2261
2185
2203
2175
2193
2261
2282
2216
2226
2169
2205
2176
2275
2248
2303
2347
2184
2301
2263
2264
2269
2197
2250
2208
2202
2298
2254
2197
2265
2240
2223
2205
2252
2217
2249
2156
2252
2254
2240
2308
2179
2229
2288
2248
2256
2129
2235
2251
2211
2215
2165
2212
2119
2216
2196
2211
2238
2251
2285
2158
2190
2187
2221
2210
2239
2230
2113
2215
2275
2224
2216
2278
2249
2261
2211
2304
2187
2181
2260
2275
2246
2277
2283
2218
2230
2264
2263
2199
2278
2197
2241
2301
2208
2181
2198
2167
2265
2218
2216
2269
2184
2196
2207
2180
2174
2206
2153
2177
2093
2249
2303
2271
2129
2174
2138
2266
2176
2166
2149
2239
2163
2266
2204
2133
2195
2248
2259
2106
2229
2202
2136
2149
2131
2173
2173
2098
2154
2113
2093
2206
2166
2188
2131
2152
2134
2163
2117
2215
2137
2115
2184
2121
2139
2136
2113
2147
2179
2112
2139
2182
2141
2119
2172
2049
2142
2111
2089
2162
2156
2159
2180
2162
2178
2187
2042
2147
2129
2204
2150
2038
2127
2024
2065
2163
2028
2060
2120
2126
2117
2103
2108
2025
2086
2051
2094
2086
2124
2050
2125
2056
2149
2050
2046
2061
2028
2068
1990
2095
2070
2042
2034
2055
2062
2032
2061
2093
2078
2024
2056
2004
2107
2028
2104
2075
2104
2046
2081
2018
2080
2049
2048
2050
2049
1932
1987
2044
2021
1986
1942
1998
2024
1958
1955
2003
2010
1859
1878
1827
1920
1870
1842
1802
1725
1809
1746
1759
1716
1595
1586
1614
1663
1724
1617
1730
1732
1833
1770
1764
1756
1737
1790
1624
1676
1654
1641
1622
1648
1691
1664
1676
1760
1774
1774
1771
1818
1805
1804
1908
1861
1917
1925
1928
1911
2021
2018
1944
1966
1998
1927
1941
2056
2065
2098
2049
2016
2056
2055
2050
2009
2015
2035
2056
2091
2055
1957
2007
2011
2036
2057
2113
2033
2077
2025
2087
2143
2028
1973
2071
2039
2011
2013
2096
2076
2030
2117
2100
2039
1994
2154
2030
2060
2126
2029
2035
2108
2095
2175
2120
2146
2087
2083
2087
2075
2031
2157
2210
2102
2060
2077
2083
2127
2138
2112
2029
2066
2130
2124
2143
2118
2099
2114
2042
2211
2139
2156
2139
2191
2163
2169
2156
2129
2085
2181
2092
2026
2113
2030
2134
2256
2190
2165
2126
2240
2166
2171
2247
2198
2132
2107
2149
2230
2172
2183
2210
2259
2291
2232
2168
2192
2129
2164
2261
2241
2201
2122
2197
2212
2243
2220
2258
2203
2268
2168
2253
2152
2261
2214
2267
2282
2157
2225
2186
2204
2211
2175
2230
2263
2260
2220
2205
2192
2238
2197
2157
2246
2249
2215
2296
2216
2270
2244
2221
2212
2291
2310
2203
2210
2255
2230
2271
2219
2335
2236
2252
2205
2236
2220
2268
2217
2161
2200
2211
2285
2156
2144
2249
2281
2203
2237
2224
2261
2250
2139
2171
2233
2229
2260
2271
2179
2234
2172
2209
2229
2230
2180
2215
2205
2215
2206
2252
2274
2276
2184
2304
2301
2186
2228
2241
2177
2308
2129
2255
2233
2310
2305
2262
