2516
2475
2577
2537
2477
2447
2387
2474
2522
2523
2416
2413
2495
2469
2541
2497
2517
2444
2479
2412
2496
2489
2633
2479
2583
2450
2473
2456
2513
2485
2655
2537
2508
2547
2490
2504
2427
2555
2454
2540
2511
2539
2553
2536
2479
2515
2473
2540
2558
2544
2535
2542
2433
2465
2492
2449
2536
2545
2487
2465
2513
2416
2631
2405
2558
2528
2461
2447
2431
2552
2457
2440
2553
2428
2436
2538
2555
2499
2509
2519
2495
2472
2468
2429
2415
2481
2499
2444
2467
2592
2483
2487
2415
2486
2471
2418
2420
2457
2482
2541
2442
2342
2422
2490
2511
2390
2486
2401
2486
2431
2445
2411
2490
2460
2393
2483
2490
2489
2389
2455
2459
2563
2395
2350
2423
2413
2418
2403
2426
2433
2395
2284
2422
2416
2427
2430
2395
2407
2432
2495
2352
2404
2392
2380
2391
2376
2399
2409
2390
2433
2419
2382
2341
2422
2334
2323
2367
2401
2366
2353
2304
2331
2363
2296
2374
2267
2350
2354
2363
2360
2299
2396
2246
2296
2350
2369
2437
2324
2343
2353
2267
2236
2345
2303
2318
2284
2324
2380
2308
2314
2281
2294
2255
2342
2303
2186
2270
2246
2275
2336
2213
2305
2286
2235
2341
2365
2235
2226
2266
2323
2336
2221
2276
2290
2331
2295
2192
2289
2261
2249
2192
2197
2248
2114
2173
2101
2160
2094
2151
2086
2027
1982
2001
2034
1935
1975
1863
1884
1814
1854
1786
1814
1899
1820
1863
1964
2008
1974
2001
1975
1875
1922
1868
1761
1759
1767
1830
1841
1876
1881
1945
2111
1985
1958
2073
2077
2094
2140
2178
2172
2211
2237
2170
2169
2277
2173
2215
2278
2192
2284
2272
2310
2203
2364
2248
2208
2305
2279
2285
2260
2308
2288
2277
2281
2241
2236
2326
2268
2306
2335
2248
2244
2279
2334
2320
2345
2296
2353
2338
2203
2345
2301
2300
2255
2370
2391
2305
2335
2385
2331
2380
2318
2349
2332
2277
2432
2352
2295
2421
2428
2319
2386
2387
2255
2406
2420
2358
2373
2342
2379
2371
2352
2426
2293
2358
2434
2431
2366
2367
2415
2473
2361
2389
2408
2470
2406
2419
2378
2373
2449
2459
2374
2549
2351
2384
2536
2406
2411
2439
2431
2470
2455
2367
2337
2445
2390
2379
2404
2479
2459
2431
2439
2373
2487
2374
2508
2485
2405
2425
2410
2384
2507
2413
2479
2432
2463
2405
2564
2529
2521
2549
2411
2505
2479
2459
2552
2487
2416
2505
2460
2509
2416
2430
2578
2457
2509
2526
2494
2515
2519
2546
2526
2478
2500
2501
2428
2505
2532
2437
2575
2520
2516
2474
2445
2558
2509
2427
2518
2490
2384
2510
2471
2449
2515
2507
2598
2566
2514
2452
2640
2503
2478
2520
2437
2566
2494
2464
2515
2506
2488
2613
2483
2437
2560
2496
2514
2477
2510
2554
2508
2501
2540
2565
2505
2501
2564
2502
2518
2493
2533
2516
2512
2407
2471
2502
2491
2488
2479
2518
2500
2419
2561
2472
2443
2574
2433
2582
2480
2494
2489
2481
2494
2415
2544
2598
2484
2518
2503
2456
2393
2458
2524
2547
2505
2419
2505
2481
2490
2522
2511
2428
2561
2480
2526
2464
2460
2540
2538
2503
2589
2463
2558
2452
2544
2560
2520
2484
2495
2490
2587
2477
2408
2529
2437
2418
2462
2528
2443
2468
2557
2449
2604
2483
2497
2535
2418
2411
2483
2493
2405
2498
2623
2468
2478
2536
2424
2476
2474
2481
2541
2439
2446
2514
2557
2482
2483
2473
2507
2441
2405
2581
2423
2472
2504
2428
2488
2463
2453
2450
2533
2497
2499
2480
2502
2442
2416
2533
2476
2452
2438
2405
2479
2419
2453
2490
2515
2577
2524
2442
2540
2407
2549
2503
2505
2524
2522
2503
2550
2480
2502
2518
2536
2465
2479
2414
2422
2435
2529
2314
2434
2567
2404
2487
2415
2421
2481
2371
2429
2429
2411
2468
2440
2447
2426
2435
2490
2467
2343
2355
2475
2408
2520
2359
2453
2554
2330
2380
2449
2360
2405
2353
2445
2328
2390
2402
2375
2272
2352
2459
2361
2373
2419
2308
2348
2469
2352
2386
2368
2380
2442
2434
2419
2355
2361
2370
2415
2400
2283
2361
2392
2330
2369
2395
2357
2405
2407
2425
2294
2402
2440
2258
2325
2345
2275
2272
2333
2328
2292
2309
2260
2336
2293
2307
2257
2305
2225
2269
2333
2245
2316
2291
2238
2311
2253
2269
2228
2289
2377
2221
2332
2258
2262
2297
2231
2312
2235
2380
2215
2260
2281
2252
2271
2183
2255
2207
2262
2219
2242
2237
2223
2197
2150
2175
2210
2168
2074
2073
2124
2039
2072
1924
1976
1787
1883
1799
1833
1790
1802
1889
1878
1804
1875
1949
1984
1987
2022
2019
1853
1954
1900
1845
1830
1749
1773
1869
1894
1946
1923
1911
1980
2063
1986
2024
2068
2093
2116
2128
2121
2082
2160
2173
2220
2224
2164
2195
2187
2266
2219
2222
2319
2269
2330
2231
2254
2326
2314
2287
2270
2326
2315
2318
2315
2246
2358
2297
2278
2306
2280
2352
2330
2265
2353
2262
2311
2318
2215
2281
2369
2320
2265
2294
2340
2345
2353
2383
2291
2259
2312
2333
2261
2320
2300
2366
2343
2375
2345
2385
2266
2354
2321
2419
2295
2332
2363
2364
2353
2378
2422
2372
2422
2384
2346
2364
2383
2416
2390
2326
2451
2409
2468
2298
2385
2394
2377
2482
2418
2441
2398
2452
2405
2458
2462
2546
2382
2423
2383
2431
2484
2452
2478
2406
2416
2434
2427
2470
2403
2420
2426
2451
2380
2508
2416
2452
2443
2486
2544
2463
2509
2377
2459
2500
2442
2543
2560
2278
2450
2505
2414
2483
2436
2475
2481
2517
2506
2456
2509
2473
2461
2486
2451
2506
2443
2525
2536
2406
2528
2536
2492
2486
2441
2451
2410
2447
2547
2524
2453
2489
2451
2463
2470
2536
2475
2535
2436
2457
2473
2506
2456
2442
2429
2569
2463
2338
2424
2479
2478
2515
2538
2474
2573
2505
2509
2532
2490
2568
2482
2550
2553
2479
2491
2466
2548
2488
2458
2554
2671
2479
2542
2532
2468
2458
2467
2460
2556
2439
2492
2553
2466
2428
2525
2437
2492
2377
2583
2516
2570
2461
2451
2554
2528
2483
2465
2523
