2215
2194
2209
2180
2277
2211
2185
2233
2227
2203
2200
2276
2205
2160
2198
2150
2239
2243
2179
2255
2221
2168
2225
2243
2197
2161
2190
2212
2155
2139
2243
2189
2231
2212
2185
2225
2340
2250
2237
2294
2324
2214
2172
2239
2245
2211
2245
2256
2157
2150
2205
2252
2286
2203
2277
2262
2223
2206
2193
2201
2195
2193
2236
2261
2270
2200
2221
2199
2235
2256
2253
2224
2212
2242
2276
2175
2226
2220
2228
2190
2289
2265
2281
2261
2201
2271
2252
2214
2187
2221
2277
2234
2192
2201
2166
2208
2188
2143
2157
2247
2243
2238
2321
2165
2210
2243
2240
2184
2180
2133
2147
2172
2268
2213
2233
2168
2171
2122
2172
2162
2124
2092
2133
2210
2174
2221
2115
2205
2131
2169
2233
2140
2149
2196
2198
2211
2156
2225
2118
2162
2126
2133
2195
2142
2128
2168
2130
2100
2138
2107
2133
2209
2099
2165
2060
2158
2168
2151
2147
2122
2101
2147
2114
2181
2096
2133
2125
2073
2044
2083
2146
2050
2211
2176
2086
2145
2002
2094
2080
2055
2005
2061
2074
2140
2081
2133
2116
2055
2084
2059
2017
2093
2032
2038
2048
1998
2100
2043
2144
2005
2046
2083
2035
2016
2048
2044
2008
2037
2077
1998
1912
2069
1965
2014
2027
2029
2052
2070
1904
1926
2039
2003
2021
1965
1934
1895
1890
1996
1883
1815
1766
1798
1774
1735
1627
1665
1659
1622
1605
1577
1554
1634
1583
1621
1669
1769
1716
1722
1747
1689
1703
1727
1679
1657
1631
1563
1504
1660
1660
1650
1727
1692
1795
1848
1763
1826
1813
1885
1885
1934
1908
1935
1958
1969
2010
2022
1979
1980
1968
2002
2006
1986
2017
1974
1971
2024
2038
2051
2026
1975
2029
2069
2084
2069
2143
2054
1948
2034
2092
2096
2043
1939
2039
2063
2066
2062
2072
2057
2063
2062
2000
2070
2128
2093
2059
2118
2111
2123
2105
2176
2122
2079
2109
2113
2077
2187
2059
2117
2128
2069
2054
2125
2073
2177
2123
2135
2110
2088
2197
2177
2141
2101
2147
2142
2166
2213
2073
2189
2146
2144
2145
2189
2168
2104
2164
2109
2190
2110
2230
2214
2153
2160
2261
2224
2198
2150
2188
2242
2135
2139
2167
2204
2213
2175
2146
2195
2161
2174
2229
2178
2152
2133
2201
2231
2158
2124
2204
2168
2239
2180
2143
2225
2141
2210
2209
2135
2079
2222
2233
2219
2270
2266
2140
2168
2206
2243
2182
2167
2235
2250
2209
2258
2269
2166
2253
2257
2235
2302
2263
2207
2210
2228
2182
2253
2219
2304
2223
2198
2114
2208
2230
2275
2193
2201
2319
2255
2122
2176
2264
2292
2236
2214
2176
2197
2247
2227
2229
2177
2230
2223
2176
2239
2312
2238
2231
2149
2136
2269
2207
2251
2199
2238
2249
2276
2156
2195
2200
2219
2268
2234
2292
2246
2239
2227
2253
2256
2283
2290
2212
2225
2290
2238
2219
2216
2243
2259
2261
2204
2176
2240
2315
2239
2198
2232
2217
2205
2300
2242
2216
2273
2218
2293
2227
2244
2279
2193
2231
2233
2255
2199
2166
2273
2212
2194
2247
2308
2292
2202
2236
2212
2177
2197
2283
2204
2212
2199
2356
2253
2269
2274
2292
2260
2289
2339
2197
2274
2143
2286
2315
2234
2268
2235
2187
2285
2234
2239
2197
2227
2203
2184
2226
2285
2226
2139
2263
2173
2161
2262
2253
2208
2214
2196
2271
2201
2193
2203
2230
2190
2299
2187
2210
2221
2233
2209
2157
2177
2196
2159
2254
2210
2297
2321
2212
2165
2242
2179
2191
2252
2303
2157
2217
2171
2252
2189
2227
2261
2188
2167
2147
2211
2163
2135
2238
2282
2247
2169
2151
2184
2229
2256
2239
2234
2272
2286
2288
2247
2237
2143
2180
2135
2181
2191
2190
2148
2182
2191
2227
2179
2169
2170
2187
2217
2181
2263
2123
2308
2143
2127
2215
2149
2137
2209
2165
2219
2228
2136
2132
2197
2249
2159
2163
2113
2155
2190
2086
2266
2171
2203
2195
2099
2095
2101
2156
2134
2224
2162
2221
2177
2161
2126
2167
2235
2145
2194
2125
2159
2170
2112
2162
2183
2107
2144
2034
2088
2165
2190
2061
2127
2103
2142
2176
2028
2147
2041
2087
2120
2101
2110
2117
2061
1957
2099
2122
2131
2106
2058
2117
1980
2068
2023
2085
2089
2164
1964
2055
2021
2088
2074
2053
2070
2084
2045
2059
2021
2051
2013
2083
2035
2076
2054
2040
2090
2018
2059
2032
1975
2036
1967
2049
1940
2003
2071
1990
1932
1932
1968
1867
1992
2007
1999
1943
1859
1887
1855
1836
1900
1862
1844
1795
1721
1707
1689
1701
1656
1629
1642
1581
1572
1605
1623
1616
1678
1630
1726
1731
1673
1686
1676
1673
1686
1600
1598
1631
1549
1594
1585
1685
1645
1752
1783
1749
1876
1893
1895
1902
1980
1854
1893
1978
1913
1900
1990
1993
2008
1970
1963
1936
1989
1961
2039
1980
2059
2050
2082
1939
1994
2083
2016
2026
2089
2059
1980
2037
2013
2045
2017
2058
2046
2026
2012
1985
1916
2056
2061
2080
2078
2037
1979
1996
2132
2043
2004
2069
2004
2071
2169
2118
2065
2192
2059
2077
2041
2072
2130
2149
2049
2072
2085
2074
2119
2104
2055
2115
2054
2080
2095
2122
2171
2046
2086
2027
2109
2114
2229
2192
2146
2183
2160
2032
2067
2142
2203
2171
2178
2223
2163
2110
2180
2205
2180
2179
2148
2126
2173
2135
2221
2197
2141
2184
2134
2167
2215
2205
2175
2127
2239
2195
2191
2145
2270
2167
2136
2161
2193
2143
2255
2155
2146
2179
2108
2116
2200
2197
2112
2101
2221
2251
2127
2238
2269
2238
2216
2179
2236
2269
2237
2133
2211
2194
2237
2275
2310
2202
2253
2204
2292
2291
2238
2224
2265
2219
2232
2166
2192
2298
2173
2226
2267
2210
2195
2296
2128
2229
2292
2225
2296
2212
2256
2247
2155
2190
2151
2187
2216
2126
2228
2240
2242
2178
2244
2233
2227
2201
2287
2153
2198
2221
2328
2207
2248
2157
2164
2151
2263
2236
2157
2187
2227
2234
2206
2236
2264
2130
2206
2240
2309
2179
2291
2308
2155
2201
2224
2178
2271
2262
2203
2247
2307
2236
2194
2221
2156
2278
