2196
2160
2175
2194
2258
2293
2301
2284
2251
2271
2298
2191
2209
2252
2260
2224
2320
2179
2144
2244
2311
2229
2175
2297
2259
2285
2241
2176
2259
2211
2262
2221
2258
2207
2225
2200
2179
2259
2191
2254
2336
2315
2275
2139
2237
2283
2280
2354
2272
2279
2282
2233
2218
2177
2288
2200
2220
2293
2195
2195
2255
2191
2244
2304
2195
2267
2231
2181
2249
2241
2315
2223
2230
2199
2287
2265
2272
2275
2213
2190
2224
2242
2262
2245
2221
2223
2200
2244
2211
2210
2239
2220
2219
2229
2140
2217
2222
2258
2222
2237
2272
2183
2195
2248
2202
2190
2294
2261
2219
2178
2193
2226
2198
2270
2211
2082
2169
2288
2230
2236
2157
2159
2215
2186
2170
2225
2252
2121
2212
2159
2174
2241
2098
2159
2220
2133
2170
2201
2157
2210
2122
2191
2221
2227
2171
2103
2154
2251
2133
2213
2219
2198
2164
2151
2086
2137
2184
2093
2056
2150
2109
2129
2046
2137
2120
2169
2168
2086
2194
2114
2150
2157
2066
2098
2111
2150
2036
2152
2120
2065
2026
2117
2141
2064
2075
2131
2104
2120
2105
2073
2149
2058
2001
2152
2083
2059
2077
2033
1986
2001
2098
2022
2026
1997
1970
2071
1979
1983
2092
2014
2059
2079
2040
2036
2043
1996
2089
2000
1969
1952
1934
1954
1948
1860
1880
1937
1840
1877
1921
1873
1847
1819
1798
1762
1726
1633
1604
1675
1604
1580
1475
1639
1574
1708
1573
1736
1708
1696
1705
1736
1672
1634
1601
1517
1564
1562
1569
1596
1615
1637
1678
1685
1786
1862
1729
1730
1910
1868
1895
1905
1931
1896
1977
1967
2053
2001
1970
1953
2042
1982
2066
2033
2001
1948
2010
1987
2062
1976
1976
2080
1992
1997
2117
2056
2110
1980
2093
2085
2045
2099
2114
2042
2031
2078
2048
2103
2144
2092
2088
1959
2035
2106
2148
2082
2076
2037
2100
2094
2097
2135
2168
2191
2026
2110
2124
2127
2085
2241
2138
2118
2122
2110
2231
2171
2132
2070
2130
2121
2107
2211
2185
2107
2196
2133
2165
2130
2102
2174
2181
2177
2044
2146
2197
2241
2170
2144
2184
2133
2243
2229
2221
2256
2230
2157
2137
2167
2235
2273
2200
2229
2276
2220
2155
2261
2153
2172
2146
2136
2253
2187
2171
2214
2224
2193
2197
2226
2128
2260
2136
2179
2205
2199
2231
2211
2241
2260
2281
2310
2232
2234
2134
2172
2270
2265
2212
2186
2234
2211
2295
2210
2236
2294
2195
2266
2299
2216
2270
2165
2287
2239
2198
2246
2190
2179
2156
2234
2239
2206
2184
2279
2283
2275
2186
2297
2280
2227
2274
2321
2328
2283
2190
2251
2236
2289
2219
2205
2271
2182
2213
2250
2267
2200
2302
2252
2208
2294
2173
2193
2194
2212
2308
2214
2252
2252
2181
2193
2260
2212
2172
2119
2208
2271
2257
2229
2333
2291
2230
2268
2158
2195
2270
2282
2308
2267
2208
2223
2155
2280
2241
2320
2090
2277
2227
2250
2307
2322
2228
2251
2311
2297
2195
2162
2255
2267
2285
2227
2271
2211
2246
2273
2231
2246
2305
2315
2311
2180
2285
2337
2272
2322
2211
2211
2204
2255
2256
2229
2271
2166
2251
2266
2250
2137
2276
2187
2318
2222
2230
2178
2305
2243
2284
2276
2279
2232
2239
2230
2151
2259
2242
2296
2101
2245
2245
2202
2264
2199
2329
2207
2206
2280
2173
2217
2098
2244
2239
2250
2240
2201
2214
2269
2210
2262
2180
2218
2316
2246
2237
2227
2200
2293
2209
2181
2209
2238
2301
2288
2243
2275
2212
2215
2165
2274
2228
2246
2251
2171
2207
2266
2241
2197
2228
2205
2266
2234
2306
2301
2261
2233
2211
2202
2246
2278
2245
2250
2214
2222
2258
2268
2356
2238
2264
2188
2169
2257
2231
2218
2182
2120
2212
2224
2206
2136
2214
2300
2191
2167
2300
2250
2202
2226
2288
2256
2137
2222
2141
2188
2277
2170
2239
2206
2225
2202
2115
2189
2171
2202
2237
2213
2145
2133
2164
2255
2114
2174
2193
2207
2190
2191
2184
2180
2141
2115
2132
2081
2195
2171
2129
2155
2244
2134
2205
2089
2166
2154
2157
2142
2149
2155
2166
2204
2187
2072
2077
2207
2066
2198
2083
2057
2141
2072
2116
2030
2089
2154
2021
2112
2109
2058
2096
2086
2105
2056
2072
2131
2148
2116
2106
2139
2032
2061
2161
2062
2132
2035
2044
2000
1976
2024
2065
2089
2063
2048
1977
2029
1966
2065
2071
1974
1960
1958
2076
2056
2002
1982
1955
1960
1985
1944
2064
1964
1896
1966
1979
1947
1887
1845
1888
1802
1798
1802
1681
1716
1694
1585
1561
1592
1544
1569
1614
1624
1639
1651
1706
1683
1724
1714
1631
1685
1656
1642
1620
1603
1597
1556
1653
1685
1642
1663
1662
1792
1714
1784
1756
1801
1854
1847
1914
1889
1938
2003
1917
1921
1979
1955
2025
2020
1894
1973
1986
1981
2037
1994
1942
1964
2049
2115
2158
2017
2076
2026
1991
2101
2035
2161
2028
2064
2048
2132
2049
2071
2020
2079
2091
2026
2123
2112
2117
2101
2048
2066
2099
2133
2094
2079
2058
2167
2104
2060
2171
2142
2127
2067
2182
2203
2102
2104
2028
2064
2111
2190
2058
2141
2206
2115
2109
2171
2085
2174
2202
2162
2157
2140
2164
2136
2207
2183
2115
2171
2250
2195
2204
2213
2126
2140
2198
2154
2120
2223
2165
2161
2209
2202
2250
2136
2156
2184
2195
2264
2168
2201
2209
2188
2167
2215
2152
2113
2128
2209
2214
2229
2253
2194
2273
2268
2165
2217
2243
2198
2254
2320
2199
2282
2202
2217
2223
2230
2183
2188
2221
2174
2163
2155
2348
2221
2176
2242
2187
2250
2235
2189
2226
2233
2284
2208
2215
2155
2196
2284
2178
2206
2237
2231
2306
2251
2289
2280
2270
2269
2244
2316
2200
2226
2229
2208
2177
2176
2294
2217
2246
2240
2303
2228
2236
2222
2267
2264
2324
2182
2178
2249
2244
2176
2123
2164
2320
2226
2238
2150
2254
2333
2219
2213
2234
2187
2232
2298
2240
2156
2216
2250
2245
2242
2241
2303
2222
2210
2151
2221
2234
2226
2203
2177
2277
2262
2233
2311
2170
2242
2285
2311
2259
2250
2289
