2259
2342
2215
2235
2246
2152
2213
2279
2193
2233
2154
2209
2193
2215
2276
2267
2279
2190
2223
2266
2257
2179
2230
2258
2232
2202
2217
2242
2225
2252
2160
2192
2275
2203
2182
2297
2272
2263
2205
2250
2249
2310
2298
2190
2209
2265
2303
2184
2249
2271
2181
2235
2186
2285
2296
2240
2249
2162
2252
2211
2201
2245
2173
2173
2266
2122
2204
2273
2119
2260
2232
2120
2256
2056
2195
2235
2200
2187
2200
2201
2190
2212
2195
2179
2164
2186
2299
2204
2214
2212
2188
2259
2143
2167
2237
2109
2260
2228
2281
2134
2265
2197
2204
2248
2203
2142
2246
2195
2128
2189
2143
2197
2161
2191
2201
2182
2180
2161
2184
2115
2156
2239
2177
2230
2162
2225
2211
2172
2156
2171
2177
2112
2227
2254
2162
2165
2203
2186
2140
2210
2110
2209
2091
2195
2220
2079
2151
2180
2189
2252
2197
2159
2188
2184
2184
2174
2092
2134
2138
2197
2157
2145
2136
2159
2179
2130
2136
2220
2079
2091
2073
2044
2081
2087
2128
2089
2085
2101
2084
2151
2115
2093
2151
2129
2161
2079
2120
1983
2051
2022
2078
2065
2066
2119
2050
2044
2071
2112
2008
2048
2053
2095
2142
2016
2027
2030
2072
2061
2020
1971
2072
2001
2002
2005
1903
2006
2078
1946
1969
1969
1923
1904
1904
1978
1968
1857
1930
1836
1848
1806
1734
1781
1721
1653
1661
1594
1622
1535
1554
1538
1520
1576
1655
1676
1671
1695
1682
1644
1583
1602
1647
1624
1593
1554
1539
1590
1585
1534
1526
1555
1698
1712
1728
1728
1801
1899
1844
1839
1810
1885
1964
1982
2032
2009
1915
1981
1970
2063
1984
1989
2012
1948
2014
2071
2018
2041
2036
2004
1925
2026
2087
2077
2083
2083
2108
2108
2110
2088
2021
2113
2088
2164
2058
2051
2192
2120
2104
2094
2104
2036
2203
2010
2113
2179
2187
2042
2059
2048
2168
2130
1982
2169
2155
2126
2156
2103
2174
2121
2187
2120
2181
2112
2086
2107
2056
2197
2174
2146
2127
2077
2125
2217
2161
2175
2192
2191
2131
2140
2067
2135
2187
2138
2261
2199
2160
2220
2133
2169
2152
2132
2219
2112
2144
2226
2181
2166
2184
2228
2157
2195
2228
2169
2197
2240
2148
2106
2195
2226
2222
2206
2165
2241
2228
2157
2144
2206
2120
2190
2240
2219
2115
2177
2187
2188
2136
2215
2258
2232
2241
2168
2214
2192
2210
2280
2193
2172
2245
2259
2278
2200
2275
2224
2229
2238
2208
2299
2185
2291
2281
2282
2249
2263
2392
2167
2231
2246
2209
2246
2197
2214
2261
2266
2266
2198
2190
2296
2235
2238
2164
2217
2294
2165
2247
2171
2263
2249
2228
2235
2217
2228
2270
2147
2154
2264
2334
2272
2198
2188
2156
2217
2190
2223
2260
2251
2247
2271
2206
2266
2111
2266
2227
2297
2244
2302
2264
2209
2214
2198
2285
2178
2261
2231
2157
2218
2210
2305
2252
2225
2293
2181
2272
2318
2240
2221
2193
2207
2285
2169
2269
2100
2176
2203
2209
2228
2252
2221
2187
2236
2249
2206
2254
2121
2218
2217
2296
2224
2318
2236
2183
2237
2190
2273
2260
2222
2213
2180
2204
2154
2230
2210
2201
2216
2151
2248
2290
2187
2240
2195
2282
2281
2194
2283
2222
2223
2168
2249
2327
2301
2282
2168
2261
2263
2217
2236
2202
2132
2215
2212
2214
2182
2257
2251
2217
2278
2224
2237
2215
2220
2199
2167
2295
2211
2131
2207
2268
2231
2205
2339
2116
2234
2235
2240
2235
2235
2289
2215
2218
2242
2212
2250
2140
2232
2264
2215
2271
2174
2216
2190
2217
2215
2181
2216
2279
2181
2200
2283
2271
2336
2211
2257
2229
2179
2206
2190
2242
2216
2169
2253
2175
2221
2229
2222
2214
2178
2248
2156
2136
2257
2236
2109
2218
2278
2235
2180
2221
2247
2223
2305
2202
2207
2185
2259
2252
2148
2218
2214
2292
2202
2094
2210
2138
2233
2220
2116
2241
2172
2149
2133
2220
2180
2153
2219
2227
2162
2176
2161
2125
2188
2180
2159
2183
2165
2115
2177
2178
2137
2141
2078
2121
2187
2141
2073
2122
2182
2068
2123
2191
2190
2176
2145
2076
2105
2088
2097
2096
2139
2094
2084
2063
2131
2225
2125
2068
2123
2112
2116
2049
2174
2101
2075
2108
2053
2054
2121
2076
2069
1991
2088
2056
2116
2030
2022
2080
2065
2066
2053
2011
2041
1998
2123
2041
1995
2088
2125
1942
1971
1979
2020
1998
1985
1973
1996
2027
2049
1926
1986
1972
1970
1910
1906
1943
1896
1906
1876
1920
1846
1782
1804
1784
1708
1697
1681
1616
1647
1577
1541
1490
1545
1548
1593
1633
1657
1716
1669
1699
1680
1556
1691
1653
1577
1676
1498
1568
1538
1565
1525
1589
1693
1684
1687
1771
1769
1884
1847
1752
1908
1933
1900
1953
1999
1985
1911
2026
1967
1993
1942
1968
1976
2054
1971
2047
2009
2061
2029
1952
1983
2084
2030
1958
2091
2089
1976
1997
2120
2053
2116
2124
2050
1992
2085
2030
1997
2058
2114
2072
2098
2078
2028
2061
2095
2055
2090
2084
2129
2068
2076
2150
2105
2041
2139
2090
2094
2104
2130
2151
2142
2055
2100
2129
2106
2095
2137
2075
2226
2064
2104
2165
2128
2154
2205
2143
2244
2092
2182
2116
2108
2143
2087
2234
2198
2151
2144
2170
2120
2126
2148
2122
2188
2233
2195
2192
2223
2177
2160
2300
2156
2053
2159
2161
2253
2267
2163
2192
2226
2162
2253
2158
2248
2215
2149
2155
2152
2096
2223
2261
2165
2198
2173
2088
2269
2201
2173
2181
2195
2201
2248
2219
2177
2252
2235
2232
2145
2234
2180
2259
2215
2192
2211
2090
2099
2257
2219
2197
2222
2254
2134
2234
2187
2247
2147
2277
2231
2184
2180
2204
2218
2283
2278
2254
2153
2202
2216
2193
2244
2216
2219
2218
2291
2237
2204
2206
2229
2164
2255
2145
2253
2141
2186
2292
2278
2231
2238
2207
2215
2246
2189
2327
2316
2239
2159
2215
2193
2261
2266
2247
2235
2268
2199
2145
2228
2355
2255
2124
2249
2221
2149
2184
2236
2178
2180
2241
2180
2225
2198
2232
2305
2320
2184
2248
2159
2245
2129
2245
