2206
2184
2254
2187
2199
2235
2211
2262
2238
2209
2192
2203
2320
2261
2215
2153
2298
2176
2193
2285
2265
2231
2250
2303
2129
2185
2172
2200
2218
2235
2179
2217
2279
2209
2272
2214
2211
2201
2193
2244
2231
2131
2216
2222
2223
2296
2210
2285
2195
2188
2206
2233
2209
2234
2220
2213
2217
2195
2249
2252
2200
2263
2200
2179
2163
2171
2198
2248
2258
2215
2213
2202
2165
2153
2218
2199
2253
2181
2267
2191
2228
2170
2254
2155
2241
2126
2273
2265
2198
2223
2215
2170
2237
2240
2213
2251
2264
2195
2183
2264
2258
2192
2199
2198
2177
2270
2180
2200
2326
2220
2199
2160
2189
2207
2221
2186
2187
2131
2157
2206
2187
2251
2198
2214
2149
2229
2141
2189
2221
2248
2222
2263
2165
2201
2274
2172
2141
2205
2279
2212
2229
2203
2116
2179
2178
2177
2153
2097
2165
2154
2197
2096
2120
2117
2076
2126
2193
2200
2159
2149
2134
2158
2172
2166
2167
2121
2146
2129
2147
2209
2061
2154
2103
2115
2191
2172
2164
2123
2049
2122
2092
2075
2153
2226
2036
2030
2038
2042
2047
2113
2090
2129
2081
2081
2180
2084
2063
2009
2047
1992
2076
2004
2052
1995
1979
2096
1981
1971
2117
1991
2064
2084
2014
2068
2006
1974
1992
1967
1954
1963
1986
1955
1948
1864
1930
1904
1873
1881
1857
1889
1793
1746
1633
1715
1673
1611
1482
1588
1521
1489
1530
1470
1508
1628
1550
1668
1595
1565
1694
1601
1588
1606
1532
1598
1469
1530
1554
1556
1496
1651
1625
1712
1693
1835
1805
1722
1870
1816
1802
1840
1833
1939
1963
1981
1981
1983
1944
1963
1935
2076
1991
1949
2063
2026
1958
1973
2022
2043
1993
2041
2044
2018
2098
2107
2077
2061
2035
2101
2066
2067
2063
2074
2046
1976
2086
2093
2094
2141
2126
2071
2050
2001
2067
2183
2123
2153
2089
2057
2162
2132
2106
2081
2145
2109
2123
2169
2187
2180
2131
2069
2176
2131
2151
2123
2061
2113
2192
2077
2120
2201
2152
2129
2168
2237
2146
2157
2231
2185
2231
2165
2248
2106
2199
2188
2178
2130
2214
2191
2251
2194
2236
2233
2127
2089
2185
2197
2162
2210
2236
2243
2188
2114
2194
2187
2202
2147
2175
2194
2294
2212
2246
2213
2220
2168
2271
2274
2122
2272
2204
2188
2134
2219
2239
2160
2241
2277
2160
2244
2186
2200
2269
2225
2122
2268
2247
2137
2272
2184
2191
2218
2200
2229
2263
2209
2229
2265
2295
2182
2277
2266
2153
2255
2139
2204
2192
2241
2215
2229
2170
2213
2227
2270
2220
2171
2214
2244
2278
2250
2221
2194
2257
2202
2226
2217
2262
2241
2231
2170
2186
2204
2256
2283
2261
2227
2199
2223
2204
2234
2193
2127
2261
2317
2218
2182
2178
2233
2209
2188
2217
2225
2348
2207
2198
2127
2226
2161
2184
2195
2215
2240
2147
2222
2160
2206
2279
2257
2236
2304
2219
2193
2243
2206
2222
2105
2169
2282
2181
2300
2214
2154
2296
2241
2238
2290
2220
2193
2307
2229
2122
2186
2209
2262
2132
2202
2271
2161
2199
2218
2209
2337
2161
2284
2316
2229
2260
2291
2286
2205
2310
2234
2278
2184
2239
2241
2287
2207
2181
2157
2203
2104
2211
2276
2219
2220
2217
2244
2254
2249
2195
2145
2186
2124
2254
2296
2233
2262
2245
2297
2292
2253
2163
2229
2229
2143
2190
2250
2239
2178
2210
2147
2194
2180
2187
2275
2251
2176
2224
2158
2177
2220
2221
2326
2268
2219
2308
2337
2236
2228
2097
2210
2136
2213
2295
2231
2172
2261
2117
2147
2194
2221
2197
2161
2194
2166
2174
2166
2142
2145
2215
2222
2193
2282
2145
2175
2203
2196
2167
2215
2162
2195
2167
2286
2262
2245
2245
2252
2154
2203
2207
2239
2231
2096
2196
2232
2200
2214
2251
2217
2225
2090
2247
2128
2180
2141
2203
2253
2258
2244
2229
2234
2208
2198
2212
2149
2131
2260
2180
2143
2212
2188
2217
2144
2184
2189
2197
2199
2142
2180
2235
2176
2151
2251
2117
2191
2210
2184
2212
2104
2192
2219
2124
2116
2146
2152
2182
2111
2022
2139
2127
2189
2154
2075
2115
2116
2139
2191
2143
2118
2077
2063
2104
2098
2103
2056
2188
2058
2197
2124
2119
2075
2084
2174
2143
2099
2013
2102
2123
2060
1971
2052
2018
2110
2144
2076
2063
1989
2074
2042
2049
2081
2115
2070
2079
2061
2028
2008
2033
1959
2004
2005
1989
2010
1967
2000
1983
1891
2025
1982
1903
1937
1980
1918
1881
1940
1835
1823
1780
1714
1672
1692
1738
1698
1648
1588
1604
1574
1486
1536
1482
1476
1552
1648
1678
1582
1671
1655
1600
1618
1599
1567
1489
1519
1490
1496
1573
1564
1605
1643
1639
1704
1778
1739
1802
1821
1888
1765
1879
1890
1863
1964
1929
2027
1885
2071
2006
2045
1975
1919
1908
2040
1901
1999
1929
2041
2007
2008
1976
2004
1964
2016
2054
1999
2047
2099
2077
2078
1983
2021
2070
2090
2101
2045
2053
2018
2191
2042
2082
2127
2043
2118
2022
2044
2144
2077
2019
2052
2086
2127
2132
2105
2141
2130
2149
1993
2196
2151
2200
2127
2091
2121
2129
2149
2185
2175
2214
2059
2200
2233
2165
2131
2173
2190
2103
2142
2216
2179
2114
2210
2205
2132
2201
2175
2193
2082
2179
2169
2126
2230
2240
2161
2176
2191
2182
2149
2181
2163
2258
2233
2207
2169
2140
2199
2174
2237
2212
2152
2220
2221
2201
2127
2280
2178
2236
2070
2142
2201
2202
2196
2234
2205
2164
2132
2205
2240
2195
2221
2200
2223
2208
2156
2177
2222
2269
2269
2150
2253
2274
2138
2161
2227
2264
2234
2173
2160
2222
2312
2185
2202
2289
2130
2271
2172
2173
2265
2281
2145
2256
2252
2248
2171
2245
2192
2214
2251
2201
2234
2137
2221
2192
2241
2169
2225
2147
2190
2235
2221
2266
2231
2298
2167
2322
2177
2226
2272
2219
2204
2308
2285
2269
2172
2178
2216
2219
2276
2315
2249
2218
2285
2203
2212
2191
2209
2228
2254
2250
2257
2250
2237
2222
2242
2194
2210
2200
2149
2193
2176
2129
2270
2243
2211
2192
2223
2226
