2233
2201
2221
2282
2231
2211
2113
2219
2270
2153
2220
2169
2293
2299
2213
2179
2226
2180
2263
2197
2232
2228
2285
2151
2217
2275
2225
2266
2169
2248
2224
2228
2146
2195
2172
2216
2211
2239
2219
2188
2183
2239
2277
2185
2305
2215
2198
2230
2212
2234
2204
2187
2264
2201
2231
2244
2329
2192
2217
2260
2163
2114
2268
2315
2170
2199
2149
2156
2198
2218
2238
2174
2295
2228
2199
2235
2186
2285
2241
2173
2181
2319
2179
2192
2243
2142
2205
2221
2170
2249
2197
2318
2291
2147
2244
2213
2231
2198
2261
2300
2215
2215
2207
2211
2192
2229
2165
2233
2190
2243
2165
2175
2123
2228
2162
2288
2090
2122
2209
2184
2162
2291
2139
2194
2167
2243
2132
2191
2261
2207
2238
2149
2178
2223
2174
2095
2233
2186
2170
2173
2158
2147
2220
2124
2191
2181
2184
2169
2211
2196
2164
2166
2151
2119
2140
2188
2133
2156
2284
2175
2193
2138
2144
2102
2161
2159
2132
2235
2169
2193
2098
2159
2140
2127
2091
2097
2088
2134
2031
2150
2159
2106
2035
2126
2028
2118
2223
2127
2175
2069
2101
2153
2066
2101
2121
2049
2088
2036
2131
2057
2012
2081
2007
2056
2119
2066
2071
2024
2047
2104
2001
2024
2010
2104
2024
1905
1979
2023
1941
1888
1959
2000
1879
1921
1942
1880
1831
1776
1823
1830
1753
1715
1625
1608
1590
1529
1559
1549
1451
1477
1530
1500
1534
1553
1556
1601
1634
1651
1533
1581
1549
1550
1531
1472
1469
1490
1472
1508
1576
1637
1520
1657
1670
1685
1691
1730
1828
1817
1877
1921
1863
1988
1911
1946
1903
1934
2002
2028
1937
2019
1991
1946
2045
2026
1942
2015
2002
2044
2133
2011
2028
2044
2029
2045
2068
2136
2051
2094
2073
2076
2134
2035
2038
2014
2067
2087
2101
2121
2165
2120
2060
2135
2139
2073
2065
2089
2030
2098
2091
2068
2168
2132
2140
2031
2156
2017
2136
2126
2174
2162
2221
2109
2165
2167
2116
2188
2131
2166
2131
2185
2190
2206
2148
2076
2230
2223
2196
2131
2100
2179
2203
2235
2244
2142
2187
2179
2110
2204
2156
2149
2146
2124
2078
2160
2148
2147
2255
2214
2240
2167
2207
2209
2235
2191
2194
2262
2212
2207
2169
2143
2165
2178
2245
2178
2177
2273
2182
2240
2257
2147
2256
2163
2101
2205
2227
2182
2222
2260
2242
2242
2232
2216
2237
2203
2148
2222
2207
2226
2170
2201
2232
2247
2270
2165
2195
2223
2242
2268
2155
2252
2205
2229
2244
2193
2230
2200
2204
2195
2218
2203
2161
2257
2173
2153
2199
2289
2182
2233
2187
2301
2267
2202
2186
2222
2180
2207
2223
2293
2251
2205
2190
2150
2197
2212
2270
2242
2257
2194
2227
2258
2238
2177
2296
2185
2242
2176
2217
2272
2204
2261
2286
2216
2229
2149
2237
2246
2191
2231
2135
2213
2278
2210
2233
2223
2223
2232
2154
2172
2212
2167
2219
2235
2221
2231
2183
2174
2216
2236
2275
2232
2329
2160
2216
2192
2190
2231
2236
2226
2255
2173
2191
2240
2209
2191
2250
2278
2215
2183
2256
2255
2234
2353
2233
2179
2243
2085
2297
2235
2141
2264
2224
2283
2267
2235
2077
2218
2225
2252
2229
2257
2179
2224
2222
2216
2284
2225
2277
2265
2201
2243
2202
2189
2197
2203
2196
2272
2204
2223
2155
2248
2196
2230
2239
2206
2211
2272
2226
2126
2240
2233
2200
2273
2203
2170
2237
2276
2208
2183
2191
2210
2156
2205
2234
2204
2300
2207
2237
2294
2235
2284
2204
2202
2181
2257
2171
2240
2214
2200
2189
2233
2149
2153
2238
2238
2295
2267
2239
2169
2139
2179
2240
2247
2254
2252
2286
2294
2275
2152
2184
2139
2131
2229
2200
2273
2209
2162
2224
2165
2123
2243
2178
2224
2164
2159
2192
2176
2172
2121
2270
2226
2158
2199
2120
2242
2152
2286
2204
2260
2188
2245
2192
2196
2146
2170
2143
2212
2210
2141
2117
2243
2257
2138
2241
2135
2196
2185
2134
2187
2229
2199
2102
2281
2175
2130
2175
2166
2194
2108
2097
2105
2113
2079
2138
2206
2260
2177
2180
2166
2179
2078
2147
2184
2230
2164
2153
2056
2179
2130
2171
2064
2141
2216
2058
2081
2077
2148
2093
2081
2090
2172
2050
2121
2092
2107
2107
2152
2107
2062
2115
2040
2155
2094
2009
2052
2100
2085
2083
2033
2038
2111
2067
2107
2167
2035
2064
2058
2067
1920
1985
2010
1986
1994
1987
1933
1913
1903
1903
1954
1953
1971
1928
1880
1874
1844
1763
1865
1790
1764
1797
1733
1647
1629
1555
1570
1545
1524
1485
1476
1456
1555
1557
1577
1595
1608
1633
1591
1581
1605
1539
1477
1506
1464
1498
1466
1451
1506
1604
1637
1689
1668
1750
1740
1831
1819
1831
1819
1906
1897
1870
1885
1982
1935
1992
1954
1924
1943
1986
1959
2060
2027
1981
1958
2017
1999
2048
2057
2033
2123
2125
2016
2025
2017
2015
2062
2098
2014
2046
2160
2106
2059
2126
2053
2098
2018
2140
2121
2144
2119
2190
2129
2087
2244
2106
2040
2204
2075
2122
2101
2133
2113
2134
2164
2215
2188
2100
2130
2132
2135
2077
2106
2175
2178
2057
2176
2205
2124
2086
2137
2159
2177
2154
2110
2098
2142
2212
2166
2137
2182
2150
2192
2174
2195
2219
2158
2208
2073
2157
2198
2182
2175
2165
2102
2169
2155
2193
2208
2204
2163
2191
2197
2237
2193
2218
2205
2167
2227
2147
2177
2156
2278
2121
2160
2171
2257
2178
2267
2259
2185
2183
2296
2207
2306
2127
2056
2273
2219
2266
2219
2145
2221
2246
2332
2242
2131
2157
2262
2200
2218
2199
2230
2169
2230
2160
2241
2177
2260
2258
2212
2167
2151
2124
2244
2196
2232
2211
2148
2257
2239
2211
2258
2193
2309
2205
2243
2186
2195
2231
2252
2188
2199
2305
2215
2239
2232
2214
2220
2189
2285
2262
2179
2196
2213
2191
2157
2270
2251
2247
2150
2196
2200
2178
2286
2263
2150
2142
2251
2258
2247
2213
2201
2262
2291
2267
2206
2176
2215
2218
2277
2224
2257
2245
2216
2207
2194
2247
2218
2171
2169
2198
2169
2255
2158
2201
