2209
2263
2161
2225
2187
2193
2166
2161
2229
2239
2136
2215
2225
2264
2178
2277
2202
2147
2141
2129
2205
2210
2188
2267
2169
2220
2243
2212
2209
2250
2237
2222
2181
2238
2224
2184
2210
2188
2119
2157
2241
2255
2171
2222
2261
2351
2199
2123
2217
2251
2271
2192
2213
2304
2219
2226
2226
2176
2199
2234
2178
2140
2204
2166
2278
2286
2189
2175
2253
2237
2238
2238
2255
2187
2162
2179
2321
2346
2177
2235
2131
2193
2230
2196
2167
2164
2266
2280
2269
2176
2258
2164
2226
2265
2235
2259
2169
2210
2232
2244
2211
2239
2231
2276
2194
2178
2162
2249
2188
2227
2265
2289
2134
2217
2178
2207
2197
2195
2209
2187
2227
2142
2250
2207
2147
2061
2216
2185
2158
2253
2304
2186
2311
2175
2149
2223
2224
2163
2171
2171
2165
2150
2147
2210
2244
2124
2148
2136
2066
2159
2033
2193
2144
2166
2157
2185
2114
2068
2243
2233
2303
2269
2121
2164
2158
2096
2127
2122
2240
2200
2141
2165
2084
2137
2125
2131
2114
2110
2103
2146
2127
2140
2115
2081
2113
2134
2131
2077
2136
2037
2132
2142
1984
2140
2075
2021
2160
2108
2022
2034
2114
2126
2055
2096
2073
1984
2061
2069
2062
1989
2018
2133
2027
2002
1982
1992
1950
1972
1886
1977
2017
1885
2066
1916
1957
1833
1815
1871
1799
1772
1720
1681
1733
1652
1619
1523
1501
1526
1503
1477
1414
1521
1515
1507
1565
1563
1558
1549
1579
1565
1527
1567
1478
1496
1425
1448
1428
1474
1513
1510
1689
1669
1676
1711
1714
1849
1807
1791
1797
1878
1932
1881
2027
1850
1925
1908
1985
1998
1933
1965
1975
1976
1978
2027
2045
2035
2092
1971
2007
2082
2070
1995
2061
2047
2104
2020
2077
2017
2076
2114
2065
2124
2085
2162
2153
2107
2103
2168
2085
2095
2012
2045
2147
2073
2156
2112
2114
2119
2174
2184
2165
2110
2163
2100
2269
2166
2150
2161
2114
2169
2154
2212
2196
2137
2090
2217
2144
2189
2113
2154
2229
2166
2195
2122
2115
2234
2162
2223
2224
2159
2152
2206
2239
2096
2190
2141
2194
2165
2209
2167
2094
2159
2258
2143
2269
2225
2200
2185
2266
2217
2268
2160
2183
2249
2263
2190
2214
2169
2257
2282
2246
2215
2285
2263
2105
2279
2249
2232
2269
2165
2179
2283
2190
2199
2196
2232
2131
2131
2241
2217
2210
2327
2246
2236
2204
2283
2254
2171
2157
2116
2209
2225
2254
2127
2191
2301
2263
2249
2193
2237
2197
2248
2213
2230
2269
2149
2241
2239
2284
2272
2192
2219
2235
2248
2243
2174
2147
2266
2157
2166
2258
2234
2189
2183
2202
2202
2220
2120
2246
2207
2281
2247
2195
2238
2207
2108
2220
2164
2248
2247
2113
2226
2163
2274
2240
2216
2207
2178
2317
2199
2296
2164
2253
2217
2275
2230
2202
2197
2214
2215
2216
2253
2241
2276
2227
2266
2214
2176
2201
2256
2219
2215
2199
2292
2216
2172
2239
2297
2270
2213
2253
2240
2217
2238
2183
2235
2186
2184
2211
2145
2215
2184
2161
2238
2196
2219
2252
2251
2206
2218
2247
2291
2252
2245
2215
2243
2172
2178
2229
2231
2228
2217
2118
2173
2202
2227
2205
2319
2261
2285
2205
2210
2121
2213
2198
2279
2210
2176
2206
2222
2304
2195
2240
2187
2147
2194
2229
2313
2263
2199
2153
2148
2197
2164
2243
2047
2223
2249
2243
2221
2184
2224
2185
2263
2283
2188
2251
2190
2239
2239
2235
2175
2104
2117
2229
2206
2256
2276
2218
2168
2165
2213
2267
2196
2214
2213
2231
2257
2245
2188
2199
2205
2228
2272
2163
2146
2249
2144
2306
2205
2227
2233
2251
2190
2153
2185
2216
2208
2229
2199
2215
2190
2249
2210
2250
2183
2155
2252
2192
2257
2249
2247
2319
2258
2215
2210
2243
2186
2160
2189
2198
2211
2245
2201
2236
2170
2164
2301
2232
2212
2171
2232
2175
2254
2273
2190
2149
2243
2191
2202
2141
2245
2147
2268
2236
2245
2161
2126
2072
2067
2163
2144
2158
2164
2155
2146
2082
2110
2162
2143
2151
2125
2182
2160
2190
2188
2230
2161
2151
2096
2187
2137
2156
2150
2172
2094
2158
2136
2140
2090
2201
2157
2051
2160
2165
2097
2151
2171
2074
2153
2107
2123
2034
2138
2063
2150
2178
2057
2082
2100
2068
2125
2084
2029
2079
2122
2157
2058
1973
2020
2026
2008
2080
2120
2021
2007
1986
2049
2043
1940
2070
1941
1992
1935
1969
1958
1976
1917
1969
1975
1935
1855
1816
1898
1889
1765
1747
1747
1732
1648
1614
1498
1602
1508
1467
1495
1394
1469
1434
1480
1450
1508
1502
1539
1632
1611
1493
1515
1532
1439
1406
1424
1497
1494
1487
1463
1548
1482
1595
1637
1720
1743
1729
1762
1833
1807
1840
1837
1928
1843
2009
1911
2019
1972
1986
1962
2100
1924
2027
2058
2014
2078
2027
2011
1987
2116
2026
2075
2048
2068
2061
2016
2023
2138
2130
2107
2102
2031
2165
2045
2055
2135
2112
2091
2135
2147
2020
2058
2029
2146
2152
2161
2122
2174
2105
2085
2113
2144
2093
2101
2189
2174
2152
2184
2170
2066
2187
2107
2110
2186
2166
2210
2072
2153
2120
2176
2231
2094
2223
2149
2186
2229
2192
2250
2156
2128
2160
2189
2197
2132
2228
2239
2156
2172
2197
2230
2194
2149
2158
2202
2139
2194
2136
2199
2243
2205
2266
2161
2158
2157
2231
2218
2137
2274
2190
2172
2253
2109
2173
2171
2175
2166
2251
2146
2166
2199
2195
2183
2172
2184
2236
2192
2218
2151
2088
2175
2224
2104
2217
2176
2227
2227
2220
2224
2183
2214
2203
2153
2209
2175
2145
2305
2277
2171
2163
2165
2215
2179
2184
2270
2182
2101
2328
2225
2214
2266
2249
2197
2192
2191
2166
2211
2201
2320
2199
2154
2146
2180
2211
2178
2284
2264
2270
2155
2252
2146
2172
2181
2223
2211
2227
2249
2246
2211
2251
2173
2208
2233
2203
2213
2246
2169
2234
2224
2231
2249
2237
2198
2207
2308
2270
2198
2243
2244
2193
2200
2229
2328
2226
2109
2161
2234
2134
2198
2216
2284
2295
2196
2323
2189
2263
2161
2147
