2618
2653
2632
2626
2563
2571
2700
2589
2662
2729
2681
2679
2758
2676
2655
2510
2651
2666
2704
2681
2640
2471
2657
2667
2653
2682
2650
2619
2696
2582
2716
2672
2666
2608
2667
2689
2710
2580
2588
2665
2670
2637
2616
2638
2662
2651
2729
2630
2547
2646
2662
2672
2587
2613
2707
2592
2522
2609
2619
2527
2576
2620
2620
2558
2452
2515
2512
2380
2418
2367
2321
2307
2308
2303
2296
2230
2285
2214
2275
2267
2198
2154
2129
2211
2136
2163
2138
2170
2209
2227
2197
2258
2341
2334
2257
2356
2424
2457
2419
2399
2443
2353
2541
2535
2468
2560
2596
2509
2418
2516
2501
2566
2509
2539
2503
2536
2603
2527
2652
2639
2644
2632
2594
2573
2565
2657
2643
2583
2627
2687
2700
2560
2647
2595
2652
2642
2598
2556
2463
2404
2493
2436
2373
2416
2369
2300
2266
2373
2283
2235
2225
2163
2190
2269
2222
2247
2235
2372
2207
2396
2404
2418
2411
2432
2427
2432
2481
2528
2511
2493
2513
2504
2574
2572
2609
2579
2653
2584
2484
2707
2627
2619
2618
2629
2640
2614
2640
2640
2527
2618
2678
2734
2605
2659
2672
2718
2609
2609
2652
2673
2704
2649
2648
2641
2654
2560
2640
2500
2576
2560
2558
2565
2503
2431
2513
2395
2421
2372
2385
2270
2243
2270
2283
2254
2326
2493
2358
2452
2494
2538
2543
2543
2505
2644
2654
2583
2614
2598
2552
2531
2588
2582
2558
2637
2621
2614
2584
2505
2606
2628
2614
2623
2615
2640
2642
2627
2595
2618
2694
2652
2595
2608
2536
2559
2631
2510
2482
2483
2417
2398
2352
2412
2344
2399
2375
2384
2322
2398
2408
2475
2451
2490
2551
2461
2537
2560
2583
2580
2625
2530
2612
2614
2581
2619
2582
2579
2556
2662
2583
2657
2660
2621
2655
2616
2628
2705
2623
2654
2638
2636
2601
2690
2700
2610
2662
2695
2557
2597
2613
2564
2554
2565
2488
2685
2574
2549
2511
2537
2523
2473
2480
2366
2428
2465
2357
2369
2310
2293
2194
2170
2144
2204
2168
2256
2243
2171
2271
2194
2278
2320
2352
2349
2362
2491
2473
2601
2641
2607
2583
2570
2563
2572
2645
2679
2607
2558
2607
2503
2570
2700
2634
2702
2592
2527
2630
2706
2655
2651
2520
2614
2605
2595
2597
2612
2585
2579
2491
2468
2616
2568
2604
2390
2519
2528
2422
2482
2501
2400
2387
2329
2274
2306
2370
2277
2257
2257
2242
2219
2257
2159
2228
2044
2112
2123
2150
2113
2179
2161
2164
2238
2303
2332
2265
2349
2303
2419
2476
2479
2519
2457
2461
2558
2630
2624
2587
2541
2563
2656
2681
2634
2681
2715
2698
2718
2576
2569
2659
2659
2606
2582
2631
2650
2752
2643
2614
2660
2781
2637
2654
2682
2613
2754
2602
2707
2607
2674
2682
2626
2640
2628
2669
2578
2727
2617
2623
2720
2667
2660
2666
2719
2593
2674
2624
2571
2699
2680
2687
2745
2675
2622
2644
2708
2634
2681
2689
2664
2712
2659
2703
2582
2689
2720
2636
2598
2743
2629
2600
2608
2594
2656
2707
2657
2643
2675
2594
2549
2736
2609
2563
2680
2657
2564
2648
2636
2646
2742
2654
2703
2661
2646
2631
2599
2631
2692
2621
2593
2600
2686
2605
2608
2669
2538
2601
2512
2623
2583
2611
2648
2649
2660
2632
2619
2605
2579
2689
2661
2649
2691
2665
2692
2676
2671
2703
2694
2601
2673
2629
2659
2766
2575
2623
2649
2734
2597
2605
2687
2683
2699
2554
2594
2532
2706
2677
2603
2622
2652
2643
2546
2609
2698
2503
2530
2470
2498
2542
2333
2353
2314
2299
2265
2377
2216
2263
2264
2082
2180
2173
2140
2049
2117
2138
2147
2145
2119
2177
2219
2224
2237
2231
2314
2293
2298
2382
2376
2332
2330
2338
2426
2457
2509
2344
2439
2570
2544
2623
2557
2530
2516
2591
2607
2518
2600
2618
2598
2674
2681
2559
2623
2594
2546
2508
2597
2633
2659
2616
2666
2577
2627
2544
2554
2565
2545
2555
2565
2544
2527
2567
2568
2411
2456
2434
2390
2340
2266
2243
2229
2237
2172
2241
2175
2146
2231
2232
2193
2230
2268
2305
2303
2380
2433
2386
2539
2441
2526
2518
2423
2550
2515
2632
2579
2526
2572
2585
2562
2596
2660
2566
2605
2691
2582
2611
2667
2644
2604
2609
2680
2713
2609
2656
2576
2613
2722
2566
2635
2626
2639
2593
2667
2558
2590
2626
2487
2594
2589
2568
2531
2513
2637
2531
2576
2505
2511
2402
2431
2389
2396
2367
2283
2322
2361
2315
2219
2397
2428
2389
2415
2472
2568
2589
2611
2481
2566
2525
2571
2595
2567
2601
2521
2642
2625
2545
2649
2676
2589
2619
2586
2575
2590
2545
2566
2557
2531
2644
2625
2623
2607
2547
2605
2521
2564
2591
2509
2577
2421
2450
2393
2444
2361
2340
2331
2338
2275
2331
2385
2237
2486
2388
2490
2447
2504
2494
2545
2511
2549
2611
2582
2662
2596
2647
2610
2608
2593
2594
2586
2661
2651
2649
2733
2730
2731
2667
2553
2596
2692
2533
2526
2586
2601
2621
2533
2578
2606
2544
2672
2584
2543
2675
2566
2589
2481
2605
2511
2550
2476
2489
2488
2481
2432
2490
2471
2418
2352
2416
2340
2339
2205
2269
2227
2245
2265
2179
2241
2153
2190
2275
2264
2302
2149
2355
2393
2410
2450
2499
2514
2542
2553
2516
2591
2529
2556
2622
2628
2442
2691
2652
2660
2688
2685
2596
2657
2654
2569
2644
2553
2679
2568
2628
2567
2466
2548
2515
2579
2615
2553
2554
2475
2510
2520
2503
2461
2406
2425
2399
2405
2406
2423
2263
2316
2377
2389
2302
2301
2283
2254
2237
2217
2247
2201
2095
2228
2193
2155
2193
2160
2194
2208
2237
2249
2259
2303
2302
2316
2337
2442
2356
2450
2503
2444
2523
2511
2581
2519
2614
2669
2651
2647
2592
2463
2647
2726
2575
2607
2656
2676
2658
2675
2595
2568
2711
2672
2717
2587
2568
2731
2619
2638
2597
2648
2653
2589
2608
2635
2648
2724
2601
2685
2526
2588
2677
2647
2673
2635
2727
2664
2654
2717
2672
2711
2696
2602
2590
2675
2740
2675
2677
2670
2768
2626
2635
2617
2605
2617
2759
