2222
2209
2242
2259
2179
2212
2252
2240
2294
2233
2212
2208
2226
2223
2237
2203
2164
2232
2141
2167
2267
2234
2329
2239
2253
2179
2201
2280
2239
2229
2255
2237
2223
2204
2245
2226
2144
2245
2243
2266
2206
2182
2327
2278
2196
2191
2237
2337
2166
2267
2245
2122
2190
2183
2241
2176
2236
2275
2247
2218
2228
2243
2232
2218
2179
2169
2203
2163
2219
2239
2234
2219
2195
2110
2190
2183
2183
2169
2175
2152
2249
2121
2130
2204
2228
2173
2247
2235
2273
2222
2150
2110
2208
2261
2200
2266
2149
2351
2186
2292
2216
2156
2180
2218
2196
2225
2248
2170
2242
2118
2286
2215
2158
2278
2131
2218
2189
2206
2199
2178
2237
2221
2215
2235
2190
2138
2199
2228
2170
2250
2321
2248
2254
2209
2172
2210
2148
2202
2190
2181
2236
2138
2189
2105
2159
2175
2230
2129
2163
2121
2153
2218
2225
2275
2209
2217
2248
2195
2133
2265
2133
2196
2172
2041
2044
2164
2033
2156
2259
2185
2192
2195
2165
2185
2196
2125
2166
2113
2082
2090
2094
2150
2082
2163
2086
2179
2083
2145
2138
2151
2147
2087
2148
2176
2166
2180
2126
2038
2134
2054
2157
2177
2134
2103
2034
2071
2132
2079
2060
2083
2143
1935
1963
1990
2041
2019
1976
1992
1972
1998
1976
2027
1907
1920
1949
1852
1815
1878
1737
1774
1738
1678
1685
1628
1566
1498
1457
1489
1460
1399
1457
1406
1473
1462
1509
1506
1580
1527
1581
1525
1525
1486
1472
1516
1407
1492
1497
1367
1557
1550
1495
1615
1621
1700
1714
1820
1790
1816
1948
1874
1874
1856
1962
1946
1886
1975
1923
2000
2103
2040
2005
1946
2089
2092
2004
2091
2085
2030
2095
2122
2009
2055
2078
2048
2193
2080
2068
2063
2180
2180
2087
2144
2144
2132
2120
2161
2234
2124
2085
2170
2149
2192
2188
2098
2123
2145
2114
2066
2168
2202
2200
2078
2107
2159
2210
2096
2228
2224
2169
2201
2188
2192
2122
2233
2119
2149
2195
2303
2217
2175
2172
2146
2188
2159
2180
2170
2185
2203
2206
2200
2235
2149
2197
2191
2182
2159
2237
2194
2056
2147
2236
2166
2251
2279
2120
2168
2208
2210
2214
2210
2253
2152
2181
2199
2205
2233
2223
2253
2222
2202
2189
2175
2193
2212
2204
2227
2194
2201
2172
2166
2132
2185
2225
2212
2274
2128
2244
2236
2292
2247
2214
2209
2303
2272
2267
2222
2169
2246
2249
2238
2117
2149
2227
2102
2288
2204
2314
2200
2167
2237
2230
2259
2217
2187
2223
2175
2270
2207
2199
2127
2245
2188
2266
2250
2215
2240
2191
2247
2183
2214
2260
2254
2220
2162
2210
2207
2150
2166
2189
2224
2223
2148
2232
2217
2168
2268
2243
2155
2271
2188
2251
2212
2294
2225
2189
2259
2164
2183
2318
2200
2181
2298
2173
2193
2258
2197
2259
2216
2231
2201
2277
2207
2246
2239
2185
2235
2309
2173
2204
2211
2187
2223
2224
2184
2212
2224
2167
2266
2241
2205
2156
2206
2159
2118
2306
2256
2187
2187
2172
2157
2228
2188
2204
2195
2213
2275
2297
2228
2205
2180
2270
2198
2223
2263
2181
2248
2231
2199
2261
2233
2334
2214
2217
2274
2166
2175
2160
2261
2230
2131
2118
2235
2254
2200
2290
2200
2176
2198
2212
2228
2140
2315
2221
2113
2273
2277
2246
2250
2328
2281
2169
2291
2228
2217
2135
2204
2128
2207
2222
2214
2138
2126
2219
2214
2212
2192
2201
2181
2205
2194
2181
2197
2228
2277
2241
2128
2230
2253
2255
2253
2199
2252
2213
2239
2201
2234
2152
2320
2158
2231
2189
2174
2198
2210
2166
2255
2187
2161
2225
2210
2242
2221
2246
2130
2216
2157
2181
2244
2244
2300
2290
2297
2207
2218
2239
2301
2128
2151
2156
2203
2120
2265
2228
2222
2221
2147
2269
2245
2210
2212
2163
2159
2282
2242
2156
2273
2243
2230
2183
2221
2277
2145
2222
2247
2238
2232
2109
2202
2142
2183
2151
2118
2157
2158
2133
2224
2195
2159
2177
2171
2085
2163
2168
2104
2192
2220
2117
2199
2207
2192
2196
2265
2193
2132
2220
2171
2128
2132
2191
2220
2158
2175
2132
2181
2132
2047
2072
2133
2106
2155
2115
2092
2151
2157
2168
2157
2060
2101
2123
2107
2155
2120
2136
2084
2158
2128
2143
2168
2109
2071
2102
2075
2101
2110
2121
2113
2121
2221
2052
2114
2085
2076
2078
2073
2151
2102
2065
1976
1984
2081
1975
2003
1997
1997
1957
1987
2010
1984
1969
1927
1887
1928
1884
1817
1826
1771
1765
1757
1606
1630
1597
1600
1535
1482
1392
1414
1475
1454
1439
1435
1451
1534
1557
1506
1622
1597
1569
1465
1429
1514
1409
1406
1397
1370
1468
1481
1479
1565
1571
1623
1668
1720
1720
1806
1718
1853
1772
1877
1917
1933
1951
1988
1980
2008
2007
2000
2076
2030
2074
2052
2015
2013
2067
2052
2150
2009
2010
2070
2081
2044
2059
2064
2075
2012
2057
2136
2129
2142
2116
2111
2128
2085
2095
2094
2168
2124
2068
2183
2116
2124
2088
2193
2119
2231
2138
2100
2156
2068
2127
2149
2191
2183
2234
2171
2131
2188
2183
2128
2199
2209
2138
2213
2152
2219
2085
2122
2147
2074
2192
2204
2156
2182
2175
2123
2189
2118
2233
2225
2164
2198
2204
2229
2191
2237
2119
2232
2171
2199
2172
2206
2111
2211
2248
2279
2210
2191
2180
2199
2289
2144
2236
2176
2204
2173
2205
2165
2172
2158
2175
2260
2169
2232
2205
2168
2196
2166
2205
2294
2145
2237
2222
2119
2230
2235
2302
2222
2249
2213
2125
2222
2173
2224
2151
2188
2214
2183
2184
2228
2229
2167
2161
2140
2133
2248
2185
2243
2266
2161
2224
2138
2220
2110
2271
2175
2177
2242
2124
2224
2204
2297
2193
2154
2149
2191
2223
2169
2249
2163
2223
2156
2215
2256
2305
2216
2191
2241
2209
2127
2142
2232
2207
2185
2189
2234
2326
2232
2275
2152
2291
2183
2302
2160
2255
2232
2214
2234
2261
2185
2187
2317
2165
2242
2244
2243
2276
2203
2203
2221
2137
2178
2224
2250
2173
2281
2199
2253
2159
2246
2217
2229
2172
2237
2257
