2238
2168
2239
2278
2267
2227
2218
2263
2175
2173
2230
2176
2183
2335
2266
2228
2272
2221
2268
2182
2278
2169
2179
2263
2059
2210
2219
2284
2173
2244
2222
2155
2279
2231
2223
2167
2302
2165
2212
2254
2233
2268
2149
2192
2194
2196
2222
2202
2269
2184
2285
2258
2115
2152
2205
2148
2170
2304
2237
2219
2232
2231
2172
2182
2217
2254
2226
2252
2272
2122
2232
2280
2221
2218
2263
2218
2208
2167
2140
2267
2206
2240
2301
2296
2300
2253
2177
2294
2236
2185
2286
2139
2200
2205
2199
2214
2174
2229
2155
2163
2221
2199
2200
2215
2187
2195
2195
2169
2223
2254
2268
2205
2316
2229
2306
2198
2196
2277
2275
2186
2210
2197
2206
2228
2224
2232
2153
2184
2239
2167
2258
2163
2179
2264
2293
2147
2197
2216
2172
2193
2157
2208
2110
2239
2150
2200
2225
2258
2210
2206
2239
2250
2193
2263
2184
2185
2217
2187
2184
2193
2261
2217
2212
2112
2237
2238
2259
2188
2108
2185
2202
2087
2229
2177
2199
2221
2211
2212
2203
2183
2157
2191
2195
2148
2145
2093
2051
2192
2165
2166
2132
2165
2106
2106
2095
2126
2187
2091
2137
2158
2083
2166
2086
2141
2095
2085
2134
2162
2018
2174
2001
2054
2108
2038
2049
1996
2002
1952
1996
2007
2070
1983
1960
1924
1940
1868
1866
1881
1744
1787
1724
1715
1623
1561
1506
1546
1414
1494
1450
1447
1433
1453
1477
1470
1498
1480
1583
1625
1486
1595
1493
1431
1389
1412
1394
1369
1372
1469
1510
1451
1591
1578
1651
1667
1657
1707
1738
1852
1803
1929
1908
1842
1889
1969
1896
1918
1984
2035
2025
1969
2063
1997
2039
2025
2082
2091
2006
2100
2065
2099
2031
2039
2086
2091
2124
2083
2116
2123
2143
2122
2129
2157
2105
2187
2135
2150
2113
2259
2166
2096
2183
2148
2171
2196
2101
2208
2226
2103
2206
2192
2163
2143
2179
2195
2138
2180
2160
2175
2215
2182
2204
2169
2133
2194
2184
2084
2254
2173
2252
2218
2195
2137
2196
2195
2273
2150
2119
2197
2293
2237
2179
2156
2166
2128
2173
2227
2253
2261
2181
2158
2156
2161
2164
2232
2205
2249
2210
2201
2183
2148
2221
2181
2147
2222
2210
2158
2219
2212
2173
2249
2183
2253
2236
2212
2179
2236
2175
2160
2177
2277
2207
2197
2227
2220
2188
2226
2255
2237
2213
2240
2204
2163
2221
2145
2290
2367
2124
2223
2218
2101
2169
2278
2159
2195
2227
2182
2167
2267
2281
2169
2197
2248
2245
2272
2162
2140
2192
2222
2293
2241
2209
2197
2174
2261
2218
2233
2167
2202
2224
2231
2203
2236
2261
2256
2238
2226
2234
2190
2223
2257
2219
2169
2210
2249
2175
2336
2248
2192
2167
2237
2187
2207
2245
2132
2223
2290
2262
2181
2210
2212
2200
2212
2176
2247
2142
2245
2263
2153
2262
2204
2245
2243
2202
2231
2284
2179
2226
2317
2313
2234
2205
2242
2171
2194
2170
2224
2273
2179
2208
2157
2217
2238
2209
2227
2181
2238
2209
2221
2212
2177
2271
2278
2263
2222
2197
2233
2237
2259
2187
2289
2110
2288
2154
2181
2200
2203
2223
2247
2213
2296
2299
2299
2175
2261
2216
2195
2179
2176
2201
2182
2222
2293
2250
2291
2158
2260
2202
2146
2157
2214
2232
2220
2242
2183
2155
2207
2175
2270
2139
2225
2201
2170
2203
2230
2163
2202
2103
2132
2264
2244
2172
2144
2165
2213
2171
2255
2277
2297
2211
2221
2243
2218
2220
2168
2183
2146
2163
2157
2106
2280
2210
2117
2222
2304
2140
2239
2235
2204
2182
2208
2249
2270
2206
2179
2249
2241
2257
2175
2225
2202
2199
2245
2159
2258
2220
2134
2216
2185
2117
2207
2240
2260
2249
2192
2286
2252
2168
2165
2181
2222
2216
2231
2097
2236
2271
2185
2211
2251
2171
2147
2190
2282
2181
2280
2228
2172
2200
2168
2199
2267
2265
2176
2201
2216
2182
2169
2207
2178
2236
2221
2206
2203
2184
2211
2182
2182
2158
2247
2193
2113
2126
2213
2191
2269
2144
2078
2205
2223
2161
2179
2110
2203
2245
2172
2103
2196
2114
2119
2252
2208
2117
2162
2190
2081
2204
2090
2197
2087
2232
2154
2206
2124
2106
2200
2148
2092
2128
2114
2084
2136
2135
2136
2145
2237
2155
2115
2128
2137
2150
2076
2175
2064
2175
2100
2141
2121
2101
2171
2114
2035
2133
2074
2066
2099
2052
2063
2108
2123
2104
1976
2009
2006
2015
2011
2015
1990
2041
1946
1992
1910
1990
1852
1922
1897
1833
1800
1735
1714
1712
1657
1510
1593
1514
1486
1477
1400
1383
1414
1400
1446
1462
1475
1448
1495
1580
1552
1609
1543
1548
1508
1474
1425
1433
1392
1440
1514
1440
1506
1541
1622
1747
1653
1736
1748
1835
1843
1924
1921
1932
2000
1966
1941
1998
1947
1944
1989
2049
1991
2042
2124
2019
2085
2021
1998
2128
2071
2148
1965
2029
2171
2096
2124
2065
2069
2165
2120
2107
2121
2205
2116
2066
2074
2117
2187
2145
2192
2176
2088
2141
2102
2196
2117
2197
2186
2284
2155
2175
2103
2134
2192
2129
2054
2072
2177
2200
2129
2158
2238
2176
2301
2169
2234
2182
2179
2134
2168
2262
2183
2289
2232
2174
2167
2219
2200
2216
2228
2221
2213
2099
2252
2174
2158
2168
2269
2148
2153
2129
2173
2100
2254
2205
2256
2179
2079
2248
2224
2150
2229
2237
2318
2197
2228
2189
2213
2248
2247
2119
2230
2074
2228
2124
2233
2155
2203
2230
2163
2288
2206
2243
2075
2235
2207
2169
2196
2180
2207
2206
2210
2158
2210
2236
2204
2197
2248
2110
2161
2242
2245
2229
2164
2163
2307
2153
2235
2194
2296
2282
2236
2116
2183
2228
2248
2184
2201
2148
2190
2181
2170
2169
2236
2184
2165
2204
2263
2240
2236
2194
2206
2303
2244
2182
2199
2187
2298
2164
2280
2193
2313
2178
2181
2100
2120
2142
2194
2279
2211
2225
2140
2258
2175
2272
2214
2211
2269
2176
2196
2286
2203
2246
2186
2241
2217
2271
2152
2243
2126
2245
2207
2173
2289
2258
2259
2228
2211
2237
2178
2226
2208
2208
2202
2148
2180
2212
