2256
2199
2239
2318
2269
2134
2172
2249
2236
2267
2200
2217
2161
2268
2223
2104
2250
2155
2274
2235
2270
2257
2168
2201
2205
2230
2212
2228
2168
2163
2206
2293
2269
2187
2182
2242
2172
2211
2262
2233
2171
2177
2157
2267
2153
2218
2219
2247
2281
2165
2229
2335
2256
2201
2160
2160
2178
2224
2266
2309
2167
2208
2182
2281
2202
2215
2140
2183
2215
2194
2248
2272
2161
2166
2142
2251
2205
2264
2213
2216
2257
2088
2206
2241
2213
2114
2236
2219
2268
2250
2254
2206
2335
2222
2188
2243
2142
2185
2188
2209
2160
2225
2234
2316
2213
2249
2231
2201
2222
2188
2131
2235
2215
2125
2192
2164
2162
2198
2222
2242
2227
2215
2264
2159
2140
2254
2230
2165
2184
2226
2149
2216
2243
2217
2202
2173
2167
2211
2180
2175
2150
2256
2187
2150
2203
2146
2223
2259
2176
2223
2205
2222
2235
2122
2203
2132
2175
2233
2200
2214
2296
2148
2182
2181
2199
2212
2235
2107
2195
2185
2234
2181
2187
2171
2150
2171
2171
2106
2184
2136
2122
2104
2207
2100
2235
2170
2235
2141
2089
2169
2166
2023
2102
2132
2239
2157
2227
2182
2089
2058
2114
2167
2108
2059
2061
2132
2096
2140
2107
2023
2075
2184
2116
2031
2018
2010
1946
1950
2102
1984
2028
2006
1970
1939
1894
1921
1844
1873
1814
1707
1705
1672
1639
1583
1514
1510
1457
1446
1431
1416
1386
1422
1446
1424
1539
1458
1582
1572
1569
1542
1440
1532
1448
1353
1385
1417
1411
1427
1424
1484
1515
1520
1662
1693
1769
1694
1774
1705
1851
1841
1879
1923
1990
1962
1991
2018
1991
2017
1993
2032
2089
2053
1958
2080
2054
2051
2202
2091
2116
2114
2163
2107
2042
2125
2138
2068
2121
2110
2089
2102
2156
2094
2107
2120
2121
2191
2138
2097
2115
2151
2094
2120
2185
2030
2141
2188
2164
2154
2120
2169
2197
2192
2146
2245
2085
2137
2192
2127
2225
2224
2174
2207
2154
2184
2158
2205
2115
2131
2145
2191
2218
2134
2171
2170
2204
2171
2160
2201
2145
2231
2192
2222
2203
2102
2285
2145
2186
2138
2197
2192
2242
2159
2303
2119
2212
2184
2220
2191
2211
2272
2188
2214
2215
2221
2175
2214
2182
2223
2155
2216
2219
2274
2256
2121
2255
2234
2209
2223
2270
2199
2189
2222
2241
2248
2171
2171
2098
2171
2212
2258
2256
2190
2241
2214
2198
2154
2247
2142
2138
2262
2225
2152
2237
2237
2330
2231
2166
2254
2310
2204
2175
2338
2207
2208
2096
2245
2185
2172
2253
2301
2212
2154
2168
2219
2130
2173
2196
2238
2243
2214
2226
2136
2172
2196
2158
2205
2217
2325
2250
2195
2274
2204
2211
2260
2225
2263
2224
2198
2130
2175
2232
2223
2152
2294
2128
2271
2152
2289
2257
2138
2245
2190
2139
2219
2236
2241
2196
2199
2127
2162
2298
2195
2237
2232
2158
2193
2204
2286
2270
2190
2272
2232
2231
2241
2156
2236
2218
2146
2245
2285
2221
2251
2260
2173
2189
2233
2195
2156
2235
2233
2249
2267
2180
2238
2221
2205
2226
2258
2178
2286
2190
2245
2083
2247
2209
2237
2271
2306
2193
2168
2226
2168
2182
2228
2264
2165
2161
2232
2218
2171
2241
2171
2198
2182
2238
2145
2135
2225
2327
2151
2206
2250
2253
2273
2239
2187
2243
2214
2182
2116
2204
2357
2179
2184
2322
2158
2234
2147
2211
2261
2244
2215
2200
2258
2232
2130
2239
2189
2214
2248
2204
2272
2227
2298
2284
2204
2269
2155
2211
2193
2132
2114
2135
2262
2233
2219
2118
2252
2149
2194
2188
2231
2129
2219
2196
2216
2236
2167
2253
2205
2159
2189
2217
2219
2210
2146
2221
2298
2135
2234
2235
2213
2178
2202
2208
2190
2203
2253
2177
2173
2163
2274
2219
2222
2172
2169
2186
2168
2203
2237
2154
2242
2307
2193
2235
2305
2236
2204
2100
2174
2176
2190
2259
2157
2177
2148
2146
2236
2295
2194
2220
2259
2200
2131
2075
2159
2108
2152
2173
2211
2172
2206
2120
2238
2254
2168
2163
2175
2153
2143
2174
2207
2219
2135
2255
2138
2154
2199
2149
2150
2244
2192
2260
2157
2125
2153
2216
2255
2143
2204
2143
2153
2240
2155
2220
2158
2257
2139
2171
2138
2154
2111
2087
2249
2058
2175
2134
2141
2123
2127
2085
2120
1976
2070
2115
2133
2100
2091
2143
2021
2106
2058
2094
2106
2053
2034
2050
2034
2120
2040
2055
2051
1993
1929
2059
1991
2025
1994
1952
1925
1967
1881
1893
1802
1843
1735
1776
1724
1628
1577
1649
1520
1462
1490
1418
1374
1426
1281
1396
1437
1441
1445
1495
1475
1539
1448
1494
1535
1430
1408
1402
1467
1380
1343
1464
1447
1452
1503
1628
1609
1592
1685
1671
1817
1721
1806
1919
1794
1837
1903
1982
2000
1987
1950
1988
2040
1974
2024
2011
2016
2067
2050
2029
2192
2151
1962
2021
2098
2061
2040
2034
2081
2049
2142
2167
2126
2112
2162
2230
2129
2152
2111
2121
2172
2110
2122
2166
2122
2176
2131
2118
2166
2054
2118
2096
2167
2131
2177
2146
2083
2213
2052
2267
2204
2129
2133
2115
2252
2155
2195
2222
2129
2149
2138
2195
2169
2229
2124
2186
2138
2244
2210
2246
2075
2238
2191
2158
2175
2255
2153
2230
2174
2190
2202
2208
2056
2102
2214
2136
2198
2117
2101
2161
2235
2166
2257
2148
2285
2187
2230
2229
2190
2176
2205
2193
2243
2214
2233
2176
2200
2177
2177
2264
2149
2119
2225
2226
2193
2137
2235
2197
2158
2210
2194
2269
2232
2211
2175
2225
2143
2239
2203
2209
2181
2197
2214
2236
2232
2151
2175
2204
2173
2221
2224
2255
2169
2165
2247
2215
2189
2207
2218
2205
2151
2139
2214
2177
2217
2169
2174
2157
2162
2192
2191
2265
2211
2269
2213
2160
2312
2176
2195
2185
2220
2225
2264
2192
2152
2202
2161
2249
2218
2168
2276
2201
2258
2138
2164
2198
2171
2236
2180
2163
2226
2281
2189
2241
2282
2287
2196
2272
2209
2128
2161
2194
2237
2191
2232
2151
2233
2241
2277
2257
2195
2321
2195
2223
2189
2286
2163
2222
2239
2223
