2216
2235
2198
2202
2229
2249
2177
2238
2181
2153
2157
2096
2185
2217
2110
2259
2232
2253
2230
2203
2248
2199
2167
2226
2243
2135
2193
2150
2245
2166
2266
2192
2221
2203
2252
2258
2191
2152
2226
2188
2260
2268
2163
2249
2183
2122
2224
2166
2152
2175
2200
2219
2193
2175
2185
2282
2200
2275
2294
2187
2197
2196
2182
2172
2214
2250
2177
2199
2261
2240
2251
2309
2140
2179
2148
2109
2244
2258
2183
2218
2212
2181
2251
2171
2198
2229
2201
2203
2266
2147
2208
2154
2163
2260
2221
2154
2167
2178
2178
2179
2179
2179
2162
2199
2178
2190
2223
2268
2211
2213
2242
2166
2216
2172
2169
2162
2144
2118
2236
2180
2231
2182
2187
2221
2175
2192
2208
2185
2179
2199
2197
2131
2153
2287
2224
2206
2201
2180
2180
2168
2161
2269
2228
2210
2147
2145
2183
2172
2213
2178
2191
2184
2203
2174
2250
2153
2198
2174
2088
2192
2311
2208
2163
2155
2154
2154
2188
2258
2144
2190
2225
2185
2179
2241
2166
2199
2210
2129
2164
2177
2163
2250
2223
2137
2111
2129
2057
2186
2204
2218
2159
2209
2137
2099
2189
2203
2204
2145
2223
2122
2081
2165
2169
2086
2088
2015
2138
2223
2055
2056
2122
2094
2117
2147
2180
2078
2005
2070
1961
2020
1993
1928
1996
1885
1957
1925
1811
1864
1811
1742
1726
1683
1551
1561
1529
1449
1405
1459
1376
1345
1305
1340
1377
1334
1431
1537
1534
1496
1502
1464
1482
1435
1359
1390
1339
1346
1333
1389
1479
1431
1446
1488
1591
1657
1760
1734
1791
1766
1893
1915
1892
1951
1923
1994
1932
2012
1966
2089
2091
2078
2071
2098
1976
2094
2067
2059
2110
2102
2107
2189
2147
2133
2161
2117
2157
2156
2186
2165
2113
2117
2171
2206
2110
2150
2192
2112
2206
2187
2222
2030
2114
2184
2091
2110
2191
2235
2138
2302
2231
2098
2191
2198
2226
2127
2169
2239
2201
2171
2203
2227
2154
2157
2198
2235
2215
2323
2172
2236
2164
2207
2229
2217
2181
2175
2174
2156
2194
2226
2104
2183
2295
2247
2137
2187
2138
2220
2089
2229
2179
2231
2166
2266
2187
2184
2277
2200
2205
2228
2198
2255
2147
2170
2158
2204
2106
2168
2228
2224
2227
2167
2251
2241
2161
2226
2190
2177
2153
2232
2127
2252
2215
2291
2266
2150
2206
2224
2236
2199
2122
2173
2174
2223
2248
2285
2187
2246
2261
2174
2237
2301
2213
2244
2246
2175
2181
2199
2130
2218
2186
2339
2163
2222
2219
2139
2204
2205
2306
2177
2306
2162
2161
2163
2237
2241
2247
2203
2175
2247
2173
2140
2271
2228
2231
2202
2139
2270
2253
2212
2180
2134
2252
2126
2133
2236
2261
2253
2252
2201
2226
2207
2189
2219
2163
2192
2294
2216
2165
2170
2221
2039
2265
2161
2159
2233
2135
2255
2193
2239
2104
2248
2254
2136
2279
2245
2276
2160
2229
2240
2257
2242
2252
2189
2163
2176
2208
2187
2201
2190
2186
2151
2278
2311
2206
2100
2173
2129
2256
2154
2183
2293
2171
2267
2160
2220
2163
2111
2208
2222
2339
2254
2183
2291
2225
2229
2198
2192
2285
2222
2201
2239
2162
2194
2235
2271
2196
2136
2186
2209
2195
2156
2173
2217
2137
2213
2232
2178
2272
2193
2246
2218
2204
2223
2217
2192
2230
2224
2187
2319
2316
2189
2205
2139
2228
2181
2223
2216
2251
2182
2202
2259
2198
2198
2116
2251
2231
2208
2122
2184
2141
2128
2351
2112
2219
2264
2238
2184
2276
2179
2176
2219
2188
2171
2197
2190
2226
2230
2138
2258
2286
2182
2197
2269
2133
2204
2148
2217
2124
2196
2191
2179
2204
2226
2144
2209
2190
2179
2258
2196
2317
2158
2161
2181
2213
2245
2255
2226
2270
2214
2314
2283
2205
2239
2168
2228
2169
2215
2240
2120
2235
2180
2200
2192
2115
2195
2134
2213
2245
2190
2191
2323
2151
2207
2223
2217
2235
2222
2200
2234
2200
2176
2154
2141
2209
2169
2209
2155
2151
2172
2201
2125
2215
2191
2129
2235
2133
2233
2198
2120
2250
2122
2170
2166
2225
2122
2108
2193
2177
2121
2209
2234
2138
2105
2186
2168
2283
2172
2197
2174
2143
2172
2265
2141
2242
2147
2200
2206
2163
2205
2170
2136
2233
2143
2088
2167
2130
2128
2134
2234
2168
2128
2112
2211
2141
2150
2163
2170
2149
2197
2139
2002
2055
2098
2062
2035
2075
2138
2142
2111
2048
2066
2012
2082
2042
2014
1967
2043
1895
2002
1972
2010
1988
1910
1938
1832
1820
1782
1852
1723
1714
1645
1547
1550
1512
1368
1391
1357
1345
1400
1352
1360
1430
1459
1490
1448
1528
1505
1488
1498
1468
1397
1377
1377
1342
1332
1391
1398
1421
1523
1578
1563
1631
1688
1700
1833
1858
1888
1771
1911
1901
1934
1991
1962
2007
2008
2060
2004
2125
2061
2018
2103
2120
2100
2052
2049
2116
2025
2048
2154
2105
2090
2127
2181
2165
2119
2148
2128
2157
2059
2139
2139
2196
2135
2138
2214
2147
2220
2072
2093
2186
2172
2143
2173
2165
2126
2110
2153
2134
2120
2238
2191
2080
2245
2109
2149
2205
2167
2204
2268
2195
2168
2154
2166
2216
2160
2240
2252
2152
2188
2164
2191
2146
2209
2136
2167
2179
2213
2147
2189
2105
2182
2119
2236
2195
2204
2246
2211
2178
2141
2153
2231
2141
2168
2207
2159
2179
2220
2237
2201
2210
2161
2200
2284
2214
2220
2290
2253
2168
2188
2239
2234
2122
2244
2288
2199
2246
2220
2156
2163
2107
2192
2207
2205
2275
2174
2229
2274
2260
2090
2204
2194
2194
2251
2209
2235
2239
2157
2104
2244
2156
2236
2243
2291
2233
2177
2214
2254
2264
2242
2178
2231
2198
2256
2302
2110
2294
2230
2170
2205
2169
2203
2175
2183
2139
2265
2146
2254
2184
2129
2202
2226
2190
2167
2254
2158
2179
2107
2232
2207
2222
2245
2274
2153
2222
2219
2164
2235
2251
2161
2214
2277
2133
2115
2194
2276
2258
2197
2272
2123
2212
2206
2267
2118
2226
2171
2320
2310
2242
2208
2242
2258
2202
2227
2207
2172
2245
2193
2109
2135
2223
2139
2199
2206
2245
