2205
2234
2166
2198
2222
2240
2164
2204
2189
2158
2179
2254
2189
2215
2268
2256
2246
2170
2171
2122
2223
2174
2240
2190
2212
2158
2236
2225
2220
2228
2218
2211
2253
2288
2262
2252
2281
2226
2185
2209
2277
2377
2206
2289
2263
2184
2169
2219
2182
2206
2225
2178
2238
2206
2224
2239
2245
2238
2274
2194
2169
2275
2240
2218
2281
2281
2140
2216
2183
2154
2218
2200
2255
2290
2272
2215
2277
2188
2188
2146
2210
2269
2238
2219
2218
2225
2260
2273
2264
2174
2177
2210
2273
2176
2183
2114
2252
2219
2207
2215
2136
2249
2198
2244
2288
2219
2243
2158
2207
2260
2240
2204
2187
2212
2292
2196
2151
2228
2195
2196
2226
2227
2181
2194
2260
2197
2204
2207
2196
2207
2224
2245
2190
2197
2124
2160
2207
2207
2242
2182
2138
2245
2151
2205
2257
2233
2245
2128
2161
2234
2123
2183
2202
2250
2195
2179
2198
2315
2190
2193
2135
2196
2234
2247
2340
2218
2259
2222
2220
2200
2219
2214
2255
2193
2212
2237
2107
2222
2208
2209
2156
2206
2144
2175
2143
2258
2165
2196
2192
2212
2154
2190
2210
2047
2168
2199
2198
2135
2154
2133
2131
2185
2141
2184
2204
2106
2085
2211
2159
2133
2092
2042
2029
2146
2036
2099
2072
2069
2027
1972
1974
2080
1990
1993
1940
1923
1805
1758
1815
1756
1696
1720
1529
1631
1554
1423
1431
1395
1352
1381
1290
1353
1398
1406
1446
1489
1597
1555
1561
1458
1455
1446
1349
1366
1359
1319
1380
1358
1396
1450
1428
1553
1612
1601
1729
1811
1822
1854
1878
1851
1841
1875
2054
1911
1924
2017
2042
2074
2052
2051
2058
2130
2176
2088
2144
2108
2132
2143
2204
2086
2127
2104
2178
2107
2075
2166
2144
2149
2185
2135
2197
2257
2158
2152
2159
2176
2228
2154
2230
2135
2237
2201
2194
2215
2082
2235
2206
2188
2164
2200
2166
2247
2102
2161
2188
2225
2256
2175
2171
2287
2205
2206
2191
2221
2208
2259
2276
2159
2242
2194
2207
2205
2154
2135
2181
2148
2225
2187
2291
2207
2218
2218
2269
2227
2234
2133
2139
2170
2181
2225
2182
2118
2174
2174
2135
2178
2172
2222
2275
2166
2186
2181
2311
2214
2139
2218
2202
2126
2261
2303
2290
2190
2248
2218
2207
2229
2277
2223
2188
2256
2262
2282
2271
2212
2288
2227
2190
2267
2221
2217
2140
2189
2221
2201
2241
2207
2203
2296
2251
2229
2217
2238
2165
2282
2204
2277
2207
2144
2187
2160
2155
2218
2109
2278
2256
2176
2137
2159
2220
2237
2229
2250
2136
2253
2215
2203
2198
2249
2263
2169
2235
2206
2262
2140
2308
2185
2129
2301
2198
2238
2207
2118
2191
2239
2255
2263
2240
2177
2254
2230
2257
2252
2288
2172
2195
2173
2137
2207
2142
2267
2246
2257
2228
2272
2158
2257
2167
2300
2163
2130
2227
2220
2248
2191
2247
2207
2190
2200
2235
2245
2240
2222
2154
2231
2256
2147
2157
2180
2187
2314
2164
2128
2243
2194
2223
2167
2223
2211
2214
2331
2233
2210
2262
2221
2223
2191
2299
2193
2164
2238
2203
2253
2191
2193
2164
2194
2179
2265
2226
2209
2192
2197
2210
2142
2158
2295
2239
2177
2238
2198
2328
2244
2205
2203
2226
2180
2145
2227
2173
2170
2229
2256
2253
2303
2190
2163
2277
2192
2144
2164
2231
2219
2202
2210
2205
2185
2233
2189
2205
2179
2228
2225
2275
2281
2220
2155
2267
2189
2208
2139
2223
2176
2261
2192
2228
2299
2170
2279
2176
2135
2187
2207
2218
2160
2135
2232
2204
2166
2150
2179
2239
2300
2185
2169
2123
2219
2230
2219
2193
2190
2178
2162
2243
2129
2260
2302
2241
2132
2117
2261
2328
2277
2140
2228
2193
2305
2156
2146
2224
2248
2273
2187
2283
2209
2236
2235
2184
2240
2178
2128
2129
2211
2162
2246
2216
2185
2134
2341
2294
2255
2190
2275
2214
2212
2195
2228
2148
2187
2232
2228
2203
2183
2223
2202
2189
2187
2181
2238
2274
2160
2221
2122
2223
2207
2235
2140
2198
2295
2275
2247
2195
2174
2266
2105
2148
2254
2172
2120
2220
2290
2235
2252
2070
2131
2151
2180
2296
2111
2263
2109
2185
2234
2176
2161
2171
2236
2126
2208
2126
2126
2160
2130
2235
2255
2169
2198
2184
2159
2179
2232
2176
2198
2078
2195
2140
2090
2073
2196
2145
2085
2156
2099
2136
2106
2097
2153
2100
2042
2093
2117
2156
2023
2041
2078
2115
2013
2054
2037
1932
1988
2038
1933
1892
1850
1892
1765
1738
1729
1579
1622
1592
1505
1422
1422
1385
1360
1313
1325
1313
1283
1425
1420
1477
1473
1439
1544
1522
1474
1450
1412
1386
1407
1298
1346
1376
1383
1427
1438
1571
1593
1644
1733
1713
1743
1793
1836
1982
1897
1966
1967
2054
2104
2012
2035
1983
2007
2063
2080
2161
2072
2136
2120
2131
2070
2063
2148
2157
2073
2075
2121
2143
2146
2097
2162
2131
2138
2220
2270
2209
2205
2208
2226
2107
2146
2125
2114
2199
2296
2143
2225
2090
2135
2171
2171
2143
2171
2194
2177
2177
2196
2281
2178
2163
2191
2144
2205
2181
2170
2244
2164
2241
2167
2156
2149
2220
2181
2164
2201
2192
2184
2134
2218
2180
2241
2280
2138
2175
2157
2181
2167
2196
2275
2248
2100
2155
2189
2179
2185
2248
2162
2208
2100
2256
2179
2176
2169
2222
2243
2212
2207
2169
2201
2198
2188
2157
2212
2232
2215
2198
2202
2262
2269
2196
2228
2202
2222
2217
2182
2267
2180
2279
2134
2188
2241
2245
2163
2218
2196
2201
2263
2248
2197
2325
2200
2203
2300
2230
2207
2110
2130
2261
2250
2198
2207
2243
2141
2141
2143
2209
2225
2262
2233
2222
2249
2152
2172
2199
2181
2136
2259
2255
2256
2222
2202
2298
2275
2181
2229
2203
2299
2249
2287
2231
2228
2205
2197
2218
2267
2233
2170
2219
2317
2237
2287
2232
2194
2186
2214
2274
2199
2200
2186
2297
2196
2232
2177
2179
2220
2244
2232
2199
2194
2208
2212
2244
2214
2252
2154
2129
2228
2244
2190
2230
2201
2110
2194
2224
2292
2224
2148
2208
2233
2042
