2200
2214
2131
2266
2192
2171
2212
2224
2133
2157
2227
2091
2250
2123
2258
2307
2244
2234
2239
2248
2275
2222
2216
2239
2303
2194
2130
2278
2096
2246
2308
2187
2230
2259
2220
2228
2270
2270
2184
2145
2283
2230
2253
2245
2266
2218
2171
2159
2204
2210
2226
2231
2311
2223
2245
2288
2206
2208
2216
2255
2251
2098
2237
2231
2231
2160
2221
2167
2221
2291
2298
2199
2172
2142
2204
2318
2285
2251
2194
2178
2307
2192
2298
2228
2216
2390
2231
2253
2216
2174
2234
2288
2193
2227
2246
2192
2235
2229
2147
2326
2181
2222
2232
2240
2189
2240
2229
2279
2257
2182
2228
2171
2329
2249
2189
2211
2237
2188
2245
2253
2180
2270
2196
2181
2198
2231
2232
2204
2132
2139
2203
2194
2200
2293
2324
2211
2268
2239
2162
2178
2258
2189
2186
2140
2230
2286
2226
2221
2168
2182
2260
2184
2308
2215
2224
2198
2178
2169
2264
2178
2208
2288
2240
2277
2188
2250
2310
2259
2179
2221
2222
2263
2240
2173
2143
2108
2181
2260
2201
2187
2277
2272
2222
2181
2244
2233
2135
2222
2179
2233
2220
2216
2195
2207
2175
2219
2151
2202
2195
2154
2180
2172
2221
2037
2124
2099
2084
2135
2138
2140
2134
2137
2155
2068
2128
2070
2082
2101
2014
2011
2124
2044
2011
1985
1939
1926
1912
1867
1826
1832
1772
1633
1570
1614
1530
1414
1427
1384
1399
1398
1324
1323
1379
1378
1411
1518
1528
1557
1552
1459
1527
1366
1408
1338
1392
1330
1377
1322
1415
1496
1493
1511
1496
1683
1719
1809
1758
1819
1808
1870
1994
2061
2055
2082
1986
1996
2089
2069
2175
2154
2143
2074
2152
2170
2136
2094
2146
2182
2152
2136
2182
2167
2133
2260
2112
2177
2156
2160
2137
2194
2137
2110
2185
2121
2177
2150
2187
2226
2205
2275
2196
2188
2179
2107
2130
2229
2168
2169
2173
2209
2226
2199
2246
2153
2197
2217
2270
2179
2219
2225
2250
2119
2260
2155
2230
2235
2138
2210
2200
2215
2166
2200
2177
2244
2181
2179
2285
2216
2304
2230
2279
2218
2149
2204
2173
2271
2151
2268
2230
2258
2221
2195
2220
2279
2190
2216
2267
2137
2213
2124
2207
2308
2207
2195
2235
2315
2241
2257
2207
2176
2233
2229
2251
2290
2172
2222
2169
2148
2222
2154
2312
2210
2203
2226
2217
2185
2301
2264
2252
2184
2258
2179
2216
2204
2224
2163
2296
2215
2255
2304
2271
2252
2242
2304
2124
2211
2206
2183
2168
2243
2192
2196
2196
2255
2245
2337
2264
2173
2237
2227
2240
2208
2229
2242
2221
2203
2269
2151
2184
2222
2151
2208
2301
2206
2248
2196
2239
2174
2198
2249
2171
2220
2178
2204
2181
2226
2172
2301
2214
2184
2229
2201
2190
2236
2220
2200
2271
2189
2187
2337
2290
2227
2296
2190
2191
2277
2160
2317
2179
2230
2146
2321
2272
2200
2222
2288
2255
2306
2233
2242
2206
2198
2220
2256
2177
2151
2174
2161
2203
2289
2261
2252
2247
2237
2194
2161
2253
2152
2302
2287
2213
2263
2196
2243
2260
2239
2295
2217
2229
2231
2151
2304
2234
2282
2229
2176
2255
2297
2312
2254
2278
2210
2241
2299
2127
2226
2252
2194
2286
2274
2276
2205
2248
2214
2205
2280
2168
2286
2161
2278
2243
2201
2272
2281
2250
2297
2224
2240
2185
2312
2123
2240
2315
2302
2160
2201
2272
2149
2194
2284
2194
2198
2201
2255
2246
2189
2200
2252
2211
2203
2360
2161
2251
2129
2146
2286
2293
2199
2173
2248
2246
2270
2256
2203
2261
2269
2157
2253
2151
2199
2237
2325
2213
2218
2137
2260
2212
2228
2172
2209
2274
2241
2218
2250
2199
2217
2261
2159
2207
2260
2184
2338
2278
2216
2225
2255
2220
2207
2239
2185
2153
2264
2197
2179
2278
2150
2137
2115
2305
2165
2271
2230
2262
2196
2280
2199
2217
2245
2237
2161
2227
2230
2188
2189
2225
2140
2162
2253
2150
2266
2250
2169
2196
2194
2286
2148
2156
2185
2272
2212
2194
2261
2323
2167
2173
2223
2211
2276
2243
2189
2188
2291
2177
2275
2212
2194
2196
2260
2179
2270
2213
2135
2283
2219
2214
2165
2193
2314
2224
2173
2202
2273
2151
2204
2224
2185
2148
2159
2252
2210
2253
2163
2197
2128
2239
2210
2265
2300
2169
2155
2265
2178
2267
2169
2123
2163
2228
2109
2175
2189
2125
2123
2083
2167
2088
2103
2140
2063
2186
2027
2100
2182
2105
2121
2077
1979
1976
2032
1954
1990
1928
1939
1966
1898
1820
1869
1745
1814
1620
1640
1480
1457
1465
1463
1333
1315
1368
1355
1322
1345
1432
1456
1479
1446
1512
1500
1471
1500
1394
1299
1373
1352
1325
1388
1375
1462
1444
1505
1541
1594
1766
1637
1743
1837
1907
1884
1898
1967
1961
1965
2051
2067
1979
2045
2011
2132
2108
2135
2178
2081
2154
2172
2180
2119
2083
2212
2158
2086
2149
2217
2168
2202
2205
2187
2077
2130
2225
2155
2174
2228
2207
2122
2232
2226
2196
2199
2138
2219
2255
2172
2116
2237
2161
2176
2260
2202
2249
2224
2206
2165
2188
2236
2104
2225
2241
2194
2170
2272
2217
2183
2154
2156
2238
2202
2191
2216
2232
2237
2281
2213
2227
2178
2170
2210
2229
2149
2219
2232
2227
2189
2126
2168
2256
2115
2186
2194
2131
2191
2195
2182
2197
2232
2268
2204
2237
2253
2217
2187
2156
2277
2232
2157
2142
2216
2239
2305
2263
2153
2216
2136
2257
2162
2192
2210
2242
2219
2169
2108
2365
2217
2258
2238
2264
2265
2177
2228
2204
2214
2245
2177
2200
2145
2283
2190
2214
2211
2310
2187
2169
2227
2152
2172
2270
2178
2248
2239
2179
2219
2194
2152
2206
2290
2216
2183
2207
2258
2236
2135
2279
2210
2186
2264
2210
2241
2194
2257
2260
2229
2231
2253
2209
2248
2287
2225
2241
2252
2251
2250
2224
2252
2265
2188
2241
2222
2285
2256
2232
2195
2253
2282
2288
2224
2182
2251
2198
2283
2199
2292
2204
2159
2228
2249
2164
2278
2247
2249
2206
2190
2248
2199
2190
2167
2248
2263
2242
2220
2161
2257
2246
2194
2244
2233
2134
