2220
2289
2244
2145
2204
2323
2154
2198
2198
2239
2075
2137
2196
2163
2184
2184
2209
2167
2223
2215
2174
2152
2273
2240
2192
2174
2261
2240
2251
2183
2229
2240
2215
2214
2145
2165
2280
2107
2239
2216
2203
2242
2274
2267
2251
2137
2219
2246
2223
2208
2208
2268
2166
2225
2143
2346
2203
2161
2241
2263
2225
2182
2180
2171
2179
2193
2201
2177
2145
2190
2223
2263
2235
2240
2152
2221
2176
2119
2236
2224
2198
2211
2205
2211
2270
2224
2169
2289
2242
2211
2145
2221
2150
2167
2136
2230
2183
2206
2229
2209
2216
2170
2101
2171
2159
2285
2222
2172
2145
2213
2249
2193
2227
2186
2183
2238
2127
2250
2181
2194
2239
2268
2211
2211
2199
2164
2129
2173
2169
2174
2224
2203
2224
2300
2199
2198
2194
2220
2100
2247
2211
2137
2230
2233
2205
2163
2199
2272
2207
2281
2166
2169
2213
2154
2183
2303
2174
2115
2087
2187
2187
2122
2196
2273
2216
2187
2214
2153
2213
2172
2221
2171
2232
2158
2181
2202
2140
2247
2224
2114
2216
2172
2218
2115
2167
2196
2141
2175
2125
2162
2247
2117
2103
2225
2085
2184
2186
2163
2135
2104
2177
2142
2218
2245
2143
2171
2182
2179
2186
2136
2113
2105
2125
2054
2093
2148
2100
2062
2083
2043
1964
2010
1984
1994
1902
1907
1949
1863
1787
1682
1637
1641
1643
1469
1466
1417
1413
1389
1312
1329
1342
1353
1338
1371
1391
1450
1567
1507
1477
1435
1380
1435
1357
1245
1301
1303
1309
1440
1424
1416
1440
1511
1542
1662
1714
1776
1868
1822
1891
1896
1956
1935
1954
2013
2012
2027
2048
1988
2038
2069
2032
2131
2101
2116
2184
2146
2176
2120
2148
2092
2132
2205
2116
2152
2146
2155
2213
2238
2158
2126
2207
2137
2165
2169
2224
2167
2224
2171
2061
2121
2241
2184
2263
2195
2202
2147
2215
2217
2153
2144
2133
2197
2181
2140
2158
2185
2158
2232
2176
2202
2218
2156
2189
2168
2176
2233
2173
2202
2185
2240
2198
2233
2167
2203
2178
2182
2259
2194
2210
2167
2283
2138
2264
2207
2176
2204
2145
2176
2144
2159
2197
2165
2173
2145
2161
2132
2154
2271
2171
2190
2227
2110
2268
2161
2218
2158
2191
2206
2270
2177
2181
2224
2198
2190
2271
2192
2239
2189
2191
2153
2240
2303
2159
2107
2108
2168
2163
2288
2290
2190
2184
2149
2180
2232
2158
2239
2176
2178
2221
2230
2163
2251
2222
2211
2209
2212
2270
2194
2165
2172
2238
2231
2198
2189
2166
2286
2265
2179
2200
2143
2219
2258
2212
2178
2174
2210
2175
2205
2175
2236
2253
2157
2268
2225
2142
2199
2218
2233
2210
2241
2226
2235
2143
2273
2228
2283
2183
2261
2185
2226
2166
2213
2172
2227
2211
2241
2143
2292
2242
2188
2219
2221
2243
2225
2276
2197
2235
2237
2207
2210
2187
2246
2172
2239
2238
2190
2211
2227
2224
2198
2148
2223
2212
2297
2193
2183
2144
2208
2214
2184
2262
2231
2201
2226
2202
2226
2192
2271
2242
2206
2222
2141
2166
2221
2212
2209
2227
2146
2190
2280
2310
2204
2211
2205
2332
2264
2232
2246
2208
2248
2230
2206
2181
2108
2250
2196
2276
2188
2192
2236
2198
2226
2133
2226
2274
2131
2172
2197
2154
2262
2274
2242
2170
2160
2231
2205
2206
2186
2219
2275
2249
2187
2207
2212
2141
2109
2148
2168
2120
2165
2161
2214
2217
2159
2294
2177
2187
2225
2225
2198
2182
2170
2205
2214
2186
2182
2160
2195
2152
2134
2211
2215
2235
2160
2191
2192
2202
2256
2226
2292
2303
2188
2211
2241
2202
2208
2260
2155
2207
2168
2130
2154
2186
2120
2179
2087
2208
2200
2111
2288
2146
2180
2237
2205
2187
2224
2216
2141
2138
2235
2169
2234
2147
2149
2229
2168
2125
2208
2179
2183
2073
2148
2193
2190
2263
2145
2242
2193
2191
2164
2150
2182
2158
2158
2252
2164
2209
2239
2230
2249
2219
2202
2239
2184
2254
2232
2147
2214
2197
2201
2257
2171
2222
2186
2152
2215
2209
2113
2130
2229
2184
2226
2216
2261
2155
2172
2186
2145
2121
2129
2187
2205
2174
2169
2203
2138
2199
2221
2230
2182
2193
2200
2184
2195
2213
2107
2143
2191
2114
2191
2167
2187
2194
2247
2212
2163
2207
2259
2126
2245
2115
2104
2077
2259
2254
2135
2126
2177
2148
2154
2128
2126
2147
2279
2051
2230
2158
2101
2054
2067
2064
2086
2115
2084
2024
2075
2086
2080
2043
1961
1983
1998
1948
1945
1866
1817
1754
1736
1645
1652
1489
1474
1398
1346
1380
1363
1325
1259
1302
1372
1345
1457
1472
1549
1493
1520
1514
1482
1382
1356
1354
1348
1230
1303
1314
1397
1376
1494
1518
1530
1640
1733
1689
1741
1831
1883
1915
1927
1903
1964
2065
2045
2037
2024
2047
2010
2092
2051
2116
2196
2127
2050
2175
2128
2080
2168
2103
2096
2140
2142
2111
2150
2145
2181
2174
2180
2210
2156
2184
2148
2192
2087
2170
2165
2139
2144
2100
2129
2188
2243
2169
2082
2157
2184
2150
2225
2167
2219
2232
2190
2174
2080
2198
2196
2124
2134
2164
2235
2166
2154
2188
2134
2099
2186
2189
2209
2244
2110
2190
2214
2158
2171
2202
2193
2240
2118
2184
2206
2239
2255
2138
2156
2176
2153
2167
2161
2131
2205
2139
2173
2154
2187
2172
2157
2222
2165
2117
2254
2175
2182
2245
2262
2192
2190
2163
2204
2207
2197
2119
2294
2202
2149
2212
2209
2208
2168
2236
2191
2250
2223
2215
2272
2190
2222
2192
2228
2136
2244
2129
2123
2141
2209
2191
2089
2272
2177
2137
2231
2215
2200
2225
2170
2145
2225
2159
2187
2173
2240
2102
2217
2146
2191
2216
2168
2165
2289
2192
2193
2237
2187
2198
2176
2172
2188
2249
2327
2207
2137
2077
2174
2110
2156
2205
2207
2213
2207
2180
2194
2139
2309
2156
2168
2216
2109
2160
2223
2251
2229
2177
2265
2230
2229
2292
2197
2123
2173
2190
2238
2246
2175
2235
2203
2253
2213
2174
2160
2169
2235
2216
2178
2237
2227
2184
2177
2152
2215
2236
2189
2230
2189
2190
2268
2120
