2179
2204
2254
2128
2131
2236
2223
2253
2167
2137
2196
2198
2241
2179
2257
2172
2106
2207
2186
2124
2202
2144
2167
2329
2190
2200
2133
2161
2116
2199
2234
2199
2223
2190
2178
2136
2263
2191
2203
2236
2186
2218
2155
2181
2189
2179
2234
2217
2140
2205
2230
2303
2243
2151
2159
2159
2248
2193
2336
2191
2230
2206
2196
2185
2173
2190
2163
2200
2224
2217
2172
2219
2197
2144
2188
2246
2171
2228
2212
2133
2187
2213
2200
2148
2161
2167
2290
2154
2285
2259
2225
2133
2269
2260
2241
2238
2192
2130
2239
2180
2186
2181
2161
2187
2172
2180
2154
2093
2289
2173
2167
2204
2229
2287
2124
2129
2209
2103
2178
2177
2213
2182
2135
2159
2151
2242
2206
2239
2234
2199
2231
2124
2140
2144
2102
2264
2391
2220
2169
2144
2174
2251
2253
2120
2214
2259
2203
2220
2173
2277
2210
2202
2184
2208
2265
2246
2184
2130
2179
2173
2185
2126
2166
2143
2185
2216
2175
2180
2236
2201
2208
2143
2197
2160
2165
2152
2181
2227
2182
2153
2179
2186
2110
2122
2202
2179
2205
2286
2215
2314
2188
2148
2044
2139
2198
2171
2193
2137
2148
2215
2101
2124
2108
2206
2103
2163
2182
2121
2139
2140
1992
2141
2124
2173
2030
2072
2088
2055
2076
2092
2011
1998
2021
1995
1986
1941
1872
1912
1774
1820
1684
1691
1546
1511
1442
1485
1431
1368
1334
1256
1298
1385
1300
1446
1435
1551
1540
1538
1630
1510
1475
1377
1254
1345
1282
1334
1351
1343
1400
1424
1436
1531
1616
1622
1730
1761
1749
1811
1942
1955
1856
1966
2020
1965
2032
2021
2163
2113
2105
2165
2153
2098
2184
2206
2106
2168
2134
2190
2125
2123
2167
2148
2075
2082
2221
2109
2145
2178
2201
2161
2145
2217
2063
2112
2172
2146
2139
2175
2217
2174
2162
2202
2158
2137
2231
2164
2238
2104
2254
2089
2199
2163
2188
2171
2289
2167
2126
2234
2168
2190
2211
2168
2202
2162
2213
2120
2162
2228
2242
2096
2178
2193
2250
2163
2138
2218
2217
2192
2183
2199
2180
2161
2229
2161
2171
2231
2125
2180
2199
2140
2167
2164
2274
2170
2197
2143
2211
2165
2233
2187
2207
2223
2196
2189
2173
2269
2256
2175
2280
2072
2219
2147
2274
2239
2202
2136
2185
2143
2201
2254
2171
2250
2206
2216
2147
2147
2208
2118
2147
2246
2143
2119
2194
2188
2187
2233
2167
2228
2151
2239
2160
2176
2160
2196
2216
2200
2151
2177
2199
2199
2129
2251
2223
2217
2208
2251
2177
2234
2196
2121
2271
2212
2266
2216
2246
2160
2196
2183
2183
2221
2198
2230
2200
2139
2153
2191
2154
2193
2209
2210
2226
2241
2125
2185
2255
2204
2233
2221
2196
2155
2268
2232
2245
2209
2161
2159
2171
2210
2281
2247
2268
2144
2262
2206
2196
2157
2188
2196
2247
2290
2252
2184
2203
2125
2193
2190
2196
2221
2187
2175
2224
2236
2155
2309
2244
2207
2170
2266
2205
2171
2122
2219
2199
2198
2202
2148
2134
2142
2119
2243
2202
2237
2210
2173
2200
2209
2201
2207
2150
2185
2217
2238
2160
2283
2179
2200
2112
2147
2243
2227
2185
2145
2221
2215
2106
2250
2235
2142
2229
2273
2160
2121
2160
2178
2145
2172
2252
2248
2259
2189
2173
2116
2225
2258
2202
2163
2221
2103
2241
2158
2190
2224
2254
2263
2256
2208
2190
2218
2170
2155
2143
2291
2257
2185
2221
2147
2238
2118
2171
2199
2150
2251
2261
2204
2232
2110
2178
2177
2200
2192
2119
2213
2260
2136
2240
2173
2209
2183
2135
2195
2145
2181
2176
2122
2233
2193
2178
2305
2103
2102
2228
2289
2158
2187
2189
2190
2178
2241
2225
2260
2193
2177
2264
2194
2289
2147
2205
2176
2262
2201
2224
2241
2200
2229
2148
2248
2131
2156
2218
2221
2250
2162
2186
2154
2215
2232
2200
2254
2157
2211
2129
2184
2185
2146
2138
2199
2196
2149
2204
2192
2131
2145
2138
2217
2196
2190
2165
2105
2159
2168
2209
2165
2186
2216
2162
2198
2211
2260
2156
2201
2223
2239
2279
2217
2130
2170
2237
2103
2142
2213
2114
2189
2127
2152
2148
2174
2216
2170
2179
2214
2155
2202
2168
2065
2100
2288
2205
2152
2216
2160
2098
2185
2124
2177
2122
2168
2086
2139
2170
2107
2221
2064
2116
2088
2124
2121
2102
2186
2171
2071
2217
2098
2042
2120
2155
2083
2106
2013
2102
2151
2051
2035
2094
2066
2006
2049
2063
2006
2000
2031
2014
2027
1939
1906
1889
1859
1694
1767
1646
1566
1527
1479
1416
1313
1342
1335
1286
1310
1271
1331
1289
1425
1483
1431
1484
1520
1531
1440
1402
1333
1355
1313
1368
1359
1383
1357
1410
1453
1514
1558
1657
1657
1752
1836
1714
1828
1848
1961
1885
1987
2031
2077
2056
2032
2026
2074
2042
2023
2103
2103
2145
2133
2124
2173
2109
2188
2113
2138
2150
2190
2126
2117
2156
2109
2186
2188
2076
2203
2107
2175
2075
2176
2187
2181
2125
2226
2177
2145
2143
2154
2182
2197
2196
2184
2173
2056
2268
2231
2135
2120
2136
2225
2234
2091
2209
2114
2184
2208
2071
2197
2143
2265
2168
2151
2223
2184
2176
2133
2190
2126
2186
2180
2235
2185
2156
2194
2305
2265
2157
2186
2193
2215
2218
2181
2178
2238
2104
2262
2185
2161
2147
2119
2296
2199
2280
2179
2247
2119
2188
2105
2230
2194
2257
2221
2211
2265
2219
2171
2174
2303
2162
2196
2168
2196
2150
2193
2215
2205
2207
2141
2101
2212
2134
2192
2145
2174
2185
2181
2209
2190
2224
2147
2151
2166
2211
2253
2253
2120
2136
2216
2194
2258
2185
2183
2217
2213
2162
2181
2226
2179
2291
2218
2158
2216
2222
2198
2172
2149
2217
2207
2270
2189
2188
2181
2216
2188
2171
2184
2180
2152
2224
2188
2225
2174
2222
2129
2190
2232
2258
2159
2241
2189
2194
2150
2244
2217
2210
2222
2181
2183
2148
2156
2169
2220
2277
2206
2171
2202
2275
2147
2148
2242
2118
2233
2132
2207
2159
2220
2125
2185
2204
2128
2155
2208
2121
2093
2181
2251
2110
2205
2180
2139
2273
