2232
2203
2259
2194
2275
2236
2225
2157
2304
2178
2220
2180
2215
2180
2201
2225
2203
2125
2327
2243
2341
2209
2275
2192
2210
2131
2190
2237
2273
2268
2211
2214
2214
2206
2257
2172
2239
2301
2167
2259
2232
2189
2214
2147
2181
2161
2267
2247
2171
2217
2241
2188
2209
2250
2285
2148
2220
2161
2204
2224
2141
2206
2217
2174
2249
2211
2247
2141
2274
2235
2272
2145
2266
2189
2174
2127
2173
2278
2154
2216
2287
2162
2173
2200
2205
2198
2244
2209
2175
2247
2315
2207
2244
2279
2228
2184
2290
2146
2207
2260
2228
2242
2202
2135
2267
2299
2178
2294
2263
2207
2186
2265
2219
2178
2173
2221
2180
2186
2272
2238
2194
2199
2078
2310
2181
2230
2176
2247
2181
2228
2250
2192
2230
2220
2143
2201
2223
2192
2242
2230
2218
2200
2210
2175
2252
2216
2220
2157
2156
2202
2190
2165
2185
2254
2273
2227
2312
2268
2176
2236
2225
2235
2141
2183
2293
2106
2194
2257
2232
2203
2186
2170
2242
2216
2193
2220
2219
2199
2236
2172
2172
2214
2118
2210
2197
2209
2164
2106
2189
2208
2146
2227
2217
2203
2191
2112
2111
2121
2117
2147
2149
2154
2255
2162
2206
2168
2203
2073
2203
2224
2096
2106
2195
2267
2028
2158
2086
2018
2128
2066
2029
2077
2066
2076
2054
1950
1904
1852
1868
1813
1683
1615
1559
1474
1526
1452
1391
1355
1303
1321
1274
1349
1340
1417
1384
1421
1548
1527
1500
1502
1518
1373
1341
1345
1280
1314
1291
1359
1387
1449
1397
1498
1629
1667
1639
1727
1844
1793
1864
1920
1924
2011
2063
2012
2042
2118
2068
2045
2089
2138
2119
2203
2159
2098
2122
2081
2141
2029
2263
2150
2187
2108
2167
2112
2176
2185
2189
2125
2146
2228
2163
2143
2128
2170
2153
2100
2215
2180
2296
2118
2135
2153
2212
2229
2161
2153
2223
2124
2189
2246
2223
2226
2128
2189
2180
2206
2192
2227
2189
2125
2244
2243
2134
2138
2179
2220
2231
2160
2285
2228
2171
2190
2163
2209
2226
2240
2202
2260
2197
2206
2230
2164
2214
2242
2214
2177
2215
2234
2232
2200
2208
2199
2212
2219
2259
2167
2172
2216
2167
2213
2186
2271
2234
2244
2180
2115
2262
2139
2237
2141
2169
2219
2221
2257
2249
2213
2205
2164
2154
2206
2216
2242
2121
2214
2199
2175
2196
2267
2177
2231
2192
2206
2238
2260
2216
2242
2254
2237
2192
2227
2269
2215
2204
2214
2216
2162
2213
2250
2206
2252
2237
2159
2191
2133
2235
2241
2221
2178
2208
2245
2157
2197
2242
2232
2287
2297
2151
2146
2223
2247
2206
2284
2204
2313
2265
2183
2259
2174
2145
2161
2153
2183
2331
2311
2188
2187
2207
2116
2198
2298
2202
2241
2201
2142
2208
2208
2194
2154
2234
2224
2179
2265
2262
2180
2264
2361
2197
2177
2212
2205
2175
2210
2222
2200
2180
2199
2225
2247
2200
2280
2175
2197
2199
2191
2281
2184
2215
2282
2211
2183
2234
2231
2129
2227
2243
2188
2285
2201
2161
2237
2269
2231
2238
2190
2205
2236
2205
2197
2208
2231
2244
2234
2187
2222
2175
2213
2216
2156
2214
2196
2211
2170
2276
2181
2281
2165
2198
2278
2299
2178
2233
2117
2256
2210
2236
2235
2213
2264
2222
2217
2179
2243
2224
2237
2267
2262
2209
2177
2202
2230
2266
2182
2217
2244
2237
2195
2233
2217
2209
2275
2140
2266
2203
2208
2206
2184
2227
2202
2168
2236
2149
2143
2162
2162
2222
2242
2264
2217
2215
2243
2223
2168
2234
2200
2106
2173
2280
2187
2191
2164
2225
2210
2201
2127
2275
2161
2226
2224
2253
2094
2191
2185
2227
2218
2247
2295
2289
2198
2288
2104
2303
2212
2252
2241
2227
2219
2160
2215
2309
2208
2249
2239
2223
2182
2186
2278
2230
2245
2235
2217
2217
2194
2259
2221
2173
2230
2291
2188
2287
2220
2203
2147
2207
2214
2212
2216
2166
2259
2186
2175
2195
2242
2264
2261
2184
2168
2193
2202
2218
2244
2268
2238
2238
2227
2246
2203
2170
2166
2117
2172
2145
2221
2185
2201
2184
2168
2245
2215
2139
2193
2199
2226
2176
2137
2212
2172
2229
2241
2144
2226
2203
2149
2163
2192
2220
2300
2158
2168
2198
2236
2206
2229
2205
2160
2220
2144
2171
2248
2158
2163
2174
2051
2256
2163
2208
2200
2233
2222
2226
2123
2205
2150
2234
2279
2176
2099
2104
2137
2118
2161
2057
2092
2055
2061
2048
2106
2060
2073
2107
2024
2048
1948
2001
1879
1899
1812
1764
1734
1679
1638
1550
1519
1394
1375
1336
1299
1252
1325
1327
1366
1408
1477
1370
1546
1562
1532
1444
1413
1384
1327
1350
1241
1359
1345
1392
1346
1416
1477
1556
1629
1579
1737
1782
1788
1973
1874
1930
1972
1940
1934
1984
2041
2064
2129
2044
2100
2071
2150
2104
2038
2130
2118
2104
2164
2138
2198
2175
2148
2060
2179
2201
2092
2174
2069
2168
2194
2080
2158
2167
2242
2167
2151
2203
2184
2119
2198
2145
2220
2185
2213
2175
2259
2186
2218
2212
2215
2179
2221
2245
2171
2156
2185
2201
2154
2192
2190
2263
2191
2169
2221
2183
2170
2175
2178
2184
2181
2174
2221
2141
2218
2229
2094
2254
2150
2177
2248
2172
2202
2237
2211
2218
2166
2248
2218
2105
2212
2180
2162
2196
2152
2244
2153
2224
2223
2177
2265
2198
2234
2219
2270
2229
2152
2178
2264
2295
2258
2163
2170
2165
2199
2231
2261
2166
2334
2207
2138
2262
2211
2158
2149
2289
2159
2228
2223
2176
2276
2105
2163
2188
2154
2164
2246
2212
2204
2160
2145
2182
2179
2212
2175
2133
2167
2332
2206
2239
2227
2076
2242
2262
2194
2206
2239
2178
2151
2242
2232
2312
2258
2235
2203
2220
2311
2180
2141
2168
2196
2187
2253
2227
2265
2251
2119
2139
2202
2276
2180
2249
2209
2196
2238
2117
2207
2202
2224
2208
2248
2257
2221
2109
2186
2211
2212
2164
2221
2255
2196
2295
2231
2256
2230
2231
2237
2165
2238
2181
2134
2285
2136
2146
2188
2255
2169
2203
2178
2174
2253
2276
2219
2185
2310
2155
2233
2252
