2385
2379
2440
2370
2352
2371
2417
2338
2280
2368
2378
2468
2429
2302
2324
2339
2343
2446
2365
2452
2332
2404
2319
2437
2341
2393
2289
2400
2394
2387
2326
2408
2370
2412
2387
2351
2344
2386
2394
2352
2288
2468
2400
2481
2426
2342
2371
2440
2267
2372
2346
2389
2355
2440
2287
2412
2360
2430
2372
2361
2281
2259
2370
2304
2248
2237
2234
2204
2178
2148
2101
2081
2095
2117
2039
2050
1938
1912
2013
1996
1906
1911
1933
2045
1900
2007
1981
2027
1988
1998
2045
2037
2012
1996
2103
2042
2229
2123
2122
2140
2195
2134
2115
2198
2260
2309
2227
2197
2229
2266
2253
2285
2294
2315
2232
2350
2316
2264
2351
2359
2326
2367
2330
2396
2354
2245
2343
2361
2334
2339
2354
2357
2362
2291
2334
2218
2306
2230
2310
2214
2307
2103
2246
2130
2065
2034
2086
2075
1980
1999
2027
1977
1952
1996
1981
2030
1936
2008
2128
2039
2098
2079
2072
2218
2172
2286
2190
2222
2223
2262
2307
2251
2306
2274
2255
2275
2271
2328
2402
2340
2321
2375
2331
2311
2272
2472
2407
2309
2345
2288
2268
2390
2316
2474
2393
2253
2340
2432
2278
2333
2379
2325
2344
2239
2374
2425
2423
2333
2396
2341
2296
2253
2284
2264
2187
2182
2138
2144
2161
1996
2081
2071
2060
2056
2125
2100
2166
2266
2220
2246
2315
2263
2239
2270
2284
2365
2353
2299
2354
2258
2234
2315
2332
2337
2376
2162
2285
2323
2395
2222
2361
2354
2346
2337
2276
2346
2346
2328
2327
2295
2282
2284
2278
2335
2235
2278
2250
2153
2047
2107
2083
2090
2082
2071
2046
2110
2159
2183
2155
2148
2186
2232
2209
2284
2298
2334
2334
2333
2319
2463
2385
2315
2293
2318
2298
2361
2344
2428
2322
2321
2365
2398
2393
2376
2360
2426
2271
2370
2288
2375
2382
2419
2263
2359
2311
2297
2349
2297
2360
2259
2272
2359
2283
2226
2317
2317
2225
2229
2212
2171
2158
2141
2081
2143
2127
2115
2101
2074
1927
1949
1983
1985
2020
1992
1963
2014
2036
2031
2084
2039
2067
2092
2188
2192
2276
2324
2271
2243
2313
2316
2324
2290
2353
2400
2287
2283
2372
2397
2352
2401
2384
2326
2298
2264
2303
2320
2365
2362
2352
2319
2353
2396
2271
2326
2250
2285
2362
2235
2333
2203
2264
2311
2317
2243
2251
2195
2208
2080
2065
2052
2034
2063
2026
2084
2056
2026
1969
1956
1925
1891
1970
1933
1857
1985
1876
1899
1911
1974
1983
1973
2015
2041
2001
2127
2105
2214
2225
2156
2110
2277
2349
2309
2424
2311
2295
2386
2359
2341
2345
2281
2417
2431
2350
2392
2367
2428
2374
2364
2361
2300
2278
2409
2420
2327
2457
2379
2404
2365
2346
2390
2465
2379
2435
2424
2341
2344
2375
2378
2384
2416
2413
2348
2265
2432
2440
2354
2360
2366
2318
2456
2359
2439
2308
2309
2271
2384
2395
2374
2398
2397
2444
2399
2487
2369
2362
2392
2359
2336
2385
2338
2413
2347
2404
2359
2416
2388
2387
2376
2425
2382
2362
2362
2324
2330
2409
2351
2303
2424
2379
2362
2302
2473
2450
2392
2392
2354
2304
2373
2334
2368
2314
2336
2313
2432
2369
2432
2407
2413
2390
2388
2354
2347
2290
2347
2453
2394
2383
2321
2376
2303
2410
2291
2398
2299
2385
2387
2411
2362
2335
2411
2312
2292
2420
2407
2297
2331
2376
2365
2316
2356
2348
2383
2372
2317
2330
2329
2394
2469
2404
2368
2384
2292
2380
2397
2302
2258
2352
2288
2330
2335
2298
2322
2260
2214
2245
2235
2170
2088
2168
2096
1980
1949
1979
1845
1972
2030
1888
1941
1913
1906
1908
1912
1892
1989
1935
1925
1962
2014
2020
2134
2061
2215
2084
2053
2141
2251
2182
2232
2259
2256
2197
2321
2297
2255
2277
2323
2219
2302
2262
2291
2300
2295
2295
2282
2265
2359
2305
2284
2312
2345
2316
2375
2373
2332
2258
2370
2347
2269
2437
2359
2332
2331
2262
2291
2282
2243
2204
2260
2205
2296
2208
2148
2060
2040
2053
2001
1983
1990
1986
1878
1919
2029
1949
2057
1973
2004
2093
2109
2124
2226
2111
2229
2196
2194
2319
2274
2267
2202
2259
2338
2294
2275
2324
2336
2354
2307
2332
2378
2334
2330
2366
2333
2282
2376
2280
2354
2399
2360
2311
2330
2363
2293
2338
2453
2283
2274
2320
2293
2294
2278
2375
2337
2326
2250
2368
2358
2305
2295
2324
2337
2215
2238
2174
2097
2157
2103
2185
2127
2102
2066
2149
2004
2104
2080
2127
2241
2295
2142
2264
2274
2272
2270
2291
2394
2371
2350
2389
2304
2276
2275
2355
2355
2314
2382
2298
2384
2464
2295
2340
2392
2325
2360
2336
2307
2200
2290
2347
2326
2245
2342
2313
2229
2149
2240
2162
2178
2107
2148
2133
2129
2070
2044
1996
2038
2182
2183
2197
2189
2201
2266
2247
2349
2298
2397
2346
2262
2345
2296
2360
2352
2330
2359
2398
2357
2305
2356
2465
2340
2327
2349
2428
2401
2247
2361
2384
2337
2294
2370
2351
2336
2426
2404
2386
2351
2334
2264
2268
2283
2337
2241
2311
2206
2214
2215
2210
2285
2199
2250
2242
2175
2054
2081
2193
2079
2132
2024
2064
1977
1971
1913
1999
1995
1961
1966
1998
1998
2059
2129
2114
2163
2146
2213
2213
2163
2335
2249
2361
2343
2260
2305
2304
2369
2312
2316
2354
2295
2346
2348
2317
2285
2336
2350
2368
2319
2348
2317
2210
2329
2321
2302
2255
2238
2292
2333
2378
2145
2339
2160
2241
2277
2225
2141
2207
2143
2168
2172
2118
2117
2046
2067
2062
1996
2085
1936
1989
1984
1957
1887
1953
2012
1968
1924
1978
2041
2055
2017
1935
1972
2005
2065
2079
2060
2133
2115
2184
2245
2148
2240
2289
2300
2269
2297
2324
2314
2370
2260
2447
2328
2381
2309
2264
2381
2411
2373
2384
2361
2423
2433
2385
2371
2361
2349
2331
2382
2408
2445
2313
2380
2475
2368
2345
2397
2387
2424
2373
2346
2295
2383
2442
2454
2324
2480
2336
2344
2379
2372
2448
2296
2379
2388
2395
2371
2319
2394
2278
2413
2421
2376
2399
2442
2428
2441
2418
