2238
2268
2192
2307
2187
2221
2182
2200
2181
2165
2219
2205
2228
2181
2241
2192
2155
2318
2196
2147
2164
2175
2236
2209
2256
2176
2165
2203
2272
2174
2216
2202
2204
2242
2215
2253
2157
2129
2231
2186
2210
2116
2242
2187
2263
2184
2215
2204
2171
2263
2283
2228
2213
2222
2231
2181
2184
2215
2178
2226
2175
2269
2215
2158
2188
2188
2235
2230
2270
2235
2215
2190
2130
2219
2262
2239
2199
2144
2173
2111
2213
2196
2163
2190
2274
2163
2283
2239
2195
2215
2219
2229
2212
2239
2124
2178
2219
2160
2167
2187
2139
2161
2272
2139
2216
2123
2231
2203
2189
2117
2238
2212
2265
2209
2233
2217
2142
2221
2120
2225
2264
2240
2222
2117
2147
2179
2156
2247
2221
2189
2160
2199
2245
2212
2274
2184
2169
2183
2231
2327
2291
2218
2166
2269
2129
2225
2221
2148
2229
2217
2216
2131
2219
2252
2244
2170
2229
2263
2181
2246
2237
2118
2171
2153
2186
2201
2187
2169
2196
2181
2152
2176
2186
2087
2083
2170
2175
2148
2114
2184
2137
2128
2222
2206
2174
2149
2168
2141
2085
2211
2150
2240
2223
2201
2176
2162
2188
2191
2184
2144
2175
2163
2150
2084
2129
2200
2061
2143
2205
2174
2132
2217
2145
2126
2162
2076
2042
2094
2050
2128
2081
2055
1936
2004
2022
2002
1891
1830
1808
1749
1742
1661
1588
1477
1437
1416
1346
1419
1354
1313
1335
1339
1391
1401
1475
1444
1533
1456
1519
1506
1471
1474
1347
1366
1278
1300
1368
1313
1346
1424
1510
1567
1627
1664
1691
1681
1806
1888
1861
1974
2057
2104
2047
2036
2052
2021
2105
2119
2065
2110
2068
2082
2086
2132
2090
2110
2001
2089
2160
2166
2176
2198
2153
2077
2176
2167
2114
2106
2083
2184
2265
2215
2229
2190
2168
2206
2158
2183
2233
2219
2152
2153
2133
2160
2206
2178
2185
2140
2134
2177
2284
2166
2153
2160
2256
2146
2098
2157
2226
2199
2133
2214
2129
2268
2114
2104
2279
2255
2193
2103
2207
2161
2248
2268
2188
2226
2177
2210
2253
2268
2193
2197
2153
2114
2230
2072
2151
2222
2196
2159
2141
2220
2248
2214
2099
2148
2180
2232
2203
2217
2237
2184
2248
2255
2208
2197
2188
2117
2175
2221
2211
2162
2212
2136
2188
2169
2224
2172
2207
2325
2160
2165
2203
2118
2182
2210
2157
2194
2136
2178
2183
2214
2212
2237
2243
2190
2224
2194
2274
2201
2213
2245
2270
2186
2227
2200
2206
2170
2189
2263
2222
2172
2201
2141
2196
2190
2180
2219
2236
2253
2195
2164
2213
2141
2226
2198
2184
2300
2127
2149
2133
2154
2295
2266
2183
2194
2188
2131
2171
2289
2119
2226
2124
2145
2257
2220
2183
2191
2251
2277
2208
2182
2177
2138
2176
2242
2148
2188
2153
2292
2212
2231
2086
2179
2262
2253
2113
2129
2196
2188
2155
2208
2172
2255
2237
2244
2280
2257
2130
2150
2172
2163
2174
2245
2218
2220
2156
2187
2231
2259
2244
2130
2149
2227
2168
2211
2215
2236
2193
2243
2184
2170
2223
2229
2200
2238
2158
2228
2171
2212
2157
2244
2166
2184
2247
2307
2257
2274
2241
2200
2189
2263
2209
2233
2305
2202
2182
2164
2167
2272
2155
2133
2219
2058
2274
2176
2200
2209
2184
2105
2218
2279
2243
2281
2283
2183
2321
2247
2160
2241
2192
2222
2238
2213
2246
2188
2229
2160
2140
2151
2230
2240
2148
2289
2251
2149
2160
2225
2284
2193
2277
2185
2155
2270
2183
2284
2269
2233
2197
2223
2197
2151
2184
2168
2271
2190
2128
2149
2149
2185
2228
2260
2208
2191
2193
2245
2135
2220
2212
2150
2197
2160
2222
2242
2226
2124
2164
2197
2241
2133
2147
2118
2195
2202
2157
2214
2132
2230
2162
2226
2255
2211
2228
2211
2158
2070
2154
2153
2184
2172
2186
2310
2177
2230
2185
2239
2193
2249
2219
2183
2252
2179
2135
2213
2185
2154
2290
2238
2169
2222
2187
2240
2191
2159
2294
2315
2160
2231
2315
2191
2223
2205
2214
2220
2163
2168
2109
2176
2201
2129
2178
2157
2174
2284
2164
2173
2210
2279
2128
2111
2191
2143
2245
2242
2117
2105
2111
2202
2197
2228
2162
2220
2189
2200
2133
2122
2132
2174
2209
2190
2209
2192
2154
2275
2207
2138
2241
2157
2112
2067
2180
2165
2108
2127
2133
2229
2182
2136
2132
2218
2204
2082
2168
2130
2070
2057
2175
2123
2116
2169
2138
2072
2178
2177
2047
2104
2001
2004
2042
2023
2002
1922
1993
1869
1862
1741
1785
1754
1591
1695
1560
1475
1467
1374
1388
1368
1288
1286
1339
1305
1401
1441
1460
1527
1552
1459
1523
1453
1476
1327
1300
1290
1372
1358
1294
1315
1396
1390
1446
1530
1587
1663
1758
1816
1818
1920
1875
1978
1942
2016
1946
2102
2026
2083
2043
2053
2119
2054
2190
2113
2080
2065
2066
2130
2180
2142
2167
2176
2135
2068
2202
2165
2172
2161
2167
2139
2207
2156
2177
2128
2156
2122
2167
2214
2210
2144
2187
2235
2181
2145
2177
2195
2148
2213
2200
2188
2134
2178
2147
2136
2228
2226
2190
2214
2212
2248
2198
2073
2248
2152
2197
2156
2215
2102
2109
2221
2172
2143
2133
2246
2171
2155
2285
2199
2140
2227
2131
2195
2208
2240
2233
2158
2175
2178
2187
2126
2100
2159
2147
2232
2226
2176
2171
2220
2166
2313
2162
2141
2168
2155
2304
2200
2184
2238
2242
2136
2246
2208
2286
2229
2145
2246
2172
2134
2131
2137
2194
2240
2243
2249
2205
2256
2178
2282
2202
2072
2180
2195
2244
2198
2249
2237
2195
2221
2263
2195
2228
2152
2207
2234
2160
2257
2170
2250
2309
2253
2197
2283
2218
2221
2185
2245
2159
2235
2194
2203
2103
2111
2210
2229
2175
2226
2232
2181
2112
2246
2206
2348
2170
2171
2194
2134
2215
2155
2267
2198
2227
2246
2097
2227
2156
2111
2242
2170
2114
2214
2209
2295
2184
2206
2201
2218
2197
2139
2209
2176
2160
2191
2247
2252
2289
2215
2229
2214
2251
2273
2270
2157
2191
2254
2228
2191
2139
2267
2181
2214
2207
2170
2252
2121
2251
2206
2150
