2191
2239
2084
2169
2273
2169
2286
2163
2192
2242
2179
2160
2228
2238
2187
2201
2155
2171
2184
2147
2196
2184
2237
2142
2194
2241
2235
2200
2115
2131
2215
2237
2264
2154
2227
2229
2173
2250
2220
2101
2181
2174
2265
2220
2244
2252
2151
2196
2208
2261
2132
2249
2216
2303
2269
2178
2189
2183
2191
2186
2157
2243
2106
2184
2214
2238
2242
2216
2168
2204
2232
2196
2153
2142
2099
2218
2220
2185
2189
2225
2192
2219
2093
2160
2232
2209
2162
2205
2105
2134
2213
2221
2263
2169
2207
2216
2177
2237
2222
2200
2172
2236
2231
2282
2223
2274
2193
2326
2176
2233
2223
2213
2177
2234
2176
2186
2233
2268
2149
2252
2137
2196
2151
2189
2166
2136
2228
2222
2171
2229
2143
2155
2252
2274
2209
2188
2219
2136
2174
2198
2223
2173
2135
2183
2220
2134
2168
2170
2295
2215
2193
2084
2188
2155
2186
2211
2152
2212
2182
2136
2149
2219
2153
2172
2134
2206
2239
2237
2223
2279
2214
2195
2140
2157
2138
2182
2195
2160
2134
2214
2239
2250
2227
2193
2147
2209
2173
2233
2170
2169
2145
2113
2178
2132
2174
2149
2165
2235
2169
2244
2175
2122
2070
2181
2113
2113
2126
2021
2151
2110
2127
2161
2135
2116
2180
2160
2124
2098
2073
2083
2065
2104
2001
1962
2005
1935
1993
1873
1786
1789
1765
1692
1591
1498
1494
1502
1343
1294
1258
1223
1307
1316
1320
1406
1414
1461
1598
1501
1512
1541
1458
1422
1418
1292
1267
1330
1358
1358
1409
1429
1449
1506
1592
1620
1743
1829
1853
1835
1917
1852
2012
1975
2055
2027
2053
2068
2140
2032
2096
2044
2077
2191
2091
2120
2121
2144
2134
2137
2179
2156
2166
2124
2096
2124
2226
2181
2109
2142
2188
2161
2146
2230
2178
2251
2135
2181
2163
2192
2197
2150
2233
2198
2143
2169
2167
2138
2115
2190
2146
2237
2190
2139
2200
2283
2125
2155
2208
2280
2097
2217
2118
2173
2188
2216
2296
2284
2181
2254
2209
2144
2203
2248
2227
2211
2154
2163
2202
2140
2162
2288
2235
2101
2186
2086
2176
2184
2201
2203
2236
2186
2195
2253
2278
2271
2264
2219
2143
2156
2191
2166
2122
2213
2161
2149
2184
2196
2273
2198
2243
2215
2245
2123
2142
2260
2197
2171
2152
2199
2208
2189
2145
2124
2206
2153
2237
2197
2193
2248
2269
2150
2205
2132
2190
2174
2169
2168
2214
2195
2221
2143
2226
2209
2185
2220
2151
2260
2167
2175
2182
2250
2230
2215
2160
2248
2238
2214
2226
2234
2276
2191
2249
2160
2158
2279
2243
2146
2204
2245
2175
2183
2229
2151
2275
2145
2168
2259
2234
2248
2230
2259
2222
2145
2178
2272
2188
2153
2119
2244
2171
2174
2237
2296
2161
2182
2118
2251
2261
2161
2202
2197
2166
2226
2201
2257
2241
2187
2203
2286
2174
2225
2147
2183
2306
2146
2267
2226
2163
2187
2181
2165
2194
2119
2125
2202
2172
2231
2186
2175
2220
2296
2206
2262
2282
2190
2214
2273
2218
2234
2239
2267
2258
2204
2271
2185
2257
2279
2281
2152
2199
2132
2220
2267
2128
2205
2212
2125
2224
2121
2172
2279
2201
2141
2226
2198
2120
2137
2180
2173
2132
2135
2204
2235
2154
2285
2247
2152
2128
2182
2200
2279
2186
2229
2220
2207
2226
2233
2112
2223
2158
2161
2151
2204
2215
2245
2214
2218
2187
2164
2156
2255
2238
2208
2236
2226
2100
2179
2126
2253
2192
2217
2196
2219
2135
2216
2172
2177
2233
2198
2142
2280
2163
2208
2165
2138
2221
2245
2208
2245
2208
2158
2180
2159
2275
2250
2148
2175
2151
2272
2222
2211
2239
2208
2157
2178
2240
2200
2167
2256
2292
2299
2223
2265
2158
2187
2234
2160
2206
2217
2198
2140
2226
2246
2175
2261
2247
2151
2205
2171
2257
2172
2159
2207
2130
2157
2172
2236
2246
2233
2191
2201
2199
2209
2144
2168
2089
2209
2227
2261
2157
2206
2261
2278
2206
2116
2340
2172
2184
2245
2227
2199
2213
2184
2285
2242
2175
2254
2198
2212
2185
2147
2235
2175
2217
2185
2154
2204
2158
2200
2204
2195
2284
2196
2181
2193
2161
2160
2185
2187
2153
2208
2230
2186
2123
2158
2150
2211
2198
2261
2152
2113
2178
2205
2116
2156
2203
2194
2134
2166
2121
2127
2193
2147
2106
2219
2113
2153
2137
2286
2193
2064
2231
2135
2152
2131
2231
2132
2038
2068
2088
2039
2056
1975
2111
2077
2025
2175
1995
2045
1970
1987
2095
1944
1912
1912
1833
1831
1756
1750
1724
1603
1507
1569
1413
1418
1346
1283
1387
1320
1277
1288
1373
1415
1412
1593
1529
1535
1515
1393
1427
1357
1356
1257
1273
1258
1315
1364
1380
1424
1494
1525
1667
1653
1821
1917
1850
1858
1912
1950
2012
1985
2041
1983
2026
2074
2034
2142
2067
2122
2167
2187
2162
2079
2033
2154
2166
2115
2100
2182
2109
2067
2119
2182
2052
2096
2160
2235
2178
2142
2160
2154
2212
2168
2191
2218
2182
2192
2191
2257
2191
2169
2186
2229
2199
2142
2282
2163
2117
2198
2142
2122
2105
2184
2192
2225
2165
2203
2136
2188
2218
2279
2256
2126
2084
2223
2162
2178
2163
2140
2163
2172
2214
2179
2221
2240
2203
2240
2206
2266
2200
2151
2192
2253
2149
2177
2079
2187
2206
2103
2191
2148
2187
2208
2214
2150
2128
2191
2169
2184
2188
2146
2135
2183
2148
2119
2100
2146
2214
2162
2159
2195
2228
2170
2255
2140
2108
2211
2314
2219
2231
2215
2170
2195
2098
2231
2187
2219
2184
2148
2217
2204
2131
2158
2193
2208
2200
2182
2139
2237
2191
2196
2202
2223
2252
2123
2220
2267
2141
2260
2207
2192
2257
2217
2283
2120
2168
2215
2215
2181
2226
2203
2202
2276
2191
2188
2190
2121
2242
2246
2243
2216
2278
2191
2212
2178
2140
2234
2267
2232
2199
2157
2153
2191
2146
2224
2158
2166
2220
2237
2239
2172
2190
2119
2225
2162
2221
2146
2163
2252
2220
2225
2220
2168
2203
2184
2232
2134
2110
2195
2190
2158
2115
2170
2131
2231
2162
2234
2249
2185
2239
2202
2192
2171
2217
