2222
2170
2249
2262
2208
2241
2308
2211
2220
2178
2168
2215
2218
2274
2188
2168
2235
2220
2247
2115
2187
2241
2178
2180
2213
2102
2159
2173
2165
2183
2248
2164
2189
2205
2206
2221
2165
2170
2217
2242
2228
2157
2204
2205
2218
2197
2267
2256
2153
2223
2144
2162
2192
2179
2277
2156
2246
2220
2221
2264
2219
2192
2211
2262
2206
2269
2229
2276
2244
2248
2207
2123
2265
2228
2212
2212
2238
2287
2200
2302
2158
2199
2295
2285
2223
2161
2221
2229
2277
2206
2216
2211
2236
2258
2182
2169
2168
2149
2307
2220
2102
2207
2231
2298
2212
2165
2216
2322
2149
2214
2228
2201
2338
2169
2249
2194
2166
2233
2190
2263
2193
2259
2197
2205
2196
2160
2076
2179
2154
2248
2168
2187
2225
2177
2129
2185
2251
2174
2287
2268
2229
2244
2141
2156
2238
2149
2269
2280
2199
2211
2237
2228
2110
2154
2203
2214
2196
2216
2269
2167
2266
2211
2197
2173
2244
2226
2286
2196
2234
2232
2192
2212
2173
2100
2242
2190
2196
2244
2157
2159
2223
2115
2184
2245
2215
2235
2181
2215
2173
2291
2171
2178
2171
2186
2228
2139
2221
2142
2187
2125
2131
2099
2124
2172
2119
2105
2259
2137
2142
2109
2171
2136
2109
2144
2164
2094
2020
2108
2082
2056
2031
2068
2032
2018
1963
2064
2060
1897
1899
1874
1688
1699
1630
1579
1483
1501
1436
1351
1330
1303
1284
1340
1341
1392
1443
1494
1500
1577
1501
1486
1496
1385
1353
1368
1285
1273
1307
1367
1331
1416
1475
1473
1652
1643
1758
1708
1835
1868
1854
1976
1987
2033
2021
2099
2121
1990
2052
2159
2069
2182
2142
2094
2142
2138
2157
2147
2199
2196
2020
2185
2179
2195
2126
2127
2161
2194
2123
2204
2091
2181
2159
2140
2153
2207
2205
2214
2158
2179
2212
2256
2190
2255
2219
2240
2234
2143
2290
2217
2180
2140
2260
2164
2229
2214
2194
2226
2291
2220
2176
2200
2117
2270
2217
2195
2210
2256
2224
2312
2255
2166
2201
2177
2192
2138
2191
2227
2241
2207
2257
2200
2168
2146
2160
2268
2266
2228
2224
2164
2227
2202
2267
2235
2171
2195
2287
2205
2200
2261
2233
2185
2149
2190
2247
2270
2220
2218
2234
2228
2273
2163
2207
2180
2200
2322
2215
2194
2164
2140
2266
2213
2213
2186
2244
2160
2273
2132
2252
2099
2285
2242
2262
2155
2162
2260
2215
2193
2208
2270
2234
2207
2208
2223
2193
2167
2190
2203
2217
2187
2251
2135
2263
2336
2196
2185
2156
2267
2186
2228
2219
2193
2215
2256
2236
2253
2275
2220
2138
2259
2321
2187
2192
2220
2201
2163
2181
2228
2223
2202
2187
2222
2250
2320
2223
2217
2140
2210
2238
2234
2256
2218
2264
2244
2157
2227
2149
2261
2210
2253
2261
2258
2127
2196
2114
2198
2175
2193
2174
2193
2241
2303
2212
2280
2196
2221
2174
2197
2247
2261
2173
2246
2145
2204
2252
2147
2200
2177
2154
2280
2180
2296
2234
2226
2192
2240
2226
2261
2192
2276
2173
2158
2246
2279
2231
2175
2160
2256
2181
2198
2227
2147
2201
2229
2227
2252
2190
2254
2159
2171
2223
2276
2211
2248
2191
2214
2214
2186
2257
2216
2290
2206
2245
2273
2224
2198
2235
2225
2246
2174
2318
2220
2218
2273
2141
2213
2118
2368
2223
2310
2082
2208
2297
2263
2214
2222
2230
2229
2246
2241
2253
2122
2243
2227
2157
2128
2185
2230
2172
2163
2327
2182
2227
2219
2088
2223
2192
2221
2245
2198
2224
2223
2199
2164
2149
2153
2224
2262
2173
2112
2242
2160
2190
2286
2179
2167
2174
2201
2223
2241
2253
2201
2258
2168
2263
2125
2231
2271
2171
2192
2250
2255
2204
2223
2278
2313
2153
2205
2193
2259
2106
2220
2197
2164
2219
2202
2176
2182
2202
2161
2204
2252
2231
2202
2225
2209
2158
2244
2138
2159
2160
2195
2171
2205
2155
2155
2226
2159
2147
2185
2127
2271
2202
2252
2203
2228
2194
2287
2200
2191
2133
2195
2209
2184
2188
2246
2217
2133
2309
2160
2190
2208
2194
2220
2149
2149
2253
2174
2122
2252
2207
2242
2181
2275
2246
2244
2271
2151
2227
2168
2171
2209
2181
2224
2141
2185
2060
2132
2148
2218
2202
2170
2169
2192
2133
2255
2310
2198
2209
2273
2193
2197
2285
2120
2225
2164
2148
2228
2183
2162
2152
2093
2157
2158
2153
2243
2172
2181
2212
2157
2170
2033
2127
2108
2052
2082
2075
2082
2167
2107
2099
2017
2104
1966
1906
1994
1945
1851
1806
1801
1673
1682
1519
1491
1421
1358
1405
1324
1251
1268
1334
1352
1311
1444
1432
1564
1552
1566
1466
1472
1443
1378
1355
1287
1252
1346
1251
1308
1389
1430
1473
1594
1700
1736
1737
1804
1890
1866
1919
2005
2036
2012
2053
1982
2125
2054
2099
2172
2070
2132
2101
2134
2157
2145
2096
2116
2203
2176
2207
2176
2144
2073
2191
2135
2174
2126
2205
2146
2151
2203
2124
2173
2196
2287
2134
2173
2274
2202
2178
2129
2214
2205
2244
2154
2203
2237
2227
2109
2243
2243
2172
2197
2242
2162
2211
2186
2225
2258
2127
2223
2213
2196
2088
2258
2199
2159
2093
2177
2232
2183
2179
2169
2195
2289
2290
2157
2173
2275
2252
2214
2280
2200
2227
2260
2257
2116
2185
2199
2213
2181
2249
2210
2236
2217
2188
2242
2196
2215
2270
2180
2244
2099
2266
2253
2288
2276
2189
2254
2224
2280
2137
2294
2216
2148
2257
2170
2159
2183
2236
2213
2198
2180
2199
2201
2180
2236
2208
2232
2190
2204
2268
2277
2219
2157
2328
2233
2148
2139
2312
2221
2292
2248
2297
2169
2131
2186
2245
2185
2157
2181
2204
2248
2163
2190
2269
2222
2154
2223
2194
2175
2149
2209
2198
2272
2236
2159
2155
2189
2213
2196
2215
2244
2194
2165
2175
2168
2219
2201
2099
2230
2184
2265
2226
2215
2208
2132
2225
2184
2218
2292
2206
2156
2219
2235
2293
2208
2295
2185
2191
2264
2292
2286
2312
2251
2273
2241
2257
2139
2154
2215
2115
2240
2216
2227
2266
2177
2218
2191
2175
2180
2252
2314
2240
2174
2212
