2431
2469
2442
2391
2422
2400
2417
2422
2498
2455
2642
2459
2427
2440
2423
2414
2390
2505
2502
2483
2412
2483
2496
2433
2450
2452
2449
2480
2509
2436
2405
2427
2480
2462
2598
2463
2438
2553
2495
2563
2507
2484
2483
2428
2508
2370
2465
2549
2457
2494
2422
2582
2457
2486
2450
2465
2477
2488
2532
2532
2476
2483
2477
2495
2482
2425
2445
2441
2484
2460
2471
2456
2522
2523
2401
2454
2469
2426
2439
2385
2497
2402
2399
2390
2455
2515
2462
2457
2485
2478
2381
2494
2513
2458
2484
2394
2502
2428
2426
2546
2576
2465
2507
2428
2457
2450
2391
2504
2442
2481
2469
2427
2473
2424
2390
2454
2484
2434
2496
2549
2425
2499
2525
2509
2397
2482
2583
2456
2352
2466
2458
2493
2414
2349
2515
2434
2410
2417
2425
2438
2510
2521
2419
2489
2482
2407
2449
2494
2422
2384
2516
2401
2407
2450
2436
2455
2435
2486
2353
2506
2508
2389
2518
2373
2495
2388
2477
2507
2424
2493
2310
2519
2386
2433
2443
2507
2434
2488
2470
2448
2395
2412
2461
2541
2449
2448
2424
2418
2344
2406
2400
2377
2407
2449
2366
2432
2346
2417
2427
2348
2396
2356
2465
2472
2446
2461
2422
2408
2378
2362
2420
2447
2346
2321
2413
2407
2358
2336
2317
2297
2285
2207
2275
2307
2177
2173
2237
2040
2109
1939
2017
1877
1801
1716
1628
1582
1540
1479
1442
1538
1433
1408
1457
1627
1564
1628
1744
1680
1716
1649
1670
1563
1527
1506
1478
1409
1419
1436
1605
1653
1743
1715
1723
1915
1885
1986
2079
2040
2136
2189
2151
2274
2264
2316
2379
2248
2362
2301
2382
2372
2415
2433
2333
2339
2438
2437
2509
2371
2456
2424
2357
2414
2409
2449
2482
2432
2457
2463
2430
2459
2394
2441
2435
2427
2425
2469
2437
2428
2391
2416
2489
2443
2408
2377
2422
2360
2429
2449
2488
2502
2481
2360
2454
2433
2391
2465
2450
2453
2530
2447
2480
2378
2431
2410
2504
2465
2434
2447
2560
2483
2473
2551
2492
2509
2443
2476
2382
2447
2430
2535
2497
2361
2477
2403
2418
2489
2521
2474
2504
2453
2459
2452
2396
2455
2430
2409
2473
2334
2401
2453
2439
2410
2452
2510
2424
2386
2494
2439
2444
2456
2430
2423
2386
2517
2460
2488
2493
2511
2318
2458
2492
2483
2515
2526
2478
2430
2486
2436
2465
2511
2420
2424
2489
2460
2546
2523
2448
2481
2437
2428
2520
2409
2481
2436
2460
2572
2485
2496
2435
2345
2501
2560
2443
2449
2497
2495
2626
2490
2479
2501
2490
2387
2542
2509
2452
2433
2479
2406
2477
2496
2492
2420
2456
2405
2520
2576
2500
2446
2482
2417
2439
2440
2478
2466
2406
2475
2532
2419
2437
2516
2591
2449
2522
2489
2439
2461
2518
2439
2390
2440
2529
2535
2447
2406
2472
2394
2581
2531
2495
2490
2469
2404
2486
2499
2568
2435
2470
2504
2436
2523
2498
2446
2445
2452
2424
2503
2367
2455
2432
2449
2426
2506
2429
2499
2436
2488
2494
2452
2436
2523
2503
2514
2400
2491
2526
2479
2460
2459
2450
2364
2403
2319
2419
2469
2412
2501
2373
2473
2481
2522
2377
2508
2406
2445
2320
2400
2518
2501
2526
2517
2436
2489
2419
2456
2353
2461
2479
2446
2546
2456
2456
2499
2424
2466
2539
2591
2432
2519
2545
2558
2425
2505
2454
2463
2424
2477
2394
2411
2457
2437
2441
2425
2510
2483
2443
2505
2384
2440
2455
2398
2498
2481
2441
2395
2454
2404
2436
2454
2476
2455
2382
2380
2407
2393
2504
2494
2441
2380
2419
2470
2383
2398
2499
2388
2431
2380
2401
2507
2498
2421
2506
2499
2393
2385
2418
2398
2452
2415
2506
2463
2504
2452
2455
2543
2547
2433
2422
2547
2403
2495
2512
2437
2386
2518
2493
2469
2404
2464
2428
2507
2433
2502
2434
2534
2455
2452
2430
2453
2496
2418
2480
2370
2438
2455
2447
2491
2388
2506
2464
2461
2488
2411
2335
2496
2521
2452
2367
2441
2327
2457
2395
2394
2414
2488
2508
2494
2529
2493
2446
2389
2583
2420
2481
2344
2489
2461
2409
2402
2477
2486
2346
2480
2460
2324
2343
2446
2485
2440
2413
2518
2448
2390
2433
2442
2392
2393
2445
2505
2453
2468
2559
2399
2389
2468
2412
2359
2411
2416
2471
2387
2448
2400
2429
2399
2382
2387
2347
2447
2380
2454
2404
2371
2350
2333
2393
2496
2353
2433
2288
2407
2353
2385
2337
2400
2357
2266
2313
2398
2382
2245
2253
2285
2207
2193
2163
2041
1957
1884
1895
1792
1681
1612
1627
1604
1453
1442
1454
1446
1494
1483
1509
1628
1633
1687
1685
1653
1614
1643
1515
1536
1439
1467
1501
1455
1489
1520
1628
1676
1641
1770
1805
1937
1981
2021
2061
2163
2218
2173
2187
2305
2255
2329
2322
2404
2294
2370
2330
2395
2363
2383
2407
2314
2382
2463
2388
2492
2440
2273
2348
2437
2458
2394
2345
2372
2430
2385
2405
2475
2375
2433
2450
2521
2410
2440
2483
2387
2377
2454
2436
2507
2433
2405
2420
2373
2418
2454
2484
2403
2472
2471
2406
2376
2438
2405
2401
2402
2439
2448
2401
2513
2441
2408
2440
2430
2464
2503
2525
2448
2427
2431
2484
2409
2507
2541
2393
2407
2419
2535
2511
2469
2424
2495
2394
2407
2464
2437
2468
2573
2479
2489
2399
2444
2516
2521
2420
2492
2387
2391
2461
2433
2398
2394
2479
2448
2492
2463
2501
2505
2420
2490
2457
2485
2419
2451
2449
2308
2539
2349
2405
2531
2450
2417
2483
2534
2452
2545
2386
2485
2388
2454
2483
2443
2448
2554
2479
2433
2410
2441
2492
2504
2477
2423
2486
2455
2445
2444
2481
2338
2490
2498
2433
2490
2460
2521
2472
2326
2504
2423
2543
2417
2442
2421
2431
2464
2486
2393
2531
2395
2519
2469
2434
2372
2429
2437
2439
2427
2404
2450
2532
2463
2583
2460
2492
2459
2515
2468
2398
2427
2478
2438
2413
2416
2492
2506
2447
2367
2531
2495
2438
2473
2443
2437
2451
2412
2451
2383
2495
2505
2514
2437
2449
2526
2404
2459
2510
2496
2480
2556
2509
2401
2459
2434
2440
