2197
2154
2201
2195
2240
2236
2209
2212
2214
2209
2184
2208
2222
2192
2120
2240
2222
2184
2293
2186
2310
2169
2116
2223
2209
2154
2174
2215
2207
2210
2124
2211
2146
2210
2214
2130
2219
2142
2176
2187
2227
2210
2278
2245
2264
2238
2129
2133
2118
2193
2289
2193
2189
2181
2260
2217
2140
2209
2122
2170
2245
2170
2161
2286
2183
2168
2305
2147
2236
2197
2238
2173
2213
2138
2236
2173
2165
2090
2273
2211
2150
2163
2256
2211
2147
2264
2171
2209
2161
2194
2249
2172
2237
2182
2228
2213
2212
2232
2149
2260
2176
2187
2257
2212
2220
2171
2162
2158
2210
2223
2070
2347
2182
2243
2200
2116
2132
2188
2184
2260
2211
2165
2203
2182
2227
2243
2304
2159
2212
2066
2271
2112
2254
2230
2195
2172
2175
2232
2224
2157
2149
2160
2125
2165
2179
2191
2177
2213
2155
2191
2185
2211
2249
2213
2174
2146
2148
2129
2279
2156
2195
2180
2182
2204
2183
2250
2151
2246
2198
2212
2212
2148
2147
2197
2194
2170
2157
2211
2140
2178
2131
2260
2156
2181
2247
2184
2213
2223
2194
2136
2192
2166
2129
2125
2200
2253
1961
2158
2184
2223
2210
2198
2167
2157
2157
2110
2198
2129
2074
2173
2133
2211
2181
2164
2156
2116
2115
2154
2080
2002
2063
2002
2067
1990
1925
1981
1937
1884
1830
1816
1690
1637
1581
1539
1468
1436
1370
1387
1298
1300
1319
1333
1314
1436
1404
1463
1507
1519
1462
1504
1439
1284
1277
1294
1295
1366
1360
1375
1296
1473
1410
1503
1607
1642
1698
1793
1869
1825
1851
1858
1984
1997
1971
2036
2054
2091
2078
2141
2123
2041
2125
2106
2054
2132
2156
2099
2148
2193
2126
2164
2212
2216
2146
2092
2127
2157
2119
2222
2178
2200
2189
2121
2170
2099
2221
2125
2166
2201
2188
2231
2255
2193
2160
2175
2181
2192
2085
2283
2165
2171
2147
2186
2121
2211
2180
2196
2158
2242
2189
2089
2172
2225
2177
2143
2223
2248
2199
2114
2176
2167
2284
2188
2171
2182
2257
2152
2139
2218
2192
2253
2186
2222
2190
2222
2257
2222
2139
2201
2185
2251
2249
2275
2145
2187
2148
2213
2146
2254
2145
2218
2250
2227
2171
2197
2189
2221
2151
2127
2194
2244
2204
2208
2172
2264
2220
2113
2263
2181
2201
2199
2261
2217
2162
2215
2283
2202
2235
2179
2194
2240
2215
2211
2154
2180
2175
2214
2228
2226
2134
2211
2230
2178
2179
2193
2108
2181
2188
2215
2271
2182
2224
2219
2278
2225
2177
2192
2243
2177
2206
2176
2154
2072
2201
2194
2152
2243
2261
2212
2211
2146
2129
2259
2143
2202
2205
2118
2109
2231
2128
2191
2205
2164
2253
2173
2180
2119
2230
2111
2282
2192
2350
2204
2146
2220
2207
2203
2152
2236
2202
2149
2227
2236
2153
2233
2205
2176
2121
2240
2231
2234
2154
2186
2202
2183
2188
2221
2146
2211
2219
2182
2261
2181
2271
2145
2256
2189
2132
2157
2174
2263
2164
2150
2163
2158
2141
2213
2161
2184
2206
2204
2198
2173
2185
2134
2180
2199
2305
2205
2260
2212
2168
2242
2219
2158
2194
2215
2216
2153
2181
2247
2198
2160
2177
2222
2205
2201
2201
2156
2197
2249
2233
2204
2174
2143
2234
2165
2155
2301
2216
2240
2205
2194
2072
2202
2238
2152
2175
2152
2187
2163
2312
2188
2104
2184
2248
2285
2167
2203
2112
2220
2215
2232
2141
2281
2300
2269
2171
2240
2152
2206
2176
2139
2269
2112
2216
2141
2181
2259
2242
2167
2183
2233
2098
2218
2186
2174
2147
2202
2197
2170
2203
2233
2201
2212
2180
2245
2121
2121
2190
2187
2162
2133
2187
2212
2160
2156
2233
2214
2259
2241
2149
2236
2139
2198
2112
2203
2189
2155
2209
2210
2206
2135
2219
2080
2250
2181
2193
2180
2086
2105
2217
2155
2238
2224
2220
2141
2176
2166
2092
2250
2142
2134
2210
2200
2158
2079
2214
2217
2218
2157
2215
2156
2121
2155
2154
2267
2310
2107
2284
2141
2103
2124
2163
2208
2098
2140
2165
2210
2209
2143
2201
2151
2157
2206
2211
2216
2219
2098
2159
2218
2136
2202
2152
2131
2131
2161
2183
2202
2224
2214
2239
2254
2120
2158
2183
2117
2184
2141
2155
2232
2191
2221
2175
2186
2169
2095
2191
2314
2181
2204
2054
2228
2152
2167
2196
2163
2220
2261
2113
2113
2100
2190
2088
2049
2095
2187
2160
2156
2091
2043
2102
2135
2092
2030
2173
2063
2070
2082
2003
2040
2023
2076
1998
1910
1865
1808
1815
1668
1705
1561
1559
1541
1456
1369
1327
1297
1271
1295
1352
1337
1365
1409
1460
1436
1577
1558
1525
1411
1451
1372
1275
1358
1260
1291
1304
1302
1396
1365
1478
1501
1645
1702
1680
1858
1885
1944
1855
1985
1964
2028
1948
2130
2061
2056
2042
2078
2049
2123
2214
2083
2117
2138
2097
2205
2184
2131
2037
2164
2152
2051
2052
2111
2198
2225
2109
2084
2180
2150
2154
2128
2236
2167
2211
2138
2131
2214
2173
2085
2185
2117
2133
2267
2164
2234
2052
2171
2074
2122
2213
2247
2155
2177
2134
2156
2187
2198
2199
2307
2150
2233
2221
2124
2178
2217
2132
2131
2106
2253
2221
2192
2142
2221
2113
2120
2195
2197
2185
2192
2161
2154
2221
2215
2154
2151
2258
2230
2186
2223
2047
2213
2176
2218
2220
2162
2152
2222
2233
2172
2161
2132
2124
2248
2115
2264
2169
2238
2199
2202
2178
2137
2229
2206
2249
2201
2126
2172
2249
2169
2223
2221
2237
2143
2254
2240
2234
2265
2149
2170
2169
2177
2141
2184
2219
2191
2256
2120
2152
2254
2247
2200
2115
2224
2139
2181
2103
2123
2297
2198
2208
2185
2204
2181
2188
2227
2153
2202
2151
2191
2172
2192
2219
2180
2236
2155
2256
2271
2157
2146
2115
2150
2237
2179
2191
2149
2242
2152
2202
2241
2225
2181
2227
2187
2187
2124
2210
2177
2234
2200
2230
2178
2106
2142
2233
2209
2252
2089
2152
2240
2176
2215
2273
2029
2133
2163
2101
2172
2229
2160
2174
2281
2183
2293
2182
2115
2212
2173
2184
2152
2247
2158
2167
2212
2203
