2256
2265
2294
2213
2254
2179
2172
2225
2187
2106
2192
2194
2263
2080
2135
2205
2152
2176
2203
2209
2205
2267
2279
2238
2104
2237
2261
2175
2204
2143
2205
2194
2171
2222
2239
2178
2220
2150
2221
2218
2227
2168
2122
2161
2272
2224
2193
2230
2250
2195
2199
2164
2135
2130
2172
2259
2155
2199
2160
2206
2131
2124
2207
2168
2243
2214
2180
2183
2201
2149
2202
2151
2220
2193
2233
2168
2213
2211
2192
2253
2171
2218
2183
2200
2115
2204
2240
2165
2132
2312
2286
2234
2180
2133
2246
2195
2225
2211
2259
2226
2203
2194
2110
2231
2192
2210
2127
2215
2147
2184
2206
2175
2086
2266
2281
2156
2240
2216
2256
2234
2112
2188
2205
2190
2190
2193
2153
2252
2217
2189
2188
2207
2227
2200
2263
2231
2184
2161
2142
2102
2203
2123
2196
2196
2217
2219
2230
2185
2135
2244
2259
2232
2178
2137
2209
2252
2153
2223
2163
2197
2147
2186
2152
2145
2163
2159
2257
2244
2134
2235
2169
2100
2255
2214
2160
2215
2210
2026
2195
2193
2178
2179
2282
2263
2080
2149
2240
2178
2181
2204
2136
2112
2244
2126
2225
2051
2135
2166
2206
2248
2180
2140
2225
2126
2174
2190
2228
2192
2288
2165
2197
2090
2101
2197
2130
2141
2145
2046
2050
2081
2049
2001
2029
1967
1991
1913
1902
1921
1834
1768
1673
1713
1587
1586
1523
1405
1346
1350
1342
1240
1271
1289
1313
1410
1423
1499
1506
1582
1500
1481
1507
1476
1396
1289
1332
1246
1257
1346
1412
1376
1461
1444
1577
1653
1666
1814
1897
1875
1831
1918
1970
1958
2063
1974
2079
2072
2194
2145
2120
2140
2008
2056
2114
2083
2165
2191
2156
2124
2182
2125
2165
2151
2113
2187
2186
2171
2164
2089
2127
2153
2123
2208
2209
2139
2214
2185
2136
2158
2215
2192
2130
2246
2140
2212
2227
2117
2219
2129
2212
2169
2197
2130
2091
2222
2161
2122
2162
2194
2122
2205
2178
2088
2134
2271
2183
2191
2232
2199
2237
2187
2215
2197
2174
2216
2119
2279
2087
2167
2140
2200
2282
2170
2219
2258
2145
2170
2115
2183
2185
2141
2204
2175
2281
2252
2124
2187
2208
2221
2168
2171
2242
2250
2215
2176
2221
2239
2198
2225
2208
2186
2168
2207
2185
2174
2212
2204
2161
2164
2188
2215
2190
2247
2184
2176
2212
2182
2214
2241
2144
2206
2170
2074
2170
2323
2183
2181
2194
2217
2200
2242
2193
2179
2172
2198
2288
2191
2172
2292
2161
2206
2237
2237
2124
2226
2121
2210
2271
2126
2204
2243
2153
2209
2150
2168
2162
2190
2139
2245
2189
2164
2216
2223
2252
2236
2233
2212
2213
2213
2260
2164
2228
2210
2203
2211
2153
2197
2181
2184
2258
2188
2196
2186
2175
2250
2212
2173
2163
2162
2142
2246
2156
2187
2186
2127
2193
2177
2228
2217
2239
2316
2222
2176
2145
2119
2219
2164
2183
2210
2181
2197
2184
2202
2197
2096
2194
2272
2284
2216
2256
2106
2213
2151
2212
2274
2280
2191
2165
2228
2123
2144
2209
2170
2237
2272
2269
2159
2184
2219
2150
2183
2145
2194
2189
2157
2209
2176
2193
2172
2149
2178
2224
2066
2232
2263
2161
2200
2135
2276
2202
2175
2252
2210
2169
2273
2235
2167
2195
2190
2207
2253
2189
2186
2246
2188
2172
2321
2200
2198
2129
2166
2157
2221
2236
2173
2260
2279
2281
2089
2208
2191
2237
2134
2234
2231
2162
2189
2182
2161
2222
2216
2226
2193
2211
2252
2161
2102
2039
2134
2149
2194
2223
2159
2193
2138
2241
2122
2176
2212
2174
2154
2129
2190
2241
2115
2223
2140
2192
2169
2248
2179
2218
2311
2241
2165
2204
2228
2224
2261
2160
2264
2220
2160
2263
2253
2142
2171
2172
2174
2186
2195
2162
2215
2164
2194
2234
2172
2118
2316
2173
2246
2225
2153
2204
2130
2147
2156
2228
2150
2144
2174
2190
2157
2196
2196
2220
2192
2304
2176
2189
2308
2233
2250
2174
2247
2188
2180
2207
2148
2283
2247
2193
2114
2196
2228
2179
2186
2202
2224
2125
2209
2180
2206
2218
2148
2176
2225
2212
2241
2167
2222
2140
2158
2229
2238
2165
2156
2139
2203
2147
2208
2272
2170
2290
2130
2154
2245
2113
2186
2160
2203
2177
2146
2160
2183
2200
2147
2156
2159
2179
2179
2198
2126
2162
2225
2217
2087
2145
2157
2214
2160
2150
2179
2142
2185
2163
2113
2122
2129
2162
2101
2047
2045
2064
2105
2124
2103
2032
2096
2055
1995
2029
1926
1912
1924
1899
1864
1826
1744
1654
1627
1508
1488
1415
1395
1349
1301
1240
1243
1334
1373
1420
1486
1501
1515
1543
1642
1487
1423
1378
1359
1337
1307
1305
1259
1291
1377
1396
1428
1609
1474
1709
1734
1747
1819
1918
1900
2019
2018
1977
2000
2010
2074
2014
1982
2059
2173
2159
2134
2082
2133
2087
2173
2135
2230
2161
2146
2171
2154
2108
2153
2095
2064
2144
2138
2200
2177
2197
2150
2151
2118
2176
2134
2197
2159
2104
2169
2212
2110
2151
2241
2216
2267
2222
2235
2165
2120
2235
2121
2087
2137
2201
2201
2120
2252
2219
2144
2254
2109
2157
2146
2214
2200
2096
2223
2266
2155
2227
2163
2179
2236
2182
2157
2204
2171
2123
2090
2057
2234
2223
2199
2248
2193
2168
2232
2154
2257
2217
2153
2284
2192
2139
2250
2197
2113
2151
2188
2169
2194
2173
2235
2183
2209
2098
2151
2141
2228
2242
2263
2220
2210
2250
2134
2174
2135
2165
2168
2241
2164
2239
2207
2190
2212
2199
2192
2265
2222
2215
2240
2172
2200
2256
2160
2198
2188
2216
2144
2215
2200
2166
2113
2252
2259
2169
2167
2145
2190
2191
2208
2173
2223
2124
2207
2273
2254
2162
2197
2172
2171
2196
2187
2238
2183
2222
2153
2224
2179
2175
2170
2216
2223
2117
2138
2182
2231
2216
2267
2123
2198
2169
2195
2207
2166
2231
2227
2216
2246
2195
2180
2113
2194
2162
2208
2166
2250
2136
2157
2059
2255
2100
2229
2231
2240
2183
2224
2105
2300
2228
2304
2239
2170
2212
2160
2206
2207
2184
2265
2224
2117
2187
2192
2313
2221
2156
