2211
2185
2180
2284
2198
2212
2160
2187
2136
2253
2181
2186
2172
2207
2205
2267
2204
2176
2163
2191
2239
2172
2169
2216
2313
2206
2138
2202
2253
2280
2235
2136
2181
2206
2171
2229
2226
2196
2092
2196
2192
2197
2218
2090
2202
2145
2220
2299
2186
2210
2154
2231
2188
2252
2156
2176
2124
2199
2201
2220
2109
2177
2218
2195
2189
2152
2163
2185
2209
2195
2140
2134
2277
2233
2191
2218
2151
2201
2178
2156
2262
2231
2318
2130
2156
2162
2141
2275
2131
2210
2244
2199
2149
2193
2123
2221
2277
2247
2267
2223
2320
2192
2219
2141
2140
2178
2127
2202
2141
2252
2251
2264
2149
2277
2178
2169
2258
2112
2212
2235
2286
2190
2149
2170
2198
2276
2146
2252
2164
2259
2231
2209
2107
2192
2100
2183
2133
2128
2204
2157
2206
2162
2268
2148
2099
2195
2139
2102
2161
2188
2174
2208
2154
2181
2124
2175
2243
2297
2227
2124
2198
2182
2301
2175
2136
2150
2207
2179
2146
2228
2181
2225
2231
2236
2152
2131
2196
2166
2212
2224
2165
2238
2160
2156
2146
2201
2120
2133
2135
2191
2160
2145
2190
2138
2115
2168
2064
2123
2120
2066
2144
2145
2137
2169
2107
2133
2229
2164
2220
2090
2073
2131
2181
2158
2082
2118
2202
2048
2082
2129
2125
2010
2035
1987
1982
1917
1968
1889
1906
1744
1793
1702
1650
1553
1573
1384
1316
1307
1336
1347
1175
1299
1411
1342
1444
1460
1561
1512
1515
1418
1353
1308
1243
1322
1266
1302
1276
1350
1425
1360
1413
1457
1625
1608
1752
1754
1805
1867
1943
1881
2050
1938
2108
2099
2131
2120
2029
2084
2100
2066
2192
2130
2155
2138
2134
2220
2218
2119
2149
2116
2146
2168
2156
2260
2065
2191
2130
2159
2148
2129
2168
2171
2146
2209
2107
2232
2117
2156
2116
2129
2210
2260
2224
2216
2257
2165
2202
2162
2210
2199
2119
2173
2143
2166
2192
2197
2119
2193
2227
2082
2146
2220
2218
2218
2222
2206
2163
2159
2190
2201
2198
2165
2131
2200
2138
2154
2173
2233
2165
2229
2296
2243
2202
2157
2184
2229
2142
2237
2218
2192
2167
2193
2117
2195
2266
2202
2199
2236
2134
2230
2172
2221
2215
2229
2131
2166
2184
2183
2225
2189
2274
2220
2214
2225
2142
2201
2206
2288
2244
2233
2244
2225
2262
2194
2218
2179
2210
2250
2158
2249
2262
2199
2200
2093
2215
2216
2226
2293
2276
2125
2204
2258
2265
2142
2185
2181
2254
2198
2114
2125
2193
2202
2187
2215
2216
2295
2245
2121
2189
2242
2211
2109
2149
2128
2115
2185
2154
2132
2212
2177
2156
2160
2203
2226
2113
2302
2170
2229
2185
2089
2198
2245
2254
2241
2202
2231
2205
2217
2156
2170
2195
2220
2214
2271
2212
2161
2149
2226
2196
2140
2177
2209
2182
2223
2172
2217
2216
2198
2136
2201
2237
2224
2147
2157
2209
2198
2145
2181
2265
2249
2169
2129
2239
2230
2219
2209
2271
2188
2186
2193
2137
2212
2258
2232
2123
2244
2247
2103
2184
2193
2156
2265
2245
2190
2181
2166
2137
2179
2184
2155
2196
2307
2169
2167
2170
2176
2169
2242
2154
2256
2162
2204
2262
2183
2161
2266
2267
2202
2193
2205
2157
2121
2167
2211
2255
2238
2236
2178
2181
2195
2227
2221
2175
2215
2193
2198
2092
2206
2235
2229
2154
2177
2163
2193
2204
2197
2276
2136
2147
2230
2139
2198
2141
2203
2212
2194
2275
2263
2204
2150
2137
2147
2249
2213
2181
2251
2195
2143
2185
2211
2140
2144
2154
2107
2203
2217
2203
2192
2211
2297
2239
2202
2137
2195
2180
2137
2196
2152
2180
2141
2153
2250
2219
2220
2251
2228
2154
2186
2244
2193
2171
2277
2255
2096
2127
2137
2130
2146
2251
2189
2220
2214
2221
2164
2218
2185
2194
2210
2168
2216
2266
2241
2106
2205
2202
2180
2184
2288
2146
2177
2222
2189
2208
2155
2240
2199
2168
2180
2229
2122
2165
2205
2156
2218
2268
2117
2047
2200
2166
2150
2178
2109
2113
2195
2263
2233
2213
2183
2215
2209
2138
2184
2221
2190
2220
2084
2266
2182
2185
2154
2187
2148
2280
2222
2151
2162
2175
2215
2148
2149
2224
2205
2182
2115
2209
2268
2135
2204
2285
2212
2177
2109
2157
2219
2159
2249
2123
2200
2174
2192
2167
2158
2200
2149
2105
2145
2189
2188
2120
2087
2168
2198
2096
2182
2259
2182
2219
2080
2137
2094
2091
2101
2059
2060
2121
2108
2055
2073
2052
2058
2043
2051
2027
1883
1865
1818
1796
1756
1656
1541
1494
1472
1378
1345
1335
1325
1250
1291
1332
1270
1361
1435
1457
1516
1545
1527
1522
1445
1343
1378
1314
1280
1324
1293
1303
1352
1363
1414
1528
1587
1652
1700
1733
1829
1885
1922
1906
1991
1948
1971
1989
2083
2101
2036
2008
2068
2074
2160
2127
2131
2093
2148
2206
2108
2120
2064
2235
2113
2196
2155
2105
2140
2167
2188
2086
2247
2119
2152
2140
2168
2129
2219
2153
2153
2157
2199
2155
2218
2203
2153
2165
2151
2178
2123
2223
2231
2108
2142
2225
2121
2115
2188
2199
2233
2162
2252
2175
2185
2238
2188
2285
2171
2211
2145
2178
2110
2102
2173
2152
2157
2132
2158
2133
2220
2144
2195
2128
2258
2281
2184
2244
2177
2249
2161
2144
2239
2222
2219
2217
2192
2260
2203
2129
2200
2205
2158
2204
2232
2213
2163
2195
2158
2120
2282
2203
2203
2199
2182
2229
2069
2256
2216
2298
2116
2243
2160
2151
2203
2200
2240
2181
2257
2181
2129
2171
2131
2125
2184
2238
2208
2279
2200
2201
2202
2131
2249
2176
2187
2200
2221
2247
2125
2129
2131
2158
2177
2131
2194
2168
2259
2045
2208
2246
2195
2221
2171
2175
2183
2212
2172
2031
2193
2246
2195
2166
2133
2210
2298
2200
2247
2219
2184
2194
2268
2134
2216
2136
2230
2282
2166
2227
2225
2214
2241
2243
2137
2232
2184
2171
2184
2254
2238
2122
2117
2236
2154
2257
2088
2167
2216
2250
2330
2119
2169
2214
2130
2253
2199
2245
2156
2147
2238
2192
2155
2203
2215
2195
2170
2146
2129
2141
2231
2161
