2226
2254
2226
2227
2199
2168
2190
2214
2201
2182
2146
2296
2205
2217
2121
2272
2217
2185
2103
2240
2207
2255
2206
2152
2211
2143
2216
2179
2231
2207
2160
2233
2156
2220
2182
2198
2187
2196
2233
2186
2193
2196
2274
2168
2177
2155
2310
2178
2279
2112
2163
2175
2133
2235
2200
2186
2279
2234
2194
2228
2166
2212
2190
2304
2201
2193
2203
2236
2209
2182
2119
2223
2176
2095
2187
2209
2117
2243
2256
2115
2264
2244
2280
2188
2194
2137
2235
2121
2159
2194
2180
2189
2147
2241
2202
2229
2137
2209
2232
2177
2257
2166
2174
2096
2213
2228
2288
2235
2160
2245
2146
2283
2164
2085
2256
2203
2206
2204
2139
2122
2225
2141
2158
2204
2186
2039
2144
2163
2157
2208
2241
2230
2279
2207
2224
2149
2141
2197
2133
2222
2215
2236
2134
2260
2289
2205
2254
2206
2187
2153
2198
2153
2124
2271
2249
2283
2106
2090
2219
2205
2160
2176
2133
2179
2254
2205
2112
2176
2209
2192
2186
2150
2177
2196
2193
2220
2231
2236
2239
2174
2160
2147
2238
2214
2199
2046
2264
2180
2237
2291
2162
2190
2164
2248
2099
2177
2169
2244
2196
2169
2173
2148
2136
2161
2193
2243
2092
2094
2094
2163
2025
2083
2161
2185
2129
2126
2060
2113
2190
2095
2034
2044
2015
1969
1925
1971
1918
1946
1833
1778
1659
1691
1590
1524
1507
1428
1349
1333
1257
1228
1289
1379
1359
1355
1463
1490
1549
1506
1549
1526
1496
1348
1285
1279
1322
1278
1335
1278
1337
1420
1485
1489
1553
1612
1689
1824
1822
1886
1919
1944
2035
2046
2059
1989
2135
2148
2193
2061
2078
2167
2146
2063
2197
2179
2124
2137
2052
2193
2154
2130
2275
2176
2197
2233
2118
2191
2199
2145
2237
2158
2121
2095
2236
2118
2212
2249
2172
2148
2153
2196
2168
2111
2301
2218
2231
2111
2212
2164
2169
2161
2210
2209
2211
2223
2208
2226
2236
2216
2237
2131
2130
2279
2255
2171
2168
2213
2243
2267
2147
2076
2125
2154
2186
2237
2193
2049
2184
2208
2158
2134
2185
2197
2221
2208
2177
2257
2157
2218
2153
2212
2216
2190
2264
2147
2207
2189
2175
2268
2147
2178
2155
2162
2186
2208
2175
2283
2162
2231
2234
2180
2164
2270
2205
2269
2125
2301
2202
2169
2249
2188
2220
2216
2226
2248
2124
2151
2248
2297
2183
2221
2251
2218
2263
2285
2230
2270
2232
2184
2262
2190
2215
2183
2175
2149
2233
2181
2249
2220
2123
2200
2224
2240
2205
2139
2155
2164
2175
2149
2174
2186
2159
2104
2195
2238
2236
2128
2144
2178
2111
2181
2221
2197
2175
2224
2232
2184
2253
2177
2121
2275
2126
2116
2132
2130
2227
2150
2204
2167
2232
2236
2197
2220
2216
2112
2209
2266
2162
2182
2144
2201
2179
2177
2209
2167
2121
2150
2158
2221
2141
2190
2293
2169
2267
2237
2251
2110
2197
2222
2183
2190
2228
2204
2245
2242
2241
2162
2211
2112
2238
2277
2176
2233
2283
2144
2225
2163
2207
2157
2223
2202
2240
2124
2245
2174
2210
2238
2190
2286
2190
2265
2203
2133
2184
2141
2217
2191
2221
2212
2249
2212
2173
2206
2191
2233
2256
2220
2239
2121
2215
2194
2247
2204
2249
2204
2288
2258
2293
2191
2164
2171
2178
2188
2142
2270
2195
2229
2200
2207
2167
2150
2218
2220
2171
2181
2214
2190
2202
2138
2153
2229
2212
2147
2173
2226
2168
2168
2167
2245
2165
2271
2143
2184
2133
2252
2190
2191
2227
2167
2155
2270
2144
2248
2142
2198
2222
2134
2246
2206
2222
2169
2172
2195
2257
2202
2165
2185
2106
2206
2225
2145
2185
2213
2195
2230
2237
2172
2154
2158
2192
2147
2225
2161
2233
2190
2200
2235
2252
2171
2199
2191
2129
2223
2252
2162
2156
2182
2184
2177
2233
2182
2216
2190
2190
2223
2224
2204
2159
2126
2123
2181
2162
2183
2191
2161
2174
2237
2123
2103
2193
2141
2220
2143
2157
2239
2139
2145
2164
2107
2202
2252
2172
2119
2132
2147
2173
2179
2110
2189
2264
2202
2178
2184
2159
2199
2199
2223
2250
2234
2212
2238
2168
2118
2188
2240
2171
2069
2245
2216
2153
2246
2162
2233
2099
2206
2135
2114
2130
2178
2118
2195
2209
2259
2118
2203
2184
2210
2114
2264
2170
2077
2193
2213
2190
2209
2132
2212
2213
2144
2180
2172
2160
2176
2109
2159
2139
2126
2150
2119
2070
2096
2096
2172
2033
2077
2031
2019
2058
2150
1964
2003
1948
2008
1933
1911
1911
1888
1750
1737
1656
1594
1545
1497
1466
1356
1310
1299
1264
1279
1335
1277
1348
1358
1439
1474
1517
1567
1521
1456
1438
1416
1280
1305
1270
1373
1332
1395
1375
1471
1501
1527
1617
1731
1795
1814
1850
1931
1967
1925
2091
2014
2051
2035
2088
2090
2055
2140
2148
2128
2121
2053
2160
2131
2110
2043
2044
2106
2091
2141
2072
2119
2126
2083
2179
2139
2123
2085
2169
2117
2169
2315
2137
2241
2221
2161
2200
2211
2179
2120
2115
2124
2205
2192
2165
2190
2156
2220
2213
2239
2137
2201
2127
2180
2124
2277
2158
2156
2258
2196
2179
2148
2313
2169
2208
2145
2113
2272
2162
2236
2155
2174
2095
2188
2254
2208
2174
2230
2127
2242
2225
2244
2185
2169
2228
2174
2188
2111
2180
2193
2182
2188
2143
2299
2131
2260
2213
2168
2215
2197
2195
2135
2139
2214
2174
2235
2151
2153
2235
2153
2201
2164
2196
2122
2148
2263
2167
2197
2130
2207
2204
2160
2292
2252
2121
2213
2208
2271
2209
2234
2287
2153
2128
2210
2207
2202
2161
2120
2271
2226
2235
2275
2144
2221
2214
2175
2197
2181
2122
2119
2230
2207
2165
2213
2156
2239
2154
2224
2176
2160
2228
2207
2197
2195
2257
2134
2188
2143
2135
2164
2199
2196
2156
2263
2163
2161
2143
2197
2212
2137
2177
2296
2213
2130
2262
2127
2221
2220
2299
2239
2095
2200
2253
2306
2263
2248
2244
2211
2253
2208
2204
2165
2211
2211
2246
2153
2260
2135
2148
2141
2159
2209
2165
2187
2197
2185
2189
2121
2247
2177
2165
2237
2209
2189
2118
