2159
2175
2138
2182
2143
2191
2169
2223
2234
2305
2058
2268
2250
2151
2223
2227
2252
2183
2196
2161
2146
2154
2223
2155
2292
2209
2144
2145
2193
2118
2177
2173
2253
2167
2181
2241
2232
2239
2184
2128
2172
2204
2203
2254
2197
2219
2102
2194
2227
2197
2196
2103
2215
2141
2207
2142
2182
2286
2188
2116
2221
2139
2248
2191
2134
2198
2247
2234
2296
2210
2214
2201
2121
2201
2120
2167
2180
2198
2197
2183
2189
2092
2101
2214
2179
2275
2236
2194
2182
2129
2126
2125
2185
2239
2202
2211
2180
2209
2112
2151
2244
2296
2229
2242
2187
2248
2208
2323
2272
2235
2110
2216
2145
2201
2209
2148
2182
2163
2107
2131
2095
2215
2298
2213
2222
2255
2229
2123
2254
2214
2211
2104
2191
2204
2257
2242
2120
2221
2168
2170
2240
2196
2159
2237
2171
2197
2165
2169
2161
2184
2193
2196
2238
2207
2206
2265
2197
2184
2184
2151
2127
2144
2180
2161
2219
2185
2116
2192
2192
2147
2108
2195
2205
2207
2106
2167
2251
2103
2186
2162
2196
2157
2278
2175
2174
2163
2107
2200
2221
2078
2158
2181
2165
2233
2157
2190
2135
2176
2181
2134
2133
2123
2129
2157
2135
2036
2111
2236
2181
2056
2062
2151
2139
2167
2042
2114
2008
2075
2137
2149
2072
2071
2033
2014
1990
1916
1882
1941
1770
1757
1810
1658
1592
1623
1406
1421
1405
1354
1239
1282
1284
1338
1321
1420
1443
1472
1507
1579
1545
1494
1465
1391
1291
1303
1324
1249
1301
1328
1345
1365
1444
1497
1579
1590
1762
1833
1828
1860
2024
1946
1945
1970
2017
1987
2076
2056
2194
2077
2108
2140
2115
2110
2137
2163
2121
2195
2042
2193
2160
2156
2182
2124
2135
2191
2166
2236
2189
2172
2179
2146
2158
2097
2166
2141
2108
2285
2091
2218
2180
2142
2159
2115
2139
2161
2240
2198
2198
2188
2275
2106
2164
2134
2129
2241
2208
2159
2149
2219
2153
2192
2212
2210
2126
2227
2207
2222
2170
2226
2293
2202
2208
2203
2198
2230
2223
2153
2211
2190
2200
2168
2234
2084
2226
2249
2113
2194
2200
2132
2076
2217
2235
2217
2239
2222
2229
2291
2138
2139
2189
2100
2213
2146
2273
2265
2179
2227
2158
2223
2183
2143
2259
2151
2166
2170
2185
2147
2253
2178
2239
2205
2188
2233
2184
2152
2152
2266
2213
2210
2146
2141
2210
2180
2218
2147
2223
2271
2210
2181
2174
2159
2142
2251
2268
2255
2234
2180
2143
2167
2102
2198
2251
2232
2201
2173
2194
2194
2239
2177
2120
2162
2229
2172
2190
2138
2173
2282
2160
2196
2251
2265
2214
2139
2217
2188
2200
2240
2234
2141
2193
2272
2202
2207
2289
2174
2122
2213
2180
2178
2136
2277
2138
2167
2254
2228
2258
2132
2184
2206
2166
2202
2126
2221
2128
2228
2185
2248
2169
2106
2216
2240
2176
2185
2246
2219
2242
2091
2203
2157
2214
2150
2241
2227
2169
2187
2119
2237
2147
2158
2343
2275
2131
2192
2210
2204
2107
2155
2174
2155
2225
2212
2211
2163
2187
2172
2250
2199
2234
2106
2179
2231
2218
2151
2140
2189
2161
2165
2159
2166
2137
2158
2171
2251
2184
2199
2126
2189
2174
2210
2136
2156
2155
2259
2278
2193
2185
2271
2176
2183
2114
2206
2127
2173
2197
2295
2183
2187
2185
2131
2199
2166
2167
2221
2201
2191
2132
2229
2169
2290
2174
2257
2196
2144
2185
2206
2117
2220
2212
2192
2167
2262
2193
2155
2208
2200
2155
2137
2273
2230
2178
2173
2209
2204
2320
2280
2141
2194
2195
2203
2261
2222
2218
2172
2205
2205
2142
2146
2177
2217
2218
2353
2121
2097
2215
2244
2101
2136
2201
2160
2206
2202
2199
2261
2127
2145
2173
2173
2294
2228
2197
2192
2179
2297
2205
2198
2160
2215
2187
2084
2188
2223
2237
2253
2182
2234
2179
2163
2151
2202
2135
2169
2183
2152
2162
2228
2195
2156
2259
2183
2157
2198
2238
2185
2129
2154
2201
2226
2264
2170
2177
2067
2182
2178
2226
2224
2150
2271
2189
2134
2133
2141
2250
2225
2216
2211
2170
2213
2171
2189
2239
2230
2143
2177
2220
2140
2135
2192
2138
2229
2199
2216
2167
2154
2203
2191
2125
2182
2147
2196
2200
2235
2207
2127
2201
2099
2106
2125
2089
2102
2115
2184
2145
2231
2084
2089
2211
2173
2217
2210
2174
2150
2137
2146
2161
2139
2169
2102
2090
2200
2133
2088
2097
2168
2136
2139
2125
2098
2131
2039
2099
2122
1941
2015
1957
1933
1934
1874
1760
1710
1645
1676
1554
1524
1416
1400
1329
1302
1306
1254
1301
1279
1401
1435
1464
1433
1557
1442
1544
1529
1410
1326
1321
1310
1260
1314
1358
1326
1375
1498
1509
1582
1701
1728
1787
1810
1855
1857
1969
2047
2003
2032
2034
2124
2001
2051
2154
2096
2077
2154
2177
2134
2114
2182
2103
2098
2117
2043
2120
2129
2140
2164
2171
2168
2122
2224
2267
2185
2137
2243
2140
2183
2179
2111
2127
2151
2204
2190
2222
2163
2136
2158
2144
2222
2173
2170
2189
2227
2192
2169
2145
2114
2159
2185
2236
2174
2109
2158
2231
2129
2126
2180
2172
2133
2268
2132
2222
2212
2181
2199
2110
2175
2184
2143
2135
2129
2222
2192
2158
2212
2155
2106
2199
2203
2209
2134
2282
2171
2177
2229
2228
2203
2109
2083
2268
2206
2163
2199
2190
2182
2155
2211
2158
2173
2180
2231
2118
2175
2181
2229
2184
2112
2159
2173
2164
2240
2133
2271
2287
2087
2209
2235
2274
2135
2221
2282
2183
2199
2211
2058
2201
2108
2150
2177
2172
2118
2270
2156
2183
2104
2135
2168
2178
2172
2159
2233
2172
2117
2247
2240
2200
2187
2226
2162
2139
2213
2171
2119
2222
2183
2167
2174
2232
2166
2163
2141
2185
2248
2173
2120
2241
2155
2152
2209
2214
2187
2265
2177
2214
2146
2186
2231
2196
2170
2202
2118
2169
2215
2151
2283
2234
2186
2247
2162
2135
2216
2245
2296
2250
2197
2231
2104
2178
2129
2111
2203
2189
2160
2227
2163
2237
2190
2180
2195
2142
2171
2146
2225
2226
2202
2181
2199
2148
2096
2269
