2354
2400
2363
2357
2298
2432
2334
2350
2416
2381
2395
2374
2397
2274
2416
2392
2353
2405
2369
2413
2255
2458
2278
2500
2268
2378
2371
2330
2338
2337
2385
2338
2315
2423
2312
2344
2353
2331
2378
2337
2385
2402
2424
2390
2343
2380
2303
2395
2341
2288
2367
2366
2365
2344
2323
2396
2343
2415
2380
2297
2319
2315
2348
2254
2294
2246
2179
2232
2180
2087
2133
2065
2063
1977
2018
1973
2037
2011
2046
1924
1909
1927
1888
1944
2002
2038
1976
2038
2056
1903
2033
2031
2051
2072
2048
2008
2088
2147
2113
2134
2247
2145
2258
2221
2238
2226
2191
2287
2282
2328
2319
2268
2285
2302
2190
2287
2287
2263
2275
2393
2314
2283
2285
2359
2380
2411
2359
2365
2275
2299
2414
2314
2335
2330
2299
2312
2237
2270
2221
2245
2209
2142
2242
2110
2186
2113
2042
2019
2139
2003
1995
1986
2008
2097
2005
2025
2075
2039
2112
2050
2117
2055
2113
2179
2141
2184
2226
2255
2283
2305
2265
2373
2357
2311
2319
2270
2209
2314
2351
2346
2302
2323
2215
2324
2256
2386
2262
2293
2362
2332
2328
2389
2371
2312
2366
2398
2331
2281
2387
2332
2376
2361
2377
2366
2350
2383
2250
2304
2319
2315
2288
2255
2214
2290
2251
2234
2151
2103
2026
2021
2026
2121
2127
2132
2083
2118
2193
2172
2151
2317
2243
2199
2275
2264
2320
2305
2308
2322
2319
2308
2318
2315
2258
2324
2291
2251
2285
2320
2383
2308
2248
2335
2330
2373
2416
2324
2356
2322
2344
2360
2292
2191
2262
2280
2221
2200
2157
2148
2153
2200
2217
2160
2140
2124
2146
2149
2028
2155
2178
2202
2243
2191
2308
2183
2321
2235
2276
2340
2398
2326
2454
2309
2413
2352
2320
2266
2427
2394
2302
2330
2402
2347
2370
2335
2356
2292
2369
2364
2384
2339
2401
2363
2289
2283
2386
2377
2257
2328
2327
2321
2351
2317
2295
2281
2300
2266
2208
2144
2150
2230
2193
2102
2235
2061
2040
2153
2057
2090
2014
2001
2007
1930
1971
1987
1921
1986
1967
2058
2110
2000
2184
2155
2196
2232
2235
2288
2272
2356
2380
2359
2349
2320
2363
2311
2390
2404
2321
2298
2306
2318
2340
2344
2314
2377
2250
2322
2324
2327
2259
2356
2400
2358
2340
2371
2298
2276
2345
2241
2222
2278
2196
2206
2214
2277
2096
2240
2189
2144
2150
2141
2087
2170
2042
2026
2003
1997
2060
1941
1886
2018
1973
1899
1928
1925
1900
1931
1920
1995
1938
1908
2002
2060
2065
2091
2134
2104
2263
2248
2212
2242
2173
2286
2346
2324
2367
2334
2387
2338
2396
2383
2358
2374
2375
2440
2324
2380
2380
2340
2330
2404
2314
2303
2327
2333
2341
2469
2374
2443
2354
2477
2403
2291
2368
2417
2304
2405
2267
2365
2361
2491
2324
2415
2283
2343
2395
2281
2440
2364
2395
2327
2447
2405
2430
2323
2433
2256
2392
2345
2396
2301
2389
2376
2433
2366
2386
2416
2476
2388
2421
2407
2423
2443
2362
2482
2415
2419
2340
2294
2408
2381
2344
2458
2360
2439
2421
2347
2355
2446
2385
2439
2427
2441
2329
2365
2493
2385
2399
2368
2285
2330
2402
2407
2428
2308
2254
2370
2363
2339
2449
2383
2366
2329
2382
2401
2397
2462
2358
2459
2386
2390
2299
2365
2419
2309
2484
2423
2337
2362
2462
2324
2281
2415
2298
2382
2324
2327
2380
2351
2333
2357
2351
2403
2377
2433
2277
2346
2355
2335
2351
2377
2365
2328
2388
2410
2384
2353
2328
2251
2251
2356
2310
2340
2343
2202
2196
2164
2129
2160
2031
2001
2065
2027
1977
2020
1958
1941
1931
1913
1900
1885
1957
1936
2000
1903
2030
1961
2010
2006
2066
1983
2066
2050
2030
2123
2130
2148
2092
2260
2076
2243
2237
2227
2236
2278
2253
2254
2299
2333
2272
2362
2385
2308
2261
2274
2292
2298
2321
2377
2344
2369
2315
2356
2331
2251
2263
2326
2285
2304
2269
2321
2335
2218
2379
2285
2229
2265
2340
2233
2152
2274
2161
2063
2058
1969
2011
2075
1965
1992
1932
1968
1961
1993
2113
1941
1968
2055
2138
2137
2120
2177
2083
2116
2200
2185
2252
2180
2197
2284
2249
2292
2314
2288
2264
2328
2214
2295
2325
2346
2352
2427
2304
2311
2342
2374
2315
2403
2260
2307
2280
2421
2341
2299
2254
2330
2353
2430
2326
2312
2293
2418
2308
2419
2222
2295
2369
2324
2326
2293
2284
2341
2288
2320
2167
2201
2123
2084
2124
2051
2059
2063
2097
2107
2138
2175
2059
2277
2202
2210
2253
2319
2330
2353
2362
2322
2339
2294
2298
2350
2356
2355
2279
2317
2303
2419
2307
2333
2260
2312
2253
2340
2261
2295
2253
2311
2278
2427
2381
2315
2305
2242
2273
2277
2288
2220
2209
2137
2174
2163
2169
2101
2060
2056
2021
2123
2071
2101
2141
2196
2253
2247
2252
2290
2316
2286
2343
2332
2382
2365
2318
2309
2329
2318
2377
2331
2254
2374
2362
2332
2338
2387
2382
2378
2353
2384
2357
2307
2370
2365
2262
2372
2344
2352
2332
2306
2298
2262
2320
2259
2242
2285
2315
2329
2327
2220
2282
2262
2263
2251
2217
2135
2119
2086
2136
2090
2028
1983
1986
1904
1957
1939
1852
1963
2015
2043
1971
2070
2027
2062
2137
2050
2174
2178
2301
2323
2185
2252
2330
2343
2340
2344
2326
2289
2318
2402
2293
2346
2429
2295
2387
2285
2308
2292
2371
2339
2378
2267
2286
2237
2288
2371
2331
2308
2230
2259
2169
2193
2240
2118
2240
2198
2263
2179
2101
2120
2185
2158
2037
2088
2138
2098
2056
2060
2059
2009
1963
1957
1953
1949
1915
1998
1911
1954
2029
1958
1960
1994
2005
2052
2067
2081
2100
2073
2080
2074
2122
2154
2229
2282
2269
2275
2217
2353
2314
2319
2372
2348
2347
2384
2332
2397
2383
2339
2386
2349
2356
2369
2320
2364
2508
2369
2366
2380
2410
2336
2353
2403
2376
2402
2480
2286
2430
2358
2339
2393
2355
2391
2379
2331
2343
2373
2308
2366
2305
2453
2435
2274
2424
2383
2382
2425
2442
2317
2303
2329
2298
2399
2310
2389
2313
2461
2447
2320
2313
