2216
2162
2264
2255
2186
2103
2224
2115
2228
2173
2199
2158
2165
2217
2157
2195
2204
2124
2194
2182
2140
2142
2137
2178
2142
2167
2198
2135
2150
2215
2193
2241
2211
2298
2160
2214
2215
2182
2173
2199
2228
2155
2150
2131
2158
2189
2175
2182
2139
2176
2222
2154
2194
2138
2167
2277
2179
2211
2155
2283
2133
2263
2217
2217
2170
2230
2173
2142
2203
2278
2096
2193
2192
2206
2228
2237
2250
2168
2215
2207
2143
2252
2211
2292
2217
2172
2185
2225
2168
2206
2187
2127
2161
2179
2141
2178
2195
2272
2184
2213
2156
2212
2119
2227
2134
2261
2191
2129
2177
2196
2167
2215
2155
2222
2249
2148
2151
2233
2154
2300
2150
2228
2184
2170
2188
2211
2153
2251
2142
2151
2130
2171
2196
2208
2269
2204
2167
2259
2191
2144
2214
2204
2209
2193
2153
2239
2199
2127
2183
2167
2207
2198
2258
2125
2224
2165
2179
2089
2201
2232
2235
2167
2172
2133
2129
2212
2176
2174
2236
2188
2238
2133
2150
2223
2114
2240
2235
2203
2166
2121
2115
2161
2257
2094
2168
2168
2147
2153
2172
2141
2137
2181
2201
2136
2144
2078
2219
2197
2100
2092
2227
2150
2173
2170
2173
2126
2188
2186
2150
2192
2077
2131
2081
2248
2099
2212
2075
2086
2153
2083
2061
2044
2033
2060
1996
1986
1942
1886
1818
1854
1733
1617
1594
1501
1427
1434
1353
1339
1265
1227
1286
1302
1267
1356
1429
1478
1560
1506
1410
1498
1397
1462
1344
1293
1280
1322
1340
1327
1293
1386
1467
1525
1568
1586
1727
1804
1855
1872
1908
1877
1990
1999
2046
2070
2054
2109
2041
2036
2099
2075
2157
2136
2120
2124
2129
2130
2166
2161
2101
2177
2116
2144
2115
2155
2107
2229
2119
2142
2141
2112
2115
2123
2018
2106
2198
2214
2169
2208
2141
2171
2112
2138
2180
2167
2142
2199
2175
2181
2107
2138
2158
2173
2103
2141
2197
2110
2222
2209
2255
2130
2219
2147
2231
2211
2187
2149
2188
2145
2208
2182
2101
2155
2207
2113
2187
2131
2181
2193
2198
2152
2184
2174
2143
2161
2171
2235
2182
2213
2183
2183
2156
2184
2155
2113
2162
2251
2149
2252
2169
2206
2145
2192
2230
2166
2241
2246
2266
2228
2199
2150
2179
2203
2198
2221
2140
2168
2116
2273
2239
2122
2218
2085
2209
2159
2206
2179
2181
2114
2152
2201
2251
2159
2143
2217
2243
2191
2191
2137
2212
2240
2212
2190
2222
2207
2220
2143
2224
2199
2109
2146
2279
2211
2192
2138
2156
2319
2163
2149
2234
2149
2181
2186
2228
2171
2141
2074
2157
2201
2207
2112
2177
2171
2234
2179
2165
2311
2200
2200
2130
2134
2194
2115
2207
2250
2202
2198
2259
2245
2172
2144
2167
2210
2208
2205
2170
2174
2161
2119
2142
2245
2227
2175
2199
2133
2213
2091
2164
2145
2044
2210
2252
2188
2199
2196
2213
2196
2148
2123
2188
2220
2184
2195
2093
2088
2226
2202
2208
2130
2256
2162
2296
2212
2223
2221
2225
2246
2295
2124
2223
2233
2209
2192
2180
2167
2136
2157
2174
2188
2220
2150
2226
2181
2205
2220
2190
2122
2270
2210
2222
2219
2227
2230
2212
2224
2159
2192
2241
2213
2198
2089
2192
2242
2095
2208
2190
2161
2213
2187
2211
2248
2072
2208
2088
2195
2218
2188
2195
2190
2231
2257
2140
2186
2134
2158
2205
2154
2192
2194
2196
2123
2082
2223
2221
2165
2253
2200
2179
2270
2216
2187
2152
2260
2272
2125
2139
2217
2169
2181
2207
2176
2129
2188
2323
2223
2082
2206
2139
2192
2214
2210
2287
2157
2177
2195
2196
2136
2215
2198
2113
2138
2235
2160
2196
2269
2096
2211
2119
2197
2246
2203
2203
2288
2062
2167
2202
2191
2185
2206
2162
2119
2210
2195
2161
2145
2219
2147
2224
2219
2223
2156
2231
2251
2201
2129
2195
2168
2213
2195
2147
2198
2097
2081
2192
2196
2184
2114
2241
2226
2236
2089
2024
2156
2147
2251
2127
2117
2215
2202
2103
2167
2160
2178
2163
2196
2168
2180
2104
2167
2154
2212
2086
2117
2146
2299
2216
2119
2187
2189
2216
2141
2153
2170
2188
2164
2185
2125
2153
2194
2154
2176
2158
2210
2176
2157
2088
2103
2159
2154
2095
2212
2139
2078
2208
2200
2148
2169
2220
2117
2170
2161
2152
2142
2084
2125
2199
2194
2185
2151
2194
2148
1964
2090
2147
2145
2071
2219
2171
2093
2067
2160
2020
2040
2135
2118
2096
2097
2006
2124
2032
2059
2040
2008
2011
1944
1796
1849
1796
1740
1734
1628
1492
1458
1497
1365
1279
1322
1274
1276
1304
1407
1407
1451
1465
1428
1472
1548
1509
1428
1366
1346
1307
1271
1290
1327
1302
1389
1357
1421
1509
1506
1658
1710
1804
1832
1902
1923
1928
1987
1992
1945
2054
2033
2036
2045
2059
2029
2113
2094
2159
2131
2184
2126
2165
2110
2115
2182
2140
2154
2147
2094
2183
2176
2032
2082
2203
2144
2178
2127
2158
2099
2153
2072
2099
2202
2087
2183
2145
2177
2198
2156
2128
2190
2129
2161
2203
2188
2113
2196
2108
2178
2063
2230
2193
2118
2134
2172
2141
2182
2159
2115
2160
2230
2137
2165
2192
2211
2146
2206
2131
2171
2191
2163
2162
2165
2218
2202
2184
2254
2150
2167
2207
2151
2229
2148
2188
2153
2182
2249
2167
2179
2206
2186
2169
2106
2260
2143
2184
2130
2167
2182
2189
2147
2245
2238
2222
2117
2176
2191
2163
2160
2170
2139
2094
2136
2142
2104
2233
2204
2241
2132
2181
2211
2217
2164
2168
2145
2180
2278
2111
2223
2255
2182
2155
2211
2228
2171
2220
2136
2153
2176
2201
2202
2213
2179
2174
2116
2199
2297
2175
2182
2212
2203
2168
2145
2200
2268
2201
2134
2253
2227
2102
2123
2178
2212
2173
2244
2186
2221
2134
2145
2216
2251
2240
2170
2184
2131
2186
2120
2187
2170
2183
2182
2175
2127
2168
2188
2152
2243
2194
2202
2161
2120
2082
2068
2293
2238
2219
2116
2239
2179
2165
2224
2098
2256
2114
2222
2175
2234
2161
2179
2149
2120
2180
2263
2152
2154
2243
2183
2259
2122
2232
2185
2190
