2157
2159
2176
2176
2120
2223
2248
2149
2196
2102
2213
2188
2155
2271
2224
2235
2186
2197
2248
2175
2102
2246
2120
2113
2224
2214
2192
2248
2162
2226
2226
2191
2212
2225
2194
2139
2207
2124
2145
2234
2209
2129
2176
2149
2217
2138
2165
2255
2162
2212
2250
2228
2213
2281
2154
2229
2112
2218
2285
2132
2174
2096
2155
2156
2170
2144
2224
2251
2075
2115
2255
2139
2284
2240
2189
2181
2141
2218
2163
2119
2184
2153
2200
2163
2173
2134
2250
2142
2181
2211
2205
2228
2195
2220
2168
2121
2093
2165
2208
2185
2248
2203
2262
2205
2150
2222
2105
2212
2166
2191
2116
2097
2103
2243
2225
2204
2167
2172
2135
2214
2153
2159
2163
2220
2258
2248
2265
2167
2197
2133
2152
2230
2182
2173
2182
2215
2245
2241
2215
2192
2133
2171
2159
2179
2242
2105
2185
2123
2163
2093
2191
2159
2160
2249
2180
2249
2095
2303
2208
2103
2156
2242
2173
2197
2242
2236
2136
2203
2245
2217
2222
2162
2134
2131
2186
2216
2126
2179
2284
2267
2198
2187
2097
2175
2187
2177
2230
2234
2171
2221
2205
2197
2107
2125
2035
2151
2111
2269
2187
2135
2105
2108
2156
2202
2166
2111
2184
2090
2072
2217
2108
2149
2045
2100
2157
2105
2123
2065
2084
2088
2000
2051
1963
2077
2024
1923
1943
1884
1779
1785
1673
1667
1627
1542
1409
1444
1461
1288
1264
1312
1264
1330
1372
1341
1497
1422
1541
1576
1498
1450
1391
1381
1372
1311
1293
1310
1282
1345
1351
1415
1445
1466
1580
1610
1736
1820
1824
1853
1894
2002
2057
1982
2030
1992
2062
2015
2017
2064
2130
2104
2158
2048
2121
1962
2131
2175
2112
2100
2076
2139
2248
2188
2121
2153
2169
2215
2170
2171
2178
2166
2201
2186
2089
2186
2183
2098
2117
2188
2214
2144
2202
2201
2156
2176
2190
2131
2180
2193
2164
2254
2213
2113
2185
2229
2158
2230
2228
2204
2117
2198
2157
2266
2193
2234
2232
2190
2190
2194
2306
2128
2121
2141
2134
2240
2110
2199
2180
2161
2173
2207
2146
2183
2109
2190
2159
2161
2225
2118
2158
2206
2234
2171
2155
2210
2185
2215
2149
2129
2153
2166
2221
2155
2257
2162
2158
2107
2208
2134
2145
2120
2133
2131
2272
2249
2139
2208
2105
2078
2097
2183
2158
2196
2137
2136
2246
2289
2213
2166
2199
2140
2188
2245
2185
2226
2187
2128
2182
2137
2117
2192
2220
2233
2190
2229
2113
2120
2151
2153
2242
2271
2167
2152
2220
2127
2236
2184
2174
2230
2195
2127
2135
2185
2169
2228
2189
2187
2235
2170
2217
2133
2161
2151
2119
2211
2213
2200
2252
2156
2164
2183
2209
2169
2186
2239
2188
2198
2252
2218
2193
2207
2157
2182
2192
2174
2129
2229
2274
2182
2213
2156
2157
2216
2212
2187
2135
2212
2180
2180
2209
2135
2220
2209
2174
2188
2233
2245
2241
2174
2156
2218
2204
2129
2213
2241
2173
2198
2153
2235
2136
2236
2227
2178
2207
2206
2187
2223
2257
2169
2185
2130
2280
2224
2139
2140
2154
2171
2190
2208
2251
2291
2232
2171
2176
2250
2203
2171
2216
2175
2186
2280
2169
2168
2154
2177
2183
2213
2177
2173
2258
2212
2236
2236
2145
2198
2258
2195
2157
2212
2302
2110
2193
2244
2167
2176
2172
2155
2175
2190
2160
2234
2217
2164
2212
2216
2247
2194
2251
2218
2240
2202
2250
2108
2159
2198
2192
2147
2189
2215
2219
2123
2203
2231
2242
2239
2196
2172
2191
2206
2176
2246
2156
2155
2166
2188
2267
2171
2144
2195
2191
2215
2116
2125
2197
2165
2122
2201
2162
2184
2167
2131
2120
2148
2219
2167
2185
2196
2170
2136
2232
2192
2132
2206
2213
2170
2163
2215
2099
2226
2239
2183
2196
2222
2204
2149
2150
2183
2177
2243
2242
2160
2152
2207
2166
2167
2237
2133
2154
2258
2214
2250
2226
2219
2171
2132
2125
2203
2098
2179
2239
2142
2147
2171
2206
2184
2222
2204
2254
2183
2188
2210
2154
2147
2184
2182
2234
2182
2167
2247
2111
2265
2234
2148
2241
2208
2118
2209
2136
2161
2141
2175
2065
2183
2164
2169
2202
2218
2185
2191
2172
2125
2216
2130
2178
2175
2227
2152
2110
2224
2149
2030
2220
2204
2126
2164
2189
2279
2227
2143
2190
2201
2147
2239
2173
2124
2168
2132
2149
2114
2192
2106
2204
2206
2130
2134
2130
2090
2109
2103
2073
2053
2062
2105
2115
2026
2045
2083
2002
2073
1987
2003
2038
1951
2005
2036
1882
1800
1740
1728
1650
1570
1557
1368
1516
1357
1308
1304
1312
1270
1315
1366
1372
1371
1411
1517
1505
1486
1425
1457
1393
1350
1349
1317
1349
1295
1269
1311
1305
1427
1528
1518
1672
1672
1746
1790
1870
1902
1975
1946
1956
2058
2071
2107
2085
2113
2140
2090
2100
2066
2127
2104
2101
2102
2191
2136
2135
2162
2124
2211
2112
2184
2185
2116
2151
2152
2102
2239
2095
2121
2193
2140
2160
2150
2136
2127
2187
2181
2168
2231
2203
2202
2141
2171
2202
2174
2102
2143
2165
2220
2151
2162
2216
2212
2170
2114
2156
2121
2174
2215
2150
2152
2199
2152
2158
2099
2187
2186
2148
2103
2146
2213
2195
2180
2222
2172
2170
2163
2141
2167
2214
2117
2222
2182
2129
2248
2193
2206
2190
2202
2127
2215
2196
2218
2253
2172
2112
2161
2146
2192
2205
2122
2243
2219
2227
2170
2123
2167
2162
2196
2140
2161
2146
2094
2228
2107
2229
2169
2197
2242
2282
2130
2115
2209
2167
2234
2230
2143
2344
2202
2183
2155
2184
2230
2129
2203
2190
2213
2296
2248
2187
2252
2181
2189
2137
2144
2210
2195
2177
2220
2201
2184
2168
2205
2191
2123
2195
2116
2175
2139
2151
2214
2189
2132
2197
2193
2202
2185
2226
2245
2253
2146
2208
2133
2203
2216
2239
2187
2217
2179
2179
2173
2190
2164
2129
2248
2157
2182
2164
2199
2162
2218
2296
2088
2260
2181
2181
2109
2246
2213
2057
2233
2270
2134
2214
2279
2204
2229
2127
2234
2207
2188
2172
2170
2148
2256
2189
2154
2128
2206
2256
2216
2192
2201
2154
