2194
2195
2221
2193
2168
2209
2191
2231
2165
2128
2187
2253
2295
2248
2168
2183
2184
2149
2180
2196
2195
2235
2197
2255
2129
2184
2187
2062
2212
2227
2229
2229
2137
2217
2159
2195
2219
2203
2146
2182
2198
2165
2209
2158
2182
2206
2143
2228
2294
2120
2186
2177
2187
2147
2326
2142
2216
2231
2118
2185
2226
2186
2177
2165
2252
2182
2261
2270
2238
2189
2191
2186
2224
2119
2142
2180
2109
2260
2180
2147
2096
2167
2235
2174
2141
2250
2133
2200
2241
2189
2196
2282
2215
2194
2117
2189
2105
2206
2101
2147
2195
2173
2216
2142
2133
2244
2145
2187
2196
2144
2115
2105
2167
2136
2126
2188
2144
2210
2208
2273
2191
2170
2111
2190
2239
2199
2262
2187
2198
2182
2246
2284
2159
2219
2231
2153
2191
2304
2181
2143
2268
2134
2269
2222
2187
2207
2151
2155
2257
2190
2252
2223
2188
2251
2215
2120
2185
2193
2141
2119
2118
2238
2241
2125
2139
2281
2139
2122
2221
2221
2204
2285
2215
2162
2103
2220
2221
2175
2213
2182
2172
2201
2138
2169
2113
2189
2203
2124
2149
2186
2189
2194
2145
2084
2148
2275
2183
2202
2180
2109
2114
2159
2112
2026
2235
2146
2201
2167
2160
2113
2135
2201
2018
2190
2061
2151
2131
2144
2129
2057
2039
2040
2073
2069
1996
1968
1975
1914
1891
1829
1752
1699
1629
1554
1399
1387
1359
1350
1277
1213
1305
1300
1315
1371
1353
1443
1501
1589
1529
1455
1501
1416
1340
1275
1378
1319
1296
1306
1380
1348
1454
1507
1553
1641
1732
1767
1878
1850
1860
1951
2010
2045
1938
2025
2077
2031
2058
2093
2081
2110
2125
2065
2013
2158
2125
2096
2163
2172
2166
2193
2205
2160
2150
2118
2119
2173
2092
2146
2170
2145
2188
2197
2226
2145
2197
2139
2142
2182
2135
2170
2261
2142
2280
2204
2198
2237
2253
2221
2146
2164
2196
2146
2242
2176
2209
2159
2262
2096
2109
2123
2207
2172
2057
2250
2107
2242
2281
2090
2243
2175
2161
2258
2149
2194
2211
2219
2141
2278
2148
2191
2133
2181
2174
2256
2149
2246
2204
2221
2167
2215
2210
2207
2111
2211
2225
2189
2187
2170
2171
2226
2181
2234
2137
2278
2199
2245
2130
2167
2146
2149
2201
2208
2123
2206
2213
2203
2244
2132
2147
2126
2210
2211
2208
2257
2229
2171
2165
2166
2250
2173
2187
2146
2207
2127
2233
2223
2073
2225
2101
2162
2211
2243
2249
2228
2229
2187
2167
2260
2278
2146
2261
2208
2253
2123
2238
2198
2178
2234
2207
2229
2241
2215
2167
2227
2176
2213
2250
2141
2211
2212
2280
2226
2240
2137
2303
2264
2123
2236
2182
2197
2189
2152
2202
2139
2150
2225
2222
2212
2223
2209
2077
2209
2146
2170
2202
2183
2202
2192
2217
2210
2281
2163
2193
2257
2246
2156
2263
2143
2171
2237
2173
2296
2189
2233
2287
2114
2204
2210
2258
2187
2239
2162
2229
2176
2243
2164
2140
2198
2203
2203
2220
2168
2249
2240
2231
2266
2222
2151
2191
2204
2197
2257
2162
2202
2177
2239
2208
2173
2132
2223
2224
2215
2237
2218
2272
2153
2089
2284
2127
2209
2176
2097
2200
2196
2116
2220
2140
2120
2240
2218
2134
2176
2112
2207
2182
2243
2147
2221
2147
2202
2164
2193
2190
2212
2154
2214
2224
2245
2144
2138
2103
2165
2171
2195
2169
2219
2177
2190
2140
2216
2179
2168
2194
2171
2203
2190
2174
2158
2187
2178
2132
2147
2181
2242
2186
2216
2232
2232
2261
2163
2107
2237
2150
2230
2215
2169
2190
2162
2142
2231
2133
2221
2152
2212
2178
2174
2170
2088
2206
2230
2241
2237
2166
2091
2195
2167
2145
2205
2235
2194
2185
2222
2157
2218
2106
2188
2198
2226
2133
2149
2157
2177
2115
2167
2269
2168
2177
2067
2060
2047
2146
2174
2168
2200
2170
2132
2230
2237
2178
2172
2263
2217
2207
2203
2193
2240
2141
2190
2125
2243
2170
2234
2094
2255
2213
2147
2173
2181
2139
2123
2118
2218
2113
2105
2164
2196
2174
2244
2102
2236
2185
2157
2196
2186
2171
2210
2115
2173
2168
2204
2106
2139
2200
2198
2172
2166
2172
2133
2143
2136
2133
2130
2136
2196
2183
2209
2163
2122
2149
2211
2075
2182
2131
2141
2141
2177
2175
2188
2151
2179
2254
2203
2179
2120
2163
2203
2098
2209
2137
2161
2153
2155
2124
2177
2103
2164
2091
2148
2108
2089
2110
2128
2153
2117
2004
1994
2070
2099
2055
2054
2088
1986
1977
2000
1885
1831
1731
1765
1623
1590
1518
1499
1468
1389
1343
1255
1270
1318
1315
1323
1316
1466
1483
1478
1556
1488
1532
1422
1423
1358
1304
1323
1290
1285
1267
1364
1303
1487
1512
1594
1645
1724
1721
1825
1873
1931
1886
1965
1969
1963
2000
2049
2001
2102
2043
2033
2131
2127
2108
2093
2147
2150
2094
2100
2072
2089
2069
2172
2122
2187
2187
2184
2128
2138
2187
2031
2162
2081
2114
2156
2176
2112
2085
2175
2110
2157
2254
2231
2162
2115
2141
2166
2169
2174
2181
2137
2137
2118
2143
2208
2227
2178
2144
2124
2182
2160
2127
2179
2195
2167
2191
2195
2236
2159
2168
2146
2185
2217
2135
2155
2188
2162
2183
2125
2177
2220
2106
2274
2185
2213
2187
2253
2229
2192
2235
2217
2214
2239
2097
2132
2169
2220
2129
2119
2238
2302
2270
2183
2102
2179
2246
2223
2204
2228
2219
2160
2227
2155
2169
2189
2190
2130
2195
2146
2204
2156
2219
2197
2165
2172
2198
2138
2153
2242
2202
2194
2164
2059
2238
2187
2177
2222
2185
2256
2210
2184
2208
2241
2224
2162
2218
2265
2223
2203
2165
2230
2150
2092
2115
2170
2231
2232
2185
2184
2160
2198
2186
2177
2149
2230
2226
2219
2164
2116
2241
2135
2231
2221
2205
2142
2235
2183
2082
2191
2133
2145
2103
2230
2179
2180
2199
2280
2104
2223
2165
2174
2134
2228
2183
2161
2148
2238
2137
2207
2234
2172
2203
2195
2275
2216
2169
2194
2222
2182
2196
2207
2258
2155
2216
2283
2183
2206
2090
2101
2213
2268
2198
2172
2189
2248
2238
2229
2198
