2149
2184
2150
2118
2146
2272
2150
2140
2191
2249
2223
2154
2237
2226
2121
2234
2120
2155
2270
2194
2177
2174
2192
2176
2204
2151
2197
2131
2225
2206
2207
2193
2210
2181
2190
2209
2177
2132
2172
2209
2104
2201
2124
2238
2207
2210
2234
2188
2265
2261
2088
2175
2108
2244
2227
2214
2154
2136
2136
2179
2246
2199
2129
2142
2192
2193
2200
2124
2160
2179
2177
2251
2187
2123
2171
2190
2205
2255
2176
2092
2117
2202
2171
2113
2188
2179
2177
2257
2179
2185
2252
2226
2179
2256
2219
2263
2174
2195
2104
2120
2075
2237
2159
2104
2201
2144
2250
2175
2226
2111
2204
2197
2095
2208
2249
2223
2149
2226
2192
2146
2162
2174
2126
2247
2169
2216
2116
2248
2137
2195
2124
2179
2215
2161
2237
2218
2198
2229
2123
2100
2192
2207
2174
2229
2272
2226
2202
2167
2183
2153
2252
2235
2196
2150
2156
2134
2158
2178
2186
2169
2166
2184
2262
2204
2200
2185
2177
2201
2242
2121
2203
2201
2263
2171
2195
2256
2188
2106
2139
2182
2071
2236
2117
2209
2111
2188
2107
2229
2070
2194
2103
2149
2145
2163
2249
2142
2090
2174
2099
2189
2213
2072
2159
2103
2124
2121
2127
2259
2166
2178
2190
2168
2065
2113
2058
2165
2095
2146
2131
2060
2034
2086
2075
1978
2047
1929
1905
1979
1888
1763
1710
1689
1618
1553
1481
1440
1336
1337
1285
1317
1351
1285
1365
1409
1419
1415
1544
1534
1531
1496
1448
1351
1337
1248
1312
1221
1276
1318
1423
1406
1465
1505
1601
1585
1740
1873
1809
1843
1893
1906
2057
1930
2101
2029
1968
2022
2076
2073
2110
2144
2067
2091
2053
2159
2104
2183
2236
2151
2138
2131
2108
2166
2202
2163
2144
2133
2157
2167
2123
2185
2149
2145
2178
2163
2221
2214
2151
2197
2193
2112
2164
2231
2184
2162
2143
2231
2163
2201
2157
2199
2126
2208
2120
2124
2178
2083
2236
2206
2243
2121
2256
2222
2124
2127
2170
2237
2234
2200
2153
2174
2140
2183
2289
2171
2092
2038
2135
2146
2242
2232
2193
2068
2187
2202
2172
2251
2143
2198
2240
2225
2195
2238
2227
2191
2118
2177
2144
2118
2258
2144
2161
2204
2130
2123
2264
2243
2153
2170
2180
2162
2176
2180
2142
2137
2207
2167
2114
2215
2227
2191
2104
2215
2152
2182
2254
2225
2163
2207
2140
2230
2197
2279
2201
2248
2236
2234
2172
2181
2111
2224
2224
2136
2126
2237
2181
2147
2228
2180
2237
2220
2228
2215
2219
2142
2216
2196
2100
2221
2196
2218
2172
2145
2199
2209
2154
2209
2209
2231
2177
2266
2191
2145
2210
2162
2196
2173
2169
2157
2172
2133
2257
2194
2204
2207
2089
2217
2190
2209
2144
2222
2212
2182
2129
2238
2201
2185
2193
2278
2179
2168
2196
2170
2191
2183
2101
2181
2165
2218
2249
2176
2212
2214
2155
2223
2248
2179
2246
2128
2297
2193
2222
2123
2154
2226
2122
2149
2176
2250
2260
2189
2161
2253
2224
2198
2230
2230
2199
2186
2145
2229
2231
2173
2212
2118
2122
2236
2190
2244
2227
2131
2198
2234
2255
2126
2191
2231
2230
2177
2156
2131
2242
2245
2209
2158
2233
2127
2145
2224
2189
2105
2186
2269
2185
2158
2143
2265
2122
2220
2223
2141
2157
2053
2246
2197
2205
2103
2199
2145
2194
2199
2169
2195
2173
2169
2164
2147
2227
2289
2200
2188
2197
2171
2122
2149
2218
2184
2138
2174
2196
2231
2207
2214
2178
2202
2199
2189
2095
2132
2311
2131
2182
2186
2211
2259
2170
2270
2208
2165
2120
2145
2168
2201
2208
2205
2131
2147
2125
2157
2211
2250
2239
2132
2128
2200
2229
2210
2133
2181
2193
2190
2225
2173
2192
2218
2203
2142
2218
2175
2196
2283
2193
2172
2156
2216
2236
2160
2172
2248
2179
2178
2076
2227
2168
2128
2196
2138
2229
2169
2157
2109
2147
2165
2197
2174
2198
2147
2165
2139
2253
2138
2126
2134
2216
2202
2142
2185
2107
2134
2202
2144
2200
2231
2187
2155
2156
2195
2177
2181
2173
2203
2132
2161
2130
2213
2157
2231
2159
2197
2208
2241
2166
2165
2150
2225
2105
2195
2199
2258
2214
2146
2151
2161
2040
2197
2158
2112
2177
2132
2191
2179
2189
2244
2141
2174
2273
2241
2181
2091
2082
2104
2140
2156
2107
2189
2161
2123
2080
2187
2198
2182
2169
2144
2096
2149
2085
2152
2171
2103
2160
2151
2053
2083
2075
2067
2115
2000
2050
1994
2085
1940
1956
1972
1944
1938
1898
1892
1718
1740
1695
1654
1533
1524
1494
1284
1249
1311
1275
1278
1268
1303
1304
1450
1426
1563
1499
1460
1477
1419
1362
1369
1321
1309
1276
1252
1365
1274
1391
1440
1509
1607
1632
1643
1755
1801
1904
1914
1950
1908
2029
2120
1972
2062
2049
2113
2145
2050
2110
2100
2059
2157
2132
2100
2151
2154
2128
2134
2176
2166
2131
2094
2092
2227
2085
2177
2195
2165
2134
2229
2133
2164
2150
2191
2153
2202
2150
2165
2243
2097
2170
2204
2194
2290
2085
2113
2237
2229
2149
2121
2176
2110
2171
2261
2286
2210
2172
2166
2159
2189
2150
2221
2180
2168
2116
2241
2258
2152
2209
2180
2283
2174
2197
2123
2195
2262
2143
2193
2214
2200
2185
2197
2176
2244
2155
2128
2078
2145
2249
2147
2231
2164
2254
2170
2128
2277
2228
2202
2160
2142
2207
2186
2168
2153
2183
2157
2172
2198
2166
2150
2226
2069
2125
2167
2210
2217
2192
2184
2188
2162
2184
2216
2123
2238
2182
2063
2182
2220
2140
2170
2090
2168
2199
2207
2126
2184
2164
2091
2194
2173
2161
2103
2205
2323
2189
2154
2239
2148
2168
2132
2150
2256
2157
2152
2193
2173
2177
2126
2217
2200
2102
2214
2167
2242
2209
2111
2168
2211
2168
2127
2176
2158
2126
2249
2145
2161
2193
2208
2177
2252
2306
2179
2242
2213
2159
2179
2212
2215
2124
2244
2053
2154
2187
2224
2181
2064
2240
2100
2247
2158
2171
2179
2154
2185
2151
2283
2240
2183
2230
2191
2223
2155
2183
2256
2135
2147
2220
2132
2180
2104
2205
2179
2186
2160
2178
