2198
2156
2171
2220
2248
2224
2269
2151
2188
2137
2179
2166
2210
2169
2223
2241
2249
2230
2276
2216
2155
2136
2131
2290
2108
2180
2243
2157
2201
2198
2194
2224
2158
2125
2147
2192
2174
2155
2183
2203
2213
2191
2178
2223
2124
2228
2229
2188
2216
2246
2186
2150
2207
2228
2258
2163
2211
2223
2232
2172
2160
2207
2225
2178
2189
2175
2169
2199
2126
2270
2202
2149
2247
2273
2185
2233
2199
2245
2136
2234
2281
2127
2196
2225
2226
2171
2218
2219
2172
2216
2184
2139
2193
2168
2201
2206
2067
2140
2131
2252
2156
2183
2154
2149
2240
2192
2197
2173
2275
2126
2182
2195
2161
2166
2098
2210
2073
2210
2151
2169
2103
2224
2170
2167
2261
2173
2195
2164
2187
2166
2218
2179
2175
2206
2231
2242
2218
2159
2150
2217
2190
2126
2221
2232
2187
2171
2193
2160
2199
2264
2231
2150
2205
2186
2103
2174
2129
2211
2174
2109
2144
2205
2234
2158
2147
2175
2109
2169
2127
2169
2172
2167
2177
2235
2180
2215
2175
2175
2181
2200
2167
2145
2188
2126
2164
2092
2191
2260
2191
2231
2110
2137
2127
2109
2189
2156
2098
2156
2150
2138
2155
2200
2122
2047
2098
2115
2086
2111
2170
2153
2168
2074
2258
2075
2070
2130
2153
2000
2028
2089
2133
2008
2040
2016
1990
1947
1950
1891
1847
1818
1695
1627
1592
1534
1468
1431
1362
1284
1304
1265
1324
1286
1359
1360
1478
1494
1519
1551
1526
1536
1500
1286
1394
1350
1302
1302
1268
1278
1375
1395
1425
1592
1584
1706
1698
1795
1858
1847
1895
1959
1934
2003
1992
2062
2056
2045
2040
2085
2073
2133
2103
2139
2055
2143
2093
2057
2111
2081
2101
2128
2266
2201
2120
2155
2125
2189
2130
2145
2071
2100
2149
2179
2143
2201
2185
2207
2200
2080
2079
2142
2207
2173
2197
2127
2167
2130
2185
2224
2070
2160
2163
2127
2133
2171
2077
2160
2164
2223
2165
2257
2261
2244
2195
2242
2157
2223
2235
2231
2218
2086
2239
2195
2086
2116
2236
2161
2164
2192
2164
2259
2166
2139
2170
2124
2273
2221
2167
2192
2196
2222
2101
2206
2102
2240
2134
2136
2270
2180
2267
2088
2155
2186
2198
2145
2138
2149
2117
2190
2196
2178
2193
2232
2164
2169
2220
2187
2175
2171
2237
2188
2269
2185
2194
2191
2159
2239
2171
2159
2128
2179
2187
2084
2162
2190
2129
2150
2185
2187
2157
2295
2217
2206
2264
2181
2213
2155
2242
2260
2186
2169
2266
2221
2145
2197
2235
2165
2231
2190
2195
2148
2168
2243
2275
2265
2119
2169
2133
2173
2262
2166
2176
2212
2147
2166
2167
2234
2279
2109
2213
2202
2181
2205
2155
2203
2220
2227
2135
2121
2126
2206
2205
2237
2223
2248
2165
2175
2196
2254
2206
2198
2200
2156
2277
2271
2138
2177
2223
2199
2193
2239
2208
2209
2203
2281
2219
2203
2202
2207
2179
2217
2211
2194
2085
2228
2232
2130
2190
2257
2175
2253
2165
2259
2318
2143
2182
2262
2231
2278
2273
2268
2249
2198
2157
2127
2256
2155
2221
2187
2245
2211
2161
2240
2245
2230
2227
2196
2251
2187
2153
2225
2179
2155
2290
2185
2089
2106
2183
2209
2115
2262
2203
2236
2121
2206
2228
2265
2250
2148
2218
2221
2201
2203
2259
2175
2205
2131
2275
2184
2220
2214
2177
2139
2120
2154
2114
2200
2246
2131
2164
2196
2237
2144
2277
2173
2205
2221
2192
2217
2181
2142
2128
2172
2144
2195
2242
2212
2148
2138
2247
2200
2216
2091
2090
2185
2165
2185
2255
2189
2181
2177
2245
2201
2189
2208
2162
2167
2222
2220
2247
2168
2143
2218
2181
2207
2237
2257
2152
2151
2206
2163
2183
2194
2189
2141
2100
2150
2202
2235
2205
2179
2163
2144
2087
2096
2217
2208
2170
2196
2127
2195
2198
2199
2175
2152
2222
2165
2120
2182
2120
2208
2107
2240
2135
2110
2161
2110
2158
2095
2168
2199
2114
2193
2170
2197
2153
2143
2181
2184
2203
2311
2190
2176
2248
2256
2220
2231
2162
2176
2158
2149
2196
2151
2232
2106
2112
2055
2135
2125
2169
2261
2247
2295
2204
2143
2121
2143
2207
2118
2235
2216
2209
2226
2190
2210
2051
2205
2114
2178
2215
2186
2078
2229
2225
2081
2173
2248
2129
2203
2108
2196
2111
2130
2129
2207
2188
2164
2119
2189
2092
2112
2110
2192
2061
2140
2174
2127
2162
2058
2083
2116
2153
2146
2167
2038
2046
2094
2026
2080
2068
1959
2012
1940
1914
1901
1919
1928
1852
1679
1638
1595
1534
1451
1392
1376
1311
1333
1229
1237
1321
1342
1338
1406
1456
1467
1583
1558
1560
1471
1407
1279
1295
1259
1246
1278
1345
1314
1372
1425
1510
1567
1672
1716
1728
1857
1860
1994
1956
1945
1988
2093
1938
2038
2031
1993
2051
2172
2089
1966
2169
2099
2110
2118
2081
2136
2133
2139
2185
2202
2091
2101
2065
2099
2066
2180
2180
2090
2162
2136
2154
2272
2182
2109
2088
2164
2141
2223
2093
2112
2152
2225
2193
2209
2109
2174
2201
2185
2182
2156
2163
2142
2212
2098
2169
2117
2219
2154
2201
2128
2176
2191
2194
2169
2137
2125
2218
2198
2130
2189
2196
2179
2193
2217
2095
2167
2223
2248
2185
2150
2178
2190
2141
2127
2155
2169
2283
2203
2201
2221
2259
2179
2204
2179
2176
2191
2203
2106
2166
2263
2165
2132
2210
2215
2179
2156
2139
2167
2225
2150
2185
2206
2157
2208
2204
2146
2192
2233
2170
2167
2154
2175
2139
2154
2209
2100
2222
2202
2181
2205
2138
2290
2183
2223
2194
2255
2198
2205
2284
2219
2305
2227
2171
2209
2269
2241
2279
2258
2047
2229
2104
2168
2176
2224
2189
2212
2259
2071
2184
2163
2160
2222
2139
2213
2147
2092
2120
2112
2168
2144
2203
2151
2214
2239
2219
2215
2311
2157
2269
2129
2146
2122
2159
2221
2199
2239
2111
2151
2177
2213
2266
2163
2185
2115
2157
2174
2093
2181
2091
2268
2288
2189
2180
2136
2151
2077
2119
2158
2125
2171
2212
2177
2163
2189
2207
2204
2254
2162
2187
2218
2166
2155
2175
2235
2184
