2206
2223
2210
2175
2219
2262
2241
2221
2103
2248
2184
2140
2161
2238
2226
2205
2112
2281
2179
2179
2171
2152
2135
2121
2215
2192
2150
2232
2132
2187
2218
2172
2188
2188
2173
2185
2211
2091
2183
2133
2184
2170
2149
2193
2170
2236
2165
2184
2192
2175
2175
2175
2211
2064
2178
2215
2191
2140
2214
2184
2172
2183
2244
2235
2225
2135
2159
2302
2160
2273
2148
2186
2181
2246
2207
2217
2133
2137
2188
2171
2228
2254
2225
2222
2208
2213
2162
2287
2205
2175
2201
2232
2111
2249
2242
2228
2218
2080
2197
2115
2186
2231
2207
2189
2161
2110
2229
2133
2111
2195
2175
2202
2183
2147
2244
2133
2204
2214
2194
2135
2229
2161
2247
2286
2206
2148
2166
2240
2216
2212
2242
2101
2181
2127
2175
2166
2198
2165
2163
2175
2222
2209
2225
2223
2239
2212
2173
2081
2175
2216
2193
2217
2224
2182
2227
2228
2104
2129
2235
2207
2189
2343
2241
2150
2152
2189
2087
2242
2132
2243
2147
2160
2088
2203
2136
2111
2200
2222
2149
2193
2182
2262
2134
2217
2195
2173
2150
2149
2143
2111
2199
2108
2216
2129
2137
2134
2149
2177
2047
2165
2140
2044
2185
2106
2114
2190
2187
2181
2197
2111
2095
2204
2162
2051
2152
2103
2129
2072
2006
2137
2108
2055
1976
1999
2004
1990
1915
1895
1825
1735
1719
1677
1569
1585
1473
1396
1350
1315
1287
1305
1251
1272
1279
1453
1422
1520
1563
1487
1516
1446
1455
1407
1298
1268
1323
1289
1331
1286
1442
1392
1430
1551
1619
1618
1762
1760
1836
1890
1847
1942
1935
1998
2112
2033
2081
2096
2071
2078
2191
2084
2106
2134
2110
2151
2112
2121
2155
2233
2224
2059
2241
2168
2105
2191
2105
2138
2084
2170
2189
2190
2081
2194
2201
2060
2163
2194
2164
2212
2112
2208
2180
2193
2175
2165
2158
2195
2153
2165
2137
2186
2174
2124
2196
2159
2272
2122
2242
2174
2188
2241
2235
2170
2166
2192
2230
2096
2205
2167
2180
2071
2235
2160
2195
2209
2215
2147
2200
2224
2140
2250
2140
2191
2117
2129
2145
2225
2206
2214
2229
2162
2227
2143
2151
2206
2245
2075
2160
2190
2159
2088
2154
2167
2208
2145
2263
2121
2120
2235
2161
2162
2087
2157
2190
2160
2273
2200
2226
2137
2152
2158
2230
2114
2236
2173
2154
2204
2198
2196
2258
2281
2216
2200
2171
2129
2231
2256
2213
2186
2208
2259
2205
2195
2142
2185
2158
2172
2188
2199
2132
2125
2235
2259
2218
2212
2074
2162
2198
2170
2206
2246
2090
2184
2235
2229
2142
2230
2090
2184
2124
2195
2198
2158
2112
2222
2169
2169
2098
2204
2174
2171
2236
2290
2148
2216
2205
2153
2167
2234
2221
2136
2146
2182
2195
2162
2203
2201
2245
2185
2195
2139
2241
2180
2145
2169
2224
2191
2258
2157
2241
2148
2137
2104
2214
2206
2221
2151
2177
2161
2158
2158
2126
2112
2201
2283
2198
2141
2219
2174
2176
2184
2248
2223
2199
2188
2235
2204
2117
2151
2117
2132
2203
2245
2165
2179
2190
2168
2175
2217
2120
2126
2210
2182
2205
2167
2226
2258
2195
2217
2214
2238
2195
2192
2184
2149
2141
2183
2133
2147
2237
2187
2156
2173
2179
2169
2195
2182
2123
2207
2193
2156
2180
2187
2124
2200
2220
2160
2182
2175
2142
2119
2220
2182
2201
2107
2108
2226
2178
2165
2227
2206
2203
2198
2199
2248
2112
2213
2195
2113
2184
2190
2055
2189
2191
2189
2121
2229
2208
2188
2251
2202
2239
2225
2111
2108
2168
2140
2180
2121
2206
2245
2283
2211
2233
2161
2257
2141
2203
2210
2179
2207
2234
2192
2226
2186
2076
2190
2189
2151
2118
2194
2177
2260
2137
2103
2136
2250
2179
2173
2174
2198
2169
2191
2208
2155
2151
2143
2199
2189
2134
2174
2232
2196
2132
2237
2200
2165
2241
2139
2192
2237
2210
2199
2175
2183
2212
2173
2143
2237
2191
2192
2141
2171
2176
2176
2223
2201
2225
2191
2154
2198
2196
2174
2165
2223
2140
2147
2083
2134
2100
2166
2084
2144
2254
2159
2152
2223
2151
2217
2142
2172
2218
2089
2121
2246
2141
2186
2218
2245
2166
2140
2229
2136
2168
2193
2158
2219
2227
2108
2216
2237
2153
2190
2183
2144
2172
2103
2149
2243
2213
2115
2157
2209
2189
2098
2098
2208
2205
2155
2140
2190
2144
2040
2181
2171
2156
2206
2187
2083
2065
2186
2177
2174
2097
2101
2067
2005
2055
2067
2011
1996
2077
2026
1960
1980
1879
1832
1809
1795
1626
1680
1529
1517
1419
1391
1272
1326
1244
1297
1302
1359
1295
1354
1456
1479
1504
1494
1431
1458
1401
1370
1237
1272
1267
1321
1321
1374
1362
1439
1441
1567
1676
1722
1762
1864
1908
1916
1956
2011
2019
1964
2033
2135
2060
2111
2098
1977
2100
2139
2158
2032
2089
2117
2064
2045
2043
2062
2184
2195
2124
2164
2121
2186
2129
2159
2171
2072
2125
2140
2219
2190
2192
2120
2176
2164
2172
2147
2134
2110
2227
2230
2194
2162
2112
2170
2170
2174
2241
2207
2140
2157
2184
2156
2211
2197
2210
2165
2231
2161
2159
2188
2154
2203
2131
2149
2314
2152
2101
2182
2193
2173
2262
2197
2169
2161
2164
2215
2228
2150
2201
2204
2207
2181
2193
2237
2105
2160
2129
2183
2175
2221
2160
2248
2162
2182
2180
2213
2184
2215
2183
2157
2132
2192
2202
2183
2292
2188
2173
2186
2199
2197
2208
2108
2245
2199
2204
2141
2196
2203
2152
2108
2280
2176
2205
2159
2137
2182
2251
2218
2235
2149
2087
2154
2080
2307
2194
2208
2158
2195
2176
2168
2160
2223
2212
2207
2206
2279
2147
2175
2240
2216
2186
2145
2230
2208
2191
2214
2233
2267
2199
2107
2234
2164
2218
2209
2153
2187
2140
2137
2213
2168
2125
2202
2251
2175
2224
2139
2167
2145
2111
2182
2133
2219
2193
2158
2140
2167
2245
2172
2202
2154
2137
2197
2128
2166
2203
2181
2176
2216
2208
2167
2103
2247
2182
2166
2205
2158
2149
2162
2201
2176
2140
2202
2230
2217
2177
2177
2178
2212
2186
2144
2057
2211
2213
