2172
2174
2158
2218
2141
2230
2241
2294
2172
2174
2224
2175
2183
2198
2250
2200
2222
2142
2149
2108
2183
2182
2232
2180
2213
2200
2158
2191
2118
2163
2168
2191
2235
2156
2153
2195
2136
2215
2199
2129
2204
2182
2210
2207
2164
2217
2166
2182
2232
2215
2216
2103
2204
2202
2123
2141
2145
2271
2267
2085
2221
2172
2151
2170
2183
2205
2147
2232
2199
2174
2213
2177
2218
2228
2112
2208
2256
2211
2186
2164
2120
2165
2202
2128
2206
2153
2093
2212
2215
2152
2109
2144
2210
2168
2255
2138
2237
2110
2173
2186
2158
2185
2233
2204
2189
2192
2168
2162
2158
2206
2243
2235
2136
2172
2194
2172
2200
2162
2144
2234
2143
2105
2145
2181
2197
2204
2137
2210
2071
2145
2234
2145
2212
2211
2196
2138
2243
2129
2146
2147
2199
2146
2099
2259
2165
2187
2171
2232
2247
2212
2234
2189
2170
2189
2206
2191
2175
2129
2141
2239
2194
2124
2112
2129
2214
2224
2179
2157
2216
2221
2107
2160
2165
2220
2231
2126
2183
2165
2187
2114
2169
2188
2212
2150
2082
2131
2223
2159
2172
2181
2126
2232
2202
2144
2160
2112
2157
2145
2169
2129
2162
2086
2090
2152
2081
2203
2097
2098
2207
2140
2168
2081
2121
2031
2136
2088
2091
2110
2103
2057
2096
1978
1984
1997
2080
1954
1988
1861
1888
1836
1739
1720
1573
1575
1462
1425
1398
1277
1321
1227
1280
1306
1307
1368
1472
1470
1448
1505
1506
1427
1422
1355
1339
1320
1294
1265
1326
1279
1371
1344
1419
1459
1564
1647
1772
1693
1841
1954
2004
1903
1920
2073
2002
2022
2076
2103
2067
2150
2131
2136
2091
2172
2123
2168
2105
2122
2174
2163
2194
2092
2128
2114
2207
2100
2113
2150
2114
2148
2173
2242
2168
2116
2170
2250
2144
2182
2157
2174
2148
2128
2153
2103
2158
2185
2192
2140
2213
2192
2152
2109
2231
2120
2129
2142
2148
2184
2098
2199
2152
2210
2193
2176
2105
2181
2164
2194
2143
2169
2242
2213
2209
2215
2202
2197
2179
2248
2229
2191
2171
2221
2136
2168
2218
2160
2187
2122
2321
2110
2155
2163
2180
2243
2162
2198
2172
2140
2169
2162
2291
2233
2223
2059
2162
2156
2142
2067
2268
2154
2175
2123
2157
2141
2171
2223
2170
2103
2193
2200
2165
2186
2209
2194
2232
2134
2270
2178
2173
2189
2293
2181
2167
2154
2117
2166
2214
2150
2204
2115
2230
2220
2142
2193
2276
2153
2164
2235
2132
2174
2216
2169
2156
2179
2171
2280
2225
2150
2099
2146
2177
2251
2242
2250
2180
2230
2208
2140
2119
2151
2191
2225
2137
2175
2137
2247
2176
2193
2170
2139
2171
2182
2206
2161
2217
2189
2147
2171
2329
2188
2244
2156
2199
2153
2181
2189
2188
2212
2230
2156
2313
2156
2177
2139
2173
2149
2190
2243
2084
2187
2182
2116
2195
2089
2172
2145
2198
2213
2303
2155
2124
2216
2240
2254
2196
2150
2147
2139
2262
2197
2191
2173
2231
2208
2221
2262
2208
2206
2121
2218
2102
2177
2041
2175
2150
2154
2253
2165
2221
2248
2216
2205
2157
2125
2195
2233
2169
2249
2115
2169
2158
2187
2117
2195
2171
2270
2125
2161
2227
2239
2125
2096
2222
2094
2072
2205
2159
2161
2251
2184
2137
2141
2221
2166
2192
2208
2208
2156
2167
2337
2124
2296
2192
2148
2207
2226
2220
2184
2262
2240
2218
2231
2141
2174
2168
2161
2241
2221
2209
2215
2155
2156
2116
2195
2168
2254
2148
2238
2254
2174
2156
2180
2258
2101
2105
2218
2161
2118
2026
2303
2162
2186
2112
2222
2106
2216
2198
2091
2234
2155
2143
2226
2218
2164
2182
2209
2119
2191
2132
2148
2143
2248
2215
2200
2157
2152
2037
2211
2178
2238
2222
2262
2077
2184
2206
2159
2123
2143
2104
2235
2190
2155
2147
2248
2177
2155
2173
2221
2130
2227
2231
2226
2241
2229
2110
2181
2237
2268
2089
2236
2176
2203
2213
2128
2205
2202
2239
2165
2142
2176
2140
2176
2137
2229
2083
2163
2203
2153
2237
2186
2178
2180
2245
2118
2118
2131
2207
2187
2142
2200
2133
2201
2115
2163
2139
2203
2092
2242
2055
2176
2145
2122
2289
2178
2202
2235
2168
2159
2282
2122
2170
2169
2172
2189
2187
2127
2162
2119
2197
2079
2192
2176
2076
2108
2122
2125
2154
2099
2098
2184
2134
2141
2178
2119
2132
2057
2175
2134
2166
2110
2039
2039
2117
2188
2141
2110
2037
2096
2125
1988
2000
2044
1997
1976
1871
1905
1901
1835
1707
1757
1639
1583
1525
1483
1412
1360
1325
1298
1289
1247
1277
1275
1428
1398
1503
1502
1527
1554
1487
1435
1329
1344
1270
1309
1318
1260
1273
1279
1358
1453
1581
1591
1594
1644
1820
1821
1860
1869
1911
2015
1908
1983
2084
2075
2111
2002
2084
2128
2175
2117
2156
2095
2092
2067
2042
2101
2108
2209
2126
2188
2154
2148
2206
2212
2087
2114
2104
2161
2149
2253
2155
2131
2205
2216
2112
2106
2202
2162
2107
2197
2213
2112
2165
2166
2209
2126
2212
2112
2156
2145
2178
2162
2123
2194
2162
2159
2175
2225
2162
2247
2251
2159
2133
2122
2092
2162
2238
2178
2208
2221
2127
2260
2207
2189
2207
2214
2179
2093
2060
2163
2175
2209
2188
2178
2110
2142
2115
2187
2098
2188
2186
2179
2145
2199
2126
2158
2110
2180
2179
2121
2217
2219
2116
2224
2102
2154
2168
2172
2094
2246
2189
2192
2147
2099
2177
2112
2163
2217
2231
2206
2143
2191
2094
2245
2178
2214
2244
2161
2108
2174
2215
2179
2149
2249
2171
2089
2118
2150
2205
2169
2206
2172
2223
2149
2141
2162
2196
2161
2208
2204
2167
2215
2196
2135
2200
2153
2190
2113
2201
2229
2209
2137
2163
2158
2210
2212
2196
2217
2223
2245
2224
2140
2106
2202
2203
2161
2143
2216
2171
2163
2282
2160
2138
2208
2217
2265
2177
2175
2194
2152
2132
2216
2188
2174
2190
2170
2163
2239
2163
2155
2192
2229
2161
2235
2301
2179
2174
2167
2190
2276
2158
2273
2153
2110
2183
2195
2182
2210
2151
2123
2176
2171
2264
2073
2216
