2580
2580
2534
2652
2555
2576
2688
2683
2537
2618
2543
2617
2580
2586
2635
2623
2561
2595
2644
2641
2622
2570
2488
2591
2584
2584
2576
2605
2515
2563
2614
2594
2540
2677
2650
2612
2609
2697
2675
2587
2604
2575
2637
2607
2609
2590
2627
2528
2453
2574
2616
2600
2556
2598
2664
2594
2620
2587
2674
2624
2581
2630
2634
2576
2614
2527
2565
2504
2606
2670
2563
2664
2617
2632
2625
2554
2632
2561
2644
2539
2556
2624
2577
2610
2608
2544
2604
2627
2709
2504
2597
2603
2615
2495
2505
2580
2590
2642
2593
2558
2568
2578
2557
2676
2614
2560
2579
2600
2610
2633
2623
2649
2587
2693
2462
2586
2663
2667
2592
2527
2651
2523
2603
2587
2551
2560
2605
2667
2603
2596
2588
2585
2663
2564
2598
2547
2546
2612
2652
2585
2560
2634
2523
2549
2585
2594
2599
2580
2631
2638
2626
2635
2616
2615
2542
2624
2541
2601
2550
2621
2528
2574
2601
2661
2543
2539
2615
2654
2587
2604
2577
2644
2634
2619
2480
2523
2570
2522
2555
2541
2543
2596
2691
2527
2562
2622
2627
2628
2450
2636
2552
2559
2612
2595
2548
2554
2551
2486
2504
2512
2503
2512
2521
2567
2607
2593
2535
2523
2477
2532
2508
2490
2544
2517
2555
2566
2446
2488
2542
2407
2463
2414
2451
2371
2439
2356
2309
2257
2228
2149
2022
2037
1847
1757
1790
1705
1620
1626
1593
1574
1531
1617
1496
1630
1758
1743
1721
1790
1799
1859
1767
1669
1631
1630
1532
1552
1576
1577
1564
1661
1710
1833
1869
2041
2065
2130
2117
2317
2322
2361
2259
2458
2421
2402
2447
2438
2499
2521
2501
2584
2451
2525
2452
2555
2582
2487
2567
2498
2576
2570
2567
2473
2481
2565
2578
2609
2578
2494
2504
2649
2559
2587
2600
2655
2630
2571
2517
2587
2533
2574
2547
2569
2623
2641
2606
2580
2604
2560
2563
2611
2662
2561
2689
2583
2552
2645
2539
2625
2513
2575
2566
2520
2555
2501
2483
2579
2547
2562
2565
2640
2670
2516
2557
2632
2590
2615
2469
2565
2597
2581
2497
2668
2647
2578
2633
2576
2589
2616
2562
2607
2639
2581
2542
2582
2549
2654
2626
2555
2594
2629
2505
2582
2561
2594
2621
2565
2559
2604
2626
2609
2572
2609
2587
2585
2669
2595
2569
2583
2693
2641
2647
2572
2599
2590
2607
2603
2598
2615
2603
2655
2542
2629
2574
2494
2535
2698
2594
2693
2565
2584
2626
2624
2591
2532
2605
2490
2566
2531
2630
2577
2623
2673
2638
2574
2599
2615
2596
2550
2633
2526
2546
2629
2596
2712
2497
2609
2535
2613
2532
2595
2603
2564
2584
2603
2553
2617
2575
2544
2521
2568
2588
2591
2555
2575
2657
2487
2557
2605
2652
2599
2645
2630
2536
2579
2521
2687
2590
2597
2583
2532
2533
2647
2573
2634
2637
2600
2571
2552
2647
2531
2603
2590
2559
2644
2564
2583
2602
2597
2619
2638
2605
2579
2639
2537
2631
2578
2606
2512
2502
2609
2622
2550
2656
2649
2654
2610
2612
2537
2561
2669
2718
2557
2614
2547
2585
2532
2549
2557
2618
2564
2497
2551
2641
2576
2569
2558
2613
2575
2538
2626
2611
2566
2665
2618
2542
2642
2622
2540
2693
2651
2593
2664
2697
2605
2578
2539
2566
2620
2583
2608
2669
2623
2567
2534
2585
2534
2663
2524
2571
2559
2627
2671
2561
2584
2597
2610
2600
2718
2571
2554
2566
2638
2652
2555
2625
2619
2589
2609
2433
2607
2578
2605
2570
2542
2638
2457
2611
2653
2602
2557
2636
2630
2602
2626
2529
2503
2568
2576
2542
2572
2562
2618
2590
2615
2591
2568
2656
2623
2634
2578
2542
2598
2645
2630
2579
2606
2530
2589
2558
2620
2576
2622
2564
2553
2621
2617
2546
2571
2571
2624
2663
2571
2612
2514
2628
2574
2653
2646
2620
2564
2578
2552
2571
2549
2589
2441
2496
2549
2667
2605
2584
2581
2567
2588
2559
2525
2590
2596
2617
2537
2558
2585
2567
2584
2637
2568
2502
2623
2569
2632
2541
2624
2663
2585
2613
2601
2584
2639
2484
2606
2642
2595
2608
2636
2598
2596
2600
2593
2476
2555
2575
2533
2479
2564
2589
2645
2575
2510
2518
2490
2577
2648
2645
2637
2627
2675
2648
2520
2671
2520
2614
2585
2560
2651
2620
2493
2551
2627
2663
2558
2533
2484
2543
2618
2562
2502
2597
2550
2532
2627
2601
2431
2595
2570
2515
2644
2490
2548
2545
2574
2556
2453
2466
2441
2385
2495
2445
2470
2448
2392
2316
2310
2350
2281
2223
2250
2138
2112
1947
1904
1822
1820
1640
1586
1568
1445
1512
1523
1570
1609
1661
1709
1759
1794
1865
1848
1807
1684
1644
1601
1535
1541
1492
1505
1577
1675
1638
1664
1728
1849
2057
2011
2022
2154
2218
2262
2246
2365
2334
2362
2400
2594
2442
2352
2474
2476
2452
2423
2613
2473
2517
2494
2519
2566
2511
2551
2515
2561
2559
2574
2619
2632
2568
2481
2466
2630
2557
2562
2586
2542
2516
2526
2581
2616
2633
2620
2581
2584
2510
2522
2586
2572
2493
2621
2658
2604
2659
2612
2599
2533
2490
2543
2584
2542
2544
2679
2561
2491
2498
2595
2605
2560
2743
2538
2601
2549
2725
2620
2534
2608
2567
2527
2539
2562
2481
2515
2563
2583
2620
2601
2605
2612
2550
2554
2466
2595
2524
2653
2498
2561
2588
2674
2597
2537
2537
2569
2683
2658
2608
2603
2595
2665
2640
2560
2539
2656
2559
2695
2592
2587
2628
2581
2574
2598
2536
2628
2670
2567
2541
2578
2617
2601
2590
2553
2651
2584
2543
2613
2639
2606
2652
2555
2560
2516
2669
2573
2544
2620
2614
2607
2614
2546
2599
2664
2626
2643
2571
2628
2638
2552
2507
2579
2606
2580
2597
2519
2625
2580
2619
2573
2594
2609
2622
2638
2509
2562
2643
2614
2570
2563
2587
2580
2550
2642
2578
2662
2539
2507
2489
2548
2608
2727
2492
2623
2546
2603
2563
2616
2490
2553
2627
2534
2614
2652
2650
2578
2514
2612
2579
2608
2614
2551
2639
2580
2546
2583
2592
2648
2663
2483
2652
2605
2627
2584
2632
2620
2589
2610
2540
2566
2537
2689
2543
