2157
2157
2169
2116
2188
2178
2169
2258
2195
2182
2202
2197
2192
2258
2151
2134
2247
2165
2204
2107
2159
2191
2206
2251
2137
2127
2152
2226
2213
2197
2202
2196
2165
2161
2179
2223
2161
2158
2190
2220
2230
2159
2189
2252
2253
2231
2256
2126
2205
2222
2182
2179
2198
2205
2202
2204
2191
2187
2146
2212
2212
2230
2231
2185
2133
2117
2225
2141
2109
2109
2196
2194
2245
2240
2127
2197
2121
2137
2158
2142
2102
2253
2174
2193
2151
2151
2136
2218
2199
2174
2257
2144
2226
2145
2214
2182
2207
2230
2208
2172
2129
2216
2190
2188
2157
2154
2134
2226
2193
2117
2265
2229
2180
2160
2268
2188
2168
2123
2161
2196
2222
2095
2192
2257
2208
2150
2223
2183
2157
2180
2082
2209
2155
2165
2236
2104
2184
2208
2226
2200
2190
2095
2217
2194
2243
2165
2226
2185
2183
2193
2138
2222
2157
2186
2135
2077
2264
2194
2182
2113
2125
2138
2181
2195
2177
2176
2161
2219
2168
2202
2275
2230
2234
2187
2141
2221
2239
2183
2137
2260
2182
2210
2183
2127
2113
2172
2221
2187
2104
2122
2185
2248
2142
2181
2177
2132
2188
2176
2102
2155
2176
2127
2140
2153
2084
2205
2070
2174
2144
2135
2219
2112
2144
2066
2054
2172
2115
2005
2115
2055
2042
2076
2013
1967
2010
2123
1961
1976
1843
1750
1677
1641
1589
1508
1452
1421
1400
1270
1284
1280
1301
1320
1391
1403
1443
1416
1496
1639
1531
1468
1512
1371
1301
1384
1249
1241
1263
1345
1342
1399
1448
1569
1529
1654
1652
1775
1847
1894
1865
1855
1985
1972
1982
2146
2119
2087
2076
2068
2065
2067
2123
2074
2192
2174
2142
2124
2141
2118
2085
2121
2174
2111
2121
2186
2178
2189
2071
2162
2157
2098
2192
2127
2141
2144
2173
2266
2159
2140
2157
2120
2106
2150
2179
2192
2160
2152
2145
2118
2210
2168
2212
2158
2131
2209
2107
2163
2143
2053
2053
2241
2123
2202
2135
2218
2161
2159
2178
2174
2132
2172
2181
2174
2203
2261
2205
2193
2120
2178
2179
2143
2195
2242
2130
2170
2214
2218
2208
2139
2218
2195
2229
2204
2186
2204
2192
2214
2193
2202
2220
2146
2252
2172
2129
2190
2242
2247
2168
2276
2104
2201
2217
2222
2211
2147
2138
2119
2183
2181
2171
2168
2217
2166
2216
2272
2165
2201
2168
2169
2215
2175
2189
2256
2197
2247
2213
2123
2201
2184
2144
2181
2186
2074
2196
2239
2220
2167
2176
2197
2181
2203
2198
2181
2108
2201
2160
2259
2165
2177
2150
2187
2174
2196
2198
2170
2160
2174
2174
2159
2219
2215
2214
2146
2138
2052
2238
2168
2191
2165
2253
2178
2160
2173
2093
2180
2104
2129
2145
2231
2107
2136
2198
2118
2220
2133
2224
2203
2227
2172
2150
2115
2273
2230
2231
2166
2169
2192
2186
2212
2144
2194
2158
2130
2208
2320
2262
2203
2158
2121
2252
2204
2099
2179
2167
2238
2178
2149
2133
2190
2224
2257
2149
2111
2151
2209
2178
2202
2207
2182
2178
2072
2191
2304
2135
2236
2146
2164
2243
2241
2243
2201
2184
2181
2219
2230
2211
2149
2179
2213
2182
2177
2089
2202
2156
2184
2139
2209
2196
2133
2199
2190
2186
2251
2123
2158
2137
2081
2164
2169
2120
2149
2228
2165
2217
2163
2244
2185
2185
2166
2190
2164
2193
2163
2228
2104
2195
2134
2278
2157
2199
2247
2202
2249
2113
2146
2166
2193
2238
2190
2151
2151
2236
2175
2118
2178
2159
2249
2166
2253
2126
2223
2182
2181
2231
2231
2187
2146
2196
2213
2161
2145
2137
2160
2148
2219
2190
2157
2200
2232
2203
2187
2169
2032
2162
2157
2202
2179
2193
2211
2116
2160
2117
2142
2225
2237
2168
2206
2192
2179
2168
2131
2144
2224
2147
2226
2137
2232
2147
2127
2184
2154
2117
2210
2194
2126
2104
2240
2187
2181
2144
2140
2225
2164
2195
2158
2154
2242
2202
2174
2205
2262
2195
2110
2254
2136
2163
2169
2095
2160
2211
2108
2109
2158
2163
2219
2171
2114
2214
2159
2147
2140
2147
2101
2122
2161
2170
2194
2139
2132
2249
2162
2199
2176
2154
2119
2199
2193
2179
2122
2123
2209
2117
2208
2241
2199
2230
2078
2185
2238
2118
2157
2179
2118
2162
2178
2188
2241
2130
2187
2131
2163
2139
2197
2091
2050
2112
2160
2131
2111
2118
2167
2116
2199
2102
2112
2122
2128
2103
2120
2090
2145
2071
2082
2116
2097
2098
2075
2042
2079
1980
2064
2064
2106
1949
1903
1962
1841
1828
1757
1678
1494
1439
1486
1451
1329
1275
1323
1269
1271
1274
1322
1391
1401
1452
1420
1555
1479
1570
1422
1413
1340
1312
1257
1334
1292
1303
1274
1341
1455
1430
1570
1677
1706
1748
1803
1897
1982
1944
1963
1995
2050
2088
1989
2035
2015
2067
2166
2077
1948
2038
2103
2060
2106
2166
2093
2170
2179
2195
2147
2087
2092
2240
2226
2141
2188
2116
2096
2135
2098
2186
2184
2246
2139
2135
2121
2092
2127
2201
2132
2218
2159
2148
2161
2171
2226
2156
2083
2169
2233
2130
2230
2164
2146
2159
2152
2140
2124
2176
2201
2110
2152
2222
2207
2135
2145
2109
2167
2096
2229
2191
2249
2201
2240
2242
2115
2223
2215
2186
2143
2179
2218
2193
2192
2158
2198
2195
2238
2151
2156
2124
2130
2219
2236
2149
2127
2196
2186
2217
2160
2168
2057
2186
2213
2227
2184
2195
2255
2168
2144
2100
2115
2128
2174
2107
2184
2154
2145
2194
2212
2122
2132
2166
2178
2147
2267
2175
2197
2175
2183
2190
2212
2163
2170
2157
2216
2172
2236
2232
2184
2188
2157
2229
2177
2206
2200
2139
2162
2171
2103
2148
2200
2216
2250
2224
2121
2128
2151
2200
2216
2133
2103
2246
2179
2146
2225
2178
2184
2071
2124
2123
2164
2251
2150
2175
2124
2220
2114
2148
2191
2112
2237
2115
2229
2164
2225
2211
2223
2174
2189
2198
2203
2067
2139
2228
2210
2210
2162
2174
2158
2215
2198
2247
2179
2166
2183
2134
2146
2255
2116
2177
2240
2238
2266
2206
2220
2169
2194
2221
2227
2190
2198
2203
2167
2130
