2175
2204
2131
2207
2161
2109
2255
2148
2226
2113
2157
2166
2247
2161
2153
2216
2107
2139
2175
2140
2101
2191
2149
2186
2235
2107
2156
2140
2209
2208
2256
2276
2241
2191
2158
2218
2146
2201
2113
2147
2172
2123
2210
2251
2185
2132
2205
2175
2197
2125
2224
2135
2213
2178
2117
2178
2142
2212
2194
2169
2165
2203
2228
2216
2100
2220
2171
2233
2177
2131
2224
2182
2200
2245
2224
2271
2194
2260
2242
2173
2183
2193
2193
2170
2242
2171
2196
2094
2118
2211
2172
2134
2151
2206
2098
2232
2156
2193
2225
2145
2162
2170
2135
2141
2241
2202
2231
2172
2121
2085
2205
2175
2193
2197
2097
2217
2161
2172
2073
2085
2139
2211
2135
2264
2134
2193
2177
2225
2199
2209
2172
2192
2156
2215
2182
2164
2132
2136
2151
2221
2119
2238
2171
2195
2199
2232
2136
2163
2204
2182
2154
2171
2133
2206
2195
2133
2144
2150
2219
2170
2194
2249
2219
2102
2203
2195
2217
2093
2169
2141
2139
2166
2207
2129
2120
2191
2145
2228
2168
2162
2192
2146
2177
2170
2126
2141
2144
2107
2201
2203
2133
2111
2173
2144
2101
2178
2158
2250
2229
2197
2173
2186
2144
2199
2126
2087
2142
2174
2199
2159
2145
2135
2152
2144
2118
2072
2005
2061
2067
2031
2046
1973
2102
2079
2014
2048
1906
1865
1848
1849
1754
1717
1593
1522
1505
1456
1385
1290
1264
1240
1259
1304
1278
1365
1442
1523
1509
1535
1459
1437
1463
1383
1386
1287
1207
1268
1317
1306
1332
1435
1380
1499
1625
1684
1626
1773
1823
1803
1927
1962
2007
2013
2074
1928
2056
2140
2059
2092
2099
2028
2099
2046
2075
2121
2101
2199
2207
2126
2144
2209
2097
2119
2106
2144
2182
2136
2186
2079
2158
2119
2180
2180
2164
2274
2132
2173
2128
2142
2157
2179
2233
2158
2118
2142
2224
2188
2198
2275
2097
2154
2174
2147
2125
2137
2188
2208
2146
2189
2174
2141
2281
2194
2211
2206
2160
2262
2133
2178
2141
2275
2161
2177
2158
2289
2227
2275
2165
2190
2284
2159
2184
2217
2169
2134
2239
2201
2178
2245
2168
2141
2189
2111
2226
2162
2123
2174
2170
2158
2162
2133
2246
2132
2199
2253
2263
2189
2074
2227
2202
2188
2197
2218
2178
2213
2189
2104
2190
2150
2277
2270
2270
2174
2103
2266
2235
2176
2203
2107
2171
2118
2176
2183
2124
2173
2215
2160
2188
2118
2191
2210
2228
2171
2084
2283
2143
2179
2157
2282
2199
2213
2175
2114
2163
2189
2183
2189
2125
2143
2230
2199
2197
2177
2263
2260
2145
2196
2254
2284
2135
2090
2159
2229
2216
2180
2146
2191
2191
2176
2167
2195
2209
2204
2225
2173
2156
2221
2168
2195
2110
2163
2263
2205
2138
2224
2222
2177
2249
2263
2295
2135
2201
2187
2169
2121
2147
2191
2207
2198
2195
2209
2194
2141
2137
2209
2224
2169
2175
2131
2183
2178
2162
2134
2196
2152
2136
2152
2155
2137
2274
2137
2115
2133
2220
2104
2198
2196
2186
2260
2157
2121
2274
2178
2199
2227
2165
2086
2286
2240
2181
2226
2210
2196
2247
2219
2190
2251
2192
2135
2214
2247
2149
2158
2194
2187
2125
2173
2200
2176
2136
2200
2184
2231
2130
2179
2167
2137
2213
2161
2180
2128
2231
2189
2233
2149
2192
2198
2176
2100
2159
2174
2205
2236
2129
2151
2131
2183
2152
2135
2213
2177
2258
2229
2288
2186
2202
2188
2136
2233
2144
2230
2265
2202
2191
2199
2217
2143
2175
2140
2266
2097
2201
2265
2228
2102
2282
2198
2221
2176
2189
2217
2205
2177
2240
2286
2159
2219
2207
2125
2226
2283
2202
2168
2177
2134
2266
2283
2206
2212
2112
2124
2164
2201
2064
2112
2104
2119
2160
2121
2194
2160
2264
2118
2238
2167
2193
2189
2233
2163
2283
2221
2184
2131
2252
2148
2179
2229
2236
2183
2207
2187
2133
2162
2185
2240
2237
2166
2163
2159
2142
2068
2140
2100
2205
2207
2221
2220
2150
2164
2146
2113
2212
2135
2123
2131
2154
2177
2183
2185
2131
2179
2154
2155
2178
2180
2163
2151
2204
2123
2167
2177
2179
2225
2147
2202
2186
2048
2118
2168
2185
2157
2118
2223
2154
2173
2113
2096
2208
2183
2146
2168
2157
2147
2155
2109
2243
2231
2112
2142
2217
2144
2196
2180
2127
2198
2109
2128
2172
2162
2211
2082
2092
2123
2035
2154
2100
2135
2141
2072
2090
2130
2070
2068
2046
2063
2088
2058
2043
2073
2046
1955
1913
2035
1994
1876
1822
1789
1803
1716
1706
1550
1553
1478
1408
1331
1358
1325
1316
1348
1290
1308
1298
1360
1447
1534
1543
1470
1515
1403
1358
1297
1222
1257
1232
1274
1353
1346
1451
1492
1518
1558
1591
1713
1756
1798
1853
1909
1926
1954
1932
2056
2011
2145
2082
2080
2120
2101
2098
2027
2049
2104
2105
2086
2130
2177
2072
2075
2118
2155
2142
2061
2083
2187
2140
2137
2124
2073
2258
2131
2192
2137
2186
2196
2153
2194
2235
2127
2135
2231
2155
2179
2166
2248
2171
2146
2185
2187
2175
2086
2107
2183
2244
2189
2258
2205
2137
2123
2123
2167
2120
2193
2152
2119
2157
2178
2157
2176
2176
2174
2150
2146
2173
2119
2169
2261
2197
2200
2215
2167
2178
2127
2121
2198
2135
2175
2149
2097
2167
2167
2190
2155
2152
2120
2156
2125
2223
2164
2249
2228
2194
2189
2150
2247
2165
2223
2111
2178
2185
2165
2218
2164
2192
2191
2217
2306
2168
2224
2084
2150
2150
2176
2160
2154
2221
2175
2203
2214
2125
2089
2138
2215
2063
2203
2145
2154
2219
2131
2179
2185
2149
2192
2215
2235
2212
2192
2158
2159
2179
2173
2165
2150
2157
2205
2095
2150
2168
2193
2034
2217
2209
2213
2164
2225
2133
2195
2146
2178
2213
2224
2176
2194
2168
2149
2203
2251
2136
2206
2241
2270
2153
2183
2202
2211
2158
2176
2168
2118
2126
2168
2193
2189
2146
2171
2183
2155
2140
2188
2175
2131
2216
2235
2211
2166
2210
2243
2179
2262
2171
2142
2177
2163
2127
2155
2209
2195
2232
2077
2169
2208
2188
2224
2184
2107
2221
