2386
2345
2400
2422
2377
2359
2406
2411
2369
2355
2386
2384
2478
2316
2380
2419
2386
2395
2365
2386
2333
2474
2367
2363
2445
2357
2371
2275
2460
2398
2388
2345
2475
2331
2288
2304
2379
2330
2349
2331
2388
2314
2320
2298
2326
2411
2447
2319
2348
2356
2374
2392
2387
2414
2395
2446
2341
2362
2246
2266
2407
2321
2298
2246
2250
2265
2268
2205
2187
2136
2099
2166
2049
2059
2082
1970
2013
2052
2039
1984
1956
1919
1921
1971
1923
2122
2001
1985
1954
2063
2054
2039
1964
2102
2078
2086
2064
2064
2126
2201
2165
2223
2273
2295
2133
2172
2261
2257
2218
2323
2274
2298
2223
2322
2402
2312
2355
2407
2320
2254
2349
2393
2405
2359
2290
2342
2423
2336
2296
2244
2347
2317
2364
2267
2291
2335
2322
2263
2261
2263
2259
2181
2244
2164
2130
2107
2044
2007
2027
1924
1948
1976
1951
1914
2084
1985
2019
2036
2133
2075
2091
2135
2131
2210
2188
2134
2217
2228
2136
2293
2174
2254
2277
2280
2273
2337
2254
2321
2375
2347
2264
2305
2291
2326
2389
2328
2348
2410
2351
2282
2352
2318
2294
2344
2365
2339
2399
2430
2358
2331
2453
2370
2357
2425
2312
2306
2291
2324
2360
2404
2286
2392
2392
2306
2190
2214
2170
2155
2084
2130
2183
2056
2106
2057
2179
2124
2202
2243
2175
2252
2255
2207
2270
2236
2282
2309
2390
2274
2332
2318
2350
2369
2312
2337
2356
2369
2318
2280
2411
2374
2388
2256
2373
2364
2322
2287
2326
2392
2321
2336
2360
2344
2265
2274
2273
2279
2227
2165
2131
2101
2149
2098
2096
2072
2017
2115
2156
2163
2083
2191
2158
2187
2290
2210
2363
2326
2329
2313
2339
2356
2301
2371
2320
2283
2338
2362
2373
2380
2426
2321
2449
2364
2408
2298
2447
2360
2342
2323
2483
2411
2258
2322
2307
2407
2262
2329
2324
2397
2321
2351
2345
2342
2244
2340
2282
2271
2276
2247
2155
2167
2164
2167
2071
2068
2176
2135
2065
2043
2052
2109
1950
1947
1964
2002
1942
1999
2054
2068
2121
2114
2165
2205
2163
2311
2343
2219
2278
2234
2254
2359
2350
2421
2339
2314
2271
2345
2329
2350
2265
2384
2285
2354
2349
2360
2337
2380
2303
2358
2314
2216
2289
2368
2333
2330
2306
2304
2349
2227
2367
2224
2194
2306
2123
2217
2179
2197
2141
2185
2106
2148
2070
2087
1973
2016
2019
2040
2008
1979
1887
1977
1944
1946
1975
1919
1904
1897
1925
1945
1962
2096
2093
2115
2086
2078
2151
2162
2173
2283
2228
2250
2316
2205
2300
2337
2263
2495
2404
2337
2320
2327
2342
2277
2327
2307
2373
2256
2432
2443
2345
2386
2283
2426
2377
2390
2396
2360
2373
2323
2418
2338
2222
2402
2393
2410
2357
2379
2324
2488
2321
2387
2377
2372
2337
2355
2297
2353
2450
2330
2437
2418
2392
2330
2415
2346
2385
2363
2446
2382
2388
2378
2401
2471
2312
2341
2337
2395
2318
2354
2400
2394
2353
2458
2359
2319
2409
2383
2317
2424
2255
2377
2330
2337
2444
2388
2330
2422
2393
2335
2504
2367
2297
2324
2320
2331
2324
2436
2407
2400
2406
2415
2426
2382
2405
2418
2410
2462
2392
2386
2330
2377
2380
2366
2338
2410
2309
2397
2439
2326
2358
2337
2464
2365
2324
2417
2344
2456
2335
2396
2426
2424
2441
2375
2380
2409
2388
2449
2394
2393
2339
2430
2393
2374
2407
2373
2394
2401
2403
2395
2364
2376
2320
2363
2377
2302
2380
2325
2344
2397
2363
2351
2310
2237
2244
2291
2220
2210
2197
2117
2133
2197
2065
2106
2017
2056
1956
1951
1984
1884
1982
1911
1858
1974
1948
2023
2004
1945
1944
2038
1994
2029
2097
2087
2099
2182
2169
2196
2185
2128
2237
2242
2261
2239
2232
2240
2233
2289
2335
2269
2266
2263
2303
2324
2301
2286
2328
2348
2353
2302
2300
2309
2381
2327
2303
2374
2355
2327
2433
2296
2296
2332
2284
2321
2277
2298
2273
2308
2309
2237
2241
2204
2110
2143
2110
1995
2044
2063
1951
2002
2005
2000
1933
1955
1973
1974
2058
2046
2025
2074
2100
2154
2172
2176
2173
2212
2246
2309
2214
2309
2255
2266
2248
2214
2352
2263
2358
2351
2295
2368
2270
2364
2378
2388
2307
2361
2328
2341
2418
2429
2375
2373
2288
2283
2328
2447
2344
2335
2369
2361
2352
2351
2410
2286
2245
2332
2421
2290
2342
2256
2315
2264
2212
2283
2224
2197
2134
2095
2069
2070
2091
2022
2046
2067
2124
2070
2137
2206
2309
2222
2256
2312
2319
2284
2311
2233
2296
2244
2339
2336
2366
2351
2345
2332
2365
2348
2356
2320
2378
2309
2296
2231
2398
2428
2380
2334
2370
2399
2300
2295
2266
2314
2242
2203
2267
2200
2194
2169
2079
2073
2081
2086
2063
2107
2067
2160
2125
2156
2230
2168
2264
2210
2266
2257
2286
2345
2342
2340
2399
2297
2372
2277
2302
2308
2388
2311
2382
2368
2505
2333
2342
2461
2332
2351
2307
2344
2319
2315
2328
2408
2393
2306
2376
2325
2299
2286
2298
2318
2301
2323
2302
2221
2215
2340
2211
2266
2226
2207
2218
2187
2215
2162
2090
2131
2080
2144
2049
2099
2090
1991
1855
2050
1893
1982
1963
1997
1979
2060
1995
2090
2103
2160
2199
2189
2282
2215
2314
2379
2349
2360
2280
2236
2329
2323
2388
2235
2335
2392
2317
2331
2301
2323
2370
2386
2291
2285
2347
2345
2338
2222
2278
2294
2275
2249
2301
2265
2218
2270
2233
2336
2127
2148
2188
2175
2152
2152
2195
2118
2137
2067
2018
2064
2037
2015
1974
2020
2054
1962
2036
1928
1920
1983
1943
1973
1985
2001
1952
1968
1972
2088
2101
2045
2182
2189
2163
2215
2215
2227
2290
2287
2365
2241
2316
2412
2304
2203
2368
2356
2399
2306
2246
2349
2340
2385
2266
2260
2470
2420
2453
2499
2386
2300
2299
2377
2356
2395
2382
2374
2294
2495
2341
2423
2349
2432
2371
2362
2354
2333
2289
2362
2320
2355
2376
2396
2423
2367
2493
2327
2386
2318
2451
2380
2296
2291
2333
2417
2365
2394
2346
2373
2348
2397
2339
2349
2301
