2147
2137
2108
2166
2180
2123
2140
2123
2184
2112
2243
2225
2225
2146
2184
2287
2176
2272
2187
2216
2203
2099
2159
2169
2201
2199
2233
2146
2191
2196
2111
2176
2232
2297
2176
2250
2174
2165
2208
2157
2151
2231
2162
2295
2147
2191
2196
2231
2161
2194
2128
2181
2220
2199
2279
2171
2238
2120
2229
2128
2066
2162
2212
2112
2275
2223
2207
2159
2193
2175
2103
2209
2162
2332
2210
2158
2075
2092
2131
2245
2200
2169
2211
2144
2142
2161
2211
2138
2100
2216
2121
2112
2163
2199
2221
2277
2191
2172
2211
2230
2195
2163
2205
2167
2155
2159
2199
2232
2181
2263
2162
2182
2144
2182
2139
2141
2197
2199
2177
2142
2111
2115
2194
2187
2203
2152
2160
2186
2186
2246
2216
2217
2220
2196
2194
2120
2254
2216
2183
2215
2051
2194
2166
2191
2264
2150
2203
2211
2154
2174
2227
2175
2192
2216
2178
2185
2180
2188
2172
2103
2162
2136
2128
2102
2186
2191
2103
2167
2161
2201
2218
2221
2168
2138
2182
2131
2124
2195
2161
2219
2201
2132
2174
2179
2110
2154
2166
2247
2060
2116
2139
2173
2149
2222
2142
2205
2239
2174
2083
2119
2108
2138
2112
2195
2055
2202
2113
2073
2137
2124
2106
2095
2132
2061
2189
2145
2055
2116
2178
2115
2078
2067
2054
2067
2036
2012
1942
1866
1879
1719
1707
1727
1629
1520
1511
1412
1309
1295
1274
1283
1240
1290
1327
1396
1431
1446
1494
1459
1480
1487
1409
1367
1368
1288
1327
1265
1310
1304
1340
1419
1503
1563
1594
1682
1743
1756
1837
1842
1971
1998
1937
1936
2050
2066
2038
2095
2011
2082
2118
2113
2140
2204
2181
2122
2155
2105
2130
2202
2148
2122
2159
2150
2183
2214
2123
2112
2114
2197
2136
2174
2092
2246
2101
2117
2184
2145
2107
2151
2177
2008
2205
2231
2105
2123
2185
2091
2134
2201
2168
2129
2293
2246
2303
2148
2172
2151
2195
2223
2120
2136
2189
2196
2204
2174
2159
2177
2174
2224
2173
2095
2207
2144
2192
2182
2216
2077
2136
2127
2078
2162
2213
2211
2102
2095
2183
2192
2143
2146
2188
2081
2233
2198
2227
2135
2060
2204
2213
2302
2129
2132
2225
2220
2152
2198
2199
2240
2090
2165
2187
2201
2188
2223
2112
2189
2235
2148
2083
2138
2143
2114
2267
2167
2121
2096
2177
2260
2174
2200
2176
2205
2225
2188
2150
2211
2128
2168
2179
2167
2155
2229
2155
2149
2194
2109
2226
2157
2136
2213
2181
2213
2383
2236
2160
2230
2062
2169
2113
2138
2182
2212
2239
2164
2210
2183
2183
2132
2183
2201
2196
2197
2204
2191
2234
2266
2195
2248
2190
2124
2156
2117
2194
2237
2126
2224
2191
2158
2122
2166
2288
2131
2100
2133
2144
2194
2221
2220
2171
2190
2219
2157
2214
2203
2128
2136
2209
2166
2234
2128
2115
2238
2230
2269
2147
2203
2189
2126
2111
2194
2188
2192
2123
2228
2203
2154
2165
2219
2103
2179
2164
2231
2162
2213
2229
2259
2206
2217
2211
2185
2251
2121
2267
2239
2203
2164
2247
2198
2167
2191
2138
2076
2253
2242
2159
2166
2301
2144
2180
2213
2221
2148
2117
2228
2115
2148
2136
2187
2204
2128
2215
2105
2253
2195
2240
2257
2223
2198
2228
2121
2161
2155
2119
2183
2132
2207
2147
2136
2163
2213
2147
2168
2042
2159
2258
2161
2133
2236
2230
2158
2164
2140
2141
2120
2180
2202
2184
2101
2116
2173
2162
2176
2205
2132
2259
2235
2108
2168
2323
2280
2243
2139
2138
2170
2120
2185
2199
2161
2237
2136
2138
2277
2194
2194
2231
2142
2317
2182
2122
2094
2247
2204
2241
2118
2200
2259
2129
2250
2218
2184
2139
2210
2144
2206
2138
2200
2129
2174
2188
2235
2095
2170
2106
2136
2169
2124
2297
2105
2146
2234
2176
2159
2218
2283
2161
2232
2179
2144
2178
2233
2167
2156
2157
2180
2240
2232
2163
2122
2154
2224
2174
2141
2209
2164
2186
2163
2181
2195
2232
2126
2263
2150
2112
2222
2195
2109
2169
2202
2115
2161
2240
2240
2264
2147
2130
2164
2175
2251
2138
2137
2168
2112
2250
2181
2197
2196
2196
2183
2166
2115
2195
2162
2213
2066
2172
2203
2134
2164
2085
2149
2071
2172
2192
2142
2084
2159
2111
2221
2124
2112
2155
2103
2103
2166
2220
2203
2124
2133
2095
2119
2098
2190
2120
2201
2222
2101
2121
2168
2188
2134
2165
2104
2052
2118
2034
2083
2069
2040
2083
2072
2100
2001
1931
1914
1938
1923
1897
1793
1732
1707
1650
1666
1517
1441
1381
1356
1314
1289
1247
1246
1261
1315
1408
1410
1461
1588
1544
1507
1452
1460
1331
1367
1284
1270
1294
1277
1316
1377
1375
1444
1513
1554
1708
1723
1739
1830
1856
1870
1997
1972
1995
1945
2063
2015
2057
2060
2033
2108
2071
2107
2147
2095
2114
2163
2182
2131
2107
2097
2157
2145
2103
2148
2149
2172
2133
2104
2230
2054
2176
2089
2098
2140
2188
2192
2185
2243
2133
2076
2176
2125
2098
2144
2111
2111
2295
2174
2203
2210
2222
2160
2162
2143
2057
2166
2162
2229
2139
2160
2149
2146
2108
2215
2203
2101
2235
2054
2186
2130
2168
2121
2202
2271
2147
2096
2192
2156
2184
2191
2247
2140
2199
2194
2144
2171
2206
2218
2183
2271
2218
2199
2279
2184
2116
2239
2084
2226
2173
2224
2140
2208
2133
2145
2203
2242
2194
2189
2236
2147
2133
2231
2046
2147
2278
2140
2116
2174
2211
2176
2193
2215
2198
2174
2161
2096
2211
2201
2225
2157
2207
2195
2196
2123
2196
2192
2131
2132
2171
2080
2203
2126
2181
2140
2198
2245
2098
2308
2220
2199
2226
2188
2155
2157
2164
2183
2248
2112
2249
2190
2258
2138
2197
2177
2248
2170
2179
2217
2129
2101
2134
2211
2241
2156
2247
2239
2209
2184
2162
2179
2227
2184
2177
2232
2190
2185
2235
2146
2150
2123
2213
2225
2127
2200
2199
2173
2143
2161
2179
2221
2178
2177
2099
2122
2177
2152
2155
2302
2176
2086
2198
2128
2170
2202
2133
2191
2231
2180
2181
2265
2159
2204
2207
2202
2112
2203
2068
