2158
2130
2206
2091
2206
2149
2160
2138
2177
2209
2268
2217
2176
2265
2177
2159
2194
2118
2179
2243
2227
2207
2147
2192
2180
2168
2152
2186
2271
2156
2226
2156
2226
2215
2117
2135
2137
2221
2104
2146
2152
2215
2086
2241
2267
2175
2128
2170
2192
2193
2228
2273
2209
2169
2180
2140
2155
2106
2214
2205
2195
2256
2113
2152
2124
2119
2221
2209
2208
2192
2160
2098
2234
2170
2238
2204
2178
2158
2247
2216
2223
2209
2195
2195
2214
2216
2137
2098
2183
2194
2174
2200
2127
2213
2251
2118
2191
2140
2151
2167
2133
2184
2138
2226
2169
2156
2203
2122
2152
2129
2203
2182
2116
2208
2118
2241
2246
2209
2194
2204
2249
2167
2164
2199
2155
2202
2144
2061
2196
2097
2151
2216
2199
2217
2160
2193
2206
2309
2209
2246
2168
2273
2172
2227
2153
2082
2189
2235
2188
2156
2157
2225
2183
2153
2149
2201
2164
2161
2225
2176
2193
2184
2184
2142
2130
2133
2199
2207
2160
2182
2148
2087
2185
2151
2192
2161
2232
2243
2169
2215
2068
2162
2137
2155
2106
2199
2255
2180
2191
2163
2096
2179
2096
2060
2115
2117
2112
2161
2084
2197
2172
2099
2092
2095
2177
2127
2097
2167
2105
2141
2107
2135
2074
2122
2105
2177
2126
2096
2107
2077
2029
2022
2066
1976
2070
1873
1956
1904
1872
1722
1701
1654
1668
1566
1516
1404
1394
1346
1341
1250
1266
1366
1321
1388
1393
1458
1426
1556
1544
1500
1432
1347
1337
1282
1287
1281
1326
1304
1350
1441
1465
1525
1613
1674
1713
1790
1860
1915
1888
2010
1992
1987
2078
1983
2068
2106
1995
2052
2026
2115
2106
2126
2104
2162
2104
2118
2170
2176
2112
2099
2180
2163
2163
2155
2137
2158
2169
2185
2214
2125
2149
2180
2166
2148
2141
2182
2208
2068
2160
2114
2269
2139
2160
2212
2196
2198
2202
2185
2170
2088
2197
2150
2198
2076
2111
2148
2107
2213
2188
2167
2178
2179
2185
2125
2158
2224
2196
2055
2160
2259
2219
2251
2155
2174
2230
2128
2196
2164
2218
2072
2172
2254
2148
2199
2188
2134
2244
2202
2172
2247
2212
2206
2180
2147
2154
2234
2215
2183
2112
2261
2132
2183
2144
2151
2202
2138
2241
2190
2271
2181
2181
2099
2155
2224
2210
2160
2255
2207
2200
2218
2233
2254
2205
2115
2161
2154
2143
2135
2123
2176
2174
2216
2096
2148
2201
2185
2236
2227
2099
2109
2140
2222
2139
2183
2148
2165
2215
2159
2241
2220
2215
2235
2188
2188
2158
2127
2177
2236
2244
2204
2262
2153
2233
2231
2145
2192
2195
2185
2180
2246
2164
2128
2185
2166
2213
2110
2132
2260
2158
2221
2141
2160
2294
2123
2222
2229
2134
2177
2154
2183
2180
2259
2224
2222
2140
2112
2199
2163
2257
2143
2204
2238
2214
2192
2239
2088
2249
2138
2230
2180
2184
2175
2154
2221
2240
2220
2137
2116
2177
2092
2223
2130
2216
2197
2230
2164
2148
2128
2246
2192
2217
2260
2205
2195
2247
2159
2239
2173
2199
2194
2183
2154
2219
2227
2210
2213
2171
2209
2159
2190
2132
2217
2211
2155
2228
2222
2134
2151
2297
2315
2190
2141
2165
2219
2116
2128
2225
2140
2155
2183
2227
2229
2156
2229
2165
2213
2186
2218
2206
2167
2200
2082
2198
2170
2153
2163
2232
2169
2220
2251
2224
2139
2163
2172
2153
2128
2155
2105
2150
2155
2142
2207
2168
2265
2217
2150
2153
2163
2206
2146
2194
2136
2200
2149
2171
2251
2233
2159
2133
2169
2200
2203
2254
2131
2109
2247
2208
2284
2138
2199
2147
2203
2136
2194
2137
2091
2107
2203
2171
2148
2173
2203
2188
2224
2135
2126
2137
2144
2152
2179
2198
2174
2181
2188
2171
2260
2149
2222
2154
2219
2239
2207
2209
2195
2061
2162
2178
2190
2200
2104
2191
2078
2112
2211
2162
2199
2123
2211
2169
2155
2222
2076
2201
2197
2135
2228
2105
2225
2219
2150
2143
2246
2251
2089
2222
2196
2135
2190
2212
2226
2234
2154
2153
2168
2097
2219
2191
2169
2171
2116
2128
2125
2174
2152
2177
2135
2171
2118
2106
2146
2079
2172
2230
2204
2197
2151
2238
2181
2181
2127
2178
2178
2179
2194
2038
2201
2165
2162
2159
2199
2202
2153
2181
2113
2193
2192
2034
2209
2198
2125
2118
2107
2098
2106
2190
2226
2118
2226
2139
2102
2089
2121
2126
2160
2173
2084
2115
2184
2122
2158
2125
2056
2102
2038
2150
2139
2040
2051
2040
2028
2044
1993
1959
1898
1888
1860
1798
1782
1697
1639
1503
1509
1455
1373
1319
1258
1285
1285
1266
1277
1397
1480
1415
1557
1562
1512
1479
1411
1383
1326
1341
1313
1276
1299
1310
1383
1392
1404
1500
1558
1653
1722
1744
1905
1861
1981
1894
2037
2006
2088
1987
2013
1982
2052
2052
2048
2071
2036
2085
2101
2150
2144
2110
2016
2174
2084
2184
2157
2155
2089
2144
2223
2148
2249
2122
2112
2169
2166
2130
2173
2116
2188
2169
2235
2167
2136
2130
2149
2137
2107
2125
2050
2127
2183
2084
2189
2193
2220
2166
2167
2212
2134
2104
2055
2198
2133
2151
2252
2173
2137
2056
2223
2228
2174
2184
2250
2196
2109
2158
2145
2191
2195
2181
2084
2184
2182
2176
2153
2193
2252
2165
2142
2259
2131
2086
2248
2197
2163
2180
2248
2165
2178
2132
2175
2208
2140
2257
2110
2090
2162
2165
2180
2218
2184
2090
2245
2260
2212
2172
2204
2254
2180
2160
2135
2110
2124
2214
2156
2140
2214
2236
2169
2103
2223
2109
2154
2193
2214
2162
2158
2177
2215
2158
2236
2103
2058
2281
2136
2105
2180
2158
2187
2206
2239
2115
2213
2189
2161
2259
2264
2123
2125
2176
2133
2133
2104
2131
2217
2285
2185
2201
2155
2133
2226
2204
2170
2186
2198
2148
2200
2163
2213
2172
2167
2207
2327
2258
2140
2097
2171
2217
2163
2219
2178
2139
2132
2249
2128
2194
2140
2199
2188
2180
2187
2088
2272
2172
2147
2201
2152
2127
2211
2116
2192
2157
2178
2172
2204
2180
2226
2146
2174
2121
2112
2105
2188
2153
2243
2224
2157
2118
2123
2186
