2457
2392
2506
2454
2478
2412
2390
2497
2435
2421
2434
2420
2403
2372
2459
2465
2486
2515
2379
2476
2383
2458
2429
2406
2433
2492
2437
2419
2463
2515
2424
2495
2454
2455
2369
2412
2483
2369
2482
2442
2472
2363
2449
2476
2492
2380
2458
2505
2467
2486
2426
2466
2498
2476
2466
2441
2433
2438
2367
2415
2445
2399
2451
2468
2434
2422
2370
2481
2491
2386
2380
2493
2460
2435
2521
2439
2480
2399
2389
2465
2453
2494
2383
2423
2408
2480
2437
2492
2459
2396
2385
2380
2467
2410
2425
2395
2410
2426
2430
2449
2525
2383
2386
2382
2469
2506
2529
2440
2470
2389
2392
2410
2426
2370
2475
2429
2430
2440
2427
2427
2532
2476
2441
2418
2467
2418
2405
2478
2316
2378
2362
2399
2481
2453
2436
2485
2452
2461
2383
2432
2317
2533
2396
2446
2413
2452
2399
2467
2495
2490
2383
2365
2374
2492
2441
2438
2399
2403
2477
2459
2437
2430
2472
2432
2469
2382
2380
2507
2495
2445
2400
2415
2459
2457
2374
2488
2456
2414
2471
2489
2446
2420
2563
2450
2474
2363
2338
2428
2465
2466
2415
2439
2498
2447
2416
2397
2469
2427
2436
2415
2382
2412
2376
2416
2449
2435
2375
2331
2453
2317
2429
2363
2400
2380
2250
2337
2323
2276
2347
2279
2289
2357
2352
2300
2197
2193
2261
2041
2097
2096
1989
1878
1762
1682
1592
1610
1597
1530
1479
1512
1416
1507
1514
1535
1620
1655
1731
1680
1741
1665
1660
1569
1504
1482
1472
1487
1448
1424
1524
1628
1658
1667
1795
1821
1967
2045
1997
2087
2149
2222
2102
2257
2287
2243
2365
2393
2296
2314
2359
2329
2296
2367
2329
2440
2363
2483
2424
2424
2340
2382
2421
2383
2424
2386
2485
2524
2404
2407
2384
2377
2454
2393
2434
2348
2460
2437
2422
2405
2452
2474
2405
2426
2475
2466
2482
2298
2469
2417
2463
2418
2408
2423
2441
2470
2579
2474
2457
2471
2431
2426
2404
2448
2412
2446
2450
2386
2400
2419
2424
2484
2460
2429
2412
2428
2309
2463
2382
2464
2519
2517
2399
2436
2466
2420
2363
2402
2482
2450
2422
2406
2399
2384
2474
2438
2443
2326
2477
2434
2330
2417
2446
2541
2501
2475
2451
2472
2386
2454
2368
2438
2479
2461
2455
2513
2451
2418
2349
2495
2451
2435
2399
2402
2373
2484
2392
2513
2443
2415
2394
2457
2404
2400
2408
2444
2440
2400
2447
2466
2372
2450
2384
2449
2453
2440
2483
2464
2398
2404
2505
2480
2422
2447
2440
2463
2459
2481
2413
2443
2430
2495
2463
2353
2463
2480
2421
2480
2466
2507
2447
2480
2411
2516
2470
2504
2491
2484
2474
2473
2522
2458
2353
2415
2457
2520
2440
2386
2405
2407
2497
2447
2416
2468
2420
2473
2470
2465
2467
2409
2433
2461
2448
2435
2517
2519
2389
2441
2395
2463
2609
2456
2492
2556
2398
2472
2390
2440
2457
2409
2429
2428
2377
2493
2463
2480
2432
2447
2513
2519
2371
2471
2490
2452
2416
2412
2516
2495
2387
2495
2421
2384
2379
2461
2478
2433
2398
2371
2500
2395
2459
2427
2360
2488
2396
2469
2441
2461
2500
2434
2563
2443
2443
2581
2434
2490
2479
2366
2433
2575
2481
2418
2489
2472
2461
2415
2454
2386
2379
2343
2424
2354
2458
2391
2338
2434
2519
2389
2389
2458
2467
2472
2491
2426
2404
2465
2397
2339
2484
2379
2467
2399
2394
2452
2416
2527
2502
2451
2420
2492
2398
2454
2354
2436
2446
2427
2458
2457
2487
2401
2470
2446
2465
2484
2392
2414
2447
2490
2473
2484
2518
2427
2390
2385
2462
2524
2468
2505
2386
2428
2422
2459
2408
2477
2480
2468
2419
2410
2496
2436
2524
2410
2430
2436
2328
2383
2420
2467
2438
2328
2419
2448
2380
2440
2486
2525
2428
2470
2409
2469
2498
2465
2349
2444
2462
2464
2513
2364
2404
2462
2417
2458
2507
2425
2359
2443
2438
2473
2436
2458
2464
2584
2491
2494
2422
2430
2407
2368
2454
2382
2370
2437
2464
2368
2372
2416
2401
2406
2432
2493
2442
2435
2385
2429
2447
2419
2458
2396
2383
2385
2411
2509
2422
2340
2424
2412
2390
2481
2373
2405
2445
2370
2488
2464
2458
2398
2416
2478
2318
2487
2369
2411
2354
2490
2488
2412
2456
2364
2456
2372
2456
2423
2423
2462
2369
2296
2442
2391
2332
2308
2386
2339
2398
2282
2382
2302
2413
2295
2360
2292
2447
2366
2290
2345
2332
2393
2331
2345
2223
2377
2224
2309
2210
2220
2151
2129
2178
2062
2002
2013
1858
1809
1714
1674
1580
1521
1415
1465
1430
1449
1467
1530
1552
1487
1592
1695
1758
1750
1638
1642
1548
1432
1458
1430
1379
1427
1501
1466
1591
1578
1667
1750
1824
1909
1939
2081
2134
2114
2205
2160
2221
2297
2276
2217
2255
2284
2390
2340
2202
2370
2379
2360
2377
2346
2473
2407
2336
2307
2380
2372
2402
2420
2322
2384
2368
2361
2405
2461
2389
2468
2370
2474
2502
2382
2378
2486
2371
2373
2436
2376
2451
2415
2425
2480
2430
2452
2369
2320
2450
2450
2399
2387
2380
2413
2390
2414
2415
2378
2413
2592
2408
2482
2347
2421
2465
2423
2428
2449
2353
2430
2470
2432
2410
2513
2494
2394
2493
2453
2418
2435
2367
2336
2470
2443
2456
2487
2444
2369
2444
2413
2412
2477
2424
2416
2450
2449
2394
2369
2460
2504
2394
2379
2562
2493
2432
2456
2335
2425
2492
2509
2458
2442
2418
2459
2419
2381
2392
2510
2388
2387
2433
2520
2439
2382
2367
2392
2394
2347
2453
2449
2399
2573
2434
2367
2434
2506
2552
2503
2405
2336
2390
2403
2385
2301
2391
2349
2415
2497
2381
2344
2434
2408
2332
2429
2394
2444
2385
2439
2382
2420
2404
2363
2404
2450
2446
2369
2446
2456
2554
2418
2459
2370
2409
2441
2427
2451
2409
2477
2392
2469
2360
2402
2453
2374
2443
2401
2462
2434
2521
2518
2401
2422
2355
2384
2477
2505
2424
2395
2405
2456
2413
2370
2421
2473
2396
2456
2519
2445
2468
2436
2435
2379
2414
2378
2497
2465
2450
2466
2447
2433
2415
2450
2434
2440
2369
