2193
2114
2251
2201
2206
2167
2187
2295
2134
2236
2178
2153
2202
2226
2128
2214
2182
2211
2131
2115
2151
2206
2077
2175
2114
2220
2170
2236
2189
2174
2236
2239
2165
2096
2128
2186
2044
2101
2252
2205
2197
2172
2101
2074
2213
2266
2137
2194
2142
2227
2171
2147
2158
2183
2159
2132
2099
2172
2155
2181
2204
2181
2252
2187
2164
2163
2226
2217
2107
2205
2147
2192
2093
2233
2176
2218
2155
2181
2201
2126
2161
2188
2209
2199
2089
2170
2134
2130
2220
2250
2149
2249
2171
2188
2052
2112
2191
2269
2161
2203
2206
2181
2250
2217
2197
2241
2144
2206
2212
2139
2189
2118
2222
2193
2179
2144
2203
2162
2242
2245
2149
2273
2070
2159
2158
2140
2219
2171
2190
2131
2160
2106
2166
2210
2165
2190
2190
2225
2119
2132
2229
2153
2197
2232
2212
2153
2255
2158
2123
2222
2219
2148
2147
2125
2141
2109
2228
2126
2149
2248
2138
2138
2187
2237
2108
2158
2171
2129
2143
2205
2220
2122
2191
2130
2207
2204
2255
2166
2225
2150
2209
2212
2178
2207
2131
2183
2062
2089
2177
2147
2144
2113
2134
2144
2114
2186
2183
2118
2123
2184
2132
2139
2065
2105
2065
2148
2194
2176
2096
2137
2160
2100
2034
2040
2086
2187
2075
2127
2017
2116
2104
2084
2031
2023
2045
1956
1931
1866
1799
1719
1730
1659
1632
1542
1481
1479
1318
1341
1289
1314
1306
1191
1405
1409
1361
1495
1468
1503
1544
1451
1399
1348
1332
1317
1301
1259
1349
1304
1315
1358
1450
1525
1581
1638
1724
1663
1823
1892
1818
2038
1916
1999
2020
2059
1973
2088
2031
2052
2090
2142
2108
2079
2176
2165
2143
2113
2131
2102
2120
2102
2161
2127
2150
2069
2159
2148
2112
2221
2115
2165
2175
2220
2167
2195
2153
2249
2134
2116
2120
2144
2208
2098
2088
2245
2184
2235
2213
2104
2149
2193
2190
2194
2107
2114
2112
2178
2152
2230
2117
2150
2207
2276
2242
2207
2189
2149
2143
2184
2140
2226
2278
2173
2148
2193
2229
2206
2228
2122
2156
2161
2126
2272
2177
2203
2226
2196
2194
2158
2155
2202
2175
2143
2097
2163
2229
2164
2212
2159
2135
2125
2186
2204
2151
2200
2228
2209
2225
2040
2102
2172
2133
2183
2206
2163
2130
2187
2117
2177
2177
2220
2208
2141
2225
2129
2303
2239
2157
2136
2210
2185
2143
2180
2248
2175
2204
2105
2170
2214
2162
2165
2190
2194
2202
2167
2189
2283
2165
2140
2169
2101
2152
2180
2217
2205
2213
2225
2084
2178
2224
2085
2153
2111
2132
2159
2233
2131
2158
2148
2126
2211
2229
2122
2246
2218
2229
2172
2133
2269
2196
2209
2200
2187
2157
2152
2182
2149
2300
2248
2098
2218
2228
2200
2240
2190
2139
2141
2207
2214
2285
2172
2211
2173
2225
2152
2167
2091
2216
2120
2139
2085
2165
2193
2213
2142
2198
2221
2201
2258
2206
2220
2148
2198
2191
2167
2207
2210
2150
2127
2151
2169
2143
2094
2191
2087
2147
2103
2277
2240
2141
2232
2278
2160
2186
2161
2148
2138
2183
2122
2223
2175
2155
2229
2167
2143
2178
2183
2159
2211
2183
2180
2241
2202
2180
2149
2230
2136
2170
2210
2146
2129
2177
2111
2150
2191
2190
2198
2199
2156
2165
2242
2242
2204
2211
2182
2224
2216
2190
2180
2117
2161
2303
2273
2155
2213
2104
2168
2180
2258
2164
2060
2128
2153
2192
2095
2169
2204
2147
2214
2228
2279
2245
2167
2186
2237
2144
2127
2152
2144
2195
2183
2184
2240
2138
2168
2173
2180
2119
2216
2142
2181
2079
2120
2194
2028
2199
2107
2166
2203
2132
2181
2128
2276
2134
2168
2098
2192
2153
2189
2070
2169
2159
2232
2094
2217
2179
2135
2175
2205
2070
2137
2198
2162
2188
2166
2157
2185
2141
2161
2094
2194
2148
2182
2149
2197
2218
2198
2232
2072
2214
2146
2124
2234
2188
2123
2121
2191
2195
2146
2164
2231
2161
2210
2175
2171
2205
2164
2207
2140
2185
2164
2205
2184
2189
2229
2178
2126
2252
2220
2219
2167
2145
2213
2184
2146
2101
2135
2198
2221
2193
2189
2182
2203
2146
2190
2158
2142
2206
2123
2129
2171
2131
2166
2202
2152
2046
2206
2168
2170
2116
2218
2158
2120
2136
2112
2126
2107
2198
2115
2089
2172
2100
2124
2117
2166
2035
2150
2154
2131
2086
2149
2144
2202
2110
2130
2124
2069
2138
2087
2095
2077
2078
2086
2119
2153
2066
2033
2082
2124
2034
2013
2011
2046
1977
1937
1910
1858
1767
1812
1751
1659
1569
1434
1395
1376
1384
1272
1332
1236
1344
1338
1303
1419
1419
1524
1530
1563
1557
1443
1339
1333
1324
1222
1255
1235
1316
1343
1455
1443
1482
1556
1590
1619
1822
1860
1877
1979
1930
1950
2075
2007
2014
2050
2122
2086
2096
2094
2033
2138
2117
2138
2126
2088
2063
2142
2189
2060
2093
2144
2099
2116
2101
2142
2147
2101
2090
2147
2116
2145
2135
2168
2142
2237
2120
2170
2095
2189
2092
2053
2157
2168
2182
2142
2121
2124
2224
2251
2233
2167
2120
2126
2199
2175
2120
2159
2191
2239
2218
2088
2156
2126
2210
2169
2076
2154
2135
2207
2165
2091
2186
2202
2208
2134
2097
2206
2176
2231
2225
2229
2135
2174
2138
2148
2114
2133
2260
2215
2143
2158
2177
2122
2157
2115
2254
2163
2229
2222
2240
2206
2151
2349
2096
2182
2195
2276
2183
2216
2134
2183
2141
2134
2225
2120
2167
2132
2237
2216
2158
2078
2158
2131
2211
2181
2158
2219
2217
2129
2232
2207
2194
2128
2189
2165
2185
2205
2196
2117
2214
2115
2235
2173
2161
2104
2140
2294
2189
2145
2098
2193
2129
2128
2263
2174
2183
2245
2234
2120
2110
2256
2168
2195
2211
2233
2187
2192
2148
2299
2166
2180
2209
2149
2163
2240
2156
2145
2157
2173
2157
2198
2148
2183
2144
2199
2222
2193
2241
2209
2195
2178
2211
2122
2233
2134
2273
2217
2183
2239
2121
2152
2159
2190
2178
2208
2173
2173
2160
2153
2089
2161
2118
2186
2304
2185
2195
2111
2148
2153
2217
2185
2211
2153
2101
2092
2240
