2156
2131
2153
2157
2184
2217
2157
2250
2191
2238
2187
2163
2158
2224
2188
2180
2095
2134
2300
2246
2177
2135
2197
2155
2192
2131
2151
2195
2181
2107
2221
2157
2161
2147
2200
2248
2107
2198
2146
2222
2175
2171
2077
2197
2159
2172
2224
2115
2158
2169
2201
2218
2183
2146
2202
2144
2173
2224
2156
2184
2209
2191
2102
2106
2172
2183
2260
2218
2199
2145
2224
2153
2226
2201
2133
2205
2247
2181
2243
2259
2191
2160
2174
2217
2291
2153
2125
2261
2143
2190
2283
2147
2215
2211
2210
2194
2197
2172
2201
2259
2161
2217
2152
2173
2194
2116
2212
2204
2105
2178
2173
2157
2160
2119
2161
2168
2205
2199
2225
2183
2161
2236
2145
2176
2157
2175
2261
2206
2089
2224
2138
2182
2207
2082
2177
2180
2201
2199
2130
2199
2278
2198
2174
2202
2198
2167
2230
2161
2086
2176
2182
2176
2161
2068
2231
2130
2148
2235
2209
2188
2162
2158
2143
2143
2103
2209
2219
2113
2247
2208
2128
2255
2107
2173
2206
2228
2201
2174
2205
2098
2132
2145
2122
2214
2075
2161
2115
2207
2230
2162
2095
2090
2155
2121
2092
2131
2229
2250
2093
2144
2114
2103
2056
2114
2060
2056
2085
2170
2163
2032
2117
2103
2094
2122
2100
2133
2176
2045
2009
2170
2089
2053
2040
1992
1996
1984
1967
1906
1820
1841
1712
1685
1641
1453
1413
1462
1333
1322
1300
1247
1260
1348
1311
1339
1393
1486
1471
1464
1518
1584
1489
1410
1389
1251
1248
1205
1258
1365
1272
1428
1427
1550
1539
1644
1693
1734
1854
1864
1891
1909
1931
2008
1969
1976
2074
2066
2091
2094
2141
2140
2135
2090
2127
2144
2031
2104
2091
2165
2175
2203
2187
2086
2130
2086
2138
2128
2175
2114
2201
2168
2192
2165
2079
2165
2104
2079
2120
2085
2184
2153
2210
2180
2173
2189
2117
2164
2163
2222
2117
2176
2171
2137
2142
2137
2169
2217
2214
2132
2077
2138
2167
2172
2250
2181
2248
2171
2175
2134
2135
2107
2132
2189
2143
2133
2085
2155
2081
2147
2129
2272
2101
2136
2162
2152
2175
2132
2099
2203
2205
2208
2168
2127
2254
2113
2153
2151
2165
2173
2204
2198
2053
2183
2157
2135
2265
2134
2179
2157
2136
2177
2156
2196
2185
2192
2269
2239
2253
2153
2162
2237
2215
2248
2106
2220
2214
2194
2115
2211
2185
2173
2241
2237
2228
2253
2202
2137
2105
2139
2129
2254
2215
2194
2181
2199
2221
2141
2156
2258
2240
2215
2192
2217
2222
2151
2168
2134
2151
2246
2241
2258
2152
2204
2132
2173
2255
2070
2137
2279
2150
2141
2206
2176
2154
2190
2154
2290
2196
2179
2234
2215
2164
2173
2133
2179
2168
2143
2188
2208
2192
2167
2158
2273
2101
2204
2178
2221
2249
2222
2187
2107
2198
2170
2202
2267
2205
2235
2035
2199
2161
2083
2194
2260
2194
2221
2170
2146
2151
2192
2158
2201
2182
2122
2136
2178
2195
2170
2217
2169
2180
2235
2168
2159
2085
2229
2153
2173
2226
2220
2211
2128
2301
2208
2236
2222
2218
2192
2165
2147
2197
2222
2224
2093
2152
2088
2216
2198
2160
2155
2180
2207
2065
2190
2206
2093
2209
2148
2184
2185
2175
2073
2109
2262
2083
2159
2172
2212
2184
2134
2181
2164
2138
2140
2192
2156
2182
2160
2218
2136
2093
2061
2184
2189
2205
2108
2155
2195
2092
2097
2222
2314
2175
2234
2083
2240
2174
2207
2143
2180
2180
2136
2201
2213
2195
2164
2173
2134
2152
2197
2260
2161
2203
2183
2206
2141
2211
2051
2161
2243
2215
2140
2151
2172
2183
2201
2205
2128
2096
2184
2117
2193
2152
2125
2216
2177
2148
2103
2114
2215
2183
2258
2158
2188
2133
2192
2300
2228
2140
2208
2139
2096
2091
2162
2216
2150
2150
2134
2229
2204
2184
2162
2265
2260
2135
2156
2130
2209
2216
2157
2190
2190
2170
2183
2043
2220
2091
2249
2168
2177
2139
2160
2162
2212
2105
2100
2145
2185
2128
2198
2145
2075
2210
2123
2140
2156
2184
2230
2205
2154
2167
2225
2267
2108
2206
2181
2218
2239
2153
2110
2201
2163
2287
2157
2093
2147
2154
2096
2167
2100
2163
2109
2110
2099
2219
2161
2129
2193
2226
2171
2090
2219
2189
2158
2159
2143
2216
2129
2118
2145
2162
2138
2079
2071
2245
2170
2150
2085
2054
2230
2132
2088
2059
2067
2077
2136
2076
2177
2143
2118
2094
2088
2136
2096
2056
2087
2045
2049
2016
2041
2079
2022
2027
1943
1946
1917
1837
1860
1763
1733
1604
1598
1638
1441
1411
1397
1345
1322
1247
1280
1254
1351
1371
1398
1468
1559
1554
1553
1546
1460
1331
1350
1305
1277
1264
1324
1303
1331
1324
1347
1509
1555
1649
1728
1775
1806
1900
1970
2059
1927
2075
1962
2139
2129
2058
2134
2112
2114
2104
2093
2133
2099
2202
2121
2240
2074
2136
2145
2106
2222
2118
2135
2188
2105
2062
2119
2210
2152
2144
2060
2127
2142
2200
2168
2137
2160
2267
2171
2169
2169
2207
2093
2124
2181
2177
2198
2185
2149
2222
2153
2140
2201
2131
2192
2177
2177
2117
2142
2170
2213
2133
2189
2162
2170
2179
2162
2112
2104
2181
2208
2145
2136
2132
2167
2172
2231
2238
2207
2133
2150
2107
2132
2248
2162
2263
2080
2229
2199
2250
2136
2071
2124
2192
2182
2108
2193
2118
2141
2145
2173
2169
2200
2215
2235
2199
2172
2136
2272
2229
2141
2226
2206
2192
2280
2201
2169
2245
2189
2160
2220
2178
2207
2177
2140
2108
2264
2225
2211
2129
2202
2237
2238
2145
2175
2190
2185
2209
2114
2167
2107
2075
2169
2149
2133
2184
2192
2194
2113
2106
2249
2226
2229
2157
2166
2227
2262
2129
2121
2150
2138
2179
2224
2167
2221
2146
2104
2162
2199
2271
2175
2165
2088
2185
2217
2180
2173
2185
2112
2153
2180
2254
2165
2157
2091
2161
2177
2156
2119
2165
2166
2170
2139
2165
2186
2143
2215
2170
2155
2202
2233
2121
2162
2246
2222
2195
2210
2239
2179
2190
2157
2239
2221
2195
2191
2192
2286
2185
2062
2245
2195
2249
2142
2174
2353
2225
