2443
2468
2468
2431
2408
2437
2465
2492
2440
2439
2480
2418
2562
2459
2439
2404
2434
2452
2430
2400
2508
2456
2445
2498
2443
2452
2567
2491
2448
2471
2417
2439
2466
2399
2459
2495
2476
2444
2502
2405
2447
2448
2418
2502
2434
2392
2413
2460
2361
2557
2428
2383
2517
2415
2422
2452
2452
2538
2494
2435
2442
2409
2458
2402
2447
2438
2480
2430
2521
2437
2425
2442
2415
2481
2380
2411
2547
2495
2433
2406
2502
2457
2450
2444
2460
2421
2465
2443
2437
2499
2533
2428
2398
2340
2557
2445
2408
2477
2533
2487
2464
2424
2444
2379
2437
2498
2465
2471
2449
2526
2421
2364
2424
2429
2480
2500
2430
2478
2437
2472
2450
2454
2479
2441
2465
2538
2405
2480
2419
2305
2434
2343
2455
2528
2395
2454
2418
2361
2403
2414
2447
2478
2417
2529
2479
2437
2489
2410
2516
2354
2470
2404
2559
2298
2465
2460
2545
2463
2477
2419
2402
2510
2373
2455
2393
2379
2464
2418
2442
2441
2468
2463
2394
2388
2399
2515
2386
2478
2363
2332
2402
2437
2405
2334
2352
2465
2343
2436
2460
2417
2501
2419
2448
2459
2374
2355
2431
2426
2433
2483
2383
2429
2447
2374
2387
2464
2383
2463
2298
2326
2513
2324
2346
2393
2437
2356
2341
2319
2322
2356
2273
2281
2306
2206
2190
2197
2198
2171
2178
2017
1970
1904
1747
1749
1642
1635
1557
1460
1369
1477
1458
1481
1468
1593
1537
1715
1693
1746
1716
1753
1631
1521
1438
1410
1510
1433
1491
1461
1529
1552
1584
1702
1775
1870
1894
2006
1973
2167
2183
2172
2205
2228
2334
2275
2317
2334
2331
2378
2365
2318
2243
2398
2423
2316
2503
2335
2344
2417
2434
2363
2412
2514
2387
2446
2407
2385
2429
2448
2437
2338
2314
2383
2445
2365
2503
2392
2374
2506
2427
2401
2394
2388
2393
2423
2454
2464
2436
2443
2438
2435
2407
2495
2471
2467
2528
2410
2467
2425
2532
2414
2426
2426
2414
2385
2446
2469
2424
2386
2433
2403
2536
2401
2363
2401
2432
2427
2450
2459
2440
2332
2449
2401
2388
2465
2354
2510
2374
2391
2321
2410
2464
2426
2434
2451
2467
2535
2471
2337
2450
2538
2404
2453
2391
2553
2437
2451
2526
2431
2362
2510
2397
2458
2403
2394
2469
2409
2403
2471
2354
2366
2452
2484
2474
2347
2479
2415
2473
2442
2411
2388
2519
2387
2538
2413
2409
2494
2455
2530
2388
2421
2427
2543
2428
2418
2372
2518
2463
2501
2433
2411
2488
2481
2482
2516
2399
2538
2411
2329
2400
2426
2381
2384
2383
2404
2381
2413
2540
2495
2481
2436
2480
2436
2446
2477
2382
2480
2427
2440
2421
2528
2457
2482
2512
2495
2430
2433
2470
2520
2395
2457
2461
2405
2401
2451
2331
2358
2470
2461
2472
2451
2487
2393
2364
2452
2506
2390
2395
2402
2497
2382
2382
2384
2441
2454
2414
2385
2387
2443
2413
2467
2437
2454
2395
2458
2387
2457
2457
2475
2447
2469
2493
2471
2489
2397
2420
2401
2425
2451
2482
2414
2477
2388
2421
2425
2361
2437
2471
2440
2525
2470
2492
2510
2497
2357
2469
2493
2462
2361
2479
2445
2419
2439
2471
2400
2355
2468
2352
2401
2464
2408
2534
2370
2535
2412
2440
2417
2414
2445
2446
2447
2497
2448
2428
2467
2495
2411
2443
2461
2507
2427
2475
2359
2582
2402
2452
2396
2417
2457
2375
2413
2440
2415
2446
2515
2521
2474
2454
2415
2400
2416
2477
2426
2448
2391
2467
2470
2427
2401
2379
2409
2387
2486
2417
2373
2476
2490
2430
2515
2452
2392
2379
2383
2491
2418
2339
2417
2363
2363
2377
2461
2358
2357
2465
2504
2464
2390
2408
2400
2435
2443
2447
2484
2444
2450
2422
2479
2522
2553
2392
2383
2463
2496
2416
2505
2464
2404
2400
2417
2445
2473
2452
2319
2422
2476
2475
2420
2354
2444
2496
2405
2428
2426
2437
2439
2424
2448
2386
2533
2514
2393
2481
2434
2404
2441
2462
2440
2393
2397
2472
2409
2377
2395
2460
2481
2410
2454
2425
2399
2374
2358
2380
2410
2411
2447
2516
2415
2463
2347
2412
2328
2377
2445
2422
2401
2499
2392
2387
2410
2468
2440
2357
2397
2506
2365
2405
2505
2482
2480
2400
2433
2363
2324
2399
2444
2430
2432
2487
2344
2382
2344
2414
2457
2333
2360
2480
2423
2403
2405
2404
2387
2371
2358
2394
2294
2321
2364
2410
2423
2277
2453
2436
2266
2281
2341
2288
2319
2269
2300
2233
2215
2195
2281
2218
2141
2051
2134
1998
1947
1898
1709
1771
1660
1590
1609
1536
1474
1475
1468
1444
1483
1504
1609
1650
1696
1762
1690
1638
1565
1509
1508
1452
1500
1404
1539
1443
1494
1526
1644
1701
1763
1843
1876
1989
2059
2142
2199
2165
2305
2268
2131
2246
2343
2319
2359
2334
2309
2327
2423
2357
2315
2288
2311
2374
2370
2335
2451
2409
2356
2403
2370
2421
2321
2414
2485
2364
2365
2397
2363
2422
2400
2415
2406
2370
2463
2361
2350
2435
2420
2424
2462
2534
2463
2482
2458
2437
2297
2455
2436
2419
2498
2463
2371
2476
2441
2405
2365
2446
2436
2415
2387
2434
2428
2407
2415
2502
2511
2449
2442
2423
2473
2485
2490
2335
2500
2418
2404
2403
2436
2418
2372
2405
2472
2377
2464
2440
2395
2522
2327
2351
2364
2387
2381
2424
2468
2468
2418
2414
2406
2496
2452
2483
2450
2399
2458
2367
2480
2522
2413
2421
2411
2487
2425
2413
2500
2401
2462
2456
2476
2443
2391
2400
2380
2400
2411
2322
2430
2430
2399
2396
2368
2434
2423
2413
2555
2469
2445
2361
2468
2528
2410
2382
2472
2422
2413
2439
2481
2461
2416
2509
2435
2462
2365
2387
2425
2394
2512
2464
2388
2419
2469
2384
2481
2408
2469
2448
2438
2425
2487
2398
2444
2484
2514
2352
2400
2335
2384
2398
2449
2376
2505
2440
2485
2384
2424
2457
2441
2415
2378
2361
2426
2483
2391
2451
2426
2446
2485
2392
2385
2467
2487
2425
2509
2372
2470
2429
2384
2430
2418
2460
2416
2385
2406
2475
2447
2477
2382
2394
2499
2523
2440
2504
2461
2455
