2209
2214
2168
2220
2237
2180
2212
2283
2185
2161
2083
2241
2246
2201
2272
2144
2312
2187
2144
2248
2249
2200
2204
2254
2266
2158
2217
2213
2090
2173
2235
2209
2272
2199
2226
2191
2275
2199
2180
2278
2164
2256
2206
2133
2163
2183
2135
2245
2163
2231
2114
2223
2110
2126
2239
2217
2206
2225
2219
2235
2192
2179
2180
2093
2143
2192
2183
2186
2187
2218
2177
2066
2114
2143
2190
2141
2157
2187
2245
2195
2112
2185
2168
2205
2165
2216
2145
2222
2181
2164
2178
2253
2259
2190
2253
2130
2224
2141
2095
2219
2228
2219
2192
2208
2147
2220
2153
2130
2174
2103
2239
2173
2141
2136
2219
2116
2198
2268
2151
2191
2206
2112
2167
2220
2144
2167
2181
2219
2137
2285
2202
2254
2255
2194
2147
2202
2139
2190
2225
2154
2199
2187
2093
2110
2169
2167
2172
2189
2104
2104
2244
2071
2155
2267
2161
2147
2267
2203
2276
2213
2187
2119
2119
2159
2216
2195
2196
2066
2172
2175
2231
2155
2163
2188
2138
2120
2204
2148
2322
2204
2128
2194
2209
2107
2226
2277
2159
2108
2254
2114
2198
2159
2235
2240
2058
2202
2189
2214
2124
2105
2142
2245
2135
2108
2146
2189
2104
2237
2196
2154
2079
2146
2133
2105
2066
2214
2138
2098
2175
2040
2088
2038
2081
1989
2056
1914
1956
1933
1822
1828
1786
1691
1602
1579
1506
1385
1428
1325
1319
1280
1239
1289
1331
1376
1440
1458
1508
1550
1489
1449
1471
1442
1351
1357
1306
1326
1241
1351
1404
1466
1486
1545
1615
1757
1731
1737
1787
1920
1976
2010
1908
1997
2063
2015
2103
2223
2063
2126
2101
2076
2005
2152
2124
2090
2147
2070
2125
2098
2201
2124
2170
2152
2093
2164
2127
2116
2193
2149
2151
2153
2150
2221
2154
2198
2171
2219
2251
2094
2185
2223
2204
2250
2145
2147
2174
2202
2169
2218
2122
2150
2258
2198
2122
2194
2190
2288
2173
2173
2204
2126
2261
2276
2128
2160
2155
2110
2187
2233
2234
2165
2232
2163
2199
2203
2261
2143
2183
2204
2156
2156
2170
2160
2159
2268
2231
2214
2146
2212
2158
2132
2159
2243
2150
2119
2216
2112
2228
2209
2276
2236
2186
2153
2201
2202
2174
2258
2218
2224
2228
2198
2183
2204
2173
2178
2227
2231
2154
2249
2166
2184
2241
2222
2206
2162
2260
2214
2250
2214
2134
2198
2195
2261
2136
2170
2136
2213
2185
2197
2280
2142
2245
2179
2140
2218
2176
2150
2169
2291
2240
2191
2196
2177
2253
2286
2225
2151
2255
2151
2132
2248
2172
2328
2189
2107
2201
2174
2159
2266
2195
2230
2259
2230
2211
2162
2218
2215
2155
2268
2190
2199
2247
2213
2150
2135
2193
2225
2273
2271
2177
2271
2241
2215
2191
2148
2159
2229
2266
2188
2236
2196
2317
2183
2249
2141
2275
2234
2169
2235
2136
2178
2256
2212
2176
2171
2214
2264
2132
2219
2189
2289
2197
2205
2239
2188
2198
2190
2221
2186
2206
2261
2165
2242
2153
2227
2262
2137
2224
2177
2224
2114
2228
2151
2156
2238
2197
2246
2173
2154
2199
2190
2206
2193
2232
2231
2112
2124
2272
2150
2185
2198
2236
2199
2220
2167
2261
2202
2182
2216
2243
2208
2260
2237
2275
2208
2214
2250
2189
2176
2185
2164
2221
2163
2175
2184
2224
2137
2167
2162
2243
2249
2159
2164
2207
2225
2186
2162
2217
2187
2227
2151
2153
2240
2138
2179
2181
2213
2272
2224
2196
2080
2183
2113
2160
2209
2151
2141
2224
2192
2123
2192
2210
2218
2210
2171
2267
2197
2173
2194
2184
2170
2251
2194
2239
2137
2122
2186
2179
2217
2231
2212
2148
2194
2227
2220
2218
2188
2195
2147
2215
2205
2222
2174
2205
2274
2138
2315
2205
2142
2287
2132
2217
2273
2246
2125
2191
2172
2211
2250
2241
2103
2187
2253
2122
2101
2182
2133
2173
2223
2224
2178
2073
2216
2162
2158
2296
2053
2122
2150
2184
2138
2223
2243
2108
2183
2260
2190
2179
2220
2159
2197
2156
2188
2168
2222
2170
2281
2185
2197
2128
2242
2289
2137
2170
2162
2231
2143
2176
2176
2155
2195
2146
2181
2143
2212
2169
2126
2238
2268
2174
2153
2190
2148
2096
2120
2124
2218
2095
2109
2188
2170
2171
2298
2198
2217
2080
2232
2253
2153
2146
2097
2084
2128
2165
2140
2177
2269
2145
2136
2152
2200
2151
2142
2084
2109
2112
2094
2134
2067
2083
2164
2134
2078
2125
2145
2123
2090
2147
2096
1981
2012
2039
2030
1981
1972
1944
1824
1868
1738
1760
1598
1554
1515
1337
1381
1322
1326
1259
1290
1307
1424
1338
1484
1425
1483
1524
1530
1486
1460
1427
1316
1285
1193
1314
1330
1364
1384
1398
1412
1553
1647
1633
1746
1794
1845
1764
1902
1949
1966
2037
2014
2066
2035
1983
2030
2154
2138
2087
2127
2122
2117
2206
2202
2182
2112
2164
2221
2178
2201
2101
2192
2144
2082
2079
2132
2229
2130
2098
2158
2143
2197
2172
2208
2270
2207
2174
2203
2243
2170
2163
2171
2134
2149
2159
2207
2255
2096
2202
2208
2182
2198
2166
2121
2143
2163
2164
2149
2172
2261
2223
2161
2178
2219
2173
2237
2150
2292
2160
2217
2127
2240
2224
2115
2168
2232
2152
2092
2226
2187
2112
2220
2189
2212
2208
2182
2222
2198
2184
2161
2173
2177
2151
2185
2182
2168
2145
2226
2151
2251
2213
2216
2221
2210
2208
2084
2266
2155
2201
2120
2187
2220
2158
2182
2242
2269
2171
2168
2208
2201
2254
2119
2240
2143
2287
2151
2178
2222
2212
2141
2168
2233
2190
2190
2152
2321
2201
2221
2162
2242
2176
2184
2207
2220
2160
2136
2209
2229
2192
2102
2209
2179
2207
2219
2220
2185
2218
2099
2206
2198
2101
2143
2268
2169
2192
2212
2266
2246
2132
2153
2167
2158
2166
2203
2226
2194
2291
2175
2240
2178
2192
2174
2210
2194
2134
2246
2127
2192
2215
2150
2152
2191
2206
2160
2292
2173
2262
2227
2254
2187
2169
2135
2233
2115
2213
2099
2214
2149
2215
2152
2238
2215
2180
2176
2163
2224
2148
2108
2217
2108
2181
2227
2221
2179
2273
