2396
2384
2444
2370
2389
2479
2349
2458
2333
2404
2441
2352
2364
2389
2383
2407
2433
2427
2497
2417
2417
2326
2420
2390
2448
2433
2436
2393
2395
2491
2449
2529
2453
2352
2328
2397
2489
2400
2378
2443
2375
2469
2340
2528
2434
2429
2344
2439
2421
2452
2412
2416
2493
2324
2371
2461
2425
2412
2425
2335
2504
2370
2450
2376
2378
2481
2357
2432
2436
2500
2380
2410
2403
2370
2436
2375
2391
2414
2441
2402
2425
2364
2389
2428
2397
2410
2399
2413
2451
2407
2379
2467
2459
2405
2444
2495
2449
2306
2408
2419
2325
2413
2460
2372
2394
2429
2417
2401
2439
2452
2414
2303
2371
2478
2368
2510
2405
2458
2394
2407
2377
2374
2352
2421
2396
2370
2402
2437
2466
2430
2461
2434
2417
2297
2360
2491
2433
2349
2386
2372
2368
2319
2486
2411
2409
2459
2476
2319
2460
2454
2446
2508
2376
2399
2397
2475
2531
2476
2488
2478
2395
2414
2464
2370
2477
2409
2404
2488
2441
2467
2377
2425
2443
2447
2459
2417
2369
2389
2456
2487
2332
2407
2385
2407
2335
2405
2360
2410
2466
2371
2363
2383
2335
2450
2329
2392
2331
2261
2400
2374
2432
2415
2424
2326
2381
2299
2450
2339
2381
2350
2308
2337
2255
2317
2305
2237
2405
2377
2286
2360
2358
2306
2191
2194
2214
2224
2093
2090
2033
1968
1906
1953
1838
1668
1694
1580
1594
1554
1431
1444
1466
1416
1585
1577
1628
1703
1754
1752
1753
1726
1618
1600
1525
1464
1400
1438
1429
1509
1483
1524
1602
1651
1760
1884
1933
1993
2117
2107
2209
2112
2179
2243
2262
2190
2294
2254
2257
2370
2263
2350
2353
2342
2349
2317
2367
2333
2396
2377
2291
2456
2373
2396
2391
2444
2383
2378
2469
2387
2430
2402
2315
2415
2350
2445
2322
2384
2370
2368
2447
2359
2375
2412
2397
2329
2481
2468
2379
2443
2411
2421
2389
2333
2423
2332
2428
2340
2371
2290
2416
2424
2366
2407
2399
2438
2376
2371
2456
2425
2360
2350
2384
2361
2408
2450
2357
2374
2432
2421
2435
2419
2379
2390
2503
2459
2337
2397
2364
2430
2361
2435
2462
2433
2408
2468
2463
2377
2421
2472
2491
2465
2480
2405
2454
2365
2394
2397
2387
2394
2453
2440
2452
2360
2422
2446
2457
2419
2391
2401
2408
2404
2422
2511
2390
2425
2350
2438
2490
2421
2390
2443
2437
2439
2385
2344
2501
2443
2384
2289
2310
2406
2330
2378
2371
2544
2450
2392
2452
2452
2382
2399
2421
2444
2505
2419
2398
2456
2370
2377
2421
2409
2478
2405
2474
2422
2435
2463
2445
2395
2490
2395
2452
2466
2389
2377
2445
2333
2433
2528
2327
2401
2454
2458
2411
2473
2414
2443
2385
2396
2465
2441
2448
2460
2368
2439
2411
2540
2406
2323
2391
2445
2410
2394
2420
2431
2431
2434
2428
2409
2367
2448
2393
2444
2345
2380
2422
2471
2423
2512
2381
2367
2357
2384
2389
2408
2403
2452
2503
2387
2399
2490
2431
2477
2492
2322
2462
2450
2364
2312
2445
2394
2488
2368
2499
2442
2339
2369
2387
2354
2350
2445
2362
2457
2399
2460
2385
2357
2446
2434
2389
2432
2506
2364
2381
2443
2385
2436
2392
2377
2422
2413
2363
2454
2394
2424
2445
2459
2474
2466
2391
2434
2460
2402
2488
2439
2332
2430
2346
2363
2346
2515
2480
2507
2468
2399
2369
2323
2351
2386
2386
2452
2390
2365
2390
2403
2433
2482
2385
2339
2392
2391
2407
2362
2406
2450
2471
2453
2312
2360
2374
2434
2435
2471
2468
2448
2364
2400
2370
2520
2338
2329
2386
2496
2440
2373
2386
2437
2430
2297
2435
2386
2352
2368
2456
2376
2337
2519
2345
2462
2370
2357
2512
2385
2410
2426
2390
2421
2379
2392
2402
2409
2416
2495
2463
2370
2358
2393
2360
2435
2503
2384
2407
2442
2423
2336
2440
2388
2323
2420
2400
2454
2406
2365
2431
2361
2383
2406
2503
2425
2382
2429
2447
2434
2386
2364
2358
2424
2350
2360
2453
2456
2386
2463
2378
2372
2392
2492
2423
2480
2447
2426
2443
2378
2389
2380
2498
2418
2341
2376
2398
2413
2371
2372
2430
2364
2361
2300
2480
2391
2423
2378
2438
2414
2464
2377
2355
2424
2371
2405
2426
2350
2371
2298
2415
2468
2333
2375
2359
2366
2388
2344
2399
2451
2359
2432
2380
2330
2389
2395
2392
2398
2387
2291
2346
2418
2386
2368
2498
2310
2331
2285
2329
2346
2413
2253
2282
2251
2289
2270
2301
2265
2260
2230
2140
2205
2131
2034
2130
1925
1837
1795
1659
1668
1569
1567
1473
1419
1416
1481
1410
1518
1510
1639
1666
1777
1758
1675
1586
1669
1569
1521
1443
1424
1464
1487
1537
1536
1603
1672
1722
1757
1796
1903
1971
2082
2121
2102
2168
2236
2293
2164
2206
2196
2261
2296
2306
2261
2297
2296
2456
2316
2325
2391
2370
2334
2362
2392
2296
2338
2279
2377
2394
2352
2387
2421
2410
2325
2355
2387
2389
2364
2478
2371
2366
2384
2392
2352
2506
2397
2413
2409
2358
2367
2362
2449
2363
2426
2377
2384
2396
2474
2361
2433
2328
2440
2454
2364
2356
2398
2382
2479
2352
2439
2534
2442
2310
2359
2432
2359
2318
2345
2362
2358
2379
2339
2373
2420
2423
2419
2422
2337
2432
2413
2392
2394
2304
2363
2406
2346
2412
2384
2320
2391
2430
2432
2413
2452
2369
2466
2409
2465
2419
2344
2410
2454
2421
2460
2490
2436
2416
2376
2342
2389
2364
2435
2514
2495
2464
2411
2497
2372
2496
2440
2346
2424
2403
2422
2367
2449
2425
2382
2343
2505
2469
2447
2465
2485
2455
2352
2444
2379
2448
2491
2393
2394
2447
2396
2362
2407
2487
2427
2319
2419
2459
2458
2515
2507
2487
2425
2480
2382
2338
2430
2432
2402
2449
2451
2499
2359
2445
2454
2389
2381
2318
2399
2306
2416
2483
2406
2374
2527
2431
2451
2464
2413
2446
2365
2410
2426
2417
2336
2498
2329
2381
2402
2420
2478
2406
2487
2427
2396
2347
2479
2413
2384
2362
2363
2453
2390
2473
2476
2384
2406
2401
2392
2366
2320
2447
2469
2391
2535
2494
2388
2396
