2677
2635
2685
2690
2698
2665
2672
2658
2748
2725
2656
2667
2725
2759
2698
2664
2698
2703
2759
2753
2708
2715
2732
2606
2634
2734
2703
2778
2671
2734
2805
2660
2621
2792
2646
2719
2758
2628
2680
2612
2787
2726
2627
2664
2690
2713
2725
2689
2626
2771
2663
2706
2615
2677
2689
2721
2721
2664
2623
2734
2660
2806
2789
2656
2729
2757
2685
2691
2682
2651
2593
2653
2725
2712
2612
2737
2673
2755
2679
2729
2720
2662
2745
2562
2706
2737
2658
2687
2769
2682
2775
2736
2730
2787
2591
2682
2709
2673
2681
2665
2721
2701
2707
2745
2718
2576
2717
2712
2735
2666
2689
2750
2670
2760
2611
2757
2641
2621
2641
2754
2736
2622
2760
2705
2616
2647
2700
2700
2766
2674
2639
2781
2670
2697
2677
2652
2682
2718
2671
2762
2713
2822
2720
2666
2637
2686
2707
2620
2720
2689
2608
2780
2708
2666
2744
2657
2698
2659
2715
2693
2747
2691
2730
2592
2671
2840
2640
2612
2728
2697
2684
2703
2700
2733
2674
2787
2707
2625
2641
2683
2727
2647
2594
2679
2685
2669
2678
2765
2754
2662
2659
2669
2651
2681
2620
2656
2717
2766
2586
2723
2656
2549
2696
2601
2619
2776
2633
2712
2717
2651
2596
2660
2650
2657
2659
2591
2634
2661
2533
2593
2495
2483
2444
2602
2475
2503
2417
2402
2298
2236
2238
2086
2041
2002
1968
1797
1690
1747
1661
1584
1632
1662
1690
1724
1778
1863
1874
1876
2036
2025
1883
1746
1732
1639
1607
1541
1612
1623
1729
1817
1876
1859
1987
2068
2209
2245
2277
2293
2377
2467
2477
2556
2551
2457
2488
2535
2672
2548
2549
2550
2607
2513
2615
2658
2620
2687
2628
2670
2547
2661
2583
2673
2650
2666
2642
2587
2667
2693
2644
2724
2670
2673
2719
2649
2656
2682
2707
2710
2659
2730
2635
2696
2630
2733
2673
2736
2711
2653
2702
2794
2722
2621
2715
2719
2611
2651
2756
2601
2781
2732
2785
2796
2591
2656
2701
2640
2750
2747
2642
2730
2723
2655
2710
2621
2686
2716
2661
2748
2755
2741
2746
2677
2615
2809
2696
2686
2727
2716
2664
2656
2700
2629
2697
2743
2742
2671
2648
2632
2681
2723
2672
2707
2710
2655
2746
2741
2645
2694
2655
2754
2677
2628
2670
2708
2613
2832
2631
2698
2723
2668
2662
2746
2650
2771
2727
2754
2698
2713
2695
2678
2738
2618
2771
2666
2668
2707
2736
2721
2634
2699
2664
2735
2737
2703
2741
2730
2679
2687
2695
2746
2741
2692
2644
2791
2751
2688
2742
2728
2717
2683
2758
2717
2701
2713
2705
2762
2708
2740
2651
2715
2694
2697
2706
2658
2686
2693
2775
2783
2735
2759
2710
2675
2542
2771
2750
2720
2694
2787
2772
2759
2719
2618
2689
2670
2675
2697
2739
2637
2751
2799
2706
2758
2808
2751
2714
2733
2662
2756
2636
2628
2712
2596
2677
2643
2674
2615
2751
2742
2745
2670
2738
2823
2743
2787
2619
2757
2615
2713
2717
2714
2730
2723
2697
2697
2662
2708
2680
2739
2790
2647
2718
2708
2749
2752
2703
2717
2671
2719
2679
2758
2712
2650
2698
2585
2713
2764
2756
2748
2686
2695
2725
2701
2598
2718
2633
2701
2768
2808
2759
2728
2725
2667
2646
2752
2643
2764
2696
2655
2701
2707
2755
2638
2750
2717
2654
2594
2684
2762
2636
2716
2737
2713
2702
2694
2762
2740
2676
2651
2610
2684
2633
2701
2635
2658
2694
2762
2638
2752
2760
2747
2646
2683
2766
2665
2705
2648
2572
2685
2705
2670
2692
2679
2715
2759
2705
2724
2630
2686
2688
2740
2755
2671
2757
2736
2603
2641
2696
2742
2719
2639
2693
2746
2641
2647
2804
2711
2704
2725
2722
2673
2583
2614
2639
2684
2715
2829
2771
2748
2628
2643
2692
2701
2750
2587
2701
2696
2767
2619
2718
2721
2678
2655
2772
2680
2743
2803
2751
2628
2775
2639
2700
2697
2703
2671
2696
2807
2690
2764
2607
2792
2634
2756
2739
2730
2642
2700
2549
2699
2623
2628
2610
2697
2665
2725
2691
2626
2623
2714
2669
2670
2583
2707
2689
2716
2586
2635
2701
2594
2753
2717
2639
2798
2599
2578
2697
2655
2720
2620
2671
2629
2703
2639
2657
2679
2562
2711
2692
2669
2695
2697
2622
2702
2687
2601
2611
2620
2662
2634
2748
2622
2731
2663
2616
2641
2577
2601
2606
2689
2631
2704
2635
2584
2674
2654
2610
2717
2599
2662
2587
2614
2630
2645
2556
2619
2594
2547
2570
2507
2583
2480
2538
2448
2399
2358
2398
2421
2265
2275
2145
1967
1956
1919
1803
1753
1666
1633
1677
1597
1740
1656
1644
1750
1802
1965
1910
1921
1869
1778
1690
1681
1545
1609
1527
1662
1598
1670
1730
1852
1917
2020
2002
2162
2210
2262
2314
2413
2493
2516
2461
2458
2519
2540
2607
2576
2534
2532
2625
2561
2594
2683
2569
2693
2624
2622
2656
2659
2582
2598
2550
2712
2618
2674
2641
2685
2749
2777
2680
2657
2722
2673
2614
2685
2716
2701
2661
2576
2691
2678
2736
2741
2753
2650
2686
2642
2667
2806
2663
2735
2654
2647
2656
2670
2653
2714
2607
2725
2586
2719
2691
2713
2827
2680
2723
2735
2607
2685
2617
2747
2664
2585
2695
2708
2680
2729
2689
2691
2701
2667
2565
2638
2625
2647
2675
2700
2654
2684
2641
2633
2728
2666
2758
2727
2720
2686
2673
2688
2709
2696
2706
2755
2671
2649
2710
2670
2618
2689
2667
2775
2770
2688
2747
2718
2691
2709
2778
2702
2758
2749
2746
2724
2614
2595
2667
2659
2734
2570
2643
2697
2660
2676
2675
2653
2700
2769
2769
2749
2704
2724
2693
2610
2617
2717
2738
2745
2699
2686
2794
2733
2706
2692
2717
2741
2699
2722
2729
2698
2687
2585
2711
2735
2662
2692
2616
2666
2597
2790
2772
2704
2666
2765
2768
2679
2687
2720
2727
2723
2729
2771
2704
2692
2673
2690
2712
2682
2740
2685
2681
2610
2708
2737
2595
2702
2650
2804
2558
2717
2682
2632
2715
2659
2765
2699
2733
2703
2749
2663
2748
2711
2693
2623
2691
2722
2649
2707
2705
2736
2706
2699
2649
2690
2802
2692
2676
