2377
2421
2322
2388
2377
2392
2415
2479
2402
2437
2415
2414
2411
2395
2373
2363
2519
2394
2416
2428
2417
2409
2492
2457
2472
2390
2444
2384
2403
2473
2382
2411
2445
2440
2503
2455
2429
2366
2480
2374
2386
2418
2385
2413
2440
2433
2471
2451
2420
2349
2429
2402
2374
2433
2315
2435
2432
2372
2415
2397
2454
2454
2423
2426
2475
2420
2368
2386
2449
2387
2431
2470
2410
2360
2489
2430
2414
2498
2391
2409
2363
2379
2414
2479
2434
2426
2391
2426
2341
2444
2448
2439
2464
2419
2432
2398
2372
2444
2417
2336
2425
2389
2445
2415
2289
2365
2387
2448
2442
2455
2402
2523
2431
2512
2409
2370
2464
2406
2345
2500
2424
2369
2463
2357
2408
2481
2500
2476
2401
2434
2484
2460
2407
2406
2453
2451
2422
2379
2388
2373
2489
2416
2367
2476
2450
2331
2360
2385
2453
2403
2442
2359
2483
2456
2371
2416
2352
2398
2395
2303
2423
2434
2528
2442
2365
2449
2367
2413
2443
2430
2495
2346
2392
2446
2416
2452
2416
2450
2450
2332
2459
2398
2453
2434
2270
2358
2388
2419
2276
2366
2379
2417
2451
2383
2391
2364
2399
2382
2363
2428
2483
2489
2340
2508
2397
2400
2398
2350
2475
2331
2346
2356
2330
2347
2324
2278
2356
2358
2328
2295
2315
2275
2223
2299
2304
2237
2193
2078
2059
1995
1906
1973
1785
1709
1665
1544
1470
1523
1449
1466
1462
1461
1570
1515
1571
1700
1749
1779
1798
1687
1573
1544
1528
1484
1439
1460
1453
1495
1552
1506
1602
1727
1753
1824
1917
1897
2049
2046
2086
2076
2218
2269
2271
2205
2256
2336
2330
2227
2277
2271
2361
2358
2416
2404
2248
2453
2395
2317
2397
2490
2292
2376
2393
2364
2376
2367
2369
2425
2430
2354
2342
2406
2496
2321
2419
2385
2340
2393
2345
2376
2462
2305
2461
2450
2436
2346
2400
2399
2396
2414
2363
2445
2440
2468
2443
2513
2471
2336
2441
2428
2426
2391
2398
2384
2421
2387
2445
2467
2356
2367
2392
2494
2373
2389
2376
2396
2361
2361
2450
2412
2384
2442
2397
2377
2449
2296
2322
2472
2314
2472
2428
2437
2459
2354
2437
2277
2443
2496
2454
2403
2385
2527
2387
2362
2542
2327
2468
2373
2386
2419
2411
2355
2441
2431
2449
2448
2401
2370
2574
2402
2504
2462
2301
2322
2442
2419
2371
2434
2492
2401
2423
2426
2344
2436
2341
2345
2457
2363
2374
2434
2314
2401
2487
2398
2464
2332
2451
2397
2415
2456
2407
2415
2473
2448
2380
2457
2405
2415
2420
2405
2414
2427
2441
2470
2483
2513
2421
2448
2455
2377
2484
2414
2379
2433
2452
2382
2468
2397
2356
2393
2467
2389
2380
2373
2482
2417
2433
2494
2434
2398
2385
2381
2415
2392
2423
2436
2421
2430
2368
2478
2366
2417
2497
2475
2364
2367
2440
2378
2399
2406
2416
2410
2425
2451
2439
2434
2406
2407
2425
2380
2384
2511
2408
2415
2439
2460
2453
2401
2445
2415
2456
2416
2400
2484
2316
2453
2451
2511
2378
2384
2423
2370
2453
2386
2368
2359
2407
2382
2405
2450
2387
2363
2333
2371
2474
2410
2400
2363
2502
2386
2413
2474
2457
2432
2379
2436
2380
2426
2466
2510
2380
2428
2504
2430
2406
2515
2474
2427
2429
2373
2342
2451
2369
2352
2428
2417
2456
2475
2362
2540
2450
2456
2491
2463
2420
2432
2418
2386
2436
2375
2406
2456
2429
2408
2384
2469
2386
2421
2413
2431
2419
2388
2414
2370
2337
2419
2387
2379
2482
2375
2425
2443
2356
2466
2502
2470
2416
2426
2417
2485
2484
2415
2447
2430
2429
2464
2401
2415
2463
2470
2424
2399
2359
2466
2378
2337
2480
2365
2334
2389
2419
2357
2393
2304
2296
2454
2458
2447
2375
2447
2389
2388
2352
2466
2319
2362
2441
2423
2462
2327
2372
2471
2463
2441
2387
2400
2412
2402
2491
2421
2482
2362
2377
2356
2431
2458
2309
2372
2480
2418
2408
2431
2415
2488
2344
2452
2412
2496
2393
2457
2416
2403
2477
2405
2339
2483
2413
2458
2412
2389
2481
2385
2391
2401
2420
2333
2480
2414
2428
2374
2458
2389
2348
2507
2446
2323
2444
2413
2438
2426
2500
2412
2449
2433
2395
2362
2328
2346
2419
2421
2385
2431
2373
2360
2398
2444
2326
2435
2354
2398
2469
2395
2363
2409
2338
2440
2366
2398
2428
2312
2321
2395
2370
2329
2303
2407
2336
2413
2227
2326
2398
2276
2348
2246
2382
2353
2308
2328
2310
2228
2235
2173
2091
2194
2144
2080
1987
1946
1881
1805
1803
1569
1603
1522
1579
1495
1440
1423
1432
1509
1497
1547
1669
1788
1765
1760
1681
1599
1515
1527
1499
1437
1368
1462
1506
1482
1476
1596
1732
1744
1873
1905
2043
2057
2080
2204
2061
2180
2266
2265
2239
2300
2206
2380
2308
2336
2340
2329
2427
2275
2367
2325
2286
2438
2322
2383
2354
2576
2378
2353
2363
2341
2428
2382
2332
2483
2338
2362
2393
2310
2396
2394
2449
2399
2399
2344
2315
2375
2359
2392
2342
2374
2315
2431
2342
2377
2455
2398
2367
2426
2380
2406
2378
2397
2338
2437
2351
2441
2373
2387
2425
2434
2407
2353
2423
2390
2508
2466
2449
2379
2406
2404
2335
2354
2375
2378
2355
2413
2454
2345
2407
2400
2408
2384
2319
2494
2376
2374
2400
2378
2419
2330
2321
2460
2446
2387
2446
2408
2421
2350
2489
2359
2425
2368
2416
2335
2399
2433
2453
2497
2406
2448
2388
2441
2404
2343
2415
2438
2379
2422
2438
2432
2366
2431
2359
2372
2290
2393
2344
2348
2357
2479
2366
2385
2371
2487
2458
2429
2432
2325
2421
2459
2415
2374
2491
2402
2370
2415
2386
2399
2354
2432
2402
2465
2414
2376
2352
2407
2395
2396
2433
2359
2335
2486
2374
2402
2438
2452
2437
2398
2421
2403
2456
2413
2489
2488
2400
2341
2382
2432
2403
2387
2367
2404
2442
2471
2387
2304
2385
2366
2405
2477
2377
2446
2407
2371
2457
2346
2449
2438
2419
2341
2376
2406
2463
2396
2386
2549
2416
2403
2369
2403
2441
2336
2468
2365
2456
2430
2368
2413
2334
2434
2423
