2345
2422
2272
2349
2337
2416
2288
2288
2335
2331
2390
2371
2282
2267
2378
2308
2275
2383
2292
2325
2336
2301
2327
2328
2293
2382
2308
2343
2382
2369
2371
2382
2306
2324
2243
2356
2361
2412
2472
2303
2297
2351
2257
2364
2232
2339
2379
2316
2313
2356
2328
2340
2340
2329
2396
2352
2275
2298
2338
2340
2277
2304
2354
2306
2277
2225
2188
2135
2172
2171
2162
2152
2132
2063
2066
2086
2042
1997
1950
2068
1992
1944
1989
1965
1890
1977
2018
2017
1914
1944
2017
2008
2009
2078
2073
2008
2062
2140
2120
2167
2070
2189
2229
2165
2225
2146
2162
2243
2223
2260
2186
2301
2233
2304
2338
2332
2321
2326
2281
2245
2304
2324
2263
2274
2292
2408
2405
2243
2343
2295
2228
2281
2319
2324
2391
2319
2350
2263
2279
2188
2242
2176
2090
2173
2087
2085
2006
1977
1942
2025
2048
2006
2041
1936
2000
1952
2038
2038
2038
2074
2035
2048
2092
2192
2213
2237
2143
2226
2266
2263
2285
2356
2279
2319
2294
2264
2248
2308
2287
2348
2303
2411
2386
2363
2278
2359
2357
2378
2399
2292
2347
2336
2374
2436
2292
2383
2330
2360
2285
2349
2344
2355
2338
2350
2380
2289
2369
2324
2229
2248
2331
2280
2224
2226
2214
2161
2128
2081
2085
2066
2108
2003
2042
2126
2145
2189
2088
2135
2136
2199
2237
2275
2251
2205
2279
2283
2316
2282
2318
2245
2333
2211
2342
2250
2280
2244
2280
2395
2327
2291
2253
2354
2328
2329
2331
2326
2334
2299
2300
2345
2314
2279
2262
2247
2110
2144
2173
2204
2120
2114
2140
1991
2120
2070
2079
2080
2127
2162
2190
2209
2210
2232
2239
2242
2221
2319
2295
2309
2355
2399
2270
2395
2322
2293
2408
2479
2414
2315
2363
2347
2345
2295
2323
2363
2328
2333
2395
2344
2303
2313
2351
2361
2379
2313
2323
2331
2258
2331
2319
2263
2317
2284
2182
2285
2190
2303
2166
2211
2164
2185
2159
2136
2177
2076
2117
2110
2095
2034
1980
1944
1894
1994
1939
2016
2006
1919
1995
2001
2075
2040
2117
2100
2263
2179
2309
2262
2333
2259
2286
2263
2368
2276
2305
2341
2273
2385
2334
2291
2281
2374
2257
2351
2275
2331
2332
2313
2247
2309
2334
2314
2238
2372
2255
2295
2196
2204
2276
2279
2325
2189
2210
2229
2181
2148
2290
2160
2115
2132
2080
2084
2088
2088
1981
1983
2011
1951
1972
1900
1952
1965
1923
1950
1983
1978
1962
1971
1975
1982
1971
1964
1960
2085
2124
2160
2155
2109
2179
2253
2259
2208
2226
2388
2365
2271
2287
2255
2320
2318
2282
2344
2279
2353
2374
2351
2437
2248
2479
2402
2407
2379
2379
2362
2346
2297
2350
2365
2341
2404
2378
2306
2399
2307
2311
2348
2493
2363
2399
2345
2321
2323
2359
2360
2309
2393
2385
2337
2408
2328
2366
2314
2448
2458
2411
2399
2329
2319
2401
2362
2384
2405
2367
2395
2348
2486
2399
2363
2392
2401
2372
2363
2334
2328
2385
2321
2378
2349
2288
2335
2341
2306
2301
2377
2350
2386
2377
2222
2396
2349
2340
2359
2346
2395
2389
2252
2303
2435
2340
2323
2354
2302
2350
2345
2359
2400
2333
2354
2270
2394
2404
2363
2403
2378
2406
2324
2344
2324
2379
2341
2353
2361
2325
2287
2323
2397
2347
2310
2347
2342
2313
2423
2352
2460
2375
2374
2379
2362
2261
2364
2442
2390
2377
2333
2439
2351
2366
2406
2362
2337
2292
2332
2293
2310
2300
2345
2281
2315
2320
2322
2257
2354
2276
2314
2239
2238
2214
2221
2135
2203
2113
2152
2072
2199
2015
2120
2045
1938
1928
2041
1952
2048
1933
1941
1959
1957
1879
2003
1998
1969
2054
2004
1979
2100
2066
2120
2052
2071
2202
2188
2206
2301
2178
2215
2222
2212
2222
2268
2284
2291
2277
2264
2287
2231
2321
2246
2331
2236
2246
2282
2312
2284
2286
2347
2402
2340
2331
2326
2352
2206
2349
2325
2299
2313
2287
2267
2320
2279
2326
2208
2223
2158
2163
2146
2119
2104
2027
1992
2002
1923
1934
1981
1894
2055
1935
2009
2014
1965
2060
2118
2147
2215
2081
2130
2196
2224
2186
2172
2160
2232
2183
2240
2301
2308
2186
2297
2311
2431
2416
2346
2370
2376
2298
2220
2319
2280
2394
2300
2335
2258
2359
2391
2293
2356
2354
2335
2278
2385
2312
2258
2384
2352
2354
2318
2302
2371
2293
2360
2354
2233
2236
2300
2234
2176
2191
2209
2149
2122
2052
2118
2140
2025
2069
2043
2183
2119
2194
2139
2238
2220
2241
2206
2315
2231
2238
2255
2202
2349
2316
2327
2416
2242
2351
2234
2215
2340
2257
2306
2365
2281
2304
2277
2300
2264
2290
2300
2260
2345
2318
2321
2276
2340
2243
2314
2291
2193
2150
2175
2161
2143
2090
2103
2090
2108
2131
2105
2116
2038
2158
2212
2234
2242
2261
2244
2368
2218
2328
2324
2297
2256
2288
2362
2309
2339
2360
2361
2281
2390
2447
2359
2310
2283
2334
2346
2271
2289
2313
2286
2258
2346
2303
2353
2240
2404
2277
2304
2279
2326
2261
2210
2337
2243
2211
2291
2195
2084
2160
2129
2119
2070
2182
2096
2163
2047
2100
2052
2087
1975
2031
1989
2010
2032
1909
2008
1994
2019
2057
1996
2046
2098
2105
2188
2197
2141
2220
2278
2347
2259
2312
2278
2328
2312
2260
2297
2315
2393
2216
2332
2305
2284
2312
2260
2348
2349
2313
2201
2348
2276
2288
2284
2236
2337
2306
2239
2241
2297
2235
2155
2234
2198
2130
2173
2202
2189
2193
2196
2089
2067
2070
2073
2047
2070
2059
1961
2059
1995
1994
1976
2001
2004
1952
1896
1865
1930
1950
2014
2023
2014
2023
2030
2010
2132
2087
2132
2103
2260
2313
2288
2263
2229
2247
2310
2339
2264
2289
2361
2267
2297
2457
2335
2354
2445
2377
2400
2383
2339
2434
2260
2288
2380
2336
2410
2372
2314
2359
2401
2310
2403
2373
2381
2370
2461
2378
2318
2347
2487
2367
2297
2429
2359
2400
2335
2329
2462
2338
2407
2393
2363
2384
2451
2351
2347
2361
2343
2403
2353
2319
2362
2330
2379
2373
2398
2355
2341
2294
