2436
2447
2381
2459
2460
2368
2422
2380
2383
2418
2467
2403
2436
2499
2400
2497
2436
2450
2361
2436
2408
2335
2388
2438
2424
2432
2375
2348
2331
2500
2458
2365
2411
2489
2495
2410
2422
2350
2459
2389
2435
2402
2434
2401
2406
2434
2482
2351
2379
2513
2463
2375
2430
2436
2386
2462
2400
2435
2494
2393
2434
2469
2409
2412
2380
2417
2377
2416
2426
2438
2420
2437
2310
2391
2352
2430
2414
2394
2342
2437
2394
2348
2408
2428
2520
2388
2510
2498
2407
2380
2521
2354
2494
2403
2443
2475
2400
2455
2422
2463
2377
2436
2498
2394
2385
2462
2402
2488
2451
2416
2400
2375
2480
2435
2387
2487
2435
2500
2398
2341
2302
2501
2376
2371
2342
2510
2412
2347
2409
2342
2593
2381
2458
2372
2436
2492
2357
2462
2302
2263
2304
2332
2398
2414
2398
2357
2384
2388
2363
2424
2412
2503
2430
2497
2415
2421
2484
2403
2400
2445
2355
2499
2437
2492
2468
2395
2484
2351
2439
2414
2375
2477
2419
2434
2438
2435
2364
2366
2429
2426
2408
2391
2361
2405
2378
2409
2372
2419
2394
2357
2400
2477
2427
2333
2415
2378
2410
2388
2412
2389
2307
2337
2400
2411
2370
2442
2391
2353
2377
2381
2341
2352
2420
2363
2348
2341
2337
2388
2382
2378
2201
2267
2211
2332
2273
2244
2143
2164
2099
2003
1911
1917
1914
1752
1630
1589
1483
1569
1491
1402
1442
1444
1473
1611
1616
1690
1701
1727
1763
1720
1715
1545
1510
1488
1484
1483
1457
1418
1546
1569
1595
1733
1747
1820
1856
1998
2114
2056
2202
2144
2296
2219
2278
2243
2256
2294
2306
2292
2352
2411
2351
2390
2424
2353
2381
2401
2327
2346
2354
2431
2347
2341
2300
2449
2429
2412
2448
2376
2352
2374
2327
2373
2392
2390
2371
2330
2465
2300
2424
2475
2500
2455
2402
2485
2345
2381
2446
2359
2328
2534
2344
2373
2435
2371
2347
2447
2291
2350
2394
2433
2329
2423
2377
2514
2445
2319
2454
2453
2406
2350
2373
2369
2404
2382
2345
2451
2473
2424
2318
2466
2369
2408
2487
2388
2431
2444
2479
2332
2359
2471
2396
2378
2365
2471
2502
2306
2402
2403
2321
2387
2395
2432
2469
2325
2429
2378
2434
2434
2406
2430
2475
2469
2462
2435
2306
2395
2495
2481
2451
2416
2419
2439
2357
2504
2475
2505
2413
2392
2392
2428
2420
2391
2350
2349
2403
2357
2464
2395
2439
2431
2423
2395
2516
2375
2546
2295
2457
2395
2471
2384
2365
2480
2426
2584
2477
2375
2408
2429
2465
2377
2438
2473
2411
2451
2417
2366
2467
2470
2418
2432
2428
2322
2381
2423
2475
2397
2429
2474
2466
2500
2398
2339
2471
2286
2417
2392
2394
2372
2383
2336
2396
2354
2391
2342
2475
2368
2390
2489
2470
2485
2482
2352
2476
2337
2405
2418
2416
2341
2399
2415
2361
2311
2402
2448
2367
2470
2465
2395
2435
2467
2458
2342
2492
2398
2435
2373
2427
2462
2402
2364
2401
2452
2426
2341
2371
2384
2540
2409
2409
2376
2473
2363
2410
2481
2421
2342
2519
2382
2327
2417
2411
2352
2428
2493
2448
2463
2450
2368
2391
2417
2497
2493
2393
2451
2455
2451
2447
2411
2474
2452
2430
2421
2386
2440
2445
2486
2428
2323
2360
2422
2452
2427
2467
2454
2362
2447
2308
2432
2432
2319
2318
2435
2396
2372
2460
2431
2399
2491
2460
2485
2435
2400
2359
2393
2443
2432
2476
2432
2344
2460
2434
2320
2381
2379
2439
2366
2476
2415
2450
2415
2415
2400
2379
2450
2443
2465
2410
2489
2408
2423
2382
2355
2473
2473
2459
2417
2347
2389
2462
2544
2428
2417
2404
2414
2387
2426
2445
2407
2431
2437
2444
2439
2421
2441
2419
2421
2432
2404
2427
2461
2402
2515
2460
2453
2416
2409
2468
2430
2364
2327
2343
2378
2474
2453
2383
2447
2446
2435
2388
2536
2444
2431
2397
2475
2414
2411
2450
2450
2422
2442
2359
2367
2370
2424
2445
2348
2440
2503
2430
2396
2306
2364
2323
2340
2451
2438
2467
2347
2421
2448
2403
2335
2431
2432
2435
2445
2340
2426
2416
2422
2418
2374
2377
2330
2432
2416
2395
2484
2476
2493
2388
2373
2480
2480
2457
2412
2390
2374
2272
2451
2388
2335
2468
2368
2336
2359
2285
2364
2400
2334
2351
2432
2290
2348
2412
2372
2396
2372
2368
2416
2323
2382
2441
2446
2343
2431
2432
2389
2413
2361
2312
2358
2234
2245
2294
2359
2304
2333
2233
2307
2189
2219
2149
2136
2072
1983
2020
1997
1936
1852
1794
1629
1612
1485
1495
1415
1406
1411
1523
1444
1521
1602
1671
1689
1756
1796
1678
1735
1642
1521
1511
1463
1450
1405
1454
1519
1671
1672
1721
1801
1766
1938
2015
2073
2071
2145
2195
2265
2231
2199
2199
2303
2313
2371
2321
2288
2374
2393
2333
2258
2340
2356
2340
2319
2406
2430
2476
2367
2404
2438
2308
2357
2320
2343
2298
2351
2322
2362
2334
2462
2462
2318
2260
2429
2406
2486
2401
2478
2461
2331
2354
2383
2334
2394
2313
2441
2344
2442
2369
2442
2478
2444
2445
2413
2415
2412
2402
2430
2409
2346
2428
2428
2385
2370
2410
2397
2398
2418
2368
2478
2447
2385
2324
2353
2419
2437
2409
2473
2457
2372
2477
2393
2383
2488
2413
2410
2421
2435
2381
2362
2386
2432
2439
2436
2393
2396
2439
2342
2332
2340
2362
2358
2368
2370
2455
2394
2391
2446
2380
2407
2388
2367
2424
2397
2369
2385
2473
2321
2527
2418
2334
2408
2375
2414
2369
2432
2398
2515
2427
2436
2523
2400
2329
2311
2463
2433
2390
2403
2392
2445
2388
2378
2332
2456
2482
2472
2353
2417
2325
2451
2368
2379
2424
2423
2399
2476
2402
2396
2424
2488
2475
2428
2514
2385
2494
2414
2444
2320
2498
2386
2420
2332
2511
2419
2408
2350
2384
2494
2380
2445
2406
2346
2447
2436
2415
2296
2457
2489
2507
2312
2358
2438
2454
2449
2385
2341
2393
2339
2394
2359
2406
2436
2449
2437
2426
2469
2409
2447
2365
2451
2484
2398
2368
2433
2457
2396
2390
2441
2446
2486
2446
2496
2347
