2435
2465
2440
2431
2406
2454
2337
2442
2415
2461
2449
2391
2415
2402
2400
2335
2392
2416
2406
2450
2381
2384
2457
2284
2387
2335
2475
2442
2401
2453
2387
2398
2430
2418
2413
2493
2398
2412
2409
2468
2420
2360
2438
2306
2500
2480
2419
2385
2409
2334
2376
2477
2425
2387
2371
2505
2367
2425
2359
2381
2479
2491
2424
2449
2412
2428
2472
2456
2416
2400
2371
2435
2413
2434
2409
2441
2459
2433
2401
2405
2366
2343
2373
2345
2457
2399
2430
2468
2440
2381
2447
2389
2407
2381
2373
2460
2411
2434
2471
2430
2320
2436
2411
2458
2496
2409
2454
2403
2337
2356
2367
2385
2409
2465
2413
2469
2422
2435
2359
2427
2401
2333
2410
2353
2431
2414
2366
2435
2335
2468
2479
2435
2384
2440
2384
2400
2419
2408
2398
2356
2325
2388
2413
2373
2485
2418
2428
2347
2380
2453
2449
2429
2390
2413
2379
2349
2366
2358
2403
2445
2418
2394
2468
2374
2460
2415
2445
2368
2372
2373
2515
2411
2457
2410
2344
2414
2362
2344
2386
2346
2409
2422
2411
2425
2404
2432
2354
2355
2414
2358
2439
2372
2408
2292
2361
2283
2407
2399
2310
2444
2429
2476
2313
2377
2401
2354
2411
2454
2326
2338
2411
2261
2407
2366
2387
2270
2321
2350
2263
2289
2312
2250
2229
2184
2250
2228
2067
2119
2091
2040
1888
1972
1849
1766
1658
1673
1507
1469
1429
1448
1409
1410
1479
1533
1582
1674
1784
1723
1763
1680
1588
1577
1548
1432
1414
1453
1471
1573
1509
1587
1663
1706
1808
1828
1930
1976
2018
2100
2133
2073
2142
2138
2249
2295
2335
2316
2295
2341
2328
2386
2367
2319
2435
2329
2402
2391
2369
2326
2336
2350
2346
2409
2420
2471
2351
2290
2321
2398
2424
2415
2382
2419
2319
2361
2424
2416
2392
2338
2329
2399
2452
2409
2376
2342
2430
2429
2385
2389
2393
2332
2460
2307
2432
2391
2395
2470
2366
2426
2400
2405
2332
2401
2428
2491
2390
2450
2399
2480
2286
2413
2452
2340
2385
2399
2461
2461
2361
2475
2346
2377
2437
2311
2320
2357
2319
2382
2503
2424
2433
2494
2314
2358
2429
2316
2349
2493
2371
2383
2404
2507
2396
2421
2460
2460
2404
2391
2419
2430
2422
2412
2406
2379
2495
2419
2451
2360
2415
2382
2434
2393
2383
2363
2458
2324
2449
2323
2395
2401
2436
2327
2360
2355
2466
2415
2413
2360
2480
2449
2310
2409
2445
2395
2486
2382
2416
2424
2327
2393
2420
2386
2388
2490
2459
2414
2403
2403
2470
2489
2392
2500
2428
2405
2336
2385
2398
2434
2352
2464
2466
2461
2434
2417
2425
2389
2410
2436
2467
2424
2376
2352
2429
2383
2399
2408
2468
2432
2419
2450
2476
2418
2404
2436
2381
2377
2415
2339
2425
2387
2487
2400
2438
2456
2406
2395
2432
2503
2394
2412
2461
2402
2340
2409
2382
2398
2358
2396
2298
2441
2431
2416
2465
2474
2518
2438
2476
2400
2520
2504
2352
2484
2420
2412
2490
2482
2411
2399
2395
2382
2371
2463
2381
2405
2455
2383
2371
2471
2377
2466
2440
2431
2371
2323
2373
2488
2334
2380
2469
2443
2405
2462
2404
2403
2449
2413
2397
2411
2422
2404
2415
2414
2409
2487
2352
2461
2479
2474
2379
2447
2353
2411
2407
2399
2413
2531
2367
2332
2397
2403
2422
2336
2438
2485
2399
2368
2461
2349
2488
2449
2374
2307
2528
2421
2473
2397
2395
2541
2457
2453
2415
2445
2454
2443
2431
2440
2403
2449
2453
2419
2457
2347
2532
2357
2509
2430
2400
2417
2395
2409
2420
2364
2417
2413
2376
2380
2369
2396
2457
2468
2388
2367
2381
2409
2384
2384
2370
2475
2499
2422
2454
2444
2384
2435
2406
2407
2434
2469
2483
2507
2370
2468
2367
2461
2373
2462
2411
2399
2408
2388
2406
2442
2435
2432
2353
2386
2412
2381
2418
2335
2364
2428
2487
2357
2434
2455
2436
2413
2383
2331
2389
2345
2488
2338
2367
2388
2410
2343
2441
2364
2386
2456
2475
2442
2359
2492
2315
2454
2472
2301
2466
2410
2382
2380
2493
2450
2400
2423
2413
2408
2363
2440
2390
2373
2394
2452
2374
2408
2411
2355
2436
2350
2306
2402
2314
2453
2465
2304
2332
2461
2425
2376
2301
2401
2469
2282
2428
2396
2545
2394
2301
2437
2327
2397
2365
2374
2262
2380
2356
2378
2460
2396
2393
2345
2387
2348
2358
2386
2385
2267
2298
2286
2329
2386
2260
2270
2320
2339
2329
2226
2237
2336
2217
2242
2234
2164
2121
2083
2001
1957
1903
1892
1751
1622
1557
1491
1523
1423
1504
1415
1426
1447
1522
1561
1671
1716
1782
1732
1655
1595
1533
1539
1496
1408
1482
1476
1483
1585
1567
1601
1719
1695
1816
1920
1949
2079
2147
2100
2125
2118
2274
2314
2212
2278
2378
2310
2280
2306
2288
2339
2335
2372
2344
2486
2256
2365
2388
2344
2470
2361
2485
2314
2328
2362
2339
2351
2417
2371
2258
2342
2343
2420
2397
2409
2378
2427
2406
2296
2400
2321
2485
2434
2399
2389
2446
2473
2383
2456
2374
2451
2397
2410
2398
2328
2377
2438
2415
2426
2371
2385
2381
2359
2397
2344
2426
2371
2381
2408
2449
2456
2486
2393
2362
2337
2491
2415
2415
2406
2421
2389
2388
2352
2410
2420
2511
2391
2380
2427
2376
2385
2419
2347
2379
2479
2506
2379
2390
2524
2417
2424
2362
2351
2417
2399
2493
2315
2313
2315
2439
2350
2392
2435
2387
2415
2419
2342
2344
2376
2395
2346
2455
2365
2381
2417
2348
2429
2401
2459
2359
2423
2423
2556
2365
2410
2355
2356
2331
2428
2356
2392
2373
2376
2452
2365
2422
2385
2416
2363
2411
2399
2459
2402
2457
2463
2427
2409
2402
2429
2387
2359
2373
2475
2446
2375
2387
2416
2376
2451
2468
2380
2394
2424
2417
2503
2453
2426
2477
2409
2352
2377
2494
2424
2461
2355
2443
2438
2399
2423
2426
2443
2514
2399
2545
2417
2319
2418
2408
2433
2386
2432
2402
2409
2399
2321
2389
2457
2431
2446
2443
2413
2312
2347
2441
2431
2511
2470
2358
2309
2416
2428
2352
2371
2352
2497
2480
