2437
2391
2425
2548
2386
2503
2452
2394
2468
2344
2411
2443
2389
2453
2487
2394
2497
2443
2444
2345
2443
2451
2518
2423
2466
2374
2475
2412
2365
2407
2505
2436
2421
2447
2381
2506
2368
2447
2352
2418
2464
2468
2412
2422
2506
2421
2479
2418
2403
2460
2350
2383
2492
2420
2540
2361
2505
2488
2512
2502
2431
2452
2424
2374
2386
2378
2315
2420
2383
2462
2467
2478
2473
2365
2494
2435
2450
2446
2360
2428
2465
2350
2431
2481
2411
2429
2488
2344
2548
2416
2372
2451
2521
2442
2441
2460
2425
2419
2530
2382
2479
2475
2400
2403
2363
2455
2476
2349
2404
2448
2470
2414
2428
2479
2417
2476
2378
2471
2366
2379
2442
2484
2442
2424
2387
2398
2419
2497
2467
2370
2444
2457
2469
2301
2477
2409
2399
2445
2395
2443
2466
2372
2527
2408
2477
2460
2425
2431
2462
2463
2490
2504
2552
2397
2408
2434
2462
2472
2511
2441
2473
2443
2458
2436
2474
2400
2346
2463
2473
2410
2428
2341
2428
2437
2491
2356
2474
2370
2505
2514
2457
2502
2406
2425
2412
2451
2426
2367
2446
2292
2433
2354
2472
2430
2386
2332
2461
2396
2406
2400
2526
2364
2381
2446
2391
2377
2385
2345
2414
2367
2386
2354
2348
2369
2342
2309
2397
2397
2360
2312
2283
2356
2269
2260
2291
2272
2229
2138
2083
2004
1952
1902
1908
1722
1743
1552
1573
1529
1481
1460
1478
1500
1443
1516
1625
1720
1690
1824
1710
1693
1674
1574
1471
1514
1448
1410
1503
1469
1469
1541
1614
1753
1744
1968
1956
2001
2043
2111
2223
2247
2258
2210
2299
2197
2278
2245
2287
2293
2333
2352
2351
2310
2436
2378
2432
2244
2382
2437
2361
2441
2372
2441
2426
2387
2416
2455
2486
2343
2374
2298
2382
2384
2384
2406
2488
2425
2446
2391
2376
2402
2451
2459
2515
2401
2445
2405
2429
2496
2445
2483
2432
2483
2395
2464
2452
2397
2436
2387
2489
2482
2352
2466
2482
2310
2377
2462
2355
2402
2425
2480
2393
2457
2508
2398
2441
2472
2407
2341
2512
2389
2391
2467
2431
2402
2395
2363
2457
2488
2419
2451
2381
2489
2501
2384
2359
2443
2399
2475
2515
2458
2385
2445
2415
2373
2421
2474
2437
2486
2439
2403
2485
2419
2490
2411
2484
2338
2497
2425
2435
2467
2399
2428
2459
2415
2537
2509
2505
2457
2451
2426
2444
2455
2536
2454
2331
2475
2477
2409
2430
2439
2387
2460
2399
2519
2477
2380
2464
2476
2430
2486
2537
2383
2441
2375
2357
2400
2522
2432
2364
2424
2437
2415
2449
2397
2441
2473
2441
2381
2422
2405
2388
2441
2504
2497
2321
2487
2396
2347
2415
2471
2433
2416
2458
2514
2465
2340
2396
2456
2521
2495
2480
2448
2430
2468
2443
2517
2457
2539
2245
2448
2488
2447
2475
2442
2449
2417
2441
2399
2391
2373
2435
2493
2506
2501
2475
2426
2351
2459
2448
2463
2352
2524
2411
2438
2376
2368
2473
2329
2441
2548
2447
2383
2441
2347
2422
2479
2350
2371
2428
2395
2420
2379
2458
2465
2481
2395
2366
2410
2473
2406
2502
2442
2494
2422
2481
2410
2551
2476
2380
2497
2450
2485
2475
2471
2481
2414
2498
2477
2473
2356
2414
2431
2396
2390
2470
2500
2408
2475
2456
2451
2477
2423
2484
2511
2353
2425
2454
2488
2517
2563
2499
2480
2536
2419
2459
2381
2363
2500
2453
2455
2479
2431
2532
2461
2443
2472
2489
2473
2392
2427
2439
2492
2463
2521
2462
2396
2373
2424
2323
2445
2458
2444
2493
2462
2463
2561
2408
2435
2376
2418
2419
2387
2572
2437
2343
2437
2461
2477
2427
2429
2324
2425
2510
2433
2513
2570
2372
2400
2344
2412
2380
2496
2492
2518
2398
2345
2438
2389
2394
2516
2519
2442
2473
2331
2421
2382
2452
2422
2516
2444
2391
2352
2406
2368
2350
2409
2327
2483
2360
2460
2486
2412
2399
2517
2440
2412
2453
2507
2496
2345
2384
2491
2385
2438
2449
2516
2458
2467
2414
2408
2439
2447
2457
2369
2489
2554
2442
2456
2399
2379
2387
2394
2501
2539
2350
2440
2361
2487
2375
2365
2413
2478
2449
2357
2300
2508
2470
2508
2394
2338
2507
2427
2439
2324
2448
2403
2442
2416
2389
2417
2406
2399
2390
2425
2343
2362
2531
2378
2408
2324
2465
2405
2367
2466
2410
2430
2396
2423
2413
2403
2421
2373
2461
2465
2405
2315
2322
2350
2422
2355
2413
2372
2345
2321
2413
2322
2274
2301
2275
2226
2353
2292
2263
2239
2158
1991
2015
1962
1894
1813
1714
1696
1577
1530
1561
1515
1444
1482
1429
1452
1545
1635
1670
1645
1697
1717
1661
1675
1606
1608
1553
1392
1441
1466
1475
1595
1587
1569
1695
1794
1877
1982
1928
2098
2104
2156
2212
2257
2265
2221
2248
2263
2312
2303
2309
2271
2401
2382
2280
2333
2450
2362
2448
2434
2426
2328
2380
2471
2483
2398
2435
2483
2400
2417
2413
2362
2445
2345
2312
2327
2343
2365
2413
2471
2472
2389
2473
2464
2443
2333
2474
2534
2382
2469
2378
2322
2397
2380
2333
2404
2421
2384
2441
2407
2415
2508
2471
2424
2377
2383
2438
2394
2438
2486
2391
2352
2451
2455
2430
2448
2469
2446
2356
2481
2325
2328
2414
2393
2506
2486
2462
2523
2460
2407
2485
2459
2487
2437
2482
2424
2446
2419
2420
2395
2465
2418
2465
2463
2382
2440
2432
2426
2487
2429
2419
2470
2402
2522
2487
2496
2455
2463
2400
2445
2430
2404
2449
2556
2460
2410
2452
2484
2411
2405
2414
2427
2484
2340
2500
2471
2455
2413
2416
2388
2414
2365
2386
2472
2497
2441
2550
2401
2428
2368
2458
2418
2484
2442
2381
2422
2410
2445
2526
2501
2369
2490
2463
2406
2427
2453
2459
2444
2415
2385
2476
2427
2391
2374
2455
2399
2500
2457
2338
2463
2502
2433
2457
2409
2482
2431
2439
2527
2432
2416
2452
2410
2450
2472
2469
2468
2424
2415
2418
2529
2377
2425
2467
2511
2439
2375
2357
2449
2418
2387
2425
2439
2478
2462
2470
2455
2503
2417
2494
2459
2449
2488
2448
2472
2454
2307
2397
2358
2391
