2414
2400
2458
2381
2419
2368
2460
2343
2377
2444
2400
2427
2396
2451
2402
2362
2449
2403
2421
2448
2432
2363
2460
2353
2468
2410
2380
2445
2471
2402
2449
2365
2436
2425
2383
2442
2367
2439
2473
2504
2457
2398
2390
2475
2425
2468
2414
2459
2423
2501
2440
2450
2516
2377
2474
2383
2383
2302
2477
2404
2395
2442
2429
2482
2449
2394
2457
2437
2480
2458
2411
2422
2361
2473
2417
2452
2505
2485
2404
2454
2400
2479
2409
2433
2388
2441
2358
2330
2332
2494
2385
2370
2440
2504
2420
2551
2453
2457
2380
2412
2482
2447
2393
2477
2398
2410
2435
2464
2407
2450
2394
2417
2546
2465
2334
2379
2466
2508
2527
2420
2388
2415
2453
2341
2497
2442
2467
2393
2475
2434
2461
2393
2512
2348
2374
2432
2425
2465
2452
2435
2379
2322
2537
2375
2395
2464
2469
2453
2480
2456
2398
2473
2473
2375
2474
2349
2407
2334
2391
2333
2421
2409
2401
2408
2417
2483
2456
2364
2398
2389
2458
2382
2432
2402
2424
2378
2361
2457
2474
2406
2440
2375
2511
2475
2355
2417
2359
2379
2424
2338
2436
2349
2423
2388
2389
2377
2391
2289
2395
2479
2416
2396
2308
2349
2446
2446
2405
2481
2397
2447
2400
2414
2416
2387
2381
2337
2300
2326
2310
2317
2254
2253
2198
2283
2179
2163
2085
2164
2111
2032
2020
1928
1826
1763
1711
1615
1524
1571
1513
1563
1432
1441
1504
1600
1644
1721
1763
1725
1624
1694
1614
1576
1529
1531
1450
1389
1453
1507
1527
1597
1625
1781
1800
1849
1884
1998
2030
2090
2079
2178
2221
2166
2264
2266
2301
2267
2365
2323
2338
2421
2292
2397
2379
2340
2391
2356
2313
2416
2466
2396
2484
2364
2386
2418
2349
2301
2394
2364
2418
2411
2376
2405
2368
2451
2422
2434
2452
2377
2502
2382
2441
2412
2363
2435
2499
2422
2439
2434
2371
2471
2400
2391
2397
2419
2413
2339
2429
2394
2435
2560
2344
2446
2346
2501
2373
2474
2442
2565
2432
2440
2396
2431
2375
2417
2399
2475
2423
2327
2433
2439
2325
2454
2381
2372
2436
2364
2374
2501
2416
2407
2391
2380
2381
2425
2459
2400
2466
2396
2461
2378
2509
2423
2416
2346
2472
2516
2403
2489
2461
2507
2400
2444
2449
2535
2395
2397
2391
2464
2423
2387
2452
2466
2482
2457
2372
2441
2453
2474
2498
2544
2416
2409
2476
2364
2373
2391
2352
2454
2427
2489
2398
2497
2420
2461
2364
2398
2471
2476
2476
2466
2382
2436
2461
2472
2446
2374
2488
2389
2380
2461
2417
2379
2415
2402
2430
2434
2445
2509
2292
2479
2396
2445
2406
2466
2413
2466
2367
2429
2440
2400
2448
2448
2453
2415
2406
2437
2479
2469
2418
2338
2456
2474
2421
2391
2416
2444
2379
2421
2452
2477
2476
2490
2438
2374
2384
2468
2384
2475
2462
2431
2477
2354
2306
2464
2493
2419
2411
2430
2396
2459
2443
2460
2558
2380
2426
2415
2399
2334
2392
2371
2442
2448
2462
2472
2381
2395
2372
2513
2424
2498
2445
2377
2413
2451
2387
2460
2455
2505
2405
2454
2392
2390
2535
2450
2479
2351
2347
2501
2476
2436
2421
2397
2509
2474
2463
2443
2481
2447
2438
2464
2474
2410
2452
2454
2473
2471
2384
2340
2485
2349
2468
2377
2532
2447
2425
2427
2443
2433
2423
2381
2381
2447
2436
2467
2357
2430
2432
2443
2437
2390
2480
2464
2360
2514
2360
2399
2461
2502
2459
2429
2382
2415
2415
2315
2390
2448
2479
2397
2439
2433
2450
2502
2422
2412
2353
2392
2341
2343
2437
2466
2425
2429
2373
2382
2390
2426
2297
2434
2422
2415
2425
2455
2424
2395
2451
2448
2372
2511
2397
2417
2423
2425
2430
2479
2359
2395
2392
2479
2365
2410
2464
2408
2432
2513
2427
2409
2378
2481
2375
2537
2494
2430
2443
2402
2374
2395
2447
2544
2528
2400
2388
2506
2380
2404
2438
2482
2399
2357
2467
2435
2406
2483
2436
2399
2461
2512
2463
2416
2372
2398
2463
2384
2390
2406
2372
2421
2339
2406
2422
2349
2362
2429
2401
2519
2439
2390
2363
2477
2411
2403
2399
2427
2367
2438
2440
2497
2409
2380
2485
2416
2477
2433
2426
2323
2450
2461
2388
2435
2340
2352
2425
2339
2402
2427
2341
2360
2471
2404
2396
2376
2360
2470
2411
2395
2342
2456
2382
2384
2406
2402
2365
2407
2414
2285
2419
2385
2374
2323
2378
2404
2339
2297
2338
2386
2327
2292
2273
2297
2320
2254
2207
2329
2199
2203
2145
2028
1992
1993
1943
1814
1733
1627
1542
1563
1595
1497
1432
1487
1407
1506
1505
1576
1672
1795
1762
1771
1661
1655
1540
1459
1493
1437
1513
1438
1462
1498
1560
1617
1667
1747
1854
1906
2045
2085
2149
2131
2130
2191
2207
2278
2226
2300
2353
2425
2426
2261
2431
2316
2410
2360
2349
2335
2424
2379
2397
2273
2384
2408
2358
2375
2396
2369
2352
2369
2445
2365
2364
2403
2430
2431
2370
2453
2340
2403
2430
2478
2375
2422
2365
2427
2402
2436
2410
2446
2420
2403
2371
2471
2421
2414
2494
2410
2432
2428
2467
2398
2432
2397
2439
2334
2440
2393
2471
2473
2412
2460
2399
2364
2429
2453
2509
2336
2327
2400
2473
2374
2354
2404
2479
2467
2396
2471
2449
2449
2476
2496
2354
2373
2379
2441
2405
2386
2435
2392
2427
2403
2439
2466
2413
2432
2520
2375
2358
2453
2362
2418
2413
2363
2399
2494
2421
2445
2448
2451
2466
2370
2360
2351
2408
2386
2389
2519
2389
2430
2371
2376
2416
2376
2447
2444
2422
2384
2408
2315
2475
2416
2355
2449
2439
2439
2449
2325
2450
2430
2387
2415
2397
2471
2364
2337
2458
2423
2454
2392
2422
2478
2431
2426
2390
2385
2425
2404
2415
2441
2450
2417
2471
2420
2436
2471
2544
2431
2399
2470
2416
2369
2430
2333
2403
2414
2453
2505
2421
2457
2487
2442
2375
2447
2328
2374
2408
2414
2343
2468
2486
2433
2499
2523
2469
2375
2478
2464
2519
2482
2456
2428
2473
2375
2465
2455
2477
2380
2501
2508
2463
2501
2515
2478
2371
2470
2513
2413
2364
