2706
2780
2670
2712
2663
2752
2671
2663
2700
2724
2761
2717
2713
2721
2701
2719
2688
2716
2691
2720
2687
2708
2656
2736
2752
2688
2710
2714
2720
2816
2690
2663
2703
2777
2725
2630
2662
2710
2652
2721
2745
2776
2673
2664
2674
2758
2721
2727
2641
2836
2664
2705
2597
2854
2654
2707
2747
2705
2715
2619
2742
2613
2701
2699
2665
2751
2748
2722
2710
2708
2703
2672
2776
2665
2599
2748
2687
2744
2636
2624
2666
2727
2742
2695
2739
2737
2798
2751
2793
2708
2679
2649
2669
2742
2741
2727
2677
2763
2723
2745
2700
2686
2741
2752
2706
2754
2663
2760
2700
2720
2683
2695
2749
2758
2763
2714
2675
2767
2673
2818
2689
2725
2697
2645
2729
2667
2704
2632
2766
2635
2736
2735
2694
2688
2768
2735
2680
2767
2577
2712
2712
2725
2785
2763
2772
2715
2719
2655
2660
2650
2751
2713
2661
2663
2640
2747
2748
2648
2708
2664
2690
2652
2725
2701
2638
2750
2671
2700
2747
2709
2748
2587
2636
2623
2601
2650
2770
2716
2664
2702
2686
2668
2716
2624
2614
2644
2837
2729
2752
2610
2726
2768
2684
2734
2649
2686
2662
2667
2689
2666
2654
2667
2629
2653
2678
2715
2641
2626
2727
2666
2671
2615
2674
2570
2554
2593
2575
2684
2578
2530
2583
2516
2562
2498
2617
2436
2349
2330
2294
2276
2209
2174
1989
1958
1896
1839
1747
1667
1662
1583
1664
1670
1645
1778
1705
1840
1967
1941
1923
1990
1855
1747
1739
1722
1595
1566
1623
1689
1732
1677
1778
1891
1972
2143
2155
2251
2282
2377
2350
2459
2470
2535
2603
2511
2583
2634
2544
2659
2579
2569
2623
2650
2621
2676
2664
2725
2691
2593
2661
2695
2617
2687
2653
2694
2609
2677
2637
2689
2698
2676
2794
2627
2608
2764
2658
2698
2771
2655
2752
2794
2704
2767
2733
2733
2697
2655
2719
2720
2648
2690
2655
2743
2610
2752
2722
2678
2723
2643
2695
2704
2702
2636
2676
2741
2755
2644
2680
2703
2630
2757
2804
2728
2719
2654
2627
2692
2748
2701
2630
2737
2722
2695
2734
2761
2752
2655
2617
2734
2789
2713
2724
2791
2740
2761
2855
2712
2736
2743
2745
2647
2698
2727
2767
2630
2677
2768
2596
2684
2812
2709
2727
2821
2643
2774
2762
2692
2774
2731
2672
2689
2685
2692
2728
2701
2749
2744
2725
2704
2713
2646
2782
2722
2658
2662
2737
2724
2721
2783
2645
2689
2684
2659
2820
2683
2675
2661
2702
2665
2723
2791
2672
2781
2829
2683
2684
2685
2752
2764
2716
2690
2622
2768
2731
2728
2716
2645
2646
2804
2616
2762
2772
2736
2797
2705
2725
2782
2632
2734
2790
2709
2681
2737
2653
2700
2775
2712
2750
2726
2663
2784
2671
2684
2627
2617
2667
2707
2718
2687
2780
2665
2690
2687
2750
2630
2686
2665
2678
2786
2619
2703
2762
2701
2613
2708
2654
2650
2665
2761
2704
2716
2718
2687
2737
2702
2779
2770
2673
2665
2738
2664
2685
2747
2750
2722
2684
2676
2706
2753
2745
2735
2678
2705
2762
2815
2710
2803
2633
2800
2701
2731
2738
2688
2658
2647
2753
2772
2630
2758
2763
2805
2667
2618
2726
2781
2739
2806
2698
2770
2656
2784
2751
2817
2686
2705
2717
2753
2670
2703
2660
2700
2654
2621
2724
2768
2656
2791
2766
2707
2688
2734
2759
2639
2719
2697
2702
2729
2715
2767
2718
2694
2690
2686
2726
2687
2632
2648
2735
2578
2700
2815
2726
2770
2738
2699
2670
2706
2676
2671
2704
2610
2750
2703
2633
2724
2767
2702
2709
2694
2731
2783
2655
2622
2660
2730
2678
2672
2722
2679
2728
2674
2748
2740
2711
2727
2802
2681
2690
2676
2628
2674
2622
2637
2709
2788
2673
2648
2724
2783
2706
2770
2749
2727
2685
2733
2585
2741
2689
2671
2785
2693
2759
2621
2802
2743
2833
2775
2734
2716
2701
2679
2744
2638
2714
2636
2683
2715
2592
2696
2678
2658
2719
2631
2664
2715
2753
2690
2656
2640
2735
2641
2737
2693
2742
2686
2664
2754
2774
2710
2719
2638
2628
2592
2705
2706
2642
2648
2730
2731
2632
2760
2704
2650
2758
2671
2722
2611
2816
2652
2736
2660
2708
2806
2535
2781
2713
2686
2511
2728
2767
2639
2680
2669
2670
2647
2609
2709
2794
2727
2671
2712
2735
2638
2604
2691
2659
2726
2653
2627
2624
2732
2658
2684
2677
2626
2600
2593
2583
2603
2605
2650
2629
2495
2675
2677
2667
2486
2616
2552
2562
2507
2510
2495
2487
2353
2355
2294
2223
2157
2143
1988
1976
1845
1811
1672
1736
1628
1614
1555
1735
1691
1783
1762
1852
1981
1933
1862
1822
1812
1829
1721
1635
1629
1659
1609
1650
1711
1713
1909
1846
2101
2107
2205
2217
2249
2426
2415
2476
2503
2514
2537
2551
2579
2573
2652
2566
2599
2595
2640
2525
2603
2653
2647
2566
2545
2633
2731
2627
2556
2699
2656
2568
2650
2631
2610
2665
2700
2710
2607
2706
2644
2618
2674
2682
2730
2761
2678
2644
2677
2610
2710
2606
2674
2607
2722
2730
2678
2674
2667
2758
2660
2673
2703
2645
2726
2730
2705
2713
2748
2693
2669
2785
2670
2715
2704
2707
2688
2704
2726
2682
2635
2641
2829
2640
2633
2689
2767
2724
2690
2719
2787
2693
2692
2676
2684
2635
2706
2648
2698
2661
2667
2772
2686
2695
2600
2832
2710
2716
2742
2702
2732
2664
2743
2778
2787
2716
2768
2705
2735
2728
2731
2844
2696
2709
2644
2698
2674
2642
2732
2730
2660
2687
2728
2688
2648
2722
2794
2587
2687
2716
2709
2675
2716
2631
2676
2702
2791
2729
2718
2709
2680
2735
2610
2720
2656
2728
2687
2699
2671
2727
2736
2667
2824
2703
2679
2687
2682
2745
2726
2810
2734
2708
2701
2664
2736
2734
2725
2726
2868
2673
2701
2780
2709
2832
2907
2676
2767
2760
2643
2789
2742
2605
2669
2639
2743
2790
2721
2690
2704
2664
2742
2719
2681
2766
2643
2686
2673
2739
2736
2686
2823
2809
2687
2737
2684
2695
2716
2733
2754
2789
2757
2688
2709
2651
2711
2773
2702
2786
2741
2703
2767
2694
2622
2698
