2392
2413
2376
2353
2426
2458
2484
2434
2389
2419
2495
2464
2354
2410
2475
2431
2498
2443
2449
2315
2446
2421
2360
2474
2395
2410
2457
2433
2467
2409
2414
2549
2361
2441
2403
2402
2371
2360
2416
2368
2463
2378
2429
2363
2433
2399
2440
2465
2381
2433
2427
2483
2317
2457
2423
2451
2392
2382
2403
2371
2389
2445
2417
2414
2510
2411
2418
2409
2414
2394
2358
2446
2532
2472
2529
2376
2456
2425
2446
2398
2426
2472
2427
2441
2423
2440
2402
2411
2326
2325
2372
2460
2297
2404
2395
2414
2471
2392
2320
2379
2421
2365
2462
2315
2485
2370
2468
2479
2424
2452
2384
2416
2368
2408
2361
2429
2476
2500
2380
2416
2421
2432
2382
2420
2282
2401
2422
2391
2502
2436
2546
2444
2412
2407
2373
2426
2423
2403
2447
2433
2425
2357
2404
2439
2449
2355
2524
2336
2498
2379
2401
2318
2277
2479
2474
2348
2424
2406
2504
2345
2376
2405
2409
2444
2454
2314
2393
2434
2351
2368
2340
2363
2397
2404
2495
2391
2473
2351
2454
2340
2383
2451
2393
2439
2473
2345
2339
2386
2463
2363
2389
2399
2398
2385
2412
2300
2310
2470
2377
2401
2469
2354
2427
2203
2351
2399
2379
2317
2361
2398
2362
2352
2321
2331
2315
2317
2309
2307
2409
2359
2318
2164
2261
2285
2191
2125
2194
2085
2062
2076
1954
1857
1855
1787
1686
1589
1516
1583
1436
1486
1417
1503
1465
1589
1534
1697
1767
1767
1763
1665
1651
1567
1483
1498
1476
1444
1398
1436
1513
1600
1612
1735
1733
1817
1916
2043
2106
2101
2101
2254
2202
2206
2322
2254
2325
2366
2349
2258
2314
2326
2335
2387
2341
2372
2292
2450
2349
2401
2419
2378
2419
2361
2365
2416
2321
2376
2333
2460
2422
2400
2394
2297
2325
2381
2417
2337
2441
2422
2428
2491
2376
2470
2353
2407
2346
2370
2387
2424
2419
2440
2512
2386
2372
2445
2406
2555
2464
2384
2404
2378
2359
2518
2414
2343
2417
2399
2478
2388
2471
2423
2371
2376
2486
2389
2414
2381
2370
2413
2440
2333
2330
2419
2370
2489
2302
2432
2336
2384
2451
2394
2549
2546
2405
2421
2373
2445
2414
2409
2443
2421
2482
2377
2375
2365
2399
2432
2480
2432
2395
2413
2405
2366
2388
2429
2435
2393
2389
2426
2430
2433
2467
2479
2492
2382
2378
2461
2322
2407
2352
2450
2506
2455
2454
2439
2420
2457
2325
2437
2482
2452
2368
2489
2462
2450
2434
2433
2452
2442
2444
2455
2358
2460
2443
2351
2433
2471
2358
2372
2363
2379
2333
2359
2443
2410
2412
2426
2429
2343
2407
2404
2420
2446
2380
2421
2428
2492
2377
2366
2420
2501
2446
2367
2470
2402
2443
2496
2434
2456
2582
2499
2505
2461
2486
2372
2477
2437
2404
2418
2380
2328
2422
2413
2340
2408
2351
2394
2475
2469
2494
2385
2393
2503
2382
2437
2362
2412
2460
2487
2358
2420
2486
2505
2480
2376
2459
2417
2431
2338
2367
2421
2439
2425
2433
2474
2338
2444
2473
2463
2447
2428
2385
2381
2359
2394
2417
2378
2463
2359
2388
2463
2369
2484
2402
2433
2529
2383
2434
2426
2405
2443
2407
2508
2352
2448
2412
2503
2368
2417
2436
2392
2405
2479
2430
2309
2331
2404
2440
2430
2469
2533
2360
2472
2381
2431
2392
2340
2408
2402
2313
2410
2438
2387
2440
2411
2437
2331
2477
2430
2339
2388
2494
2520
2459
2452
2375
2367
2474
2387
2430
2462
2423
2481
2401
2456
2386
2464
2417
2439
2464
2396
2374
2457
2316
2409
2361
2404
2395
2306
2457
2396
2413
2450
2421
2358
2423
2430
2380
2403
2380
2443
2322
2409
2452
2324
2497
2427
2391
2468
2395
2425
2388
2505
2344
2334
2342
2296
2404
2428
2322
2463
2369
2446
2369
2332
2481
2385
2407
2352
2433
2442
2401
2460
2397
2443
2410
2354
2460
2475
2453
2426
2335
2461
2456
2451
2350
2415
2416
2403
2356
2402
2456
2365
2397
2437
2375
2400
2485
2361
2473
2332
2446
2419
2428
2390
2405
2342
2344
2343
2401
2354
2435
2410
2349
2436
2405
2422
2456
2432
2380
2399
2406
2452
2342
2393
2467
2437
2359
2396
2373
2420
2430
2406
2412
2430
2368
2360
2418
2409
2518
2365
2419
2426
2425
2360
2365
2439
2356
2431
2326
2455
2379
2402
2379
2354
2358
2383
2381
2375
2335
2266
2316
2406
2378
2371
2400
2397
2365
2352
2376
2336
2324
2339
2344
2275
2349
2222
2285
2251
2187
2256
2239
2198
2212
2158
2114
2022
1976
2010
1897
1775
1833
1642
1561
1561
1528
1468
1436
1487
1485
1424
1538
1594
1652
1770
1713
1759
1728
1580
1581
1524
1433
1448
1421
1405
1434
1552
1600
1648
1720
1770
1838
1933
2002
1996
2003
2117
2173
2171
2306
2249
2279
2238
2393
2283
2287
2281
2356
2273
2330
2297
2393
2318
2390
2321
2327
2343
2425
2367
2278
2359
2394
2448
2405
2382
2366
2395
2368
2430
2344
2428
2382
2378
2360
2426
2342
2289
2372
2427
2373
2410
2460
2329
2388
2383
2313
2491
2386
2312
2473
2349
2356
2463
2356
2423
2418
2422
2387
2475
2331
2357
2391
2395
2386
2432
2372
2445
2473
2471
2446
2462
2516
2407
2430
2352
2424
2384
2363
2362
2332
2387
2364
2418
2455
2529
2405
2400
2449
2441
2461
2379
2319
2448
2503
2306
2376
2354
2341
2359
2437
2380
2538
2423
2414
2389
2381
2492
2437
2377
2478
2425
2475
2364
2504
2497
2491
2346
2330
2437
2435
2426
2407
2411
2453
2324
2286
2410
2457
2390
2431
2389
2460
2366
2374
2384
2364
2435
2400
2314
2433
2411
2327
2360
2416
2306
2422
2419
2429
2454
2419
2443
2387
2450
2417
2388
2395
2405
2420
2403
2512
2411
2435
2318
2348
2443
2354
2370
2404
2449
2383
2447
2454
2450
2402
2444
2377
2419
2463
2392
2425
2473
2436
2444
2432
2419
2410
2392
2410
2448
2437
2447
2414
2395
2358
2432
2419
2433
2489
2464
2390
2437
2416
2427
2404
2405
2434
2341
2478
2379
2392
2382
2429
2400
2437
2444
2447
2410
2406
2417
2406
2439
2471
2512
2431
