2377
2330
2344
2350
2485
2538
2431
2370
2389
2434
2375
2445
2431
2400
2359
2353
2471
2398
2500
2453
2332
2260
2464
2327
2430
2440
2434
2520
2355
2542
2446
2425
2392
2469
2350
2500
2469
2408
2431
2532
2482
2378
2378
2414
2432
2390
2374
2419
2480
2376
2408
2493
2367
2380
2413
2424
2355
2501
2385
2483
2399
2490
2388
2426
2430
2478
2373
2456
2496
2518
2447
2366
2424
2467
2343
2429
2385
2458
2401
2441
2392
2428
2549
2397
2407
2542
2423
2521
2479
2468
2394
2389
2487
2383
2472
2427
2398
2431
2456
2424
2417
2539
2401
2363
2433
2418
2299
2500
2437
2507
2381
2367
2386
2402
2469
2392
2468
2534
2350
2373
2423
2500
2475
2371
2426
2471
2311
2395
2419
2453
2395
2490
2429
2437
2342
2437
2406
2377
2362
2362
2452
2417
2453
2335
2506
2445
2426
2432
2481
2461
2373
2360
2413
2445
2425
2477
2343
2470
2388
2437
2419
2326
2435
2403
2436
2477
2458
2390
2377
2437
2423
2366
2426
2514
2376
2424
2387
2365
2448
2481
2415
2371
2440
2410
2354
2416
2459
2439
2381
2360
2456
2409
2401
2307
2398
2450
2408
2420
2469
2246
2350
2414
2428
2384
2354
2321
2382
2450
2326
2395
2441
2420
2391
2373
2370
2339
2333
2369
2387
2301
2294
2267
2220
2269
2205
2242
2181
2136
2057
2014
1956
1954
1838
1839
1662
1624
1520
1476
1489
1434
1414
1458
1537
1590
1573
1614
1660
1675
1724
1764
1603
1569
1524
1457
1510
1422
1459
1492
1549
1612
1668
1743
1743
1881
1878
1958
2026
2135
2166
2144
2164
2204
2222
2235
2279
2309
2271
2355
2377
2330
2296
2291
2233
2438
2382
2418
2344
2339
2315
2335
2495
2329
2345
2437
2402
2363
2390
2273
2376
2403
2342
2415
2330
2433
2515
2354
2408
2390
2430
2365
2343
2376
2458
2599
2390
2420
2437
2399
2437
2344
2433
2373
2430
2458
2410
2394
2453
2528
2426
2519
2341
2441
2379
2403
2476
2429
2463
2438
2416
2450
2327
2465
2486
2348
2431
2286
2449
2406
2463
2390
2419
2401
2460
2423
2405
2337
2426
2485
2508
2410
2431
2332
2392
2417
2380
2327
2464
2369
2314
2442
2357
2485
2562
2467
2456
2537
2423
2398
2419
2469
2403
2477
2377
2444
2443
2400
2542
2313
2350
2479
2378
2464
2359
2445
2420
2461
2421
2357
2477
2473
2403
2490
2428
2393
2489
2452
2467
2354
2327
2464
2386
2497
2437
2423
2366
2442
2510
2473
2396
2347
2393
2468
2364
2401
2495
2400
2389
2360
2408
2343
2528
2473
2499
2423
2500
2464
2479
2348
2486
2462
2443
2383
2448
2503
2416
2401
2466
2451
2464
2317
2423
2412
2370
2379
2416
2421
2522
2439
2397
2443
2400
2499
2402
2462
2445
2436
2410
2434
2426
2452
2423
2421
2351
2342
2346
2454
2426
2466
2411
2381
2433
2471
2418
2424
2465
2438
2403
2485
2501
2502
2465
2496
2444
2442
2394
2403
2384
2500
2385
2434
2380
2373
2424
2422
2447
2414
2447
2483
2429
2458
2443
2376
2399
2473
2502
2345
2431
2474
2371
2435
2520
2328
2364
2426
2401
2501
2386
2435
2361
2474
2388
2368
2440
2456
2466
2378
2334
2366
2419
2412
2438
2421
2422
2418
2484
2475
2443
2378
2393
2463
2429
2429
2370
2391
2380
2332
2380
2380
2439
2418
2422
2381
2423
2406
2377
2369
2448
2390
2418
2474
2458
2395
2357
2332
2409
2485
2486
2334
2510
2468
2460
2419
2399
2475
2466
2379
2442
2449
2505
2367
2435
2345
2405
2440
2362
2358
2402
2400
2349
2366
2376
2457
2499
2397
2371
2429
2446
2519
2462
2404
2336
2430
2472
2438
2465
2432
2410
2452
2343
2398
2411
2435
2487
2428
2467
2458
2450
2442
2417
2442
2369
2406
2459
2316
2393
2519
2355
2464
2374
2377
2434
2458
2401
2395
2459
2331
2343
2366
2398
2412
2447
2359
2405
2439
2388
2422
2379
2385
2314
2373
2404
2346
2343
2333
2479
2397
2360
2382
2408
2447
2419
2363
2422
2340
2425
2500
2457
2330
2457
2395
2318
2440
2343
2438
2253
2424
2401
2390
2419
2397
2358
2403
2359
2441
2369
2348
2433
2388
2393
2451
2384
2419
2480
2416
2446
2434
2355
2348
2334
2336
2359
2379
2465
2341
2430
2432
2343
2407
2413
2433
2423
2352
2432
2377
2304
2358
2393
2393
2322
2383
2350
2269
2388
2293
2386
2401
2395
2348
2353
2367
2390
2347
2378
2289
2335
2316
2263
2309
2125
2208
2257
2204
2202
2108
2081
2005
1986
1884
1850
1778
1740
1659
1567
1492
1471
1437
1472
1399
1471
1455
1582
1549
1714
1724
1722
1731
1686
1588
1632
1527
1434
1514
1454
1452
1498
1480
1582
1672
1775
1847
1795
1869
1973
2086
2106
2188
2167
2294
2260
2247
2289
2280
2406
2365
2254
2252
2307
2371
2391
2265
2421
2299
2270
2409
2436
2310
2365
2440
2389
2341
2385
2316
2394
2432
2489
2396
2344
2411
2316
2372
2500
2421
2384
2360
2384
2323
2394
2494
2423
2454
2368
2418
2418
2421
2423
2387
2383
2338
2350
2352
2369
2363
2394
2451
2465
2494
2476
2486
2407
2433
2417
2466
2353
2382
2339
2450
2407
2470
2347
2445
2436
2452
2381
2405
2354
2438
2428
2437
2463
2441
2488
2433
2378
2350
2418
2385
2380
2410
2449
2441
2442
2400
2409
2412
2406
2466
2446
2419
2415
2428
2398
2481
2415
2331
2350
2426
2387
2510
2458
2417
2482
2450
2513
2316
2333
2470
2330
2390
2478
2423
2481
2402
2442
2428
2538
2385
2392
2486
2457
2505
2426
2416
2293
2376
2445
2361
2414
2462
2345
2454
2469
2467
2508
2418
2425
2399
2407
2459
2362
2361
2424
2429
2470
2505
2483
2418
2445
2415
2426
2365
2398
2399
2396
2350
2446
2425
2470
2416
2417
2490
2471
2498
2489
2393
2327
2440
2412
2425
2424
2371
2409
2405
2435
2440
2466
2447
2483
2365
2370
2413
2413
2495
2355
2407
2345
2404
2440
2480
2538
2421
2492
2405
2422
2408
2425
2468
2465
2426
2497
2480
2396
2468
2302
2418
2426
2387
2381
2347
2456
2450
2338
2523
2456
