2437
2404
2365
2450
2531
2434
2447
2334
2470
2447
2343
2392
2392
2472
2400
2421
2394
2419
2413
2319
2484
2477
2476
2496
2357
2476
2473
2384
2372
2380
2407
2482
2463
2395
2364
2420
2413
2432
2394
2465
2458
2360
2470
2373
2472
2455
2452
2372
2380
2355
2439
2449
2416
2417
2438
2436
2474
2442
2392
2331
2396
2421
2470
2392
2374
2319
2339
2437
2475
2344
2414
2449
2429
2434
2488
2341
2377
2380
2397
2487
2430
2484
2347
2405
2354
2315
2464
2356
2465
2440
2371
2444
2461
2458
2370
2415
2357
2501
2469
2442
2452
2369
2445
2558
2349
2354
2467
2421
2385
2505
2382
2416
2428
2381
2378
2493
2402
2428
2456
2379
2451
2429
2425
2448
2404
2403
2426
2378
2369
2392
2388
2435
2411
2363
2429
2592
2356
2423
2386
2357
2365
2380
2461
2447
2404
2369
2392
2334
2357
2425
2420
2522
2401
2460
2414
2390
2425
2408
2413
2368
2409
2328
2355
2465
2449
2445
2465
2486
2398
2295
2337
2358
2373
2416
2380
2363
2334
2397
2348
2393
2427
2285
2383
2375
2337
2453
2448
2384
2456
2505
2391
2311
2368
2405
2439
2385
2416
2337
2361
2335
2429
2416
2337
2342
2463
2368
2298
2431
2288
2405
2301
2329
2315
2346
2403
2292
2396
2335
2356
2302
2259
2290
2261
2276
2224
2200
2179
2183
2124
2067
1911
1918
1931
1678
1665
1608
1574
1525
1457
1444
1438
1504
1508
1529
1672
1606
1658
1757
1780
1682
1702
1568
1513
1446
1385
1493
1438
1506
1603
1578
1639
1605
1686
1942
1954
1947
2066
2150
2070
2090
2124
2237
2307
2242
2282
2287
2309
2350
2322
2364
2275
2366
2316
2318
2327
2325
2404
2375
2372
2377
2517
2436
2298
2392
2341
2432
2416
2402
2434
2480
2341
2375
2383
2349
2363
2354
2396
2350
2451
2432
2429
2466
2386
2413
2435
2349
2448
2356
2425
2369
2493
2431
2368
2470
2431
2326
2502
2388
2483
2351
2419
2399
2506
2382
2405
2401
2416
2452
2502
2446
2494
2483
2423
2512
2474
2379
2395
2401
2426
2368
2362
2459
2324
2445
2470
2303
2369
2448
2374
2404
2380
2347
2342
2401
2393
2473
2403
2420
2457
2389
2359
2437
2480
2433
2386
2512
2407
2331
2371
2481
2420
2339
2403
2383
2431
2348
2488
2373
2415
2382
2504
2410
2436
2285
2378
2524
2466
2417
2439
2367
2440
2383
2464
2452
2455
2314
2448
2455
2406
2457
2531
2415
2482
2396
2423
2439
2519
2439
2460
2410
2472
2451
2430
2410
2336
2383
2486
2511
2368
2445
2375
2383
2404
2416
2456
2420
2391
2426
2474
2371
2415
2437
2437
2463
2390
2385
2407
2533
2362
2518
2432
2446
2498
2396
2401
2446
2386
2459
2453
2411
2394
2409
2431
2501
2348
2447
2364
2489
2347
2455
2433
2446
2535
2370
2498
2468
2459
2371
2406
2423
2339
2402
2424
2503
2392
2476
2441
2419
2487
2453
2422
2412
2360
2406
2383
2386
2400
2411
2432
2350
2481
2350
2354
2319
2412
2440
2330
2412
2407
2421
2371
2422
2413
2460
2325
2344
2451
2485
2339
2439
2461
2366
2393
2450
2440
2514
2364
2472
2369
2428
2345
2353
2385
2458
2439
2488
2416
2414
2387
2434
2431
2419
2381
2463
2438
2371
2429
2413
2407
2401
2400
2328
2434
2321
2510
2358
2438
2338
2379
2384
2382
2389
2382
2342
2435
2488
2477
2457
2386
2447
2470
2412
2469
2428
2478
2404
2405
2400
2337
2389
2335
2354
2445
2405
2403
2403
2319
2440
2412
2442
2450
2448
2456
2382
2374
2498
2357
2405
2379
2374
2496
2370
2383
2432
2433
2451
2379
2293
2437
2461
2431
2385
2353
2515
2476
2417
2405
2478
2300
2508
2466
2291
2359
2421
2420
2363
2448
2408
2548
2482
2422
2453
2351
2331
2411
2519
2463
2305
2478
2403
2458
2507
2357
2385
2394
2387
2415
2452
2397
2425
2385
2462
2416
2366
2435
2428
2479
2353
2428
2439
2433
2399
2421
2323
2370
2371
2432
2424
2380
2444
2407
2308
2437
2416
2452
2423
2368
2414
2447
2360
2416
2385
2428
2418
2345
2328
2406
2371
2406
2501
2428
2409
2385
2331
2439
2360
2418
2411
2421
2465
2375
2358
2481
2503
2381
2371
2375
2510
2389
2407
2400
2436
2406
2393
2400
2380
2363
2298
2449
2460
2407
2361
2389
2378
2414
2358
2402
2373
2441
2300
2335
2312
2407
2428
2397
2340
2364
2292
2257
2376
2324
2297
2314
2300
2278
2321
2225
2293
2246
2295
2200
2224
2124
2177
2145
2090
2059
1962
1831
1878
1736
1689
1593
1571
1430
1540
1490
1476
1468
1457
1506
1616
1621
1720
1673
1643
1643
1615
1579
1493
1398
1481
1485
1474
1488
1550
1669
1625
1680
1760
1880
1944
2025
1992
2070
2174
2079
2211
2148
2232
2303
2227
2266
2349
2275
2333
2317
2188
2287
2350
2433
2240
2386
2304
2364
2426
2356
2325
2305
2439
2375
2309
2423
2379
2460
2418
2390
2368
2425
2392
2426
2401
2361
2421
2388
2396
2419
2342
2434
2379
2349
2441
2420
2403
2398
2427
2378
2392
2336
2368
2375
2360
2363
2352
2442
2422
2436
2365
2425
2383
2342
2429
2414
2311
2295
2402
2334
2498
2480
2383
2358
2478
2323
2430
2494
2367
2380
2353
2460
2380
2407
2405
2356
2340
2440
2364
2412
2487
2395
2399
2447
2483
2471
2380
2427
2473
2414
2292
2431
2400
2446
2466
2483
2381
2437
2374
2408
2438
2330
2404
2417
2430
2418
2441
2383
2460
2452
2458
2430
2433
2349
2436
2347
2342
2460
2401
2374
2419
2395
2352
2404
2466
2390
2389
2433
2373
2388
2479
2363
2387
2382
2386
2453
2370
2397
2423
2433
2398
2373
2474
2397
2373
2353
2317
2432
2393
2339
2501
2442
2396
2509
2423
2303
2393
2433
2369
2398
2380
2438
2325
2485
2384
2406
2421
2508
2460
2396
2470
2383
2478
2493
2419
2419
2399
2475
2364
2378
2406
2393
2418
2401
2420
2348
2392
2399
2411
2547
2416
2429
2408
2373
2434
2451
2410
2384
2414
2431
2377
2490
2476
2372
2471
2446
2415
2394
2381
2388
2337
2401
2431
2400
2381
2371
