20404
20451
20428
20267
20473
20640
20636
20383
20446
20381
20381
20465
20247
20220
20438
20255
20547
20600
20031
20420
19959
20457
20378
20443
20102
20431
20529
20498
20124
20470
20276
20238
20506
20152
20261
20216
20231
20236
20393
20225
20368
20835
20298
20290
20366
20375
20384
20146
20101
20318
20334
20529
20514
20444
20500
20438
20224
20430
20323
20502
20121
20163
20438
20179
20179
20325
20281
20409
20472
20381
20216
20142
20494
20372
20363
20271
20336
20247
20445
20495
20753
20223
20328
20478
20277
20334
20254
20354
20288
20541
20213
20260
20252
20069
20015
20382
20389
20382
20447
20271
20241
20473
20202
20345
20393
20171
20131
20496
20263
20203
20284
20146
20338
20336
20375
20191
20072
20362
20305
20089
20321
20341
20468
20097
20274
20316
20512
20436
20259
20416
20369
20481
20286
20304
20092
20178
20284
20615
20216
20207
20600
20244
20146
20353
20430
20454
20190
20356
20261
20311
20323
20444
20297
20180
20293
20271
20299
20142
20505
20108
20535
20474
20156
20148
20202
20222
20175
20175
20120
20271
20008
20400
20112
19872
20322
20050
19998
20052
20168
20134
20314
20090
20270
20218
20416
20062
19939
20204
20164
19939
20160
19797
20021
20056
20169
19957
20119
19818
19775
20172
20020
19872
19919
19631
19863
19916
19827
19729
19511
19488
19770
19516
19528
19499
19441
19645
19114
19319
19078
18959
18924
18642
18282
18138
18151
17791
17379
16975
16678
16350
15829
15529
15012
14737
14506
14154
13835
13729
13586
13465
13605
13553
13753
13850
13891
14148
14355
14558
14563
14344
14215
13952
13767
13738
13500
13361
13623
13675
13814
14160
14184
14334
14536
14893
15374
15986
16259
16674
16931
17335
17750
17941
18280
18420
18538
18748
19093
19021
19003
19147
19306
19396
19319
19285
19601
19373
19568
19670
19851
19802
19842
19727
19816
19776
20043
20007
20081
19973
19941
20018
20051
19764
19743
20231
20370
19903
20064
20363
20244
20343
20043
20296
20014
20067
20107
20153
20008
20432
20398
20122
20192
20334
20112
20198
20202
20330
20276
20421
20356
20123
20537
20338
20273
20386
20311
20232
20400
20173
20196
20297
20392
20065
20516
20315
20359
20324
20468
20339
20265
20329
20110
20250
20474
20400
20289
20327
20226
20286
20235
20280
20242
20431
20257
20267
20240
20283
20665
20338
20335
20384
20523
20199
20303
20141
20239
20470
20496
20312
20190
20379
20365
20367
20304
20528
20743
20074
20412
20184
20320
20094
20242
20424
20286
20482
20198
20245
20362
20409
20371
19931
20501
20398
20283
20259
20400
20429
20146
20222
20330
20442
20156
20409
20354
20253
20319
20254
20287
20182
20290
20167
20407
20127
20369
20339
20302
20370
20378
20339
20269
20445
20419
20200
20383
20283
20392
20417
20274
20458
20461
20336
20345
20369
20381
20346
20218
20402
20664
20429
20451
20385
20376
20254
20031
20334
20302
20306
20094
20440
20565
20173
20404
20258
20229
20444
20263
20356
20375
20578
20270
20290
20386
20039
20129
20379
20476
20374
20642
20327
20300
20258
20331
20373
20258
20294
20260
20278
20562
20467
20061
20374
20206
20413
20550
20494
20241
20352
20450
20599
20685
20372
20439
20410
20296
20298
20414
20543
20230
20529
20395
20488
20361
20298
20487
20352
20248
20414
20131
20071
20455
20297
20384
20400
20728
20254
20559
20318
20194
20327
20368
20478
20497
20524
20374
20294
20279
20220
20283
20409
20262
20291
20443
20154
20497
20349
20482
20253
20242
20324
20517
20098
20093
20329
20201
20499
20140
20082
20534
20447
20373
20338
20379
20202
20474
20380
20326
20453
20512
20251
20212
20068
20404
20620
20172
20368
20488
20327
20369
20453
20588
20458
20343
20401
20456
20272
20170
20162
20325
20165
20237
20146
20070
20272
20268
20283
20391
20293
20217
20256
20201
20287
20246
20501
20333
20309
20307
20156
20434
20303
20190
20289
20210
20435
20346
20073
20294
20222
20123
20262
20350
20340
20425
20348
20012
20278
20126
20368
20402
20262
20119
20324
20333
20259
20267
20210
20152
20063
20402
20197
20068
20421
20251
20446
20171
20279
20498
20365
20247
20033
20106
20321
20367
20417
20129
20003
20097
20115
20511
20170
19954
20495
20177
20169
20284
20055
20287
20280
20275
20134
20511
20012
20245
20235
20267
20273
20182
20090
20240
19925
20199
20234
19988
20273
20282
20208
20410
20395
19938
20468
20201
20038
20158
20113
20221
19969
20057
20120
20120
20136
20195
20238
20139
20210
20084
20076
19962
20036
20175
20038
20393
20062
20224
19816
20213
19890
19923
20170
19879
19925
20080
19933
19716
19927
19953
19964
20084
20083
19719
19657
19868
19958
19657
19815
19838
19719
19641
19588
19824
19391
19337
19307
19144
19012
19311
19149
18969
18950
18677
18586
18331
18110
18029
17932
17281
17123
16713
16337
15918
15400
15095
14880
14591
14444
13934
13813
13566
13403
13691
13441
13475
13672
13834
13875
14165
14488
14340
14226
14180
14075
13746
13712
13528
13550
13408
13668
13602
13795
13992
14202
14210
14771
14989
15592
16058
16527
16893
17172
17459
17804
17972
18172
18566
18490
18892
18867
18922
19201
18988
18894
19432
19306
19367
19602
19631
19410
19685
19527
19672
19698
19597
19797
19979
19888
19848
19674
19896
20024
19926
19985
19833
19859
20174
20058
19904
19722
20132
20186
20266
20100
20004
20117
20146
20346
20006
20028
20372
20210
20228
20452
20094
20046
20134
20244
19902
20111
20282
20048
20139
20017
20195
20200
20051
20176
20131
20525
20295
20092
20347
20478
20294
19943
20051
20287
20136
20074
20204
20435
20407
20441
19972
20445
20194
20408
19952
20142
20176
20255
20434
20139
20324
20107
20257
20235
20146
20102
20270
20185
20110
19828
20397
20269
20614
20304
20129
20405
20110
20356
20213
20235
20086
20225
20337
20275
20591
20343
20231
20308
20125
20135
20288
20010
20211
20299
20442
20017
20424
20185
20399
20203
20373
20309
20195
20311
20334
20277
20157
20247
20116
20213
20280
20331
20433
20242
20254
20177
20299
20456
20367
20236
20213
20184
20194
20578
20334
20000
20576
20175
20417
20444
20413
20414
20532
20252
20325
20366
20222
20369
20314
20397
20131
20440
20288
20222
20452
20353
20349
20309
20149
20181
20400
20243
20377
20095
20366
20351
20183
20260
20409
20334
20523
20218
20116
20217
20463
20086
20287
20343
20526
20395
20403
20385
20363
20498
20197
20408
20339
20329
20248
20476
20303
20376
20410
20295
20285
20301
20546
20239
20284
20312
20319
20340
20309
20224
20305
