23773
23557
23840
23897
23801
23762
23884
23790
23909
24040
24061
23756
23846
23826
24149
23897
24071
23677
24114
23802
23854
23631
23986
24049
23912
23922
23833
23684
23497
23817
23831
23829
23854
23708
23816
23949
24047
23895
23831
23634
23946
23834
23811
24054
24052
23879
23701
23797
24018
23791
24056
23723
23610
23828
23712
23715
23851
23514
24064
23716
23434
23836
23879
23550
23697
23824
23780
23722
23907
24074
23866
23808
24120
23830
23938
23649
23725
23716
23782
23727
23809
24002
23453
23972
23543
23847
23748
23844
23902
23968
23594
23556
24009
23458
24024
23997
23857
23728
23646
23494
24014
23723
23570
23630
23886
23629
23738
23804
23664
23781
23773
23596
23846
23719
23776
23790
23695
23669
23903
24023
23917
23658
23594
23641
23864
24039
23933
24028
23772
23924
23936
23710
23895
23664
23815
23695
23664
23826
23965
23802
23835
24053
23640
23772
23857
23791
24018
23867
23815
24020
23738
23872
23621
23769
23593
23673
23493
23664
23662
23843
23784
23631
23570
23446
24098
23907
23730
23721
23823
23743
23318
23775
23482
23779
23467
23657
23576
23555
23945
23555
23486
23638
23350
23608
23622
23492
23455
23463
23468
23547
23387
23212
23535
23528
23422
23439
23096
23358
23410
23331
23085
23364
23155
23090
23001
23047
22752
23085
23011
23174
23043
22757
22795
22674
22585
22239
22340
22628
22252
21916
21758
21710
21220
21303
20703
20787
20058
19666
19104
18636
18284
17628
17199
16493
16497
16084
15946
15523
15681
15210
15539
15543
15715
15598
15791
16238
16319
16404
16489
16292
16103
15830
15858
15418
15349
15374
15510
15524
15862
16000
16220
16418
16996
17200
17711
18278
18788
19329
19884
20411
20446
20798
21286
21738
21474
21906
21989
22058
22254
22159
22627
22625
22952
22496
22764
23274
23028
23092
22918
22802
23237
23352
23220
23379
23574
23122
23400
23381
23206
23717
23440
23411
23402
23441
23572
23401
23881
23444
23443
23509
23593
23430
23602
23806
23775
23700
23139
23886
23524
23635
23820
23428
23596
23667
23824
23872
23551
23547
23758
23588
23682
23701
23536
23546
23772
23779
23652
23834
23928
23480
23712
24003
24168
23550
23822
23604
23843
23750
23721
23823
23722
23573
23841
24162
23999
23622
23778
24207
23699
23716
23854
23902
23755
23862
23832
23739
23698
23823
24025
23938
23874
23595
24027
23753
23816
24130
23647
23708
23848
24018
23787
23472
24071
23917
23679
23951
23722
23748
23947
23890
23449
23505
23533
23867
23984
23814
23723
23761
23839
24026
23976
23795
23889
23697
23753
23631
23858
23905
23963
23722
23773
23750
23834
23935
23967
24087
23697
23732
23999
23655
23843
23959
23996
24103
23769
23760
23657
23557
23922
23393
23846
23987
23781
23789
23799
23865
23700
23570
23890
23877
23851
23803
24047
23991
23732
24085
23709
24133
23995
23987
23525
23755
23868
24099
23908
24011
23849
23787
23679
24134
23845
23976
23552
23737
23637
23888
23919
23806
23857
23620
24013
23734
23812
24013
23537
23640
23933
23763
23771
23553
23848
23917
23919
23882
23872
23937
23739
23875
23674
23807
23508
23788
24084
23814
24153
23855
23871
23868
23757
23854
23789
23713
23705
23715
24085
23832
23807
23802
23867
23773
23855
23917
23695
23549
23623
23824
24023
23685
24190
23966
23871
23623
23851
23763
24105
23685
23827
23759
23613
23990
23624
23826
23762
23672
23672
23548
23957
23810
23598
23895
23711
23847
23809
23903
23703
23848
23914
23536
23790
23636
23908
23930
23586
23891
23646
23790
23926
23562
23852
23692
23629
23665
23917
23515
23801
23778
23872
23865
23770
23672
23887
23783
23819
23743
23619
23700
23776
23769
23963
23658
24066
23870
23646
23907
23929
23626
23683
23872
23812
23694
23732
23916
23687
23716
23954
23820
23588
23885
23616
23794
23865
23918
24025
23912
23903
23733
23905
23788
23789
23737
24011
23846
23881
23739
23766
23793
23633
23490
23847
23701
23717
23804
23974
23811
23572
23332
23665
23660
23887
23545
23833
23432
23740
24207
23699
23850
23756
23985
23738
23614
23763
24118
23788
23969
23497
23857
23584
23474
23518
23569
23522
23970
23723
23685
23447
23791
23744
23718
23815
23841
24019
23826
23740
23459
23413
23690
23602
23500
23694
23834
23628
23661
23527
23855
23857
23746
23859
23672
23654
23539
23395
23433
23608
23762
23624
23669
23491
23841
23676
23689
23800
23585
23756
23828
23473
23688
23642
23597
23545
23428
23800
23578
23809
23317
23436
23456
23456
23301
23389
23411
23507
23210
23332
23508
23310
23448
23325
23511
23462
23319
23489
23462
23354
23293
23304
23049
23214
23054
23059
23106
23170
23049
22689
22952
22920
22857
23105
22641
22832
22460
22710
22566
22383
22030
22170
22253
21910
21678
21497
21184
21072
20408
20240
20023
19595
18910
18314
17630
17448
16965
16516
16030
16005
15840
15752
15458
15445
15442
15305
15361
15659
15753
16232
16490
16413
16350
16330
15839
15648
15618
15435
15263
15154
15360
15485
16019
16164
16355
16519
16903
17281
18195
18358
18930
19462
19893
20292
20680
21165
21390
21328
21727
21998
22115
22012
22021
22493
22588
22575
22645
22689
22863
22751
22660
22955
22973
23036
23011
23073
23139
23203
22950
23241
23238
23082
23292
23276
23350
23374
23042
23129
23389
23477
23416
23412
23426
23551
23434
23489
23465
23393
23593
23385
23754
23573
23634
23683
23642
23438
23395
23865
23366
23686
23891
23661
23440
23852
23691
23277
23405
23531
23657
23466
23468
23694
23531
23596
23712
23759
23613
23699
23706
23830
23981
23546
23633
23684
23745
23704
23790
23404
23835
23678
23525
23698
23810
24011
23751
23705
23861
23588
23785
23734
23789
23674
23514
23744
23523
23701
23590
23808
23583
23677
23792
23767
23779
23582
23654
23561
23770
23836
23672
23674
23568
23718
23823
23772
23465
23868
23639
23974
24141
23697
23785
23746
23728
23699
23841
23895
24062
23754
23825
23735
23592
23645
23618
23723
24021
23861
23870
23738
24096
23674
23868
23672
23874
23610
23880
23723
23994
23727
23706
23737
23800
23906
23492
23756
23721
23841
23888
23972
23695
24045
23770
23809
23806
23990
23674
23658
23656
23655
23762
23822
23649
23614
23810
23791
23782
23832
24098
23468
23904
23771
23818
23903
24017
23813
24096
24198
23877
24121
23602
23820
23961
23807
23741
23491
23744
23907
23988
24115
23866
23692
23643
23972
23867
24047
23892
23871
23985
23702
23982
23894
24104
24083
23894
23934
24249
23987
23910
23536
23954
23937
