19936
19937
19755
20202
19850
20151
19928
19814
19914
20144
19726
20021
20118
20055
20061
19880
19915
19839
19749
20083
19872
19976
19899
20023
19961
19874
20220
19834
20056
20326
20059
19806
20133
19951
19887
19798
19684
20163
20266
19804
19970
19801
19960
19672
19864
19972
20181
20006
20116
20065
19984
20112
20052
20042
20121
20202
19894
19776
20030
20028
19994
19977
20207
20132
19996
20150
20005
20087
20005
20060
19801
20107
19901
19806
19629
19799
20060
19906
19723
20148
19971
20101
19887
19651
19921
19860
19863
19882
20062
20014
19730
20170
20038
19989
20126
20040
20134
20105
20064
19901
19946
19927
19894
19902
20185
20110
19859
19717
19994
19935
20200
19944
19825
20211
19927
19889
19930
19920
20088
20095
20000
19940
19722
20081
19912
19867
20156
19831
19932
19981
19941
20037
19890
19869
20123
19770
20007
19985
19834
20184
19856
19835
19740
20084
19827
19923
20004
19685
19997
19745
19909
19832
19764
20036
19821
19960
19869
19845
19653
19978
19757
19742
19731
19841
19675
19945
19521
20046
19927
19754
19809
19778
20018
19862
19921
19614
19765
19734
19933
19805
19925
19844
19666
19764
19693
19884
19869
19695
19673
19640
19617
19379
19629
19358
19714
19527
19384
19653
19766
19655
19454
19395
19330
19590
19529
19494
19429
19411
19460
19368
19451
19045
19248
19104
18836
18800
18712
18843
18610
18645
18384
18174
18417
18130
17884
17463
17148
17041
16720
16149
15757
15133
15010
14482
14286
13868
13913
13594
13419
13577
13384
13303
13531
13778
13619
13842
14120
14269
14356
14295
13947
13945
13643
13286
13467
13118
13390
13463
13423
13635
13898
14147
14509
14551
14951
15465
16080
16395
16678
16914
17369
17803
17989
18200
18400
18323
18714
18703
18822
18884
19127
18989
19031
19204
19150
19227
19079
19158
19298
19389
19384
19611
19583
19427
19472
19418
19472
19354
19407
19846
19837
19634
19654
19661
19737
19565
19790
20017
19770
19751
19881
19873
19832
20155
19737
19938
19898
19900
19734
19961
19596
19937
19458
19761
19686
19939
19884
19698
19970
19767
19924
19948
20063
20028
19815
19720
20218
19828
20067
19928
20004
20043
19921
19785
19554
19667
20308
20039
19733
19965
19878
20224
19869
19797
20113
19751
19849
19939
20007
19873
19851
19958
19928
20103
20092
19775
20084
20086
20002
19960
20182
19885
19981
20098
20066
20279
20179
20074
20065
19873
19975
20183
19894
19982
20029
20175
19960
20151
19954
20073
19893
19918
20054
19913
19896
19841
19696
19847
20317
19852
20123
19897
20086
19768
19975
20167
19896
20052
20028
20112
20115
19885
19944
19913
19646
20081
20014
19976
19919
19919
20003
19737
19861
19846
19926
20032
20062
20164
20002
19943
20173
19869
20065
19823
19666
19786
20052
20073
19883
20046
19967
20189
19954
20238
20025
20162
20010
19902
19953
19797
20009
19727
20085
19788
20166
19802
20029
19978
20104
19657
19787
19963
19923
19837
19774
20070
19869
19979
20134
19955
19933
20045
19705
19780
20018
19973
19767
19770
19896
20052
19798
19882
19977
20180
20066
19893
20244
19795
19867
19913
19929
20047
19888
19906
20185
20076
20026
19709
20245
19887
20091
19807
19887
19911
20319
20039
20041
20114
19921
20102
19742
19809
19999
19857
19875
19928
20021
19893
20114
20319
19796
19937
20028
19743
19909
19847
19693
20051
19786
19897
19977
20071
19896
19987
20074
19637
20123
19929
20192
20064
19706
20151
19746
19824
19895
20059
20055
19709
20015
20041
20105
19879
19913
20038
19801
19810
19988
20116
19660
19773
19892
20001
19940
19653
20037
19922
19905
20057
19884
19934
20091
19733
19750
19969
19987
19827
19843
19763
20088
19604
19949
20038
19947
19833
19843
19827
19862
19729
19851
19814
20036
20034
19981
19802
19845
20145
19872
19879
19824
20111
19925
20132
20346
20031
19798
20124
19800
20087
19559
19936
19764
19955
20026
19864
20066
19797
19927
19926
20107
20080
19944
19978
19804
19997
19951
19826
19887
19767
19758
19895
19805
19871
19695
20067
19712
19862
19936
20018
19754
20066
19918
19739
20002
19939
19768
19866
19932
19838
20023
19765
19937
19542
19647
19734
19989
19796
19835
19775
20062
19925
19722
19758
19825
19874
19785
19917
19914
20106
19907
19871
20052
19614
20132
20064
19647
20148
19554
19978
19790
19645
20060
19743
19759
19929
19996
19923
19600
19644
19725
19900
19711
20077
19872
19770
19549
19809
19817
19639
19756
19666
19755
19639
19940
20006
19836
19746
19594
19758
19575
19541
19710
19887
19643
19516
19948
19592
19337
19629
19524
19541
19660
19618
19608
19680
19493
19449
19387
19423
19310
19552
19400
19411
19382
19095
19143
19282
19319
19039
19046
19200
19152
18961
18782
18923
18632
18573
18384
18576
18282
17954
17766
17534
17423
16633
16373
16119
15618
15346
14828
14631
14222
14140
13892
13765
13569
13405
13207
13229
13246
13387
13575
13603
14011
14278
14448
14283
13969
13819
13607
13667
13230
13176
13240
13517
13670
13584
13665
14098
14199
14692
14828
15575
15808
16263
16642
17053
17094
17519
17671
17766
18109
18307
18427
18646
18675
18576
18829
18716
18970
18782
18886
19355
19196
19247
19185
19507
19014
19455
19565
19411
19311
19334
19583
19283
19587
19722
19688
19556
19458
19475
19533
19568
19508
19868
19567
19493
19636
19753
19934
19666
19904
19691
19634
19591
19989
19512
19699
19837
19769
19546
19878
19853
19756
19935
19601
19694
19514
19681
19674
19585
19762
19670
19681
19755
19807
19528
19617
19707
19859
19822
19688
19880
19860
19753
19706
19882
19844
19702
19795
19871
19837
19796
19758
19693
19780
19755
19931
20020
19960
19885
19652
19906
20080
19562
19893
19862
19978
19966
19808
19888
19716
19833
19898
19815
19969
19899
19879
19865
19931
20078
19965
20047
19924
20038
19968
19743
19985
19906
19745
19835
19864
19945
20091
19896
19974
20018
19787
19881
19896
20005
19763
20087
20017
19918
19862
19697
19840
19693
19877
20091
20013
19909
19900
19971
20008
19865
20003
20167
19812
19818
19970
19743
19955
19826
20044
19995
19880
19894
19938
20160
19892
20116
19813
19736
20116
19907
19742
19909
19677
19990
20164
19897
20068
19948
20089
20094
19929
19868
19873
20136
19828
20459
19975
19835
20245
19894
19849
19937
20043
20395
19916
19949
19735
19700
19916
19906
19998
19974
19978
19957
20014
19960
19744
19854
20252
19983
20099
19899
20048
20087
20153
20038
20017
20127
19913
19977
19966
19803
20057
20006
19892
19719
19858
