20198
20250
20176
20161
20207
19883
20035
20018
19953
20115
20107
19849
19863
20156
19770
19901
19947
19812
19933
20010
20316
20265
19937
20063
19955
20087
20004
19957
19985
19920
20248
19987
19895
19997
20320
20051
19923
20393
20113
19860
20011
19980
19889
19858
20235
19974
19700
20095
20129
20038
20244
20055
20261
20154
19916
20285
19927
20217
20001
20081
19836
19923
19926
19983
20194
19964
19769
20020
20410
19899
19994
19955
20078
20092
19942
19809
19774
19954
19774
20041
20013
20015
20029
20200
20129
20043
19991
19965
19765
20031
20211
19868
20035
20163
20076
20027
19811
20131
19795
19957
20014
20071
20040
19631
20101
19923
20044
19885
20056
19789
19924
20070
20028
20035
19763
19911
20160
20162
19831
19741
20114
19949
19930
20348
19856
19923
19964
19821
19914
19905
19912
19848
19940
19982
20073
19847
19856
19956
19968
19828
20146
19993
19973
19956
20096
20012
19926
19908
19928
19947
20009
19701
19911
19920
19791
20190
19976
19800
19672
19938
19969
19943
19828
20024
19917
19913
19785
20028
20068
19691
19920
19675
19997
20003
19977
20132
19885
19961
19870
19865
19876
19770
19924
19936
19681
20004
19776
19898
19790
19823
19848
19810
19795
19896
19530
19520
19297
19537
19387
19516
19624
19558
19613
19503
19628
19377
19497
19570
19124
19278
19277
19487
19246
18949
19111
19131
18871
19055
18839
18690
18617
18570
18104
18157
17808
17391
17411
16932
16696
16318
15700
15638
15288
14781
14003
14150
13858
13682
13423
13587
13598
13616
13514
13531
13797
14021
14096
14254
14428
14437
14241
13911
13780
13356
13420
13228
13347
13581
13465
13714
13773
14215
14584
14731
15276
15777
16034
16447
16859
17182
17508
17811
17939
18285
18599
18651
18615
18797
19025
18939
18941
19211
19002
18900
19152
19252
19147
19180
19491
19435
19524
19436
19293
19502
19551
19691
19625
19718
19473
19658
19908
19448
19753
19607
19730
19872
19955
19787
19700
19852
19926
19827
19835
19800
20020
20035
19730
19739
19896
19776
19689
19937
19915
19873
19593
19825
19953
19815
19834
19867
20073
20024
19970
19837
19994
19881
19828
19786
19999
20067
19979
19982
20023
19911
19815
19960
20156
19702
20093
20200
20152
20018
19832
20003
19992
20108
19712
19992
19981
20157
19948
19869
19811
19990
20101
19850
19888
19806
20029
19874
20001
20039
20299
20022
20174
19859
19858
19957
20075
19894
20073
19976
20086
20035
19991
19958
20163
19809
20122
20225
20116
20041
20161
19821
20119
19828
19782
20157
19965
19941
20133
19993
20019
19923
19963
20031
20147
19938
20028
20008
19953
19981
19844
19923
20094
19921
19792
20075
20290
19869
19805
20150
20293
19979
20109
19973
19902
20115
20034
19847
20111
19898
19899
19773
20136
19856
20089
20136
19976
20104
19826
20155
19996
19984
19769
19822
20092
19641
20165
20279
19796
19836
20136
20007
19853
20027
20111
20083
20272
20006
19650
20038
19844
19962
19820
19930
20067
20307
20050
19806
20176
19957
20249
20198
20005
20010
19890
20101
20026
19986
19885
20200
20161
20199
19977
20006
19946
20049
20031
19977
19783
20102
19914
19872
19750
19973
19808
20152
19940
20186
20125
19775
20339
19882
20070
20193
19847
19893
19909
20312
20122
20060
20048
19997
19920
20015
19940
19959
19856
20111
20085
20276
20115
19892
20056
20001
20230
19958
19822
19733
20227
19984
19897
19946
19880
20114
20179
19751
20168
19909
19870
19962
19811
20078
20211
19907
19886
19985
20042
19995
20131
19989
20097
20127
19828
19894
19900
19934
19881
20121
20253
19983
19882
20075
20130
19968
19833
19866
19973
20096
19870
20103
19683
19919
20029
19952
20051
20010
19798
20142
19898
20054
19894
20202
20038
19922
19756
20247
20011
20049
19994
20133
19951
20065
20223
19986
20048
19914
20004
19996
19883
20030
19872
19852
20076
19932
19767
19900
20047
19798
19828
19990
20000
19938
19992
19914
19733
19997
19958
20100
19887
20000
19820
20002
20032
20131
19646
20052
20025
20070
20059
19983
19775
19706
19949
19959
20203
19822
19938
19701
20284
19919
19891
19859
19722
19875
19856
19892
20052
19865
20113
19936
19633
19934
20011
19865
19823
19836
19788
19942
20057
19921
19819
19543
20085
19984
19847
19811
20093
20076
19754
20199
20127
20201
19766
19820
19944
19897
19744
19975
20032
19768
19824
19997
19843
19943
19716
19941
19818
19819
19926
19975
19988
20056
19979
19697
19806
19949
19798
19565
19801
19797
19914
19551
19787
19803
19919
19721
19914
19540
19566
19939
19737
19669
20033
19636
19770
19570
19431
19680
19624
19250
19665
19528
19400
19677
19357
19229
19048
19735
19180
19297
19339
19316
19465
19218
18936
19142
19188
19108
19093
18989
18932
18736
18606
18744
18317
18347
18041
18037
17803
17505
17308
16979
16553
15974
15841
15262
15091
14693
14330
14185
13554
13590
13297
13344
13467
13298
13267
13424
13750
13767
14366
14289
14396
14414
14042
14000
13687
13317
13377
13210
13205
13724
13722
13658
13736
13947
14361
14569
15056
15576
15857
16264
16842
16994
17612
17490
17995
18097
18447
18538
18693
18263
18732
18922
18776
19005
19303
19084
19185
19026
19239
19342
19463
19183
19576
19421
19435
19373
19532
19539
19464
19484
19328
19290
19501
19659
19670
19783
19510
19706
19777
19706
19589
19727
19434
19480
19603
19799
19891
19628
19699
19678
19777
19597
19879
19928
20028
19833
19580
19774
20046
19923
20018
19846
19704
19749
19968
19528
19652
19893
19753
20017
19727
19573
19775
19983
19807
19893
19993
19853
19651
20014
19888
20002
19863
19778
19887
19710
19808
19884
19736
19824
19713
19943
20018
19995
20068
19841
19897
19922
20030
19730
20177
19771
19824
20031
19853
19943
20184
20116
20077
19856
19805
19933
19986
19797
19857
20150
20269
20016
20288
19668
19947
19931
19980
20119
20166
20025
19770
19851
20139
20139
19725
19885
19953
19804
19825
19735
20163
19917
19858
19907
19908
19676
20079
20012
19843
19846
20060
20070
20281
19937
20008
19912
19728
19910
20071
19941
19932
20312
19899
20183
19974
19946
20073
19899
20022
19684
20068
20085
19775
19934
19996
19920
19935
20179
19948
20021
19891
19923
20041
20024
19958
19883
19924
20109
19910
19908
19923
20239
19952
19706
20259
19936
20001
20019
19982
19944
20141
20016
19906
20114
20093
19911
19937
20119
19821
20033
19838
20218
20043
20053
19869
19845
19924
20072
20004
20147
20031
20201
19867
20099
20302
20006
19931
19949
20108
19954
20183
20008
20296
