21415
21608
21180
21309
21564
21457
21542
21397
21422
21426
21353
21542
21383
21743
21547
21466
21340
21419
21392
21207
21451
21345
21297
21684
21436
21506
21540
21577
21407
21341
21359
21371
21496
21382
21350
21450
21097
21152
21710
21562
21243
21452
21587
21516
21316
21543
21298
21228
21370
21011
21257
20784
21162
21133
21178
21097
20933
21135
21036
20945
20650
20619
20246
20099
19732
19541
18800
18475
18249
17754
17518
17666
17315
17062
17056
16797
16798
16391
16138
16162
16190
15995
16113
16250
16097
16373
16484
16503
16355
16570
16445
16686
17175
17178
16971
17327
17419
17643
17983
17949
17847
18306
18734
18553
18865
18885
19119
19300
19416
19384
19531
19849
19691
19889
19841
19847
20198
20233
20441
20444
20544
20302
20658
20579
20656
20570
20349
20703
20778
20727
20622
20529
20629
20415
20388
20268
20068
19915
19657
19571
18906
18889
18186
17593
17692
17146
16903
16699
16313
16444
16261
16319
16507
16187
16587
16554
16794
16834
17204
17189
17583
17833
17852
17938
18473
18489
18691
18888
19225
19431
19394
19711
19616
19815
20029
20270
20239
20475
20394
20691
20561
20759
20666
20927
20760
20761
20857
21008
21000
21135
20998
20932
20955
21120
21088
21009
20937
20948
20891
21302
21024
20562
20699
20931
20805
20449
20797
20510
20404
20229
19887
19330
19283
19056
18861
18295
17993
17732
17411
17527
17179
17583
17331
17625
17682
18283
18229
18427
18682
19170
19306
19828
19975
20129
20132
20663
20317
20523
20786
20982
20902
20849
21179
21021
20928
21127
21391
21045
21051
20979
21171
20997
21183
20774
21144
21006
20935
20674
20682
20640
20402
20122
19880
19589
19676
18983
18847
18622
18243
17810
17506
17432
17040
16965
17114
17306
17633
17889
17920
18687
18620
18984
19489
19862
19874
20150
20530
20520
20700
20928
20557
20855
20750
20986
21244
21066
20863
21212
21030
21016
20808
21011
20965
21214
21103
21147
21392
21360
20926
21004
20991
20930
21002
20962
20824
21109
20701
20914
20518
20327
20287
20320
20137
19774
19776
19270
19083
18916
18722
18596
18273
18035
18067
17940
17378
16925
16921
16830
16579
16583
16379
16314
16387
16155
16302
16379
16773
16793
17134
17581
17722
18129
18546
18628
19282
19513
19709
20200
20356
20474
20233
20568
20838
20777
20911
20644
20549
20605
20629
20613
20721
20735
20692
20545
20490
20512
20600
20431
20194
20183
20312
20280
19913
20113
20054
19921
19682
19753
19243
19279
18972
19005
18812
18752
18464
18232
18031
17772
17785
17703
17277
17126
17159
16428
16803
16641
16293
16148
16010
16036
16039
15889
16084
16171
15979
16158
15967
16369
16646
16370
16711
17016
17309
17521
17804
18485
18764
19071
19331
19655
19918
20121
20369
20462
20460
20667
20808
20911
20753
20914
21096
21041
20896
21295
21414
21315
21226
21397
21251
21404
21506
21135
21374
21367
21427
21253
21346
21657
21184
21355
21233
21487
21528
21603
21351
21192
21226
21321
21369
21410
21439
21408
21567
21403
21307
21446
21536
21619
21245
21487
21403
21191
21333
21657
21498
21580
21788
21517
21677
21538
21488
21387
21512
21444
21596
21445
21536
21433
21551
21469
21388
21512
21347
21313
21624
21518
21696
21350
21395
21659
21460
21663
21305
21637
21566
21455
21301
21506
21572
21435
21642
21386
21390
21414
21135
21782
21663
21531
21601
21398
21457
21463
21565
21474
21660
21561
21513
21598
21364
21377
21467
21696
21542
21345
21374
21625
21447
21530
21569
21572
21292
21276
21296
21353
21528
21308
21403
21328
21242
21418
21522
21147
21556
21352
21591
21422
21172
21190
21586
21289
21258
21302
21309
21368
21076
21145
21021
21247
21190
21434
20736
21308
21189
20827
20875
20652
20662
20963
20735
20557
20241
19943
19942
19706
19033
18659
18347
18040
17471
17341
16945
16665
16407
16350
16270
16047
16313
15831
16096
15958
16021
15790
16029
16371
16268
16352
16391
16496
16276
16746
17203
17104
17428
17357
17753
17935
18267
18186
18558
18366
18922
18943
19147
19293
19449
19616
19635
19873
20070
19808
19893
20076
19975
20326
20475
20415
20300
20497
20476
20464
20477
20775
20556
20505
20682
20548
20442
20556
20355
20168
20401
20331
20215
20281
20013
19664
19390
19417
19215
18386
18227
17902
17542
17077
16977
16565
16649
16550
16421
16310
16302
16496
16565
16554
16811
16678
17095
17133
17376
17535
18011
18107
18618
18707
19227
19148
19405
19655
19587
20078
20456
20132
20273
20619
20676
20459
20304
20828
20688
20653
21056
20968
20947
20746
20841
20756
20741
21179
20884
20817
20975
21239
21021
20949
21058
21092
20878
20801
20962
20604
20788
20479
20623
20326
20591
20275
19998
20103
19646
19386
19379
18799
18831
18157
17709
17543
17492
17158
17230
17278
17279
17284
17599
18105
18205
18665
18973
19359
19163
19528
20053
20076
20496
20363
20749
20848
20603
20891
20875
21148
20951
20963
20883
20981
21099
21330
21073
20843
20913
20944
20904
21054
20746
20702
21005
20633
20323
20000
20351
19988
19568
19456
19163
18884
18703
18351
18115
17996
17476
17111
17347
17424
17279
17405
17505
17818
18290
18316
18884
19223
19572
19883
20102
20411
20252
20597
20769
20906
20439
20964
20970
21044
20865
20596
20916
20791
20793
21058
20626
20917
20908
21232
21115
20847
21157
21140
20878
20818
20828
20697
20570
20497
20352
20305
20594
20166
20270
20100
19934
20017
19672
19556
19601
18977
18639
18497
18350
18230
18149
17691
17531
17620
17350
16899
16928
16539
16545
16709
16577
16412
16263
16520
16523
16486
16462
16778
17009
17471
17509
18214
18485
18731
19245
19322
19688
20050
20235
20285
20159
20780
20667
20561
20457
20552
20403
20816
20554
20398
20737
20453
20460
20505
20526
20168
20175
20186
20175
20080
19965
19925
19796
19441
19510
19320
19403
19248
19162
18694
18650
18496
18341
18226
17854
17542
17766
17685
17538
17189
16803
16856
16831
16562
16603
16630
16401
16350
16207
16052
15939
15749
15865
15907
16044
15946
16415
16189
16320
16708
16908
16874
17191
17648
18104
18208
18573
18964
19280
19314
20056
20170
20593
20530
20199
20771
20884
20952
21158
20963
21097
21050
21264
21124
21035
21043
21234
21102
21349
21303
21267
21226
21375
21171
21500
21305
21361
21330
21398
21395
21554
21265
21253
21422
21544
21592
21660
21520
21374
21319
21383
21397
21479
21554
21561
21431
21487
21495
21327
21566
21337
21518
21309
21530
21229
21651
21495
21492
21738
21490
21351
21209
21388
21400
21390
