22003
21930
22039
22241
21804
22095
22124
21755
22071
21912
22084
21944
22025
22021
21849
21892
21896
22302
21998
22004
21815
21860
22096
22032
22012
21850
22173
21923
22149
21898
21975
21903
22066
22062
22081
22206
22142
21938
21954
21813
21891
21893
21926
21859
21883
21995
21871
22190
21720
21851
21869
21685
21832
21773
22006
21662
21853
21832
21803
21506
21662
21443
21628
21348
21458
20951
20883
20785
20429
19938
20075
19493
19486
19294
18929
18724
18611
18239
17865
17792
17447
17346
17142
17072
16688
16732
16953
16754
17031
16969
16909
17011
16967
17117
17178
17341
17306
17504
17446
17471
17943
17890
18044
17968
18079
18330
18697
18933
18827
18775
19118
18972
19206
19241
19361
19739
19583
19948
19879
19964
20180
20116
20255
20333
20390
20438
20331
20699
20716
20669
20555
20556
20587
20406
20581
20664
20570
20386
20297
20275
20061
19647
19445
19378
19103
18640
18331
17803
17819
17314
17398
17283
16869
17106
17140
17271
17255
17304
17301
17176
17268
17624
17904
17791
17990
18434
18407
18516
18684
18644
19089
18988
19407
19733
19593
19926
20164
19971
20116
20264
20492
20437
20924
20777
20849
21084
20900
20955
21055
21164
21129
21217
21072
21209
21090
21565
21370
21123
21344
21217
21088
21359
21226
21319
20998
20900
20963
20974
20769
20650
20557
20083
19975
20047
19266
19026
18987
18627
18180
18160
18131
18031
18027
18058
18199
18370
18525
18727
18699
19094
19225
19708
19949
20108
20548
20621
21020
20762
21167
21199
21345
21614
21177
21387
21354
21611
21340
21504
21395
21608
21665
21097
21223
21193
21288
21154
21164
21122
20685
20748
20478
20126
19921
19609
19529
19215
18972
18867
18349
18132
18142
17981
17951
17968
18310
17883
18307
18565
19050
19167
19633
19963
20008
20398
20393
20598
20804
20670
20999
20980
21029
20874
21133
21241
21070
21074
21135
21422
21070
21161
20964
21038
21224
20882
21229
21182
21231
20852
20975
20850
20857
21032
20863
20550
20499
20362
20298
19974
20294
19888
19627
19877
19360
19277
19014
18781
18671
18634
18064
18076
17882
18113
17572
17468
17406
17192
17096
16953
16829
16772
17055
16917
17158
17227
17437
17514
17695
18383
18571
18501
18871
19522
19813
19908
20332
20294
20331
20540
20445
20692
20571
20474
20715
20605
20609
20756
20453
20642
20386
20485
20112
20394
20316
20102
20406
20167
20133
20270
19957
19637
20093
19464
19663
19317
19158
19230
19077
18598
18647
18549
18418
18422
18163
17911
17971
17580
17484
17551
17326
17086
17004
16889
17009
16732
16739
16978
16885
16490
16777
16736
16656
16778
17221
16959
17395
17397
17614
17983
18047
18473
19100
19125
19743
20113
20124
20273
20648
20913
20927
21164
21261
21104
21457
21658
21495
21742
21556
21720
21843
22026
21544
21781
21982
21911
21949
21721
21913
21754
21815
22041
21985
22044
21956
21770
21948
21879
21999
21905
22079
21972
22151
21924
22178
21920
22056
22060
22275
22362
21721
22307
21591
21894
22085
22098
21943
22005
22209
22243
21890
22023
22244
21876
22282
22036
22257
21942
21914
22155
21979
21919
22208
21996
22204
22337
22421
22109
22033
22089
22400
21939
22097
22125
22206
22015
22138
21999
21810
22240
21900
22001
22057
22149
22190
22212
22210
22337
21981
22150
22031
21936
22122
22226
21978
22245
21942
22252
22046
21938
21805
21806
22141
22269
22162
22090
22199
22119
22039
21786
22122
21863
22072
21830
22132
22140
22090
21952
22025
22196
22398
22166
21958
21992
22094
22008
22065
22023
21674
21904
21910
21840
22043
21939
22070
21763
22161
22047
21812
21996
22081
22089
21795
21894
21930
21795
21918
22046
22183
21931
21821
21938
21658
22001
21676
21900
21778
21650
21591
21434
21497
21518
21828
21368
21165
21010
20962
20867
20286
20125
19767
19583
19165
18954
18773
18342
18254
17947
17733
17585
17271
17138
17110
16842
16770
16859
16714
16814
16722
16760
16772
17038
16923
17141
17216
17293
17249
17121
17683
17587
17610
18102
17809
18303
18393
18623
18676
18808
19118
19366
19070
19256
19350
19636
19773
19817
19922
19989
19848
20301
20148
20183
20475
20132
20645
20411
20418
20556
20586
20608
20488
20546
20597
20630
20418
20450
20356
20262
20307
20059
19961
19685
19312
19229
18898
18259
18197
17982
17615
17407
17166
17108
17145
16732
16761
17098
16987
17195
17198
17443
17131
17477
17541
17657
17838
18376
18637
18642
18594
19067
19098
18981
19798
19643
19930
20019
20151
20343
20419
20427
20740
20695
20790
20957
20632
20912
20824
21125
20905
21141
21063
21180
21072
21188
21045
21193
21109
21302
21080
21343
21113
21025
21168
20802
21350
20821
21052
20490
20748
20544
20487
20347
19628
19428
19496
19125
18487
18233
18331
18079
17885
17623
17937
17654
18062
18138
18265
18649
19060
19165
19519
19728
20158
20461
20247
20636
20790
20971
21089
21170
21155
21137
21398
21365
21027
21344
21213
21500
21137
21106
21399
21206
21140
21358
20921
21201
20892
20760
20625
20397
20059
20388
19534
19399
19267
19024
18653
18414
18368
18265
18184
17885
17779
17866
17767
18043
18268
18678
18725
19241
19328
20149
20031
20422
20525
20879
20695
20982
21150
20991
21024
21220
21281
21232
20903
21177
21221
21286
20989
21194
21198
20957
21154
21107
21248
20862
21032
20814
20862
20771
20459
20745
20519
20527
20136
20071
20055
20049
19904
19583
19412
19315
19269
19113
18908
18515
18515
18218
18303
18142
18048
17604
17616
17491
17653
17491
17180
17144
17027
16921
17075
17193
17199
17290
17548
17769
18037
18286
18355
18793
18858
19147
19566
19529
19944
19887
20405
20335
20611
20437
20560
20472
20661
20468
20629
20500
20459
20349
20398
20321
20326
19948
19997
20038
19858
19720
19482
19565
19656
19239
19371
19261
19369
18976
18844
18811
18690
18437
18270
18394
18208
17873
17910
17894
17652
17716
17292
17449
17311
17014
17136
17234
16950
16924
16806
16951
16773
16663
16825
16874
16887
17030
16990
17173
17500
17688
17863
17991
18196
18761
19006
19272
19480
19502
20262
20540
20737
20674
21011
21097
21042
21239
21649
21597
21331
21814
21506
21697
21832
21602
21817
21722
21400
21952
21810
21950
21789
22020
21952
21909
22160
21930
21759
22139
21867
21994
22217
22013
22179
21830
21813
22142
21870
21995
22044
21769
21857
22158
22069
22007
22016
21878
22258
21834
22112
22209
22005
22259
21955
21880
22000
21800
22002
22178
21927
21772
22261
21959
22002
22248
22051
22147
21999
22079
22195
