22271
22289
22403
22219
22174
22378
22491
22427
22123
22293
22441
22467
22525
22264
22576
22375
22275
22602
22553
22387
22260
21905
22474
22458
22229
22209
22247
22424
22230
22080
22383
22268
22617
22182
22259
22237
22172
22453
22218
22416
21986
22006
22171
22346
22281
22181
22312
22203
22274
22043
22338
22105
22015
22085
22260
22189
22149
22332
22042
22135
22054
22010
21916
22111
21979
21798
21988
21459
21740
21424
21266
21232
21259
21441
20873
20814
20783
20409
20111
20234
19800
19458
19212
18801
18566
18719
18427
18229
18281
18237
18046
17870
17683
17746
17962
17786
17593
17572
17676
17663
17772
17808
18060
17952
18015
17784
18058
18157
18258
18248
18509
18562
18660
18644
18419
18678
18822
18697
18700
18981
18945
19204
19234
19073
19142
19469
19530
19696
19486
19553
19790
19504
19702
20059
19735
19919
19933
20096
19746
19937
19802
19951
19474
19731
19691
19331
19264
19257
18816
18741
18589
18309
18159
17884
18166
18260
17741
17799
17583
17663
17494
17651
17746
17707
18119
17830
17999
18331
18107
18226
18370
18365
18543
18466
18840
18964
19298
19138
19266
19288
19465
19766
19746
19493
19806
19770
19728
19989
20128
20182
20423
20567
20399
20491
20497
20845
20474
20626
20682
20720
20808
20794
20489
20715
20582
21107
20753
20847
20564
20448
20424
20395
20022
19889
19856
19584
19378
18979
18776
18726
18441
18361
18356
18597
18501
18274
18561
18434
18739
19067
19172
19261
19715
19944
19977
20218
20368
20374
20571
20994
21328
21235
20993
20971
21210
21141
21083
20884
21354
21212
20918
21170
20967
20946
20928
20497
20298
20622
20287
20147
20191
19904
19678
19304
18998
18847
18703
18714
18336
18431
18295
18176
18221
18467
18698
18840
19028
19185
19657
19585
19829
20046
20071
20299
20487
20420
20594
20778
20620
20737
20723
20887
20695
20776
20918
20808
20913
20871
20594
20892
20388
20498
20273
20389
20191
20181
20417
20229
19927
19867
19826
20076
19624
19659
19424
19347
19255
19050
19096
18744
18745
18589
18476
18133
18110
18183
18180
18096
18218
17745
17820
17361
17545
17439
17510
17703
17572
17760
17588
17886
18028
17979
18310
18783
18892
18991
19178
19276
19326
19327
19700
19693
19549
19780
19902
20108
20227
20055
19940
20253
19987
19917
20101
20003
19607
19762
19798
19356
19634
19310
19448
19364
19408
19164
19120
18837
18954
19047
18685
18765
18549
18482
18385
18732
18527
18033
18100
18156
17936
18113
17961
18009
17928
17796
17786
17641
17602
17603
17586
17639
17754
17709
17846
17962
17884
17936
17881
18075
18380
18494
18614
18965
19188
19404
19745
19931
20038
20493
20426
20688
21023
20979
21278
21379
21597
21662
21643
21837
21724
21931
21974
21864
22122
21866
21884
22184
22177
22132
22051
22081
22219
22085
22245
22549
21976
22222
22102
22134
21865
22437
22281
22129
22280
22234
22472
22182
22030
22275
22292
22245
22490
22155
22460
22418
22267
22240
22039
22051
22278
22254
22095
22290
22400
22168
22432
22637
22071
22211
22765
22377
22406
22404
22155
22624
22711
22342
22488
22394
22349
22699
22411
22237
22148
22358
22534
22319
22404
22392
22231
22467
22454
22543
22344
22462
22372
22418
22193
22361
22204
22477
22202
22554
22230
22193
22357
22186
22632
22261
22540
22190
22464
22496
22413
22398
22297
22392
22440
22506
22237
22575
22082
22534
22309
22245
22619
22240
22288
22573
22386
22250
22542
22557
22329
22357
22269
22467
22494
22156
22228
22399
22211
22378
22184
22239
22343
22426
22561
22394
22239
22430
22294
22207
22031
22060
22167
22257
22234
22201
22196
21844
22221
22282
22122
22185
22002
22248
22165
22082
22239
22244
22168
22298
22155
21945
22087
22003
21852
21924
22018
22018
21812
21776
21971
21702
21914
21607
21666
21397
21252
21202
21154
21301
20782
20691
20555
20294
20145
19964
19888
19509
19219
18747
18708
18284
18186
18041
17935
17817
17678
17574
17667
17595
17835
17590
17859
17692
17573
17720
17613
17807
17729
18015
18169
17902
18231
18328
18102
18274
18341
18357
18805
18481
18543
18919
18765
19006
19399
19037
18961
19403
19133
19168
19388
19548
19277
19338
19595
19886
19830
19807
19782
19556
19912
20190
20001
19853
20326
20056
19850
19794
19833
19697
19561
19482
19430
19220
18890
18850
18705
18306
18080
17984
18056
17710
17841
17398
17478
17358
17646
17523
17432
17356
17547
17765
17942
18146
17928
18107
17953
18297
18624
18730
18834
18776
18893
18865
19088
19401
19421
19694
19598
19651
19975
19800
19899
20254
20355
20182
20431
20349
20261
20735
20448
20690
20575
20628
20653
20463
20827
20875
20815
20797
20646
20741
20572
20472
20408
20292
20484
20194
19968
19923
19740
19382
19323
19168
18779
18582
18484
18461
18369
18191
18349
18618
18200
18671
18812
18952
19416
19616
19745
19872
19837
20169
20212
20530
20595
20897
20910
20558
20955
21005
21125
21196
21311
21353
21324
21121
20953
20988
21009
20976
20665
20614
20495
20141
20052
19833
19575
19551
19412
19146
19161
18885
18568
18466
18452
18410
18309
18312
18516
18533
18577
18941
18695
19179
19309
19554
19669
20107
20168
20196
20530
20500
20427
20548
20327
20708
20723
20739
20625
20428
20943
20476
20792
20555
20368
20303
20411
20276
20274
20388
20121
20153
20022
20123
19788
19689
19958
19523
19355
19424
19357
19220
18877
18870
18805
18656
18615
18397
18413
18306
18300
18205
17983
17758
18033
17956
17868
17985
17572
17441
17543
17408
17691
17854
17669
17853
18104
18233
18153
18374
18719
18723
18984
19267
19252
19472
19408
19668
19630
19763
19864
19766
19937
19814
19713
19651
19761
19697
19796
19703
19546
19723
19391
19445
19416
19164
19185
19040
18836
19276
18991
19060
18685
18660
18670
18658
18550
18312
18588
18267
18150
18558
18137
18101
18002
17866
17949
17904
17889
17658
17788
17702
17636
17994
17887
17457
17872
17641
18245
18089
17930
18082
18188
18289
18483
18676
18598
18942
19245
19485
19686
19981
20227
20258
20545
20711
20693
21072
21301
21307
21335
21683
21670
21773
21788
21661
21837
21866
21893
22116
22076
22002
21856
22057
22058
22083
22113
21975
22177
22145
22275
22266
22278
21931
22277
22276
22244
22172
22229
22117
22500
22225
22075
22603
22203
22329
22570
22011
22239
22085
22407
22128
22335
22320
22297
22273
22411
22277
22365
22280
22326
22296
22225
22337
22309
22208
22144
22347
22070
22364
22330
22468
22531
22566
22400
22216
22234
22117
22435
22387
22139
