22866
22807
23084
22771
22805
23010
22600
23157
22844
23020
22870
22623
22773
22787
22867
22688
22998
22980
22829
22996
22617
22929
22940
22981
22735
22823
22721
22823
22531
22907
23131
22832
22646
22751
22569
22914
22659
22940
22707
22641
22903
22648
22868
22821
22964
22641
22671
22893
22776
23130
23255
22717
22623
22921
22837
22970
22869
22918
22556
22908
22595
22634
22611
22705
22615
22620
22613
22871
22697
22849
22975
22758
22681
22665
22378
22757
22616
22813
22729
22563
22607
22538
22696
22485
22778
22526
22613
22684
22643
22774
22710
22486
22772
22811
22611
22797
22466
22783
22584
22544
22741
22392
22596
22420
22494
22447
22445
22481
22389
22470
22542
22349
22632
22394
22450
22549
22509
22269
22482
22434
22476
22315
22125
22380
22429
22100
22203
22054
22395
21997
22235
22005
22328
22062
22055
21938
22219
21732
21756
21971
21813
22019
21880
22012
21796
21998
21464
21723
21915
22017
21973
21693
21601
21586
21574
21587
21606
21495
21646
21771
21451
21790
21595
21409
21595
21342
21214
21240
21219
21011
21399
21191
20880
20975
21219
20944
20913
20973
20909
20768
20830
20892
20998
20630
20573
20752
20584
20204
20489
20266
20272
20157
20261
20220
20163
19913
19940
19701
19624
19894
19634
19639
19573
19381
19245
19430
19376
19299
19179
18747
18933
18731
18893
18750
18717
18376
18122
18178
17984
18167
18034
17802
17598
17595
17401
17120
17097
16958
16874
16588
16546
16438
15910
16106
16092
15936
15506
15457
15729
15689
15818
15626
15619
15731
15645
15504
15862
15788
15792
15661
15627
15751
15636
15684
15634
15624
15633
15804
15917
15717
16069
16003
16324
16465
16452
16766
16707
16847
17307
17217
17549
17435
17623
17914
18112
18036
17811
18396
18009
18291
18520
18568
18635
18806
18932
18905
18926
19197
19101
19240
19319
19367
19763
19599
19523
19969
19981
19707
19793
19794
20165
20020
20264
20046
20046
20403
20164
20528
20510
20591
20494
20846
20663
20692
20781
20764
20820
20816
21229
21034
21100
20937
21361
21165
21112
21379
21058
21356
21379
21173
21334
21459
21535
21374
21330
21704
21819
21594
21835
21786
21806
21507
21561
21666
21874
21578
21689
21837
22056
21812
21956
22004
22161
21769
22118
22077
22009
22057
22200
22046
22052
22048
22345
21959
21866
22413
22158
22427
22367
22416
22066
22532
22574
22144
22180
22503
22447
22348
22185
22103
22359
22396
22453
22262
22868
22426
22441
22797
22165
22650
22703
22704
22486
22755
22582
22498
22450
22770
22664
22642
22455
22658
22611
22658
22855
22375
22685
22762
22697
22641
22779
22520
22783
22536
22571
22627
22745
22786
22956
22464
22814
22824
22854
22622
22645
22909
22827
22491
22730
22777
22797
22765
23106
22590
22683
22649
22868
22979
22793
22941
22902
22938
22777
22844
22673
22748
22967
22838
22875
22972
22758
22816
22716
22798
22876
22983
22887
22942
22690
22930
22809
22730
22792
22866
22588
22494
22860
22826
22712
22840
22922
22828
22950
23013
22753
22884
22913
22809
22441
23086
22843
22625
23163
22812
22921
22982
22838
22611
22982
22946
22835
22738
22939
23069
22713
22761
22907
22707
23004
22835
22912
22890
22885
22980
22836
22788
22857
22859
22747
22685
22633
22839
22943
22692
22661
22700
22874
22874
22732
22787
22897
22605
22812
23014
22799
23037
22831
22803
22696
22946
22804
22713
22911
22645
22976
22664
22935
22795
22853
22676
22762
22874
22989
22790
22703
22557
22678
22939
22752
22710
22829
22868
22789
22972
22910
22780
22806
22431
22961
22849
22749
22983
22839
22625
22576
22675
23021
22954
22709
22587
23028
22668
22880
22625
22652
22660
22707
22640
22807
22901
22801
23110
22597
22942
23020
22808
22831
22800
22676
22640
22823
22799
22791
22564
22620
22662
22484
22786
22790
22711
22850
22587
22516
22823
22592
22558
22621
22695
22655
22612
22692
22676
22528
22696
22565
22686
22560
22292
22799
22487
22644
22609
22468
22425
22626
22838
22592
22589
22598
22289
22738
22245
22589
22511
22394
22296
22333
22186
22133
22480
22405
22585
22226
22521
22313
22438
22452
22234
22319
22218
22376
22212
22312
22275
22133
22150
22005
22303
21948
22068
22214
22137
22119
21933
21981
21937
21690
21975
21765
21649
21915
22001
21833
21726
21699
21816
21656
21984
21920
21626
21723
21607
21626
21740
21515
21223
21769
21486
21458
21147
21412
21539
21230
21509
21048
21179
20923
21384
21166
20921
21018
20732
20931
20831
20915
20912
20874
20708
20697
20657
20580
20614
20492
20374
20608
20417
20274
20195
20102
20298
19833
19940
20047
19976
19699
19532
19678
19607
19560
19578
19260
19365
19182
19178
19159
18859
18974
18799
18839
18575
18664
18230
18432
18081
18177
18037
17957
18001
17728
17435
17591
17301
17296
17056
16784
16720
16529
16518
16403
16031
16204
15843
15809
15798
15782
15749
15444
15441
15577
15561
15730
15708
15371
15778
15656
15821
15864
15660
15819
15511
15752
15458
15523
15622
15825
15611
15993
15949
16067
16129
16101
16331
16455
16808
16936
17039
17171
17366
17377
17293
17572
17841
18050
17909
18225
18366
18092
18174
18353
18427
18676
18808
19034
18872
19088
19065
19211
19144
19381
19613
19528
19526
19465
19588
19887
20022
19928
19976
19994
20127
20158
20328
20304
20225
20339
20623
20517
20489
20287
20655
20806
20619
20621
20563
20975
20692
20630
20739
20955
20995
21054
21005
21203
21249
21070
21221
21237
21365
21210
21273
21356
21492
21454
21424
21686
21561
21594
21687
21642
21447
21631
21925
21759
21986
21893
21707
21888
21523
21726
21974
21574
21901
21952
21975
22019
22133
21885
22075
22114
22021
21876
22413
22108
22059
22040
22017
22150
22279
22239
21919
22131
22228
22350
22478
22384
22405
22351
22410
22361
22382
22505
22532
22438
22281
22339
22189
22509
22373
22433
22713
22601
22598
22342
22588
22889
22499
22561
22467
22328
22661
22376
22613
22615
22833
22646
22534
22447
22852
22771
22834
22633
22624
22558
22554
22458
22722
22569
22778
23131
22788
22611
22698
22763
23090
22738
22770
22817
22668
22917
22902
22546
22659
22529
22969
22529
22825
22705
22676
23041
22711
22833
22724
22737
22921
22665
22793
22667
22794
22517
22830
22602
22800
22840
22573
22870
22764
22572
22836
22935
22843
22720
22985
22792
22815
22887
22553
22965
22781
23020
22966
22777
22836
22707
22953
22739
22691
23001
22673
23034
22661
23227
23010
22564
22919
22709
22900
23097
22788
22953
22757
22888
22587
22738
