22952
22838
23152
22871
22950
23062
22890
23256
22983
23080
23072
23159
23008
23030
23222
23035
22999
23082
22832
23026
23117
23237
23269
23235
22801
22797
22983
23161
23419
23068
22987
22761
23308
23042
23050
22995
23303
22990
22857
22844
23044
23083
22958
22947
22898
22786
23062
22990
23043
23224
23155
23072
23251
22843
22774
22691
22984
23038
23013
23150
23097
22793
23201
23028
22992
22984
23159
22957
22924
22982
23007
23098
23085
22824
23102
23020
23070
22839
23115
23078
22837
22832
23103
22834
23068
23166
22984
23123
22803
22826
23208
23328
22941
23155
22932
22807
23100
23006
22835
23480
22907
22634
22713
23100
22951
22995
23119
22821
22816
22947
22967
23061
23202
22854
23052
22870
23047
23053
22797
23114
23038
22916
22995
23008
22939
22792
22816
22814
22860
22784
22850
22908
22756
22899
22807
22738
22973
22864
22904
22631
22467
22976
22988
22947
22944
22974
22767
22811
22865
22832
22625
22826
22898
22968
22677
22949
22970
22747
22585
22527
22829
22612
22632
22655
22546
22615
22819
22476
22446
22406
22819
22588
22776
22897
22588
22629
22459
22481
22428
22497
22488
22421
22227
22350
22067
22586
22415
22301
22355
22243
22457
22280
22150
22114
22295
22250
21934
22002
21855
21908
22091
22002
22122
21656
21709
21864
21667
21577
21289
21443
21718
21052
21149
21265
21173
20884
20737
20857
20327
20391
19910
20043
19509
19081
19339
18821
18608
18186
17584
17507
17077
16655
16453
16083
15842
15641
15373
15446
15030
14930
15001
15181
15080
15256
15386
15696
15557
15687
15705
15589
15492
15414
15299
15094
15035
14958
15119
15194
15420
15495
15638
15661
16352
16547
17042
17153
17329
18072
18133
18756
18756
19133
19407
19601
19862
19964
20372
20459
20681
20825
20928
20912
21003
21102
21371
21265
21596
21447
21466
21792
21875
21500
21757
21851
22135
21870
21878
21954
22080
22075
22427
22140
21960
22305
22215
22302
22423
22443
22539
22400
22149
22346
22270
22309
22808
22421
22478
22638
22905
22394
22674
22555
22646
22521
22671
22717
22554
22804
22580
22536
22610
22806
22494
22774
22602
22684
22683
22581
22678
22850
22749
22698
22998
22724
23021
22936
22731
22955
22831
22935
22745
22674
22848
22803
22823
22956
22893
22813
22916
22905
22770
22936
22996
22818
23109
22619
22784
23111
22939
23086
23147
22793
22872
23023
22966
22955
23322
22958
22852
22892
22820
23093
23003
22718
23124
23116
23145
23083
23152
22964
23278
23224
23030
23012
22816
23072
23161
23000
22753
23151
22952
23131
22738
23329
23033
22942
23245
23263
23144
22949
23061
23102
22829
23015
23350
22892
23062
23312
23214
23251
22900
22886
22802
23044
22996
23156
22728
22809
23192
23131
23173
23042
23026
23361
23162
23287
23283
23196
22864
22857
23111
22844
23267
23043
22994
22975
22948
23047
23051
22912
22988
22700
22943
23321
23292
23127
22966
23268
22918
23141
23067
23004
22915
23054
23132
23134
22913
23094
23028
23001
22925
23182
22919
23073
22975
22997
23279
23128
23101
22866
22973
23409
22985
23214
22652
23061
23033
23118
23097
23069
22754
23016
23237
23077
22972
23234
23233
23088
22862
23035
23181
22856
22903
22959
23156
23044
23175
23204
22974
22928
23083
22911
23147
23248
23181
22851
23064
22943
22891
23143
22981
23073
22927
23023
23043
22901
22803
23003
23175
22899
23223
23218
23079
22960
22869
22974
22982
23009
22860
22839
23142
23037
22777
23153
22954
23191
22974
23082
23252
23086
22825
23282
23196
23002
23288
23050
22934
23252
23076
23137
22886
22684
22889
23247
23173
23366
22880
23204
22886
22972
22946
22765
23040
22844
22754
23145
23052
23063
22980
22931
22803
22915
22991
22991
23095
23121
22884
22972
22926
22951
22934
22818
22979
22927
23108
23138
22855
22904
23067
22994
22752
22981
23077
23144
23144
22948
22938
22947
22915
22992
22865
23087
23138
23119
23004
22936
22706
22947
22960
22991
22922
22844
23062
23047
22971
22775
22979
22717
22772
22739
22983
23042
23014
23046
22851
22518
22715
23051
22623
22978
22876
22858
22959
22955
22595
22961
22642
22884
22808
22846
22756
22970
22898
22932
22651
22848
22943
22721
23077
22773
22956
22916
23037
23123
22952
22743
22655
22773
22686
22786
22646
22753
23052
22798
22839
22593
22828
22708
23050
22787
22486
22690
22735
22477
22648
22867
22478
22588
22451
22661
22594
22508
22545
22906
22489
22343
22488
22493
22489
22492
22430
22570
22542
22357
22568
22574
22393
22408
22298
22428
22545
22185
22429
22320
22378
22209
22144
22199
22097
22391
22221
21997
21940
22012
22121
21907
21824
21935
21836
21836
21955
21657
21551
21423
21789
21650
21316
21142
21317
21118
20823
20996
20694
20750
20313
20340
20221
20097
19770
19238
19339
18766
18910
18103
17976
17528
17205
16862
16669
16185
16100
15587
15560
15442
15177
15051
14734
15244
14852
15028
15118
15499
15585
15333
15555
15747
15432
15505
15398
15026
15019
14656
14970
15072
15029
15246
15375
15603
15976
16077
16543
16688
17003
17506
17655
18251
18621
18963
18988
19377
19561
19777
20154
20418
20506
20650
20743
20811
20994
20968
21218
21107
20878
21253
21324
21599
21923
21587
21862
21718
21814
21699
21955
22116
21984
22144
22041
22386
22059
22223
22212
21979
22226
22215
22434
22211
22473
22295
22378
22167
22345
22311
22256
22302
22544
22484
22677
22617
22447
22744
22531
22319
22993
22720
22488
22733
22445
22538
22638
22655
22687
22739
22708
22616
22482
22827
22689
22517
22622
22597
22735
22923
22818
22874
22783
22850
22537
22746
23022
22968
22546
23056
22596
23114
22820
22772
22980
22838
23017
22867
22697
22802
22757
22994
22736
22649
23003
22998
22880
22982
22971
22647
22779
22863
22455
23075
23050
22946
22977
22963
22946
22852
22787
22865
22596
22969
23212
22962
22756
22972
22956
23065
22972
23064
23063
22964
23100
23225
23023
22831
22937
22766
23098
23080
22878
23146
22830
23079
22917
22690
23015
22796
22755
22978
22907
23116
22692
22882
23114
22762
22892
22848
23152
22827
22829
22869
22854
23062
22908
22754
22907
22966
23106
23118
23015
22990
23097
23111
23104
23228
23148
22802
22699
23070
23046
22846
23235
23133
23217
23098
22861
23145
22910
23046
22937
23101
22873
23218
23124
23067
22808
23017
23032
23125
23050
23138
22998
23201
22979
22925
23100
23132
22980
23040
23199
22858
23091
22857
22999
23142
23123
23032
23230
22875
23142
22828
22835
23001
22880
23063
23103
22852
23141
