91386
90972
91468
91030
92076
91660
91645
92082
91280
91560
91979
91661
91614
90994
91285
91049
91580
91577
91252
91286
92021
91808
91220
91218
91278
91372
91488
91356
91657
90835
91502
92268
91449
90756
91557
91529
91645
91370
90722
91967
91339
91499
91343
91635
91424
91600
91796
91855
91149
91608
91304
91615
91232
91528
91634
91980
91628
91565
91731
91482
91169
91023
91468
91405
91170
91380
91562
91233
91885
91881
91390
91572
91118
91420
91452
91435
91402
91432
90962
91124
91295
91292
91336
91600
90850
90930
91604
91560
91240
90928
91462
91100
91323
91399
91302
91374
91409
91846
91352
91749
92055
91489
91381
91867
91608
91342
91021
90948
91510
91313
91206
91739
91774
91371
91095
91115
91080
91177
91692
91423
91548
90730
91711
90968
91012
90625
91529
91339
91168
90683
91489
90838
91708
90580
91052
91035
91459
90900
91579
90905
90643
91071
91080
91586
90970
90457
91055
90702
91447
91030
90396
90968
90439
90699
90004
90958
90773
90511
90678
90923
90356
90159
90527
90122
90691
90521
90550
90342
90434
90252
90014
90182
90066
90075
90324
89885
90360
89653
89733
89594
89954
89490
89438
89550
89250
89222
89072
88854
89248
88864
89356
88446
89240
88205
88850
88532
88001
88770
88144
87646
87154
87738
87910
87612
87154
86578
86823
86339
85958
86403
86177
85423
84658
84754
83899
83814
83175
82686
81479
81602
80900
80419
78682
77956
76638
74936
73823
72165
70100
69385
67853
66726
65076
63784
62672
61667
60842
60226
59695
59625
59700
59793
59595
60164
61298
61901
61894
62364
62312
61835
61584
60919
60448
59581
59694
59664
59705
59947
60718
60761
61986
62596
64272
65840
66481
68157
69605
71289
73366
74594
75776
76920
78575
79094
80599
80345
81737
82256
82823
83134
83807
84634
84605
85239
85921
85560
85917
86112
86609
86476
86706
86734
87340
87973
87790
87700
88533
87731
88127
88287
88073
88705
88797
88920
89102
88700
88932
89415
89397
89050
89706
89396
88991
89807
89555
89109
89607
89959
89824
90159
89869
90021
90343
89960
90526
89931
89897
90709
90374
90131
90426
90193
91058
89950
90598
90646
90629
89685
90705
90324
90177
91025
90169
90462
90480
91012
90720
91095
90518
90550
90896
90585
90270
91163
91169
91612
91136
91341
91071
91342
91341
91132
90916
90600
91036
90241
90990
91338
91718
91270
91874
90935
90976
91495
91559
91177
91359
90914
91478
91028
91315
91548
91347
91290
91531
91706
91862
91109
91017
91174
91402
91396
91817
91717
91092
91695
91697
91522
91406
91599
91133
91831
91298
90970
91326
90857
91020
91690
91467
91503
91347
91700
91602
91716
91549
91037
91304
91083
91349
91018
91320
92040
90971
91632
91194
91310
91647
91385
91742
91564
91214
91519
91193
91598
91626
90988
91552
91204
91677
91373
91735
91563
91405
91026
91766
91482
91592
91645
91994
91388
91058
91488
91861
91573
91283
91584
91555
91220
91714
91563
91851
91505
91436
91794
91596
91510
91832
91352
91798
90843
91365
91290
91672
91598
91268
91771
92040
91316
91557
91840
91217
92169
91451
91587
91769
91178
91791
91340
91890
91679
91594
91087
91541
91785
91489
91303
91317
91473
91712
91645
92131
92030
91332
91639
91280
91167
91908
91692
91380
91836
91751
91457
91754
91667
91683
91853
91747
91826
91563
91458
91341
91336
90969
91725
91808
91010
91093
91137
91703
91247
90708
91227
91348
91363
91554
91501
91279
91573
91437
91252
91377
91444
91053
91816
91709
91252
90922
91483
91379
91383
91615
91774
91697
91436
91276
91591
91303
91633
91595
91071
91748
91061
91553
91264
91193
91215
91105
91299
91570
91720
91593
91155
91145
91577
91479
91206
91506
91328
91151
90976
91876
91245
90838
91841
91013
91148
91538
91913
91712
91236
91213
91403
91039
91257
91334
91606
91724
91079
91443
91584
90793
91398
91202
91208
90890
91166
91142
91500
91404
91564
90925
91742
91142
91677
91700
91195
91289
91258
91076
90877
91314
91635
91026
91316
91099
91214
91992
90978
91420
91450
91246
91072
91263
91283
90944
90738
91091
91315
90854
91115
91022
90844
91106
91427
90628
91371
91120
91154
91176
90744
90509
90490
90583
90940
91484
90710
90795
90290
90515
90085
90597
90312
90642
90591
90841
90374
91051
90755
90388
91163
89962
90533
90734
90263
90289
90527
90315
90590
89952
90299
90676
90207
90506
90258
90777
90051
90867
90340
90367
89878
90080
90455
90139
89886
89716
90155
89585
90011
89594
89766
89950
89438
90013
89471
89296
89431
89656
89757
88527
89028
88937
89297
88479
88592
88949
88685
89104
88835
88380
88283
88340
88814
88587
87477
88349
87574
87392
87016
86801
87791
87259
86550
86574
86423
86214
85784
85910
85152
85243
85037
84332
83572
83193
83094
82721
81461
80566
80166
79322
78226
77289
75847
75061
73326
71874
70321
68579
67757
66083
64679
63480
62635
61537
60825
60266
59822
58860
59554
59520
59740
59865
61051
61149
62121
61869
62294
61513
61086
60147
59651
59499
59260
59331
59127
59907
60313
60978
61945
62968
64142
65428
67011
68741
70465
71393
73199
74468
75825
77047
78595
78885
79464
80690
81473
82366
82315
82743
83310
84128
84740
84784
84932
85448
85735
86279
85879
86526
86638
86509
87302
87070
87191
86943
87630
87536
87782
87903
88110
88244
88394
88633
88220
88597
89268
89142
88374
89325
89193
89439
89584
88699
88808
88886
90037
89497
89920
89379
89699
89383
89617
89596
89140
89797
89647
90885
90126
90317
90149
89934
90188
90079
90855
89802
89982
89990
91076
90283
90191
90500
90263
90364
90557
90518
90993
90203
90641
90225
91080
90796
90202
90419
90936
90422
90768
90796
90725
90084
90871
90735
90458
91184
91000
90466
90743
90793
91130
90891
91031
90485
90847
90304
90699
90457
91136
90657
90862
90796
90780
91518
91373
90799
90843
91213
90757
90997
91597
91001
91031
91267
91147
91206
91111
90841
90961
91392
91306
91662
90867
91094
91076
90985
91036
90998
91327
90838
90746
91171
91023
91234
91259
90940
91207
90874
91122
91544
91329
91303
91193
91407
91319
91064
91950
91158
91512
90822
91295
90625
91172
90872
91469
91263
91420
91610
91177
91824
91305
90993
90667
90907
91202
90958
91790
91899
91303
91317
91343
91356
91465
91694
91299
91026
91633
91112
91010
91422
91590
91498
91737
91669
92028
91128
91616
91033
91476
91625
90884
91916
91271
91746
91377
91410
91862
91542
92102
91746
91224
91656
91183
91388
91325
91085
91078
91723
91776
91661
91424
91040
91368
91899
91258
91605
91659
91318
