23278
23415
23347
23030
23323
23219
22989
23066
22989
23336
23046
23142
23063
23209
23076
23167
22963
23070
22956
23173
23409
22943
23290
23157
23445
23242
23361
23319
22975
23412
22992
23094
23344
23213
23079
23155
23250
23319
23135
23272
23331
23230
23121
23133
23181
23044
23210
23181
23470
23278
23082
22927
22781
23001
23005
23139
23149
23155
23249
23093
23288
22829
23137
23210
23070
22994
23172
23442
23129
23151
23196
23065
23035
23165
23045
23058
23432
23197
23038
23124
23136
23297
23014
23206
23310
22860
23280
22881
23129
23083
23414
23149
23016
23333
23341
23090
23241
23022
22820
23319
23177
23221
23129
22905
22889
23450
22893
23383
23121
23420
23156
23110
23374
23290
23179
23256
23225
23181
23010
23235
22869
23131
23236
23083
23334
23154
23131
22889
22891
23020
23198
23161
23134
23322
23258
23084
23253
23166
23149
22980
23288
22974
23186
23140
23068
22959
23116
23069
23077
23021
23009
23195
23062
23154
23130
23393
22917
23227
23085
23102
22863
23128
23006
23178
23224
22872
23016
23134
22806
23126
22817
23014
22910
23116
22878
22890
22799
22970
23031
22553
22904
23234
23046
22941
22960
23001
23010
22918
22927
22711
22716
22643
22685
22561
22705
22766
22671
22700
22380
22497
22722
22610
22379
22534
22326
22690
22195
22135
22218
22080
21996
22087
22055
21964
21827
21613
21575
21257
21335
21244
21006
20721
20654
20310
19918
19607
19072
18767
18206
18047
17474
16933
16719
16398
15839
15530
15446
15144
15004
14947
15090
15113
15113
15155
15551
15543
15971
16029
15904
15767
15484
15167
15257
15031
15147
14846
15052
15061
15234
15376
15818
16009
16265
16682
17182
17512
17887
18367
19057
19378
19481
20157
20448
20475
20886
21245
21291
21240
21493
21676
21817
21759
21726
22241
21898
21719
22041
22124
22218
22313
22567
22326
22454
22571
22548
22591
22277
22643
22506
22546
22576
22665
22883
22635
22783
22789
22697
22625
22858
23013
22811
22993
23044
22817
22902
22876
23067
22657
23302
22866
23057
22906
23047
23077
22857
22869
22870
22886
23033
23057
23170
23111
23298
22711
23130
23141
22815
22858
22917
23141
23066
22869
23062
23132
23173
23099
23195
23212
23096
22964
23156
23045
22829
22944
22825
22871
23043
23344
23417
23401
23110
23092
22890
23121
23203
23028
23120
23194
23103
23135
23154
22892
23205
23208
23121
23302
23021
23006
23357
23286
22983
22995
23127
23372
23172
23194
23067
23468
23131
23202
23126
23305
23117
23193
23305
23073
23135
23301
23027
23172
23119
23387
23054
23033
23152
23127
22963
23217
23275
23023
23136
22985
23077
23119
23120
23151
23030
23345
23220
23489
23354
23300
23166
23317
23109
23284
23222
22934
23227
23175
23380
23027
23053
23216
23347
23380
23087
23141
23186
23221
23275
23313
23126
23282
23331
23358
23034
23055
23267
23121
22991
23126
23254
23416
23315
23381
23140
22933
23115
23031
23192
23356
23226
23108
23315
23148
23225
23363
23125
23245
23070
23234
23309
23309
23133
23291
23017
23198
23066
23139
23153
23245
23011
22976
22939
23564
22861
23192
23099
23215
23516
23121
23323
22913
23118
23315
22996
23228
23114
23158
23272
23154
23215
23080
23513
23255
23511
22997
23320
23124
23176
23214
23373
23196
23148
23150
23028
22994
23057
22993
23012
23114
23215
23282
23095
23196
23276
23223
23087
23024
23303
23194
23222
23178
23397
23209
23361
23078
23227
23256
23272
23167
23390
23055
23146
23170
23322
23218
23177
23020
23118
23129
23430
23257
23190
23140
23221
23230
23530
22982
22981
23078
23224
23032
22830
23020
23134
23335
23292
23249
23158
23334
23203
23281
23099
23281
23174
23274
23200
23180
23380
23140
22954
23052
23156
23274
23201
23212
23150
23031
23278
22849
22965
23135
23327
22995
23256
23134
23056
23193
23082
23187
23224
23006
23123
23183
22892
23233
23121
23248
23108
23227
23312
23205
22985
23089
23387
23145
23097
23125
23015
23155
22884
23064
23120
23239
23221
23140
23242
23228
22977
23380
22960
23264
23228
23073
23024
23304
22929
23033
22976
23378
23025
23173
22966
22949
23140
22911
22944
23017
23226
22765
23175
22917
23325
23163
23164
23031
22982
23036
22927
22865
23035
22787
23389
23182
23011
23040
23155
22924
23227
23073
23225
22844
23276
23140
23098
23043
22820
22680
23160
23112
23193
23099
23218
23052
23020
23042
22710
22783
22559
23002
23013
22840
22937
22898
23117
22909
22848
23001
22890
22596
22835
22789
22835
22844
22639
22806
22895
22880
22778
22713
22782
22803
22646
22839
22671
22612
22452
22617
22447
22670
22597
22667
22515
22327
22769
22426
22447
22165
22382
22368
22105
22172
22360
22029
22147
22277
21957
22005
21767
21641
21544
21227
21495
21401
21190
20772
20655
20412
20307
19937
19337
18839
18378
18119
17558
17192
16813
16476
16078
15735
15745
15214
15124
15042
15105
14804
14872
14947
15210
15725
15531
15954
15770
15856
15626
15652
15462
15222
15003
14972
15053
14904
15051
15366
15420
15550
16043
16333
16606
17278
17652
18064
18508
18926
19221
19636
20002
20339
20616
20547
21044
21359
21447
21422
21628
21809
21753
21699
22084
21966
22019
22216
22307
22399
22156
22303
22229
22485
22388
22391
22597
22577
22339
22392
22492
22736
22622
22936
22654
22575
22842
22735
22648
22425
22609
22492
22796
22692
22670
22686
22824
23008
23115
22753
22734
22875
22673
22710
23023
22758
22843
22901
22916
23021
22960
22951
22731
22755
22897
22902
22910
23236
22998
22874
22963
23008
22988
22849
22881
22899
23099
23108
22724
22662
23033
22857
23302
22909
23158
23155
23062
22871
22971
23212
23207
23292
22925
22790
22920
23259
23188
22929
22978
22997
23070
23196
23371
23233
22983
23035
23000
23338
23023
23319
22933
22942
23114
23054
23202
23028
23013
23086
23123
23272
23060
23133
23015
22922
23196
22955
23162
23087
22985
23312
23471
22779
23020
23218
23110
22921
23146
23098
22899
23222
22946
23099
23344
23021
23294
23388
23063
23007
23134
23243
23134
23075
23057
23352
23022
22967
23165
22830
23084
23287
23210
22978
23226
23186
23069
23074
23409
23284
23061
23141
23143
23291
23468
23220
23294
23287
23064
23231
23079
22870
23119
23043
23350
23042
22980
23149
23534
23209
22980
23094
23121
23325
23303
22981
23321
23421
23520
23209
22952
23263
23080
22999
23077
23155
22968
23297
23160
23098
23264
23148
23036
23064
23387
23133
23121
23498
23506
22973
23202
23194
22913
23019
23175
23509
23033
23422
23255
