23447
23507
23569
23592
23123
23391
23022
23077
23072
23353
23081
23273
23471
23288
23431
23358
23411
23252
23053
23344
23238
23142
23300
23287
23262
23337
23287
23262
23338
23390
23313
23288
23418
23562
23027
23151
22992
23422
23532
23469
23237
23437
23155
23434
23391
23363
23462
23460
23162
23128
23528
23476
23321
23511
23303
23575
23437
23663
23225
23292
23428
23237
23267
23392
23277
23388
23474
23400
23025
23393
23351
23724
23194
23154
23044
23510
23296
23486
23643
23480
23543
23370
23251
23222
23452
23260
23574
23395
23272
23267
23188
23430
23595
23145
23295
23405
23105
23362
23387
23509
23384
23272
23442
23460
23254
23020
23271
23365
23209
23077
23396
23277
23505
23415
23104
23294
23219
23434
23178
23152
23185
23162
23268
23255
23294
23075
23172
23076
23572
23454
23272
23662
23297
23039
23027
23586
23372
23251
23268
23210
23361
23404
23185
23087
23301
23492
23404
23198
23144
23323
23217
23245
23343
23073
23165
23102
23282
23174
22980
23156
23200
23401
23082
23487
23261
23319
23202
22881
23163
23308
23239
23138
23141
23011
22949
23218
23190
23010
23404
23072
23123
22892
23106
23159
23086
22961
23002
22972
22891
22939
22840
23123
23174
22880
22704
22927
22847
22744
23008
22765
22841
22627
22700
22804
22492
22663
22489
22408
22311
22409
22040
22129
22074
21985
22267
21878
21788
21814
22147
21514
21350
21110
20947
20723
20166
19821
19716
19223
18669
18130
17846
17043
16790
16533
16167
15626
15562
15276
15165
15031
15064
15034
14964
15244
15353
15784
16084
15938
16019
15829
15506
15564
15510
15148
14948
15116
15229
15023
15242
15911
15817
16163
16737
16943
17169
17788
18320
18538
19266
19428
20218
20477
20582
20866
21123
21634
21508
21570
21940
22100
22011
22048
22098
22352
22060
22119
22470
22437
22419
22347
22355
22842
22836
22958
22887
22650
22859
22649
22881
22742
23090
22951
22783
22815
23062
22709
22818
22944
23233
23106
23031
23118
23361
23310
23230
23350
23115
22724
23093
23117
23069
23135
23046
23002
23071
23283
23189
23422
23217
23026
23081
23212
23373
23435
23395
23129
22908
23208
23165
23238
23308
23164
23199
23237
23229
23245
23318
23186
23293
23359
23372
23365
23202
23286
23070
23308
23318
23128
23197
23421
23289
23295
23469
23254
23417
23598
23279
23008
23328
23338
23169
23233
23088
23065
23333
23378
23233
23341
23234
23177
23558
23152
23327
23352
23347
23147
23518
23167
23253
23310
23250
23371
23484
23167
23514
23366
23272
23437
23293
23321
23202
23435
23278
23270
23266
23392
23178
23481
23319
23428
23258
23294
23075
23238
23224
23399
23336
23211
23469
23229
23296
23158
23453
23284
23526
23400
23327
23401
23602
23535
23582
23028
23601
23191
23302
23454
23123
23331
23233
23315
23147
23552
23214
23324
23346
23465
23408
23113
23125
23691
23066
23315
23479
23441
23253
23384
23208
23408
23322
23174
23273
23401
23381
23390
23619
23483
23542
23111
23376
23317
23030
23738
23307
23609
23372
23420
23602
23433
23386
23312
23106
23362
23198
23030
23415
23561
23333
23297
23150
23428
23394
23428
23181
23342
23242
23465
23400
23377
23391
23191
23148
23436
23393
23304
23447
23295
23209
23125
23331
23404
23534
23323
23613
23068
22991
23261
23208
23384
23548
23115
23174
23416
23345
23120
23461
23344
23130
23206
23574
23409
23177
23272
23332
23425
23342
23413
23266
23503
23253
23270
23466
23084
23454
23271
23050
23215
23247
23374
23531
23325
23182
23315
23216
23744
23190
23177
23400
23171
23394
23356
23280
23074
23463
23273
23239
23301
23121
23352
23237
23013
23201
23449
23428
23209
23415
23326
23160
23198
23364
23579
23482
23265
23192
23385
23250
23357
23323
23463
23257
23202
23361
23194
23492
23278
23328
23436
23299
23473
23192
23459
23276
23132
23088
23178
23367
23112
23387
23408
23439
23392
23112
23447
23244
23442
23469
23032
23062
23072
23375
23427
23329
23413
23014
23377
23368
23070
23364
23401
23198
23289
23209
22812
23092
23301
23218
23208
23124
23162
23025
23291
23288
23110
23196
22921
22883
23316
23141
23119
23411
23278
23334
23254
23174
23467
22999
23301
23407
23190
23189
23212
23051
23179
22940
23011
23268
23189
23079
23320
23248
23157
23018
23250
23238
23139
23149
23247
23269
23242
22947
23068
23237
23026
23103
23170
23005
23312
22824
22991
22873
22956
23003
22933
23138
23035
23504
23108
22748
23000
23216
23190
22936
22953
23010
23020
22933
23022
23005
22789
22745
22882
23045
22893
22878
23149
22994
22826
23043
22960
22760
22827
22907
22843
22754
22480
22943
22774
22922
22772
22630
22630
22749
22568
22690
22660
22247
22265
22237
22430
22044
22148
22149
21927
21823
21651
21543
21472
21482
21135
20810
20839
20639
20178
19612
19241
18935
18329
18075
17364
17053
16794
16137
15913
15635
15224
15218
15272
14955
14960
15117
15201
15441
15572
15724
15766
16125
16025
15797
15718
15522
15114
15069
15027
15094
15045
15274
15561
15617
15776
16131
16509
17288
17361
17986
18409
19143
19099
19462
19854
20539
20643
21282
21135
21503
21532
21279
22081
21819
22062
22160
22113
22292
22253
22231
22392
22480
22362
22372
22480
22564
22717
22697
22907
22768
22687
22666
22781
22639
22648
22874
22684
22962
22758
22864
22881
22976
22802
22986
22869
23135
22699
22929
22973
22952
22775
22976
22828
22946
22873
23262
23105
22807
22804
23035
23077
22959
22836
23169
23353
23023
23118
23124
23262
22966
23223
23060
22941
23176
23018
23287
22900
23229
22856
23351
23002
23285
23297
23165
23078
23311
23019
22959
23061
23232
23200
23166
23093
23281
23023
23407
23324
23284
23082
23224
23366
23237
23475
23199
23255
23176
22916
22996
23195
23300
23258
23261
23274
23383
23310
23365
23401
23287
23189
23023
23124
23412
23412
23327
23212
23342
23319
23334
23528
23172
23384
23135
22936
23295
23337
23411
23212
22979
23281
23356
23262
23431
23325
23590
23236
23263
23224
23418
22946
23177
23501
22941
23167
23725
23175
23216
23212
23177
23297
23192
23248
23102
23295
23381
23473
23183
23259
23377
23379
23307
23009
23152
23128
23336
23185
23600
23586
23410
23465
23191
23284
23423
23149
23298
23137
23186
23095
23406
23203
23162
23259
22859
23392
23133
23202
23285
23354
23293
23398
23175
23146
23216
23293
23281
23225
23422
23169
23295
23338
23563
23184
23267
23437
23214
23392
23120
23376
23366
23325
23189
23333
23209
23261
23234
23477
23279
23164
23277
23279
23304
