31858
31746
31780
31627
32280
32159
31569
32056
32065
31979
32133
31993
31817
32220
31984
32032
31637
32200
31884
31897
32317
31919
31715
31928
32103
31867
32161
31891
31944
32155
31911
31921
31740
32145
31822
31895
32003
32356
31913
31921
32067
32061
31859
31729
31926
31890
31989
31809
31785
31609
31973
32015
31491
31660
32123
31814
31963
31831
31697
31922
31991
32046
31697
31566
31140
31826
31251
31088
30841
31100
30658
30837
30353
30039
30117
29929
30126
29396
29528
29614
29492
29869
30000
29682
30141
30607
30291
30508
30377
30380
30740
30707
30770
30969
31085
30972
31180
30809
31374
31381
31023
31162
31731
31338
31821
31808
31103
31813
31446
31761
31613
31672
32091
31709
31798
31747
31863
31728
31832
31843
31982
31848
31687
31738
32023
31921
31959
31627
31812
31785
31630
31797
31845
31602
31774
31498
31499
31730
31632
31167
31329
30808
30590
30134
29969
30007
30068
30172
30305
30020
30264
30253
30265
30510
30529
30668
30862
30499
30934
31148
31034
31147
31203
31348
31334
31688
31688
31509
31418
31551
31518
31800
31983
31874
31795
31885
31939
32008
31569
31884
31794
32010
32098
32056
31816
31792
32031
32129
31793
31985
31902
31603
32003
31862
31535
31746
31799
32273
31885
31978
31592
32262
31948
31756
32031
31895
31687
31708
31926
31979
31568
31903
31528
31510
30983
30789
30796
30649
30666
30554
30518
30631
31221
30810
30926
30942
31313
31179
31559
31661
31359
31743
31940
31996
31714
31715
31551
31944
31862
32092
31784
32036
32201
32168
32343
32260
32071
31663
32057
31924
31631
32068
31764
32232
31963
32000
31942
31873
31711
31789
32424
31331
31702
31567
31752
31550
31303
31294
30906
31050
30717
30576
30557
30656
31055
30925
30706
30891
31087
31573
31100
31577
31320
31689
31489
31897
32037
31749
31833
31889
31772
32002
32054
32273
32169
31656
31917
31689
31962
31746
32034
32264
31825
31755
31747
31807
32129
32007
31694
31709
32109
32003
31818
32091
31863
31860
31932
31638
31636
32191
31919
31923
31987
31609
31793
31779
31696
31662
31553
31557
31227
30983
30968
30914
30937
30733
30528
30681
30583
30452
30615
30046
29733
29929
29866
29934
29704
30190
30547
30737
30886
31098
31285
31108
31605
31687
31396
31921
32242
31552
31796
31764
31965
31952
31929
31624
31649
31855
31932
31904
32038
31817
32078
31914
31833
31806
32150
31706
31539
31912
31878
31771
31806
31712
31894
31462
31791
31814
31360
32001
31609
31748
31702
31667
31445
31213
31114
31192
31146
31298
30942
31237
30530
30485
30642
30729
30391
30016
30440
30068
30069
30173
30211
29984
29932
30068
29679
29616
29685
29609
29786
29764
29759
29764
30396
30599
30828
31285
30948
31357
31224
31340
31785
31407
31601
31746
32103
31935
31769
31903
31711
31982
31722
31787
32137
31815
32269
31900
31612
31883
31987
32223
31866
32134
32042
31863
32016
32183
32104
32385
31941
31999
31841
32000
32205
32092
32078
32025
32108
32046
32034
32105
32271
31691
31974
31850
31571
31958
31887
31859
31897
32202
31792
31876
32061
32103
32077
31835
32162
31893
31797
32145
32028
31837
31814
32372
31764
32012
32240
31576
32297
32042
31947
31864
31789
32179
31961
31966
32027
32008
32101
32042
31864
31883
31523
31853
31791
31774
32026
31907
31818
31786
32395
31868
32111
32000
31953
32267
31650
31933
31910
31799
32200
31833
31833
31829
31818
32021
32275
31775
31828
31958
32142
32126
31849
31915
31981
31909
31910
31971
32039
31809
31955
31713
32070
31614
31574
31916
32055
32227
32013
31946
31969
31457
32190
32075
32122
31977
32060
31893
32185
31905
31581
31984
31736
32185
31656
32031
31800
31812
32080
31893
31670
31934
31593
31621
31730
31908
31489
31779
31891
31464
31478
31351
31143
30773
30553
30496
29942
29654
29575
29599
29663
30025
29874
29510
29951
29587
29436
30141
29713
30020
30045
30400
30282
30336
30406
30556
30615
30822
31012
30838
30891
31119
31438
31187
31210
31026
31463
31711
31728
31640
31780
31447
32165
31720
31742
31792
31815
31987
31954
31966
32112
31849
31711
31976
31787
31863
31721
31446
31942
31955
31557
31905
31533
31830
31516
31720
31967
31631
31901
31656
31877
31939
31586
31492
31280
31275
31316
31023
31107
30855
30525
30379
30125
29857
29537
29522
29506
29812
29902
30101
30107
30311
30341
30577
30598
30984
31109
31246
30994
31037
31312
31354
31576
31669
31435
31372
31888
31950
31441
31605
31658
31406
31873
31910
32073
31559
32034
31900
31980
31952
31979
31693
31865
31877
31906
32120
31488
31971
31557
31934
31579
32243
31700
31589
31397
32020
31872
31790
31857
31788
31824
31743
31638
31465
31609
31864
31646
31498
31611
31428
31098
30937
31118
31022
30676
30479
30541
30283
30722
30227
30753
30952
30843
30938
31043
31401
31675
31560
31377
31507
31608
31703
31785
31810
31566
31846
31711
31812
31513
31872
32136
31927
32033
31934
31743
31943
31881
31615
31673
31922
31872
31846
31659
31573
31858
31632
31478
31501
31599
31435
31655
31267
31210
31276
31010
31239
30832
30782
31081
30824
30319
30787
30307
30330
30632
31011
31472
31426
31537
31483
31199
31520
31877
31766
31727
31867
32109
31982
31733
31569
31843
31644
31851
31786
32038
31992
32164
31501
32171
31749
31947
31858
31829
31647
31734
31936
31691
31962
31569
31532
31931
31951
31610
31586
31700
31953
31755
31951
31803
31550
31697
31430
31363
31216
31359
31092
31229
31182
31446
31201
31361
30970
30457
30622
30433
30600
30186
29725
29791
30184
30146
29807
30061
29911
29799
30179
30088
30882
30654
30984
31299
31362
31476
31212
31546
31527
31458
31633
31510
31934
31674
31790
31714
31606
31589
31523
31998
31689
31804
31677
31475
31687
31800
31565
31645
31724
31293
31962
31825
31310
31415
31886
31624
31546
31347
31434
31537
31395
31070
31219
31453
31124
31381
30628
31155
31089
30940
30786
30818
30506
30624
30258
30461
30681
29936
30126
29839
30086
30045
29708
29481
29587
29164
29264
29473
29656
30209
30020
30509
30711
31037
30948
31443
31156
31139
31451
31486
31420
31455
31553
31739
31892
31452
32068
32191
31450
31876
31840
31848
31796
32028
31790
31941
31649
31892
31753
31824
31859
31984
31940
32078
31461
31732
31678
31603
32181
31780
31779
32194
32092
31734
31854
31854
32171
31847
32053
32057
32246
31762
32039
32258
31813
31613
32043
31774
32163
32033
31588
31872
31938
31663
31955
32078
31882
32052
32226
31632
32140
32010
31900
31977
