30908
31050
30895
30720
30970
30641
30901
30914
30962
30830
30657
30861
31012
30534
31088
30758
31257
30785
30783
30954
30885
30988
30865
30798
31002
30943
30561
30641
31128
30958
30898
31073
30892
30734
30831
30797
30862
30852
30873
30983
31097
31230
30731
30609
31028
30761
30954
30712
31072
30943
30609
30874
31051
30711
30743
30915
30696
30844
30803
30589
30604
30560
30817
30650
30964
30614
30481
30487
30197
30199
30021
30129
29668
29776
29677
29384
29644
29044
28971
29050
28878
29220
29064
29283
29058
29430
29092
29257
29368
29727
29386
29491
29471
29853
29479
29597
29850
29710
29443
29834
29713
30279
30048
30285
30481
30428
30170
30622
30360
30624
30510
30431
30368
30901
30491
30493
31028
30598
30530
30424
30859
30546
30527
30537
30742
30576
30695
30598
30838
30692
31126
30828
30707
30596
30779
30723
30339
30752
30481
30511
30298
30225
29740
29853
29632
29548
29466
29764
29424
29718
29674
29654
29468
29439
29513
29346
29703
29609
29840
29851
30151
29949
30069
30413
30567
30149
30571
30552
30373
30292
30752
30737
30448
30780
30548
30675
30623
30487
30653
30568
30796
30632
30655
30641
30646
30715
30607
30689
30602
30748
30716
30828
30588
30847
30570
30852
30900
31203
30835
30657
30654
30871
30675
30891
31051
30834
30443
30629
30580
30775
30763
30559
30438
30276
30336
30054
30140
29620
29663
29894
29898
30100
30077
29893
29872
30323
30592
30573
30168
30630
30556
30449
30682
30456
30845
30652
31012
30861
30572
30963
30880
30824
30808
30989
30637
30785
30942
30876
30880
30758
31135
30832
30700
30972
30801
30606
30837
30714
30821
30799
30375
30518
30749
30486
30759
30245
29777
30265
30317
29855
29666
29534
29768
29607
29473
29719
30211
30138
30412
30338
30266
30467
30398
30447
30532
30909
30383
30691
30814
30881
30901
31052
30905
31016
30745
31106
30892
30797
30548
30714
30635
30540
31094
30730
31000
30889
30943
30706
30803
30777
30866
31055
30674
30716
30943
30962
30491
30666
30492
30641
30677
30842
30649
30075
30455
30295
30348
30457
30237
30158
29983
29889
29845
29740
29857
29836
29416
29428
29448
29276
29218
29172
29115
28999
29312
29374
29326
29589
30234
30052
29889
30312
30114
30351
30505
30546
30718
30432
30612
30735
30848
30711
30870
30841
30811
30353
30788
30538
30678
30576
30334
30883
30994
30484
30644
30757
30791
30583
30612
30529
30424
30536
30618
30819
30649
30488
30267
30524
30258
30306
30294
30449
30415
30087
30096
30180
30063
29868
29749
29789
29608
29657
29488
29747
29715
29556
29059
29217
29434
29570
29057
29203
29624
29134
28905
29210
29403
29392
29263
29243
29210
29350
28955
29420
29602
29876
30213
30204
30202
30549
30542
30714
31066
30846
30809
30549
30737
30628
30907
31055
31253
31040
31119
30870
30919
31094
30747
31041
31153
30795
30692
31106
30584
31116
31051
30927
30855
31381
30692
30885
30731
30738
30475
31027
30714
30978
31022
31101
30924
30677
31027
30788
31115
30491
30928
30603
31250
30850
30854
31020
31042
30992
30871
30780
30846
30697
31102
31043
31006
31164
30715
31059
30844
30776
30983
30662
31038
30817
30651
30842
31167
30853
30537
30723
30813
31082
30896
31006
31031
30951
30739
31041
31066
31099
30968
31051
30664
31340
30996
30818
30834
31094
31042
30855
30695
30874
30711
30996
30943
31042
31105
30670
30665
31002
31042
30863
30870
30915
30856
30707
31132
30925
30907
30740
30929
30965
30913
30634
30815
30826
30742
30877
31083
30987
30747
30829
31037
30464
30839
30765
30580
30875
30764
30850
30733
30973
30816
30977
30859
31194
30950
30942
30950
31016
30744
30676
31092
30913
31064
30935
30774
30678
30898
30652
30535
30937
30730
30583
30580
30720
30949
30756
30752
30408
30337
30247
29812
29708
29569
29110
28984
29239
29351
29410
29169
29371
29064
28985
29215
29069
29278
28945
29495
29382
29475
29453
29284
29588
29331
29605
29712
30118
29555
30004
29903
29971
29938
29921
30229
30012
30118
30059
30181
30057
30364
30281
30689
30341
30748
30528
30572
30663
30508
30842
30593
30677
30336
30291
30663
30897
30625
30812
30575
30813
30930
30425
30920
30463
30523
30884
30757
30582
30870
30253
30477
30420
30402
30562
30092
30463
30323
30189
29675
29944
29522
29175
29320
29051
29021
28715
28894
29196
29073
29258
29298
29573
29386
29647
29774
29407
29978
29754
30132
29977
30112
30220
30118
30161
30748
30322
30364
30635
30735
30577
30698
30588
30539
30965
30834
30666
30717
30879
30546
30499
30927
30979
30891
30636
30782
30895
30998
30998
30753
30728
30699
30885
30618
30632
30890
30718
31044
30712
30590
30635
30731
30789
30796
30699
30778
30321
30287
30197
30046
29826
29833
30014
29763
29758
29622
29257
29489
29645
29372
29813
29976
30208
30275
30311
30545
30316
30635
30266
30482
30488
30717
30258
30624
30654
30699
30358
30763
30709
30741
30943
30911
30638
30527
30721
30613
30836
30697
30331
30774
30825
30889
30721
30374
30471
30502
30661
30857
30396
30662
30313
30219
30257
30056
29837
29817
29979
29653
29741
29692
29451
29903
29311
29954
30058
30170
30370
30507
30593
30559
30421
30625
30478
30672
30873
30661
30916
30610
30728
30917
30929
30960
30691
30783
30731
30590
30540
30621
30904
30776
30217
30740
30748
30430
30793
30644
30393
30416
30921
30488
30666
30663
30313
30532
30540
30630
30329
30359
30504
30521
30305
29997
30377
30016
30127
29774
29784
29908
29962
29950
29508
29277
29584
29566
29457
29167
29167
29368
29411
29518
29501
29428
29623
29236
29257
29677
29633
29612
29983
30523
30273
30533
30486
30763
30469
30588
30565
30821
30737
31025
30576
30512
30812
30925
30675
30294
30666
30541
30225
30641
30647
30350
30430
30498
30485
30170
30596
30305
30516
30065
30262
30267
30300
30171
30049
29979
30089
30200
30353
30006
29946
30009
29758
29610
29609
29671
29769
29457
29581
29162
29532
29386
29308
29261
29171
29153
29691
29148
29120
28751
28979
28845
29137
28853
29183
29504
29772
30039
30007
30312
30351
30207
30692
30627
30735
30808
31087
30594
30701
30762
30471
31068
30646
30384
30706
30989
31081
30782
30991
30883
30945
30960
31002
31174
30833
30421
30597
30651
30694
30853
30663
30529
30816
31039
30927
30924
30733
31007
31115
30978
30623
30973
30931
31027
30832
31049
30704
30654
30955
30740
30793
31034
31122
30888
30719
30889
30791
30720
30973
31010
31116
30793
30815
30824
30783
31027
30649
31002
30726
30903
