30126
30114
30083
30298
30009
30042
30149
30230
29796
29995
30121
29704
30091
30124
30177
29957
29969
30179
30080
30034
30028
30134
30030
30266
30126
30161
30266
30167
30188
30184
30203
30166
30070
30064
30395
30011
30265
30082
30315
30154
30061
30099
30064
30112
30044
30017
30345
30085
30166
30226
30137
29903
30097
30178
30294
30269
30063
30072
30102
30260
30266
29841
29929
29924
29946
29914
29975
29993
30126
29639
29815
29581
29615
29688
29401
29135
29209
29141
28812
28753
28582
29050
28988
28891
29233
28926
28935
28804
28661
29130
29363
28810
28793
28829
28888
28897
28746
28835
29201
28915
28927
29050
29124
29329
29616
29283
29436
29246
29538
29577
29527
29460
29554
29577
29672
29615
29568
29796
29579
29574
29544
29803
29683
29516
29957
29595
29960
29935
29961
29707
29761
29668
30106
29692
29966
29649
29699
29668
29793
29652
29695
29295
29271
28999
28829
28977
28953
28973
29174
29042
29025
29065
28929
29237
29125
28994
28931
28859
28690
28970
29103
29141
29154
29167
29122
29214
29014
29066
29285
29602
29613
29414
29217
29618
29852
29768
29544
29495
29614
29778
29593
29802
29925
29588
29801
30045
29931
29902
29766
29599
29723
30073
29462
30268
29939
29739
29998
29666
29896
30029
29743
29802
29900
29768
30232
29925
30202
29909
29810
30020
29799
30004
29422
29711
29681
29158
29144
28905
29264
29181
29114
29251
29295
28908
29188
29318
29380
29572
29107
29689
29837
29835
29801
29831
29681
29990
29815
30018
29618
29880
29710
30053
29892
30294
30064
29827
29826
30010
30019
30140
29906
29803
30175
29892
30393
29665
29620
29777
29889
29567
29631
30052
29745
29607
29104
29469
29298
29638
29231
28923
29186
28616
28943
29255
29222
29384
29539
29575
29475
29716
29733
29621
29753
29628
29673
30198
30173
29902
30127
30080
29768
29775
29842
29952
29746
29946
29857
29922
29968
29977
30615
29926
29845
30073
30141
29772
29775
30062
29987
30070
29920
29703
29678
29801
30169
29750
29659
29796
29683
29658
29582
29398
29414
29454
29379
29650
29699
29359
28907
29164
29284
29371
29177
29139
28607
29225
28763
28661
29006
28660
28840
28811
29090
28759
28668
28650
28962
29028
29196
29403
29467
29462
29466
29834
29581
29691
29893
29834
29948
29939
29760
29628
29729
29816
29595
29987
29852
29713
29669
29534
29830
29988
29760
29723
29625
29538
29547
29710
29687
29422
29648
29635
29446
29564
29201
29603
29317
29675
29228
29276
29404
29326
29041
28905
29180
29312
29262
29172
28764
28982
29369
28768
28981
28963
29025
29024
28815
29166
29236
29003
28862
29204
29439
29159
28954
28870
29128
29231
29047
29090
29082
28575
28635
29049
29292
29457
29760
29701
29887
29822
29981
30105
29902
30175
30171
30134
29749
30500
30434
29995
30027
29651
29944
30249
29719
30470
30166
30117
30104
30000
30088
30135
30250
29869
30235
30057
30177
30000
30326
30257
30148
30041
30287
30281
30156
30251
30481
29812
30153
29684
29920
29913
29991
29609
29999
30034
29862
30380
30067
30158
29975
30205
29755
30113
30065
29805
29864
30108
29904
29709
30083
29937
29967
29817
30141
30109
30539
30060
30296
30189
30241
30159
30303
29801
30321
30201
29826
30255
29918
30238
30096
30370
30193
30238
30063
30127
30084
30059
30352
30053
30008
29783
29866
30089
30203
30119
30182
30013
29978
30356
30139
30201
30112
30380
30387
29926
30116
30110
29733
30092
30054
30361
30072
29970
30229
30072
30077
30217
30130
30151
29926
30058
29890
30104
29861
29991
29864
30298
29972
29938
30172
30080
30168
30056
30211
29892
30299
30044
29922
30201
30007
29762
29910
30154
30020
30114
30178
30033
29969
29790
29969
30031
30404
29833
29903
29786
29980
30093
30037
30265
29709
29885
29800
29859
29809
29700
29412
29120
29014
28830
28838
28787
28810
29119
28912
29120
29338
28922
29103
29155
29451
28955
29011
28978
29184
28800
28722
28743
28820
29074
28871
28660
28817
28961
29404
28618
28930
29202
29223
28875
29187
29015
29252
29292
29357
29615
29399
29671
29702
29431
29569
29649
29579
29255
29481
29549
29367
29719
29493
29564
29802
29509
29760
29627
29466
29684
29770
29509
30146
29982
29909
29844
29995
29740
29483
29754
29804
29602
29574
29877
29745
29561
29400
29110
29154
28626
28561
28441
28730
28454
28719
28677
28532
28635
29016
28803
28466
28784
29034
29038
29162
28953
29111
29341
29189
29349
29389
29221
29214
29491
29468
29465
29505
29730
29525
29647
29740
29521
29774
29990
29468
29801
29792
30012
29943
29628
29843
29562
29883
29351
30008
29679
29678
29698
29604
29791
29787
29536
29541
30140
29665
29946
29920
29516
29939
29778
29971
29779
30079
29828
29967
29824
29571
29433
29598
29402
29068
28931
29059
28900
29072
28721
28808
29231
28975
29306
29484
29284
29662
29483
29591
29775
29896
29736
29679
29964
29681
29472
29783
29760
29637
29763
29957
30253
29994
30037
30096
30123
29662
29900
29940
29816
29623
29814
29880
29899
29761
29797
29867
29748
29375
29437
29647
29533
29475
28746
28927
29287
29084
29046
29060
28900
28978
29135
28995
28689
29049
29285
29322
29472
29479
29672
29838
29692
29798
29710
29692
29497
29496
29823
30064
29986
29969
29791
29765
29737
29712
29839
30006
29692
30026
29659
29674
29379
29799
29950
29819
29787
29590
29692
29975
29832
29682
29611
29597
29441
29812
29465
29615
29722
29335
29476
28997
29305
29207
29149
29141
28967
29065
29113
29326
28916
28788
29145
28801
28783
28832
28697
28788
29071
28828
28935
28889
28904
28943
28938
28958
28767
29109
29134
29321
29316
29312
29491
29503
29429
29852
29501
29523
29753
29658
29823
29398
29610
29685
29604
29907
29836
29408
29421
29672
29718
29691
29686
29639
29514
29603
29285
29546
29316
29292
29206
29312
29068
29177
29144
29173
29279
28844
29369
28742
29158
29206
28934
29099
28885
28767
28822
28902
29072
28922
28733
29254
29113
29048
28497
28891
29075
29131
28612
28711
28949
28918
28547
28452
28776
28821
29279
29221
29489
29284
29723
30010
29906
29461
29799
29949
29965
29715
30091
30009
30094
29938
30167
30172
29941
30086
29965
30151
30021
30355
30137
30022
30193
30412
30167
30001
29943
29756
30162
30099
30381
30209
29934
30000
29929
29902
30104
29865
30078
29995
30142
30231
30340
30010
30158
29829
29979
30305
30603
30328
29895
30097
30112
30134
29899
30307
30116
29823
30009
29991
29905
29986
30114
30048
30386
30148
30409
30145
30084
30061
30210
29917
