29646
29588
29590
29638
29770
30019
29927
30105
30094
29542
29860
29583
29817
29871
29979
29502
29686
29842
29649
29650
29567
29768
29849
29774
29831
29954
29991
29863
29946
29821
30082
29658
30021
29595
29863
29966
30183
29684
29932
29816
29663
29706
29951
29875
29746
29830
30048
29855
29914
29814
29928
29986
29925
30164
29709
29653
29839
30131
29972
29704
29632
29716
29928
29713
29743
29418
29710
29917
29873
29874
29796
29464
29531
29319
29373
29273
29058
28701
28390
28457
29163
28916
28746
29115
29178
29218
29372
28994
29465
28923
29034
28941
29089
29260
29085
29073
29149
29264
28980
28983
29049
29444
28915
28912
29260
29066
29118
29013
29243
28881
29195
29164
29156
29086
28983
28917
28983
29033
29127
29169
29021
29167
29331
29299
29208
29194
29099
29195
29077
29075
29082
29202
29597
29204
29231
29219
29420
29088
29061
29198
29164
29274
28912
28642
28663
28677
29026
28963
28485
28832
28730
29054
28641
28645
28773
28762
28946
28898
28955
28705
28585
29116
28770
28808
28908
28773
28728
28860
29195
29181
28963
28719
29060
28888
29043
29235
29289
28746
29033
29270
29178
29315
29434
29509
29135
29178
29289
29357
29500
29197
29137
29502
29195
29390
29263
29285
29287
29439
29899
29598
29501
29559
29613
29402
29757
29312
29754
29687
29638
29374
29384
29701
29048
29373
29472
28784
28615
28733
29221
28793
28535
28915
28991
28955
28957
28869
28838
29233
29045
29318
29075
29019
29553
29385
29337
29354
29261
29646
29548
29360
29468
29749
29809
29803
29374
29437
29321
29885
29577
29463
29390
29835
29423
29343
29631
29609
29405
29582
29488
29611
29355
29309
29264
29130
29416
28902
28765
29020
28734
28826
28703
28553
28815
28971
28716
29303
29129
29120
29469
29216
29476
29055
29237
29794
29400
29526
29608
29541
29431
29529
29634
29483
29415
29725
29572
29441
29453
29253
29422
29593
29432
29700
29190
29358
29512
29259
29056
29182
29405
29248
29201
29309
29114
29137
29183
28973
29079
29294
29105
29190
29309
28860
29071
28696
29155
28832
29041
28825
28992
29162
28781
28875
28770
28912
28524
28722
28726
28818
29030
29043
28862
28628
28879
28789
28400
28813
28870
29103
29155
29047
28967
29109
29429
29129
28965
29380
29340
29427
29526
29227
29594
29193
29204
29034
29301
29337
29071
29204
29259
28904
29178
29253
28960
29547
29229
29305
29230
29312
29075
29247
28928
29101
28890
29077
29117
28986
29036
29234
29357
29304
29090
29156
29097
28889
29318
29338
29170
28908
28807
29124
29196
28944
28966
29295
29145
29024
29384
29305
29632
29359
29431
29069
29128
29034
29521
29010
29317
29076
29397
29249
28810
28771
28879
28823
29506
29656
29481
29640
29720
29654
30030
29874
29758
29434
29737
29819
29718
29774
29974
29610
30262
29658
29966
30091
29605
29644
29745
29469
29950
29605
29725
29558
30045
29978
29652
29893
29721
29690
29905
29878
29784
30060
29812
30008
30113
29963
29929
29952
29760
29846
29625
29564
29798
29712
29739
30076
29991
29905
30039
29946
29779
29922
29609
29903
29967
29976
29802
29868
29759
29576
29743
29993
29850
30005
29960
29807
29838
29601
29656
29766
29737
29661
29594
29654
30138
29873
29477
29714
29835
30121
29971
29956
30014
29685
29595
29758
29833
29866
29745
29815
30066
29642
29901
29719
29878
29866
29742
29881
29852
29705
29787
29878
29546
29842
29633
29976
29732
29807
30163
29708
29657
29857
29418
29806
29782
29690
29626
29385
29900
29832
29622
29422
29956
29806
30047
29692
29656
29770
29559
29442
29631
29772
29711
30160
29735
29336
29405
29927
29797
29361
29985
29869
29726
29854
29374
29878
29722
30135
29812
29557
29833
29637
29605
29421
29643
29819
29855
29690
29546
29655
29568
29602
29796
29525
29917
29515
29080
29384
28869
28579
28850
28555
28991
29132
29004
29138
29457
29353
28975
29461
29312
29393
29269
29290
29272
29260
29458
29295
28993
28960
29217
29291
28747
28962
28809
28983
28846
28737
28910
29058
28816
28778
29015
28761
28972
29178
28853
28783
28844
29082
29278
28991
29070
29142
29040
29243
28999
29039
29256
29317
29216
29077
29304
29574
29108
29170
29415
29370
28926
29630
29222
29306
29085
29355
29277
29150
29464
29138
29099
29140
29355
29377
29159
29238
29107
28842
28636
28300
28610
28841
28531
28860
28313
28827
28790
29333
28877
28454
28950
28841
28530
28430
29072
28770
28797
28868
28931
28939
28833
28861
28692
29329
28669
28982
29276
29264
28924
29130
29259
28930
28974
29272
29183
29512
28943
28947
29486
29058
29754
29306
29224
29141
29064
29166
29516
29260
29207
29373
28964
29581
29144
29434
29310
29263
29488
29575
29578
29471
29595
29365
29260
29049
29105
29270
29096
29200
28921
28631
28429
28792
28869
28479
28828
28754
28945
28911
29142
28906
28733
29033
28972
29047
29323
29238
29286
29292
29793
29145
29563
29279
29461
29465
29413
29669
29615
29459
29426
29319
29626
29514
29719
29469
29852
29474
29208
29571
29481
29027
29246
29046
29107
28752
28713
28854
28651
29002
29230
29139
28619
28880
28877
28717
28957
28952
28862
28866
28850
29154
29114
29477
29236
29078
29340
29201
29533
29225
29566
29263
29545
28982
29463
29402
29423
29501
29560
29464
29655
29571
29251
29424
29526
29088
29373
29135
29627
29375
28987
29176
29323
29223
28918
29219
29298
29241
29146
28946
29063
29089
29086
28965
29280
28971
28971
28672
28809
28906
28918
28942
28978
28794
28835
28819
28788
28975
29015
28862
28660
28522
28798
29111
29141
28665
29026
29046
28871
28706
28804
28360
28931
28820
28983
28937
29088
29037
29150
29340
29256
29081
29316
29311
29280
29187
29720
29179
29041
29426
29247
29051
29182
28961
29219
28874
28922
29155
29090
28948
28949
29112
29160
28952
29056
28548
28872
29238
29197
28680
29139
28946
29099
29059
28934
28923
29175
29090
29009
29008
29036
29155
28960
28871
29035
29045
29175
28962
29363
28975
29267
29063
29054
28989
28959
28830
28843
28655
28778
28566
28767
28945
29353
29599
29752
29194
29404
29252
29581
29721
29514
29679
30001
29668
29435
29299
29549
29605
29626
29553
29894
29625
29496
29782
29494
29802
29403
29562
29525
29725
29750
29684
29943
29507
29827
29714
29740
29996
29851
30011
29702
29492
30007
30120
29766
30050
29890
29564
29715
29636
29839
29929
29453
30002
30058
29806
29866
29796
29927
29710
29819
29858
29599
30076
29800
30057
29764
29876
29974
29708
29907
29766
30227
30038
29829
29667
29789
