31611
31532
31669
31772
31474
31463
31335
31859
31683
31533
31788
31692
31486
31570
31619
31360
31604
31857
31642
31606
31794
31590
31834
31669
31584
31618
31896
31763
31644
31546
31543
31786
31417
31548
31431
31874
31689
31796
31706
31755
31733
31283
31333
31562
31484
31730
31490
31400
31683
31372
31499
31698
31570
31621
31603
31451
31532
31294
31567
31643
31078
31458
30806
30952
31270
30788
30838
30417
30493
30118
30109
29778
29780
29720
29514
29066
28894
28678
28932
28879
29288
29400
29424
29450
29814
29868
30034
30487
30501
30144
30434
30384
30526
30777
30839
30904
31009
31113
30917
31156
31303
31288
31237
31160
31545
31384
31456
31582
31313
31561
31388
31528
31920
31475
31496
31380
31745
31341
31538
30974
31638
31477
31470
31714
31822
31627
31240
31712
31343
31831
31117
31401
31588
31491
31532
31430
31223
31451
31089
30926
30613
30464
30111
29910
29625
29264
29193
29693
29594
29686
29909
29907
30217
30036
30089
30633
30118
30387
30977
30967
31157
31135
31059
31027
31308
31220
31580
31563
31395
31467
31509
31220
31466
31838
31466
31266
31638
31903
31744
31164
31472
31532
31538
32129
31914
31651
31825
31663
31481
31795
31239
31553
31283
31799
31885
31632
31565
31291
31683
31485
31447
31672
31594
31377
31572
31762
31326
31442
31345
31634
31064
31470
31443
31191
30611
30681
30291
29763
30082
30380
30502
30444
30332
30740
30711
30727
30910
31060
31371
31548
31319
31369
31659
31615
31358
31840
31753
31838
31661
31628
31512
31599
31671
31579
31668
31803
31731
31426
31218
31483
31598
31863
31453
31735
31783
31718
31381
31847
31401
31351
31360
31450
31534
31202
31291
31318
31040
31014
30799
30420
30455
30185
29942
30315
30621
30619
29886
30565
30853
31083
30895
31133
30880
31518
31385
31306
31184
31601
31646
31379
31358
31634
31704
31807
31627
31554
31345
31479
31577
31576
31732
31574
31842
31425
31594
31347
31706
31662
31818
31537
31239
31536
31939
31682
31643
31612
31335
31723
31341
31261
31921
31706
31317
31677
31525
31361
30995
31243
31561
31335
31251
30954
31148
30844
30891
30770
30557
30378
30175
30085
29934
29938
29699
29196
28816
29051
28870
29933
29790
30207
30149
30334
30540
30933
30626
30913
31021
31494
31248
31576
31441
31355
31740
31392
31560
31424
31770
31582
31323
31166
31487
31687
31878
31755
31562
31475
31540
31414
31617
31628
31548
31432
31538
31171
31604
31530
31760
31703
31444
31334
31421
31340
31373
31436
31442
31347
31515
31366
31243
31172
30887
31078
31029
30438
30382
30244
30379
30695
29944
30062
29901
29963
29804
29667
29513
29828
29536
29188
28924
28881
28947
28909
29075
29127
29505
30131
30316
30622
30495
30901
31099
31118
31131
31093
31461
31434
31331
31477
31383
31793
31477
31478
31500
31590
31628
31781
31456
31557
31522
31366
32022
31407
31146
31741
31781
31698
31743
31752
31489
31598
31671
31559
31550
31791
31308
31587
31915
31561
31785
31413
31569
31306
31729
31406
31584
31813
31812
31796
31749
31587
31563
31863
31332
31881
31356
31332
31612
31496
31786
31537
31735
31340
31825
31388
31887
31930
31298
31674
31508
31530
31539
31413
31218
31458
31582
31732
31818
31543
31580
31607
31784
31668
31528
31981
31432
31108
31873
31657
31548
31622
31910
31861
31681
31593
31189
31801
31849
31764
31465
31557
31295
31843
31848
31457
31502
31808
31486
31412
31445
31611
31527
31704
31838
31737
31499
31705
31855
31619
31701
31566
31507
31554
31821
31777
31702
31693
31654
31609
31731
31570
31578
31309
31594
31833
31379
31456
31634
31514
31713
31569
31334
31559
31397
31744
31371
31349
31249
31700
31929
31450
31222
31689
31602
31793
31483
31365
31407
31155
31471
31018
31130
31273
30716
30680
30290
30045
29709
29509
29305
28557
28764
28778
28634
28819
29047
29583
29130
29289
29482
29562
29705
29847
30063
30132
30177
30268
30452
30528
30685
30807
30863
30796
30641
31231
31105
31278
31113
31277
31490
31398
31482
31640
31511
31721
31331
31626
31545
31482
31096
31412
31354
31631
31528
31370
31629
31584
31403
31643
31404
31544
31575
31422
31726
31348
31599
31232
31143
31250
31602
31306
31307
30898
31452
31453
31194
31220
30803
30968
30388
30498
30189
30429
29826
29724
29400
29391
29187
29454
29129
29260
29346
29904
29927
30134
30197
30361
30736
30814
30466
31054
30960
31033
30931
31302
31156
31426
31070
31503
31344
31379
31361
31609
31296
31500
31801
31457
31610
31806
31774
31559
31527
31269
31455
31586
31518
31528
31466
31606
31615
31220
31560
31245
31450
31654
31534
31755
31694
31501
31565
31418
31795
31397
31445
31506
31477
31353
31194
31419
31141
31074
31139
30734
30724
30707
30518
30149
30489
29991
30051
29752
30468
30397
30375
30890
30860
31036
30922
31045
31440
31198
31464
31299
31662
31273
31027
31568
31400
31622
31441
31116
31634
31380
31801
31709
31566
31503
31853
31588
31531
31258
31636
31253
31345
31524
31418
31556
31574
31522
31309
31633
31491
31382
31026
31009
30769
30993
30635
30657
30577
30506
30160
30250
30043
29957
30065
30258
30525
30411
30833
30884
30960
31271
31072
31482
31056
31318
31467
31342
31434
31677
31386
31530
31217
31133
31528
31603
31332
31842
31734
31418
31531
31734
31648
31218
31593
31872
31677
31466
32085
31929
31685
31656
31385
31516
31160
31702
31293
31506
31181
31678
31536
31349
31224
31187
31482
31303
31166
31294
31024
30894
31212
30642
30881
30668
30559
30325
30189
29961
30140
29831
29838
29468
29712
29815
29637
29303
29055
29437
29518
29852
30102
30592
30890
31071
31004
31353
31057
31196
31691
31201
31204
31499
31514
31697
31467
31504
31679
31571
31292
31415
31517
31133
31515
31304
31558
31129
31543
31751
31259
31457
31759
31487
31447
31405
31310
31243
31508
31354
31608
31335
31234
31330
30830
30964
30814
31122
30850
30601
30760
30799
30506
30749
30414
30512
30440
30284
30065
29876
29813
29684
29657
29338
29239
28881
28782
28651
29006
28926
29243
29729
29733
29680
30209
30198
30414
30808
30505
30796
30949
30598
31132
31471
30985
31474
31509
31343
31310
31485
31295
31564
31259
31578
31710
31646
31545
31824
31585
31555
31597
31730
31459
31952
31393
31821
31690
31636
31507
31420
31467
31399
31696
31381
31553
31878
31629
31747
31767
31527
31735
31819
31658
31792
31835
31669
31720
31656
31537
31541
31575
31864
31558
31850
31694
31763
31240
31774
31996
31700
31945
31732
31871
31720
31294
