29451
29501
29406
29667
29232
29547
29743
29395
29583
29644
29262
29572
29723
29635
29659
29333
29304
29635
29736
29544
29386
29446
29392
29309
29454
29427
29575
29967
29637
29742
29681
29416
29462
29597
29138
29496
29419
29448
29307
29407
29534
29309
29653
29397
29586
29355
29583
29361
29456
29376
29607
29484
29489
29526
29473
29264
29394
29417
29345
29588
29379
29530
29141
29440
29595
29439
29830
29323
29188
29106
29339
29104
29176
29399
29210
29126
28781
28317
28654
28887
28894
28732
29026
29453
29346
29259
29341
29308
29180
29104
29322
29406
29215
29346
29336
29359
29454
29327
28966
29208
28978
29306
28810
28978
29030
29290
28856
28876
28971
29309
29034
29073
29185
28944
28898
29027
28987
29009
28877
28820
29129
28751
29183
29000
29055
29179
29032
29359
29244
28897
29020
28752
29118
28956
29023
28630
29055
28946
28823
28484
28560
28687
28666
28383
28512
28440
28555
28179
28770
28776
29097
29144
28904
28950
28725
28835
29027
28914
28693
28934
28700
28735
28743
28692
29027
28605
29045
28794
28597
28792
28594
28729
28961
28656
28905
28667
28689
28586
28780
29117
28486
28950
28660
28955
28750
28736
28844
28746
28682
29066
28679
28806
28702
28937
28942
28998
29078
29057
29158
29220
28707
28816
29281
28910
28855
29127
29361
28680
28743
29286
29039
28942
28805
28857
28947
28436
28474
28512
28513
28674
28694
28538
28629
28337
28764
28754
28571
28776
28556
28847
28877
28789
28970
28671
28901
29147
28908
28840
28864
28825
28829
29245
29294
29191
28963
29456
29434
29191
28863
29310
29079
28948
28880
29056
28924
28968
29127
28944
29019
28650
28719
28962
28983
28487
28637
28697
28687
28505
28447
28486
28586
28692
28403
28392
28756
28684
28638
28559
28945
28844
28925
28620
28897
29027
28702
28808
29135
29205
28891
28971
29041
28967
28747
28800
29128
29296
29247
28843
29144
28942
28871
28886
28636
28736
28735
28981
28936
28635
28551
28834
28513
28649
28798
28810
28789
28835
28617
28637
28813
28922
28488
28638
28367
28548
28667
28662
28555
28667
28685
28633
28881
28699
28728
28563
28837
29013
28772
28829
29126
28950
28612
28473
27905
28406
28366
28392
28443
28638
28777
28708
29128
28821
28948
29118
29132
29027
28950
29080
29267
28851
28909
29318
29219
28917
28902
28809
29169
28753
28465
28737
28935
29174
29022
28915
28753
29042
28851
28926
28857
28742
29000
29035
28989
28914
28824
29241
29048
29121
28995
29081
28989
29174
28909
29278
29079
28956
29701
28875
28805
29021
29217
29189
29166
28951
28878
29481
29339
29205
29210
29273
29166
29349
29265
29253
29262
29386
29683
29005
28787
28488
28645
28338
28443
28709
29026
29208
29379
29005
29310
29580
29400
29560
29563
29510
29371
29629
29445
29282
29231
29346
29593
29378
29070
29739
29892
29415
29418
29503
29432
29580
29473
29585
29620
29682
29694
29606
29772
29577
29653
29434
29266
29470
29217
29849
29530
29422
29521
29729
29564
29269
29391
29208
29502
29354
29931
29741
29270
29472
29412
29603
29480
29718
29400
29807
29632
29315
29329
29425
29622
29516
29397
29491
29535
29923
29541
29336
29733
29355
29453
29506
29601
29353
29675
29658
29302
29375
29441
29518
29602
29539
29888
29430
29501
29685
29686
29551
29327
29435
29419
29537
29436
29496
29621
29461
29271
29311
29576
29684
29497
29726
29486
29459
29143
29621
29461
29359
29768
29298
29755
29200
29841
29733
29715
29429
29371
29494
29378
29854
29622
29336
29164
29529
29659
29502
29670
29401
29480
29349
29311
29278
29747
29446
29612
29496
29562
29627
29425
29351
29382
29535
29254
29246
29171
29531
29639
29377
29479
29495
29763
29526
29811
29496
29438
29419
29464
29157
29412
29360
29284
29200
29312
29410
29363
29100
29314
29348
28878
29083
28643
28757
28445
28449
28454
29010
28889
28940
28954
28900
29174
29282
29188
29217
29254
29090
29136
29369
29317
29420
29208
28888
29168
29283
29249
28994
28916
28877
29052
29112
29279
28833
28936
28853
29216
28941
28851
28850
28871
29151
29014
29085
28978
28762
28880
28912
29012
28621
28772
29166
29023
28759
28947
28788
28593
28980
29147
28914
28787
28894
29053
28798
29070
28825
29090
28684
29030
28510
29112
28903
28817
28655
28862
28745
28857
28776
28702
28187
28306
28039
28463
28242
28666
28714
28661
28930
28392
28454
28714
28698
28966
28645
28697
28420
28618
28922
28711
28460
28661
28455
28592
28694
28665
28767
28690
28680
28661
28546
28598
28453
28783
28531
28572
28798
28758
28407
28404
28499
28579
28879
29171
28504
28612
28838
28331
28970
28912
28744
28708
28679
28876
28809
28779
28859
29000
28992
28732
28885
28979
28644
28749
29022
28968
28663
28635
28711
28764
28723
28683
28465
28536
28458
28460
28244
28487
28488
28503
28285
28818
28637
28824
28791
28774
28386
28937
28837
28492
29096
28935
29031
28792
28680
28843
29085
29108
28840
29008
29020
29297
28962
29149
28880
28843
28888
28896
28612
28971
28903
28830
28602
28869
28835
29063
28493
28765
28315
28725
28541
28524
28931
28691
28358
28628
28635
28358
28313
28321
28122
28496
28621
28741
28361
28716
28659
28832
28934
28781
28997
29055
28886
28616
28943
28739
28783
28732
28961
28868
28929
28640
28690
28703
28823
28957
29061
28835
28734
28500
28624
28788
29018
28799
28679
28469
28680
28855
28812
28701
28556
28516
28601
28644
28410
28813
28413
28715
28775
28663
28586
28832
28782
28665
28528
28573
28611
28675
28527
28452
28924
28958
28848
28819
28961
28692
28922
28613
28402
28508
28223
28255
28264
28287
28544
28666
29043
28514
28694
28565
29012
28849
28861
28583
29137
28724
28877
28665
28791
28750
28769
28766
28762
28871
29198
28999
29275
28895
28715
28829
29107
29137
28625
28804
28867
28603
29230
28964
28877
28972
28989
29063
29195
28943
29070
28912
29066
28831
28957
28892
28918
28932
29107
29146
29133
29227
29329
29271
29281
29017
29059
29051
29115
28860
28935
28963
28485
28531
28725
28286
28536
28824
28812
28811
28935
29208
29246
29563
29375
29461
29285
29286
29207
29384
29058
29648
29828
29727
29146
29438
29368
29680
29093
29659
29662
29686
29217
29387
29353
29658
29499
29426
29717
29613
29566
29362
29175
29622
29205
29500
29246
29564
29272
29503
29715
29546
29121
29413
29317
29440
29611
29417
29439
29555
29535
29536
29512
29799
29616
29494
29567
29471
29307
29599
29780
29799
29622
29368
29246
29266
29545
29514
29309
29429
29104
29647
29489
29479
