29148
28994
29209
29250
29141
29400
29356
29148
29138
29508
29648
29011
29469
28971
29200
29169
29342
29473
29200
29419
28959
29134
29020
29198
29216
29349
29086
29283
29053
29446
29100
29384
29263
29386
29325
29039
29313
29364
29189
29474
29549
29248
29413
29207
29327
28891
29126
29126
29299
29036
29316
29362
29505
29205
29401
29189
29473
28969
29405
29069
29272
29217
29181
29284
29164
29323
29465
29165
28821
29264
29169
29058
29391
29090
28887
28824
28627
28672
28400
28545
28480
28457
28665
28813
28802
28854
28657
29153
28934
29178
29317
28917
29381
29346
28962
28838
29134
28984
29212
29178
29392
29257
29098
29054
28952
28971
28926
29008
28809
29007
29276
28902
29152
29045
28745
29062
29224
28878
29189
28888
28783
29273
29045
28935
28562
28833
28851
28632
29126
29115
28812
28974
28983
28526
28637
28826
28922
29048
28773
28644
28959
28410
28502
28332
28277
28048
28116
28373
28697
28497
28443
28602
28639
28673
28526
28921
28759
28816
28706
28549
28626
28211
28762
28548
28735
28440
28823
28578
28554
28606
28518
28761
28533
28912
28462
28917
28563
28806
28542
28531
28734
28321
28631
28414
28700
28649
28457
28492
28474
28763
28153
28662
28230
28442
28755
28311
28109
28395
28472
28390
28375
28263
28298
28710
28404
28622
28458
28195
28479
28443
28326
28260
28378
28353
28194
27824
28073
27885
28090
28306
28040
28136
27980
28163
28191
27994
28406
28391
28085
28222
28267
28214
28246
28256
28108
27970
28048
28091
28365
28090
28386
28172
28243
28512
28202
28288
28540
28267
28147
28225
27950
28572
28499
28252
28412
28522
28374
28178
28387
28277
28010
28215
27970
27981
28055
28244
28290
27989
27886
28286
27937
28109
27892
28300
28100
28162
28321
28124
28318
28203
28421
28291
28439
28652
28443
28637
28445
28376
28142
28404
28371
28504
28375
28535
28455
28356
28466
28344
28281
28577
28022
28424
28446
28800
28284
28538
28310
28366
28663
28314
28498
28358
28723
28671
28633
28458
28509
28765
28694
28347
28648
28777
28860
28588
28550
28650
28836
28982
28350
28723
28684
28903
28371
28548
28720
28440
28858
28536
28666
28556
28650
28538
28319
28398
28374
28479
28384
28637
28757
28716
28743
28892
28877
28887
28738
28759
29171
28815
29098
28783
28894
28802
29296
29115
28932
28914
28981
29397
28852
29017
29078
29138
29016
29113
28880
28775
28980
29155
29445
29094
29096
28999
29095
28991
28965
29215
29170
29218
29042
28797
29050
29315
29276
28814
29184
29138
29090
29220
28902
28772
29133
29100
28838
29355
29137
29044
29250
29361
29031
29082
28865
29256
28984
28930
28955
28858
28781
28808
28734
28631
28236
28196
28548
28715
28720
28974
29053
29425
29241
29039
29224
29182
29254
29160
29253
29083
29147
29137
29377
29450
29329
29347
29212
29325
29233
29381
29265
29452
29321
29075
29312
29331
29331
29068
29470
29088
29253
28977
29365
29258
29228
29123
29374
28996
29241
29273
29392
29079
28927
29225
29224
29576
28857
29287
29216
29243
29205
29477
29353
29256
29603
29289
29018
29438
29162
29477
29506
29067
29130
29303
29022
29131
29370
29510
29218
29390
29149
29406
29150
29199
28935
29531
29148
29221
29245
29207
29080
29475
28891
29182
28976
29434
28970
29271
29258
29001
29256
29226
29462
29202
29407
29219
29171
28891
29522
29241
29066
29151
29186
29068
29201
28972
29344
29178
29012
29174
29631
29431
29118
28981
29169
29555
29231
29179
29265
29000
29147
29019
29073
28957
28921
29052
29205
28999
29213
29455
29215
29615
28959
29369
29286
29248
29138
29411
29023
29074
29431
29209
29170
29450
29212
29203
29474
29263
29107
29148
29428
29190
29249
28834
29221
29340
29197
29032
29047
29187
28932
28952
29257
29427
29095
28848
29088
29370
29278
29253
28819
28884
28782
28417
28297
28262
28680
28657
28523
28803
28883
28835
28962
29023
28999
28821
28913
29210
29239
29006
29142
29015
28930
29057
29087
29003
29099
29332
29106
29041
28842
28935
29051
29244
28986
29294
28830
29048
29064
28915
29094
28984
29037
29050
28822
28786
28974
29081
28944
28736
29004
29181
29144
29083
28888
28855
28719
28740
28921
28658
29135
28983
28769
28921
29045
28787
28872
28797
28615
28738
28836
28834
28772
28740
28626
28651
29084
28457
28555
28400
28649
28288
28179
28193
28204
28460
28501
28050
28769
28762
28434
28313
28607
28512
28422
28564
28804
28639
28328
28568
28758
28496
29003
28461
28510
28314
28609
28664
28349
28196
28662
28643
28516
28635
28340
28060
28479
28458
28729
28272
28501
28273
28453
28382
28420
28046
28268
28477
28182
28230
28347
28314
28394
28445
28080
28142
28348
28283
27974
28178
28433
28275
28506
28296
28767
28444
27992
28018
28342
28003
28008
27861
28040
27366
27634
27960
28089
27876
28063
28051
28466
27844
27819
27734
27719
28094
28125
27880
28186
28090
28419
28166
28247
28113
28199
28223
28247
28407
28568
28344
28296
28371
28210
28234
28366
27896
28152
28126
28394
28251
27850
28211
28095
28088
28160
28179
28025
28071
27779
28031
28105
28377
28136
28104
28157
28000
28104
27864
28190
27877
27944
27951
27876
28099
28442
28271
28190
28254
28343
28113
28251
28410
28693
28327
28434
28436
28548
28443
28263
28441
28551
28212
27999
28457
28231
28217
28463
28772
28335
28641
28644
28433
28238
28578
28348
28202
28524
28334
28373
28565
28520
28577
28386
28840
28827
28568
28645
28608
28801
28698
28523
28456
28788
28844
28719
28856
28596
28758
28578
28805
28687
28442
28941
28427
28718
28210
28459
28626
28100
28185
27951
27915
28524
28457
28571
28456
28864
28776
28840
29035
28803
28827
28783
28948
28536
29032
28636
28758
28840
28632
28872
28924
28963
28791
28994
28953
28796
29065
28801
28909
28917
29471
28991
28686
28986
29274
29212
29094
28917
28904
29211
29054
28778
29191
29223
29087
29175
29004
28966
29077
29386
29047
28884
29283
29235
28806
28812
28891
28668
29016
28982
28761
29101
28565
28608
28409
28355
28163
28436
28362
28653
28627
28803
28878
29367
29306
29192
28957
28817
29130
29259
28969
29535
29023
29118
29184
29152
29075
29266
29126
29108
29376
29361
29175
29182
29190
29153
29345
29412
29009
29055
29174
29030
29378
28956
29346
29676
29060
29042
29492
29444
29290
29353
29207
29060
29369
29207
29223
29317
29549
29070
29546
29367
29382
29170
29082
29149
29144
29157
29120
29174
29075
29202
29469
29077
29385
29119
29009
29113
29270
29526
29235
29310
29263
29111
29224
29378
