29463
29381
29620
29702
29149
29314
29401
29205
29269
29004
29413
29048
29239
29141
29310
29168
29511
29322
29102
29366
29503
29366
29162
29045
29279
29289
29469
29324
29321
29232
29538
29217
29292
29253
29475
28977
29283
29352
29475
29183
29326
29284
29292
29511
29565
29507
29030
29279
29029
29183
29084
29323
29304
29599
29083
29041
28640
28946
29125
29563
28900
29252
29390
29228
29323
29134
29394
29123
29192
29216
29044
29109
29055
29088
28658
29097
28923
28644
28574
28108
28394
28723
28567
28809
28916
29260
29151
28984
29242
29114
29156
29207
29015
28997
29261
29116
29140
29537
28858
29215
28860
29019
29193
29443
29272
29165
29280
29480
29257
29190
29088
29510
29307
29233
29086
29164
29098
29156
29053
29147
29054
29137
29142
29373
29112
29162
29017
29189
29379
29162
29328
29156
29322
29174
29247
29111
29113
29139
29013
29207
29057
28970
29082
28754
28481
28558
28446
28591
28681
28584
28894
28823
28938
29348
28729
28976
29214
29047
28902
28946
29092
29015
29201
29193
28888
29038
28858
28903
29099
29022
28880
28649
29222
29144
28919
28740
28935
28943
29112
28757
28846
28937
28817
28704
29040
28767
28654
28580
28659
28754
28388
28780
28707
29052
28715
28975
28768
28979
28579
28469
28657
28613
28724
28383
28621
28692
28333
28372
28622
28489
28430
28224
28031
28164
28060
27991
27686
27627
27881
27763
27730
28165
28234
28145
27731
27810
27940
27927
27732
27730
27813
27776
27467
27132
27596
27352
27189
27199
27201
27175
26929
27291
27143
26924
27087
27433
27306
27151
27178
27060
27040
27049
27247
27324
27186
27059
27020
27328
27148
27482
27311
27639
26974
27490
27595
27770
27431
27651
27697
27502
27357
27827
27260
27841
27921
27987
28049
28188
28166
28180
28337
28082
27918
28285
28133
28360
28621
28372
28388
28421
28680
28717
28464
28290
28480
28461
28614
28838
28442
28594
28610
28953
29066
28802
28844
28864
28857
28830
28846
28832
28776
28887
28867
28855
29108
29084
28984
28754
29049
29037
29089
29039
28793
29141
29159
28924
29121
29225
29135
29258
29127
29317
28919
28792
29037
28997
28890
28918
28938
28817
28817
28402
28765
28701
28421
28637
28821
28913
28770
29019
29132
29178
28943
29058
29121
28957
29306
29249
29204
29309
29346
29057
29144
29091
29240
29081
29025
29026
29255
29321
29549
29016
29098
29570
29276
28792
29182
29315
29239
29056
29080
29343
29213
29227
29513
29200
29429
29565
29202
29324
29423
28989
29493
29232
29285
29141
29064
29173
29362
29179
29414
29134
29253
29080
29130
29367
29514
29254
29409
29351
29077
29287
28779
28808
28782
28703
28734
28677
28745
28345
28443
28474
28813
28538
29324
29193
29036
29300
29210
29263
29130
29290
29142
29241
29130
29183
29164
29030
29343
29133
29403
29393
29304
29027
29136
29278
29468
29124
29448
29448
28832
29249
29208
29322
29448
29508
29509
29250
29088
29107
28903
29218
29178
29030
29350
29090
29648
29340
28921
29293
29163
29289
29348
29429
29376
29298
29037
29087
29366
29492
29175
29185
29382
29159
29273
28937
29429
29264
29111
29445
29237
29111
29269
29032
29271
29198
29352
29723
29509
28929
29242
29272
29479
29007
29508
29223
29396
29491
29442
29035
29321
29347
29510
29502
29137
29375
29303
29382
29499
29141
29266
29190
29454
29243
29300
29126
29059
29236
29120
29262
29300
29336
29120
29122
29298
29196
29519
29187
29289
29214
29074
29118
29362
29396
29325
29314
29359
29418
29361
29383
29209
29137
29149
29196
29087
28980
29317
29022
29212
29363
29433
29332
29351
29159
29239
28982
29140
29016
29121
29177
29287
29224
29087
29304
29312
29045
29093
28899
29166
29433
29431
29189
29141
29275
29007
29335
29591
29006
29135
28863
28862
29248
29058
29262
29053
29145
29304
29149
28695
28478
28401
28222
28607
28132
28512
28568
28663
28953
28812
28866
29023
28820
29004
29025
29118
29192
29253
29246
29175
29144
29169
29453
29087
29376
29067
29026
28924
29338
28873
29378
29138
29306
29317
29034
29179
29272
29186
29163
29113
28925
29493
29013
28952
29201
29411
29356
29048
29279
28960
29192
28777
29088
29100
29034
29138
28993
29485
29046
29145
29143
29081
29133
29053
28888
29069
28875
29007
28982
28963
28794
28678
28627
28773
28918
29305
28728
28554
28265
28292
28618
28241
28393
28787
28679
28648
29123
28587
28721
29222
28723
28630
28827
28757
28791
29064
28556
28950
28869
28767
28870
28575
28884
28719
28605
28895
28878
29043
28909
28727
28446
28912
28862
28301
28967
28921
28682
28837
28982
28928
28264
28811
28397
28660
28417
28769
28602
28697
28409
28570
28641
28675
28701
28438
28660
28735
28365
28429
28413
28126
28507
28207
28122
28426
27965
27893
28029
27954
27814
27779
27806
27503
27699
27650
27592
27689
27543
27332
27499
27702
27353
27221
27138
27174
27022
27211
26916
27131
27019
27372
27014
27307
27339
27059
27195
26972
26890
27158
26873
27111
27233
27067
26977
27002
27214
27151
27385
27191
27325
27302
27114
27238
27505
27484
27663
27715
27966
27773
27636
27499
27952
28207
28289
27796
27755
28000
27697
27938
27877
27894
28139
28098
27783
28510
28090
28356
28488
28267
28630
28189
28564
28433
28189
28451
28505
28662
28465
28751
28616
28187
28926
29035
28595
28367
28880
28724
28743
28569
28635
28774
28992
28830
28633
28602
29011
28964
28974
28762
28918
28861
28985
28913
28770
29086
28982
28542
28495
28918
28777
28748
28584
29135
28854
29042
28844
28926
28966
28920
28673
29045
28887
29005
28859
28745
29052
28545
28477
28307
28558
28511
28600
28595
28668
28876
28893
29021
28586
29067
28738
29212
29148
29213
29190
29146
29284
28757
29189
28929
29489
29173
29288
28812
29091
29153
29166
29084
29371
29489
29360
29125
29208
29307
29116
29208
28966
29312
28894
29044
29130
29321
29134
28889
29156
29244
29022
29041
29062
29112
29061
29482
28989
29031
29267
28954
29172
29080
29046
29008
29086
28753
28556
28508
28911
28266
27978
28297
28396
28763
28777
28811
28728
28779
29457
29019
29092
29265
29359
29167
29275
29192
29396
29494
29486
29111
29144
28935
29413
29339
29077
29319
29242
29207
29206
28978
29244
29237
29288
29234
29082
29045
29338
29233
29370
29237
28953
29428
29182
29593
28969
29083
29209
29095
29189
29060
29259
29089
29347
29101
29106
29387
29389
29300
29164
29152
29183
29127
29376
29523
29397
29265
29031
29428
29029
29131
29243
29176
29556
29252
29090
29407
29398
29347
29324
29257
