29059
28931
29069
29123
29116
29073
29303
29123
29126
29150
28999
29239
29085
29307
28836
29259
29094
29018
28862
29233
28878
29129
28965
29016
28888
29079
28583
28727
28748
28613
29162
28854
28694
28743
28967
28924
29094
29153
28885
29213
28851
29144
29024
29307
29054
28617
29094
29136
28811
29318
28861
28890
29208
28570
28941
28842
28930
29221
28986
29105
28968
28835
28751
29172
28961
29145
29098
29059
29034
28893
29028
28822
28607
28901
28787
29020
28605
28522
28085
27873
28198
28042
28328
28810
28292
28689
28791
28897
28841
28639
28943
28797
28988
28973
29095
29218
28799
28890
29011
29075
28552
28741
28418
28939
28910
28676
29223
28763
28903
29107
28994
28782
28753
28951
29174
28898
29088
29108
29099
28858
29166
29044
29021
29326
28901
29181
28815
28862
28823
29309
29178
28950
29153
29357
28967
28718
28623
28863
28776
28878
28769
28720
28581
28399
28506
28253
28324
28415
28662
28878
28797
28912
28351
28850
28625
28679
29048
28728
28661
28770
28846
29064
29058
28712
28835
28942
28738
28989
28793
28841
29024
29106
28950
28949
28843
28976
28901
28852
28958
29093
28765
29051
28809
29018
29137
28837
29072
28741
28499
29005
28655
28577
28431
28735
28939
28786
28628
28647
28658
28720
28893
28674
28510
28558
28926
28680
28432
28486
28642
28657
28373
28386
28476
28587
28240
28070
27967
27768
27968
27831
28172
28191
27846
27982
27728
27614
27397
27375
27363
27368
27018
26692
27048
26350
26182
26071
25849
25863
25475
25669
25373
25692
25821
25710
26049
26193
26345
25990
25919
26262
25969
25748
25735
25838
25577
25422
25426
25861
25969
25782
26257
26326
26711
26985
27131
27030
27363
27450
27237
27541
27390
27302
27868
27780
27955
28199
28275
28180
28287
28569
28532
28645
28418
28561
28554
28456
28421
28567
28849
28639
28818
28813
28541
28480
28684
28920
28867
28945
28737
28317
28785
28901
28834
28738
28820
28611
28702
28970
28637
29053
28877
28997
28839
28769
28748
29065
28888
29122
28998
29064
28788
28893
28927
28880
28878
28703
28937
29020
29240
28840
28773
29177
28718
29006
29132
28873
28574
28932
28819
28823
28578
28296
28117
28327
28358
28203
28627
28724
28984
28758
29016
28747
28789
28832
29141
29048
29072
29071
28956
29016
29033
29143
28968
29205
28834
29035
28975
28771
28794
29049
28714
28677
28896
28705
28899
29167
28983
29056
29118
29133
28938
28969
29050
28701
29139
28738
28787
28938
28985
29098
28910
29012
28877
29039
28871
29509
29102
29070
28942
29065
29069
28790
28988
28948
29083
28814
29223
28597
29027
28763
29007
28646
28697
28514
28751
28620
28702
28479
28193
27944
27729
28377
28318
28765
28740
28882
29256
28739
28800
28921
29030
28959
29136
29078
28856
28845
28851
29037
29068
29200
29020
28917
29029
28621
28709
28862
28727
28864
29095
29155
29217
28881
28910
29204
29052
29340
28719
28920
28912
28802
28823
28980
29108
28990
29010
28880
29090
29136
29069
28920
28948
29315
28499
29074
29101
29187
28964
29256
29293
29220
28888
29160
29023
28748
28690
28843
29198
28822
29031
29435
29285
29051
29203
29027
28909
29016
28823
29182
29111
28827
28993
28872
28692
28906
28816
28989
28963
29148
28655
28861
29072
28970
28790
29027
28920
28868
28935
28858
28965
28824
29032
28838
29198
29193
29044
28733
28922
28882
28972
28688
28910
28920
28967
28964
28921
28986
29030
28845
29053
29015
29077
29111
28866
29236
28939
29296
28918
29157
29235
29318
28881
28744
29189
29098
29050
28892
29247
29253
28838
28898
28823
28990
29266
28916
29021
28614
29085
29153
29095
29117
28849
28853
29016
28732
28842
28632
28705
28982
29241
28769
28951
29189
28828
28719
28850
28948
29087
28841
29096
28760
29009
29116
28981
28763
28872
28704
28934
28739
28435
28637
28391
28072
28046
28152
27905
28403
28409
28632
28382
28548
28612
28860
28837
28575
28727
28957
29302
29098
28928
28976
28803
28735
28777
28967
28973
28987
28679
28959
28810
28882
28969
28858
28692
28857
28938
28533
28782
28575
28755
29084
28894
28935
29002
28862
28740
28879
28913
28864
29116
28825
28832
29171
28911
28887
28591
29114
29043
28647
28754
28679
29127
28726
28876
28742
28752
28850
28722
29006
28885
28889
28732
28785
28504
28476
28923
28755
28391
28713
28150
28147
28151
28393
28190
28716
28620
28443
28820
29028
28996
28532
28894
28919
28681
28698
28790
28915
29047
28679
28761
28593
28746
28805
28611
28651
28885
28685
29100
28681
28828
28810
29008
28787
28553
28902
28688
28229
28678
28504
28765
28720
28585
28735
28336
28630
28782
28599
28718
28603
28544
28545
28627
28728
28228
28435
28343
28620
28357
28351
28294
28219
28633
28211
28099
28009
28292
28012
28030
27922
28092
27650
27607
27395
27633
27299
27346
27312
26983
26856
26767
26687
26619
26153
26173
25674
25520
25347
25791
25308
25501
25575
25858
25948
26172
26023
26373
25928
26005
25762
25594
25598
25411
25403
25425
25806
25734
25811
26332
26214
26573
26723
26657
26752
27213
27417
27403
27719
27582
27778
27611
28152
27958
27935
27783
27642
27874
27907
27883
28035
28316
28457
28116
28291
28301
28415
28662
28502
28602
28482
28283
28810
28714
28571
28610
28396
28701
28705
28484
28428
28654
28797
28644
28692
28743
28581
28663
28681
28821
29104
29043
28767
28627
28889
28960
28872
28685
28644
28433
28601
29043
28908
28588
29025
28931
28734
28863
28667
28788
28748
29077
28860
28829
28974
28703
28908
28858
28851
28916
28505
29042
28624
28777
28579
28494
28350
28200
28419
28082
28062
28226
28646
28857
28508
28420
28653
28595
28984
29010
28910
28913
28923
28908
28964
28805
28904
29111
28750
28962
29031
28812
29089
28909
29116
28897
28611
28714
28872
29211
28892
29189
29116
28752
28604
28879
28722
28686
28973
28629
28843
28550
28919
29123
28981
28751
28869
28923
28709
28768
28983
28617
28861
28883
28870
28756
28758
28463
28641
28795
28469
28203
28442
28192
28489
28298
28351
28443
28277
28413
28731
28530
29001
28870
28941
28997
29063
28848
28815
28706
28773
29053
29035
28871
29008
28965
28883
29248
29186
29274
29387
28895
28663
29002
28817
28771
29115
29155
29149
28873
29013
29032
28992
28954
28946
28854
29125
28900
29276
28956
28943
28955
28957
29082
28629
28791
29295
28617
28828
28990
28843
29056
28796
29046
28875
28965
28838
28765
29132
29012
28823
29137
29099
28809
28883
29025
29152
28868
29144
29179
28802
28838
28981
29274
29205
29195
