29002
28879
28962
29080
29089
29394
28949
28877
28829
28954
28842
28963
28983
29210
28981
28876
28868
28954
28923
29053
28739
28915
29361
28788
28702
28736
29297
28761
28902
29095
28901
28773
29185
28920
28851
29018
28881
29160
28775
29091
28844
28947
28804
29110
28756
29049
29109
28742
28777
28794
28835
28762
28886
28897
28789
28789
28828
29239
28866
28841
28845
28940
28756
29185
28732
28736
29160
28730
28934
28955
28998
28980
28658
29108
28748
28335
28750
28869
28495
28356
27993
28351
28110
28204
28288
28614
28360
28449
28717
28743
28902
28929
28858
28808
28869
29028
28996
28957
28869
28832
29018
28922
28893
28707
28835
28846
29149
28839
28792
28820
28852
28957
28682
29001
28979
29117
28809
28897
28839
28886
28820
28953
28994
28880
28907
28945
28957
28980
29262
28876
29044
28969
28948
28704
29067
28956
29364
28989
28724
28989
28838
28542
28514
28501
28543
28294
28358
28079
28811
28534
28706
28573
28944
28571
28819
28802
28933
28667
28723
28737
29008
29128
28697
29117
28648
29077
28643
28731
29147
28700
29191
29320
28840
28513
28939
28858
28846
28832
28860
28862
28918
28629
28765
28793
28512
28665
28941
28864
28804
28880
29069
28910
28562
28488
28998
28902
28950
28839
28645
28780
28837
28857
28445
28788
28757
28670
28700
28594
28507
28596
28657
28324
28616
28514
28097
28508
28509
28197
28331
28137
28057
28146
28124
28196
27964
28274
27689
27670
27530
27500
27275
26983
26952
26267
26019
25623
25429
25331
24812
24947
24730
24615
24781
25038
25206
25647
25802
26018
25955
26059
25513
25301
24923
24865
24489
24850
24623
25137
25203
25458
26034
26500
26187
26916
27109
27192
27372
27627
27579
27869
27778
27429
27680
28471
28170
28161
28469
28378
28541
28501
28506
28454
28268
28460
28713
28979
28850
28681
28583
28495
28752
28526
28813
28858
28848
28881
28611
28606
28826
28993
28633
28783
28756
28955
28850
28642
28794
28909
28801
29019
28792
28809
28773
28874
29065
28696
29081
28642
29091
28811
28967
28944
28862
28986
28745
28949
29199
28916
28995
28358
28569
29057
28677
28649
28839
28746
28871
28477
28630
28633
28476
28531
28428
28263
28359
28381
28491
28456
28773
28908
28556
28614
28772
28673
28695
28684
28652
29228
28930
28717
28859
29200
29057
28805
29173
28828
28903
28793
28957
28896
28557
29096
29035
28499
28910
28760
28866
28759
28953
28933
28930
29055
28800
29039
28558
29210
28928
28648
28952
29130
29069
28677
28802
29058
29386
29136
29010
28715
29019
29079
29117
29131
29002
28474
28801
28757
28953
28694
28733
28833
28736
28715
28537
28709
28457
28228
28424
28326
28467
27943
28027
28348
28527
28678
28748
28689
28706
28821
28949
28830
28618
29008
28788
29244
28701
28738
28931
28999
28873
28911
29211
28985
29120
29177
29124
29284
28853
29181
28835
28783
28944
28934
29083
28798
29063
28880
29056
28864
28960
29225
28711
29055
28934
29002
29047
28822
29186
28911
28716
29068
28667
28981
28824
28902
28880
28969
28731
29046
29083
29000
28729
29083
28996
28805
28981
28705
28706
28937
28867
28562
28825
28792
28772
28942
28978
28890
28773
28817
28757
28920
29167
28932
29049
28736
29057
28789
28875
29084
28842
28882
28868
28737
29058
28812
29065
28696
29001
28842
29153
29129
28807
28701
28870
29368
29066
29245
28850
29149
29086
28544
28752
28864
28824
28859
29077
28994
29099
28912
29089
28739
28897
29065
29164
28915
28982
28984
29007
28723
28980
28809
29006
28868
28810
29033
28601
29087
29199
29031
28894
28845
28753
28844
28839
28805
29092
28920
29006
28893
28296
28908
29125
28919
29143
29132
28863
29080
28569
28750
28929
28662
28702
28791
28953
28970
29016
28741
28898
28786
28636
28573
29095
28746
28665
28636
28733
28849
28645
28761
28498
28598
28214
28240
27835
28131
28198
28094
28380
28236
28574
28697
28214
28608
28565
28417
29004
28826
28662
28691
28698
29077
28706
28958
29119
28748
29006
28496
28631
28733
28628
28857
29037
28766
28870
29308
28853
28851
28747
28934
28804
28996
29204
28942
28590
28782
29150
28827
28880
28714
28815
28665
29089
28815
29217
29043
28745
28731
29042
28982
28925
28866
28695
28883
28889
28902
28790
28641
28600
28643
28947
28712
28550
28860
28814
28512
28714
28692
28575
28294
28407
28434
28287
28434
28454
28368
28289
28464
28587
28746
28806
28773
28633
28499
28649
28894
28686
28703
28778
28895
28570
28518
28718
28852
28868
28977
28725
28800
28642
28970
29050
28768
28880
28691
28863
28720
28788
28729
28735
28369
28826
28706
28699
28907
28730
28813
29019
28463
28770
28762
28820
28594
28881
28769
28847
28944
28280
28686
28364
28779
28580
28799
28523
28462
28445
28235
28713
28258
28184
28125
28155
28072
27944
27665
27507
27523
27610
27377
26989
27325
26802
26446
26496
25704
25708
25298
25321
24657
24534
24591
24955
24946
25185
25483
25519
25963
25756
25599
25719
25583
24958
24707
24493
24871
24654
24793
24986
25222
25276
25912
26176
26711
26558
27110
27337
27174
27627
27655
28094
27716
27932
28160
27921
27960
28188
28246
28047
28147
28116
28338
28449
28868
28460
28199
28503
28671
28702
28373
28452
28859
28768
28542
28383
28710
28511
28435
28847
28792
28726
28642
28518
28485
28832
28687
28882
28771
28677
28547
28976
28737
28992
28811
28770
28822
28711
28737
28844
28716
28737
28743
28742
28698
28740
28731
28768
28671
28915
29003
28780
28698
28726
29049
28739
28867
28658
28938
28536
28892
28544
28622
28542
28550
28888
28618
28405
28401
28247
28545
28365
28380
28395
28734
28565
28658
28899
28871
28864
29124
28781
28715
28862
28605
28889
28772
28851
28942
28642
28791
28699
28900
28839
29138
29101
28860
29131
28953
28955
28757
29013
28522
28752
29129
28948
29207
28841
28907
28877
28649
28860
29155
28768
28732
28825
28791
28773
28976
28598
29034
28973
29001
28896
29085
28678
28575
28774
28773
28776
28747
28405
28534
28412
28549
28271
28306
28591
28110
28444
28486
28771
28451
28815
28862
28774
28994
28758
28858
28995
28743
28708
29088
28739
28853
28803
28875
28938
28909
28890
28713
28872
28924
28867
28747
28960
28924
28762
29221
28907
28601
28902
29145
28760
28422
29108
28636
29112
28988
28561
28942
28819
28916
29100
28895
28841
29222
29057
29055
28897
29113
28783
28664
29271
28985
28831
29077
28757
29016
29143
28896
28860
29119
29075
28849
28823
29097
28950
29186
29138
28911
28979
28733
29023
28826
29104
28804
28512
