6966
6914
7011
7000
6942
6880
6848
7049
6975
7051
6998
7001
6988
6972
6906
7002
6992
6851
7049
6983
6920
6896
6782
7020
6975
6879
7166
7018
6908
6933
7104
7012
6898
6723
6983
7036
6966
6841
6929
6871
7050
7047
7025
6943
6816
6994
6795
6921
6762
6840
6819
6878
6739
6876
6814
6772
6679
6829
6691
6755
6750
6516
6421
6175
6084
5881
5812
5690
5628
5521
5389
5287
5496
5389
5434
5258
5196
5176
5162
5228
5175
5252
5307
5266
5271
5349
5277
5356
5434
5445
5616
5632
5573
5828
5636
5828
5854
6013
5920
6160
6119
6097
6121
6292
6449
6532
6535
6524
6722
6511
6630
6666
6533
6679
6685
6667
6636
6736
6865
6807
6993
6697
6677
6772
6819
6654
6949
6782
6579
6797
6653
6697
6705
6672
6708
6552
6640
6424
6156
6232
6007
5906
5589
5673
5514
5391
5360
5270
5272
5210
5380
5354
5399
5322
5515
5598
5555
5604
5621
5832
5920
5875
6007
6114
6214
6313
6234
6367
6475
6575
6578
6506
6613
6745
6626
6806
6759
6929
6788
6807
6811
7048
6832
6687
6934
6899
6855
6936
6973
6743
6807
6877
6778
6749
6805
6791
6921
6702
6890
6869
6714
6858
6870
6747
6823
6913
6746
6624
6554
6678
6486
6410
6218
6036
6009
5790
5760
5730
5561
5694
5545
5725
5655
5739
5799
5865
6010
6130
6218
6423
6440
6423
6572
6638
6710
6717
6746
6582
6872
6802
6763
6721
6875
6900
6979
6816
6846
6921
6720
6794
6906
6967
6871
6880
6838
6813
6916
6784
6794
6679
6643
6656
6595
6546
6431
6344
6277
6123
5899
5789
5701
5582
5593
5515
5587
5625
5596
5798
5864
6032
6048
6190
6326
6529
6531
6487
6627
6748
6629
6833
6829
6679
6833
6864
6740
6870
6910
6946
6897
6965
6922
6806
6862
6858
6865
6843
6947
6934
6760
6883
6833
6893
6803
6904
6953
6856
6712
6854
6663
6777
6707
6821
6674
6788
6644
6624
6495
6447
6415
6288
6098
6077
6017
5909
5885
5743
5807
5607
5543
5404
5367
5397
5345
5293
5220
5272
5349
5299
5388
5508
5644
5548
5737
5971
6120
6153
6356
6327
6563
6509
6668
6823
6675
6688
6761
6770
6862
6833
6832
6771
6789
6802
6878
6833
6843
6808
6725
6702
6772
6780
6847
6827
6756
6686
6776
6778
6613
6694
6570
6416
6264
6508
6165
6292
6214
6254
6094
6008
5927
6003
5802
5910
5752
5629
5485
5577
5452
5447
5237
5299
5255
5163
5128
5227
5177
5185
5223
5219
5083
5163
5175
5219
5281
5427
5563
5498
5630
5878
6024
6107
6200
6396
6467
6446
6603
6655
6623
6790
6714
6874
7009
6727
6923
6790
6847
7018
6887
6866
6933
6836
6943
6768
6907
6951
6863
6853
6864
6964
6834
7031
6945
6978
7152
7081
6925
6908
6835
6938
6979
7128
6937
6991
6928
7046
6982
6921
6931
7087
6941
7019
7100
6828
6985
6926
6996
6980
6911
7007
7069
6948
6984
6905
6859
7008
6944
6984
6856
6937
6861
7080
6853
7007
7079
7053
7013
6933
7040
7060
6958
6941
6920
7025
6986
7000
6955
6982
6988
7001
6978
7031
7117
7068
6914
6986
6958
6956
7004
6882
6989
7062
7037
6869
6956
7030
7094
6976
6907
7107
6972
7015
6954
6949
6909
6842
7062
7053
7094
7029
6958
7036
6936
6896
7047
6941
6948
6914
6964
6911
6835
6879
6985
6939
6985
7006
6979
7019
6909
6987
7013
6901
6900
7001
7006
6811
6846
6836
6855
6844
6902
6858
6798
6829
6799
6792
6742
6662
6686
6636
6670
6404
6472
6314
6238
6036
5899
5782
5680
5560
5443
5285
5295
5399
5241
5195
5077
5158
5064
5085
5093
5181
5139
5224
5388
5498
5301
5545
5475
5706
5580
5583
5683
5804
6019
6034
6049
6045
6105
6341
6287
6370
6439
6450
6611
6547
6557
6392
6684
6879
6803
6729
6744
6658
6756
6698
6842
6824
6622
6862
6868
6805
6612
6778
6780
6743
6822
6846
6668
6735
6746
6699
6744
6645
6639
6511
6441
6320
6169
6120
6024
5800
5750
5644
5420
5473
5295
5158
5342
5272
5251
5176
5255
5275
5354
5551
5410
5618
5664
5833
5841
6023
6038
6090
6157
6225
6199
6457
6615
6532
6515
6698
6619
6679
6769
6710
6838
6780
6905
6859
6882
6920
6795
6772
6863
6784
6965
6785
6731
6993
6955
6869
6745
6822
6980
6706
6977
7051
6846
6746
6833
6876
6739
6754
6712
6647
6647
6723
6566
6540
6435
6368
6241
5945
5905
5791
5821
5778
5662
5487
5512
5487
5631
5636
5815
5917
6126
6104
6240
6440
6330
6432
6563
6552
6749
6888
6714
6772
6878
6867
6907
6793
6658
6888
6923
6691
6933
6836
6740
6815
6836
6678
6960
6665
6860
6985
6929
6818
6711
6673
6775
6611
6444
6520
6376
6288
5991
6028
5872
5728
5791
5582
5582
5573
5647
5683
5743
5803
5838
6020
6128
6098
6297
6482
6470
6518
6670
6580
6814
6717
6654
6729
6808
6900
6817
6868
6761
6849
6923
6843
6942
6899
6887
6903
6960
6936
6826
6893
7035
6810
6919
6809
6817
6794
6898
6782
6827
6603
6733
6707
6567
6671
6412
6500
6488
6443
6337
6172
6213
6209
6048
6052
5929
5741
5659
5684
5624
5514
5549
5480
5471
5356
5298
5281
5190
5160
5180
5442
5372
5462
5577
5701
5824
6005
6169
6251
6229
6439
6547
6572
6620
6839
6747
6726
6783
6783
6688
6619
6780
6761
6781
6754
6647
6764
6755
6830
6726
6781
6696
6760
6602
6714
6573
6743
6483
6592
6313
6330
6230
6358
6394
6286
6284
6118
6144
5896
5887
5966
5966
5768
5703
5765
5592
5669
5480
5466
5324
5265
5296
5361
5335
5232
5207
5097
5233
5146
5150
5134
5086
5175
5195
5257
5414
5445
5551
5765
5764
5759
6021
5893
6085
6281
6282
6554
6483
6553
6672
6638
6640
6569
6786
6850
6789
6988
6938
6986
6955
6925
6882
6945
6960
7061
6727
7105
6969
6886
6933
7059
6893
7019
6962
6789
6893
7059
6866
6939
7013
6923
6920
7098
6956
6933
6998
7030
7040
6989
7006
6882
7007
6947
6943
6985
6992
7002
7100
7055
7029
6956
6981
7062
6928
6931
7019
6933
7054
