2112
2154
2100
2112
2085
2086
2087
2094
2142
2175
2188
2213
2150
2110
2066
2162
2185
2149
2175
2080
2120
2117
2048
2107
2081
2111
2187
2123
2104
2094
2137
2184
2115
1985
2094
2163
2101
2112
2147
2079
2173
2143
2098
2202
2105
2079
2019
2076
2064
2087
2065
2086
2099
2128
2033
2092
2031
2147
2007
2004
2070
2029
1992
1828
1832
1813
1758
1757
1667
1662
1649
1614
1689
1624
1632
1590
1576
1576
1541
1569
1561
1624
1582
1640
1592
1682
1617
1663
1662
1640
1712
1723
1739
1751
1757
1767
1805
1834
1809
1852
1850
1927
1883
1880
1930
1972
1991
2023
2046
2016
2038
1976
1997
2002
2015
2041
2072
2072
2138
2090
2040
2067
2011
2060
2110
2010
2189
2055
1992
2046
2100
1992
2040
2031
2133
2034
1994
1981
1928
1959
1872
1770
1741
1749
1713
1656
1638
1597
1606
1645
1645
1635
1605
1626
1678
1672
1654
1701
1723
1718
1805
1807
1801
1799
1900
1891
1901
1922
1982
1964
1962
2056
1987
2031
2012
2106
2131
2094
2111
2055
2083
2131
2100
2012
2187
2144
2186
2117
2067
2008
2114
2091
2043
2080
2078
2142
2093
2097
2086
2060
2012
2063
2055
2104
2094
2076
2063
2001
2063
1985
1948
1868
1915
1827
1860
1774
1824
1794
1681
1744
1657
1760
1744
1704
1734
1775
1830
1878
1891
1951
1980
1950
1958
1982
2030
2093
2051
2034
2098
2028
2054
2045
2099
2097
2133
2030
2067
2145
2067
2059
2083
2134
2111
2130
2112
2079
2147
2026
2050
2037
2067
2004
2016
2052
1964
2007
1853
1836
1784
1780
1696
1712
1705
1696
1632
1727
1716
1845
1880
1850
1792
1869
1963
1980
1982
1968
2089
2045
1972
1998
2113
2049
2112
2076
2064
2099
2052
2138
2069
2189
2146
2172
2124
2095
2045
2180
2187
2084
2105
2114
2139
2070
2076
2097
2163
2117
2077
2047
2094
2050
2003
2066
2006
2030
2031
2058
1970
1959
2030
1870
1884
1918
1750
1759
1763
1802
1749
1767
1693
1648
1623
1684
1641
1664
1612
1572
1635
1620
1728
1662
1690
1682
1795
1828
1863
1866
1902
1938
2062
1937
2026
2118
2060
2030
2051
2033
2076
2024
2121
2115
2033
2043
2117
2141
2050
2036
2096
2095
2067
2060
2127
2115
2051
2064
2119
2070
2049
2023
2007
2007
1879
2048
1817
1907
1841
1883
1827
1882
1805
1849
1827
1823
1742
1730
1691
1699
1650
1661
1495
1598
1608
1552
1572
1579
1544
1583
1545
1608
1578
1562
1591
1565
1603
1696
1697
1686
1767
1730
1824
1881
1907
1970
1953
2010
2027
2012
2109
2049
1975
2138
2132
2018
2081
2119
2115
2183
2066
2067
2115
2082
2083
2042
2076
2185
2078
2069
2080
2176
2107
2105
2113
2103
2135
2201
2153
2172
2068
2100
2122
2123
2096
2161
2107
2198
2146
2116
2100
2107
2141
2150
2080
2042
2193
2162
2108
2136
2074
2210
2141
2098
2090
2113
2083
2114
2124
2123
2057
2063
2125
2212
2102
2088
2218
2182
2197
2115
2091
2115
2179
2151
2114
2124
2132
2113
2173
2152
2190
2160
2077
2218
2151
2110
2119
2169
2083
2097
2065
2223
2138
2160
2140
2116
2156
2171
2189
2138
2014
2106
2175
2142
2102
2186
2111
2121
2195
2188
2175
2142
2127
2166
2161
2076
2233
2177
2125
2087
2115
2149
2091
2091
2173
2038
2103
2113
2088
2180
2044
2127
2098
2071
2150
2116
2160
2051
2129
2088
2022
2114
2079
2100
2091
2157
2109
2041
2118
1978
2081
2100
2028
1967
1964
1976
1882
1793
1804
1756
1746
1646
1665
1613
1571
1693
1613
1581
1544
1578
1531
1507
1477
1603
1541
1538
1620
1661
1657
1694
1670
1714
1731
1678
1739
1776
1810
1865
1823
1879
1835
1902
1956
1961
2042
1984
2038
1969
2031
1903
2047
2107
2015
2077
2068
2026
2070
2085
2120
2096
1995
2031
2090
2047
1936
2064
2029
2014
2080
2108
2118
2070
2010
2023
2074
1970
1977
1995
1927
1909
1878
1838
1826
1728
1738
1751
1646
1686
1674
1566
1613
1650
1648
1573
1566
1611
1632
1666
1667
1770
1820
1778
1797
1852
1861
1850
1913
1930
1874
1950
1983
2001
1950
2081
2012
2107
2049
2072
2058
2068
2111
2187
2063
2103
2013
2119
2074
1996
2204
2081
2139
2224
2217
2151
2024
2101
2135
2114
2123
2146
2105
2013
2057
2160
2033
2043
2060
2005
2064
2016
1984
2002
1968
1949
1879
1834
1758
1740
1762
1754
1718
1670
1674
1714
1720
1781
1749
1755
1843
1886
1912
2029
1948
1904
2005
1978
2015
2055
2012
2006
2101
2125
2003
2063
1989
2110
2047
1972
2105
2069
2065
2063
2157
2027
2126
2011
2064
2011
2007
2072
2019
2040
2024
1964
1952
1945
1983
1885
1833
1783
1784
1769
1840
1706
1706
1732
1706
1706
1795
1779
1791
1789
1868
1836
1986
1957
1965
2034
2009
1958
2128
2066
2026
2058
2066
2053
2090
2093
2058
2070
2122
2056
2135
2064
2119
2093
2119
2104
2179
2058
2088
2041
2159
2057
1951
2023
2112
2050
2113
2082
2042
2054
2042
2008
1960
2014
1980
1986
1967
1807
1850
1950
1877
1855
1786
1782
1818
1698
1764
1714
1705
1644
1709
1621
1665
1582
1524
1569
1539
1662
1677
1655
1783
1823
1829
1827
1891
1946
1873
1994
2008
2009
2059
2052
2098
2133
2055
2065
2053
1977
2112
2076
2078
2057
2014
2038
2080
2066
2099
2055
2038
2037
2025
2037
1940
2059
1948
2042
1981
1919
1930
1987
1923
1882
1882
1888
1924
1809
1766
1899
1794
1831
1738
1735
1629
1691
1746
1676
1642
1624
1595
1598
1649
1631
1618
1549
1588
1589
1545
1616
1541
1656
1565
1602
1648
1666
1611
1750
1791
1745
1822
1846
1855
1879
1883
2034
1974
2030
2032
2022
2055
1961
2105
2060
2083
2168
2200
2090
2158
2044
2101
2111
2123
2214
2024
2130
2112
2089
2096
2130
2052
2132
2090
2020
2069
2125
2060
2059
2116
2110
2036
2131
2119
2061
2058
2175
2129
2091
2163
2134
2189
2101
2144
2154
2129
2155
2157
2249
2196
2129
2080
2112
2079
2131
2125
2097
2080
