11422
11369
11462
11406
11452
11362
11227
11425
11410
11410
11317
11545
11355
11462
11387
11500
11419
11336
11416
11298
11415
11137
11268
11413
11299
11337
11677
11465
11367
11289
11528
11473
11292
11012
11290
11463
11397
11334
11322
11379
11402
11438
11425
11333
11207
11346
11160
11325
11203
11176
11199
11183
11139
11266
11115
11080
11007
11227
10982
11058
11026
10664
10526
10112
9980
9733
9466
9296
9252
9108
8928
8771
8957
8818
8810
8596
8552
8425
8429
8685
8483
8522
8668
8629
8613
8805
8661
8847
8947
8941
9169
9204
9065
9462
9207
9481
9748
9676
9616
9970
9968
10104
10090
10285
10475
10495
10746
10720
11011
10674
10907
10959
10692
11019
10988
11020
10831
11020
11299
11157
11345
11084
11059
11051
11218
10862
11298
11043
11011
11153
10972
10981
10955
11047
10991
10783
10847
10457
10136
10093
9759
9610
9224
9233
8991
8903
8818
8714
8713
8601
8666
8738
8787
8681
8870
9126
9066
9171
9141
9539
9574
9590
9841
10036
10147
10213
10171
10332
10480
10666
10722
10670
10734
11040
10932
10974
11097
11256
11021
11180
11117
11396
11167
11042
11328
11301
11264
11415
11449
11040
11106
11116
11167
11046
11179
11111
11304
11049
11289
11199
11079
11168
11319
11052
11213
11230
10955
10830
10807
10831
10656
10548
10039
10012
9849
9448
9310
9316
9165
9324
9143
9263
9191
9308
9483
9648
9730
9957
10133
10451
10539
10458
10691
10822
10915
11029
10989
10986
11112
11150
11073
11058
11212
11289
11337
11076
11249
11336
11124
11179
11338
11463
11154
11284
11227
11107
11201
11114
10959
11001
10906
10955
10731
10700
10485
10403
10203
9985
9642
9698
9455
9162
9265
8979
9124
9161
9138
9518
9545
9625
9957
10076
10302
10663
10701
10638
10874
11147
10886
11127
11141
10901
11145
11085
11177
11232
11237
11396
11215
11437
11280
11235
11355
11287
11274
11259
11375
11348
11095
11190
11108
11261
11234
11208
11307
11146
11120
11150
10928
10927
11000
11003
10851
11116
10944
10818
10470
10558
10472
10361
10042
9960
9884
9746
9560
9464
9558
9220
9146
8892
8740
8840
8680
8685
8543
8690
8721
8693
8875
8937
9259
9138
9455
9787
9949
10205
10366
10504
10749
10793
10863
11144
10901
10966
11122
11148
11192
11053
11105
11140
11106
11194
11281
11283
11224
11239
11114
11113
11073
11034
11194
11135
11022
10846
10997
11098
10826
10804
10762
10540
10349
10607
10237
10279
10251
10156
10050
9845
9704
9741
9473
9578
9301
9206
9090
9081
8879
8939
8699
8704
8547
8584
8465
8485
8444
8487
8410
8533
8375
8494
8646
8517
8643
8819
9057
9191
9235
9606
9855
10063
10182
10396
10522
10536
10761
10849
10850
11033
11013
11291
11268
11133
11379
11177
11165
11323
11244
11337
11256
11221
11293
11143
11333
11396
11214
11239
11337
11352
11376
11360
11339
11282
11665
11445
11365
11256
11400
11344
11347
11585
11340
11442
11511
11406
11449
11345
11275
11511
11313
11441
11599
11161
11459
11457
11565
11450
11391
11596
11553
11329
11476
11500
11408
11496
11392
11425
11208
11309
11239
11498
11257
11507
11642
11545
11554
11288
11479
11543
11435
11424
11366
11511
11467
11381
11416
11386
11451
11516
11409
11576
11601
11471
11258
11469
11446
11372
11440
11378
11520
11580
11461
11307
11329
11453
11518
11344
11215
11576
11496
11519
11430
11380
11306
11329
11533
11436
11551
11524
11422
11418
11407
11312
11558
11270
11361
11341
11415
11415
11200
11253
11403
11316
11458
11340
11341
11439
11248
11426
11434
11284
11305
11430
11460
11176
11229
11362
11298
11193
11381
11235
11054
11209
11081
11148
11035
10946
10983
10873
10891
10717
10614
10257
10076
9865
9630
9435
9142
9090
8895
8695
8705
8791
8502
8538
8357
8391
8351
8447
8443
8523
8472
8571
8726
8852
8662
8982
8949
9214
9096
9153
9249
9522
9689
9748
9952
9991
10033
10210
10216
10426
10556
10484
10830
10750
10726
10522
10829
11085
11028
10982
11147
11024
10965
11087
11285
11190
11068
11251
11036
11156
10987
11095
11051
11163
11165
11169
10942
10975
11037
10974
10977
10927
10892
10769
10659
10269
10201
10013
9738
9398
9345
9149
8856
8819
8718
8493
8706
8621
8562
8549
8617
8706
8832
9060
8774
9139
9301
9535
9687
9753
9769
9935
10118
10260
10179
10433
10748
10786
10708
10943
10874
11005
10980
11085
11143
11054
11232
11197
11151
11323
11154
11077
11275
11133
11473
11150
11038
11325
11300
11337
11185
11138
11363
11005
11362
11424
11126
10986
11153
11188
11053
10965
10983
11010
10840
10866
10749
10764
10585
10354
10200
9809
9687
9422
9504
9422
9256
8974
9109
9090
9275
9261
9552
9702
9999
9984
10126
10502
10423
10674
10800
10734
11042
11245
11105
10964
11337
11155
11255
11111
10964
11250
11257
11064
11366
11288
11100
11202
11216
11096
11252
10931
11233
11319
11197
11123
11029
10966
10937
10918
10635
10588
10473
10321
9763
9762
9697
9447
9441
9257
9117
9182
9126
9292
9308
9557
9482
9845
10036
10074
10272
10679
10650
10758
10957
10875
11074
10884
10915
11106
11131
11315
11181
11189
11137
11182
11256
11189
11267
11287
11274
11260
11332
11167
11223
11283
11499
11170
11329
11145
11197
11275
11314
11005
11142
10947
11011
10960
10823
10877
10545
10679
10443
10584
10357
10185
10143
10187
9981
9868
9640
9337
9358
9300
9273
9015
9005
8937
8977
8854
8604
8696
8596
8479
8542
8771
8859
8929
9043
9305
9473
9896
10121
10270
10221
10659
10584
10782
10784
11126
10941
10944
11157
10939
10921
10998
11079
11072
11105
11044
10840
11032
11050
11179
11016
10955
10847
10939
10841
10915
10817
10861
10645
10781
10517
10590
10348
10456
10359
10368
10228
10056
10070
9754
9637
9833
9697
9418
9374
9362
9200
9163
9035
8893
8708
8642
8661
8783
8748
8582
8575
8539
8503
8471
8528
8558
8453
8511
8604
8708
8910
8749
9079
9260
9496
9460
9924
9849
9936
10248
10375
10683
10591
10769
10939
10875
10925
10829
11143
11126
11033
11350
11311
11494
11315
11194
11325
11286
11377
11424
11104
11541
11264
11292
11386
11518
11302
11383
11341
11246
11268
11431
11138
11330
11514
11354
11334
11585
11293
11339
11367
11373
11463
11467
11413
11327
11490
11319
11510
11460
11377
11334
11500
11477
11369
11436
11297
11496
11439
11348
11419
11347
11393
