5668
5618
5715
5678
5661
5604
5555
5671
5672
5748
5661
5676
5711
5702
5595
5677
5677
5556
5773
5667
5667
5572
5473
5769
5673
5619
5805
5695
5621
5624
5792
5715
5586
5460
5652
5712
5638
5594
5642
5572
5725
5722
5698
5682
5502
5647
5512
5627
5495
5574
5518
5617
5513
5681
5545
5474
5445
5554
5443
5459
5504
5290
5215
4972
4973
4774
4676
4618
4568
4553
4398
4273
4437
4382
4417
4275
4239
4154
4171
4173
4193
4286
4318
4236
4281
4364
4294
4370
4436
4456
4556
4589
4523
4732
4567
4690
4754
4931
4846
4954
4996
4956
4950
5074
5217
5277
5364
5316
5513
5265
5429
5388
5313
5469
5443
5331
5384
5477
5606
5497
5656
5444
5385
5442
5560
5392
5646
5502
5338
5526
5398
5410
5433
5434
5449
5327
5420
5248
5001
5114
4870
4845
4554
4606
4474
4391
4375
4275
4305
4235
4381
4396
4404
4320
4494
4500
4500
4614
4537
4751
4780
4764
4882
4935
5063
5085
5073
5170
5285
5352
5342
5340
5354
5457
5347
5602
5479
5615
5546
5548
5582
5734
5507
5427
5626
5622
5618
5639
5672
5493
5527
5584
5499
5443
5522
5575
5640
5444
5554
5552
5487
5583
5547
5514
5564
5594
5468
5372
5351
5382
5272
5144
5059
4918
4950
4722
4649
4661
4515
4613
4464
4651
4579
4650
4685
4765
4887
4972
4997
5206
5223
5230
5365
5391
5440
5455
5530
5383
5577
5529
5521
5462
5598
5607
5627
5473
5544
5573
5481
5478
5642
5680
5595
5587
5527
5521
5648
5479
5546
5427
5398
5375
5346
5292
5216
5235
5101
5000
4800
4753
4610
4553
4548
4450
4503
4561
4570
4724
4777
4911
4929
5045
5180
5347
5308
5264
5392
5446
5390
5550
5542
5436
5531
5582
5457
5557
5629
5619
5568
5609
5652
5534
5564
5610
5604
5635
5685
5609
5511
5625
5567
5598
5494
5611
5750
5630
5494
5535
5424
5507
5464
5548
5450
5531
5391
5360
5310
5221
5195
5131
4940
4981
4821
4801
4797
4681
4773
4600
4514
4382
4390
4359
4355
4302
4291
4274
4344
4290
4437
4477
4539
4527
4688
4832
4955
5027
5141
5176
5396
5332
5432
5562
5452
5421
5478
5487
5591
5523
5551
5477
5532
5532
5582
5585
5532
5563
5516
5443
5530
5490
5558
5575
5452
5440
5527
5545
5408
5441
5324
5235
5045
5302
5032
5146
5048
5047
4923
4913
4840
4878
4764
4802
4643
4590
4460
4502
4405
4411
4217
4278
4263
4197
4166
4261
4190
4211
4232
4200
4156
4228
4206
4214
4338
4420
4506
4461
4588
4775
4910
4950
5076
5242
5301
5264
5354
5421
5369
5560
5449
5573
5701
5450
5616
5569
5500
5695
5564
5617
5613
5524
5656
5455
5644
5693
5605
5596
5603
5663
5529
5693
5630
5704
5775
5780
5648
5602
5573
5626
5686
5716
5663
5678
5595
5798
5630
5636
5629
5758
5693
5749
5759
5503
5656
5687
5668
5677
5624
5703
5797
5674
5690
5610
5592
5672
5683
5714
5559
5640
5580
5798
5549
5700
5757
5761
5697
5631
5697
5700
5725
5668
5617
5725
5699
5641
5681
5654
5701
5686
5666
5692
5786
5738
5639
5678
5622
5656
5683
5594
5664
5726
5700
5575
5667
5749
5764
5662
5626
5762
5666
5722
5674
5629
5556
5596
5694
5757
5797
5726
5667
5725
5674
5592
5700
5616
5589
5651
5649
5660
5583
5592
5696
5578
5685
5720
5633
5718
5605
5694
5690
5635
5608
5667
5711
5502
5580
5553
5573
5569
5625
5552
5537
5544
5503
5554
5526
5367
5509
5408
5471
5231
5262
5154
5028
4952
4805
4704
4584
4548
4445
4238
4233
4367
4254
4256
4121
4171
4075
4127
4088
4222
4166
4216
4351
4464
4306
4503
4435
4651
4550
4530
4554
4742
4886
4928
4863
4956
4929
5141
5113
5151
5195
5211
5387
5306
5327
5212
5449
5634
5508
5464
5494
5384
5494
5454
5564
5541
5415
5537
5578
5531
5283
5533
5507
5471
5567
5572
5430
5439
5457
5435
5482
5387
5451
5310
5279
5098
4963
4919
4872
4713
4671
4577
4427
4445
4321
4191
4338
4343
4280
4220
4252
4275
4393
4541
4423
4533
4577
4741
4753
4908
4864
4901
4988
5096
5014
5250
5377
5331
5313
5478
5338
5444
5491
5486
5548
5531
5605
5610
5608
5606
5508
5493
5566
5484
5650
5496
5479
5695
5728
5587
5490
5507
5679
5470
5687
5744
5608
5456
5550
5593
5485
5464
5486
5405
5384
5458
5298
5275
5267
5218
5104
4830
4850
4724
4775
4727
4590
4441
4461
4486
4558
4579
4725
4784
4962
4989
5095
5293
5172
5200
5345
5338
5513
5590
5494
5477
5593
5549
5584
5489
5411
5625
5584
5414
5598
5581
5485
5520
5584
5454
5647
5420
5599
5679
5638
5573
5475
5445
5472
5356
5254
5306
5189
5082
4855
4931
4785
4721
4705
4515
4549
4543
4568
4567
4658
4720
4745
4873
4952
4973
5123
5275
5279
5296
5427
5352
5565
5455
5389
5501
5525
5568
5538
5649
5458
5557
5616
5545
5704
5626
5651
5647
5663
5621
5597
5573
5708
5599
5628
5527
5483
5450
5567
5530
5538
5427
5501
5438
5310
5394
5217
5307
5268
5255
5127
4951
5019
5043
4944
4932
4815
4651
4611
4685
4596
4492
4494
4482
4516
4376
4263
4305
4160
4191
4196
4438
4387
4446
4504
4651
4767
4863
5042
5059
5042
5266
5323
5283
5371
5538
5450
5485
5472
5534
5409
5380
5502
5519
5512
5458
5402
5476
5485
5558
5456
5550
5430
5494
5313
5407
5316
5497
5254
5355
5153
5180
5078
5212
5168
5073
5105
4998
5011
4820
4821
4918
4830
4715
4673
4668
4524
4615
4443
4468
4308
4302
4321
4355
4367
4273
4202
4091
4265
4151
4163
4174
4151
4234
4189
4299
4404
4415
4502
4682
4684
4652
4890
4835
4935
5102
5128
5280
5265
5356
5456
5417
5403
5313
5537
5580
5505
5673
5670
5692
5683
5600
5516
5624
5618
5726
5442
5777
5669
5521
5701
5693
5639
5692
5656
5521
5594
5715
5523
5639
5728
5586
5593
5785
5662
5610
5641
5728
5719
5683
5716
5582
5716
5658
5683
5649
5667
5656
5794
5773
5789
5591
5682
5697
5615
5669
5700
5653
5730
