10895
10872
10903
10870
10938
10828
10736
10920
10891
10900
10812
10993
10847
10878
10894
10956
10882
10757
10912
10771
10865
10661
10732
10916
10751
10819
11172
10953
10816
10794
11020
10933
10780
10469
10809
10916
10893
10802
10823
10830
10874
10935
10896
10881
10677
10840
10666
10775
10728
10673
10665
10681
10583
10747
10606
10526
10501
10723
10495
10572
10525
10206
10045
9681
9509
9256
9043
8898
8810
8684
8524
8382
8551
8422
8420
8208
8161
8087
7996
8273
8099
8108
8292
8242
8230
8417
8286
8407
8554
8549
8751
8767
8679
9046
8809
9052
9296
9242
9199
9495
9523
9654
9618
9809
10015
10045
10245
10214
10487
10165
10422
10455
10196
10513
10421
10503
10363
10504
10777
10647
10820
10570
10544
10542
10693
10374
10760
10514
10482
10646
10442
10475
10482
10533
10528
10272
10346
9993
9691
9612
9316
9168
8823
8809
8570
8478
8400
8313
8270
8210
8270
8357
8391
8274
8478
8680
8628
8739
8709
9127
9157
9175
9418
9571
9673
9774
9737
9879
10035
10190
10218
10216
10243
10512
10464
10497
10560
10753
10537
10683
10564
10902
10681
10498
10786
10777
10766
10902
10933
10553
10554
10607
10662
10559
10619
10635
10810
10526
10769
10695
10592
10671
10779
10517
10694
10704
10448
10337
10291
10365
10147
10030
9598
9547
9428
8996
8912
8890
8749
8893
8708
8878
8792
8876
9062
9236
9265
9498
9705
9975
10066
10000
10231
10365
10423
10557
10487
10480
10595
10653
10631
10541
10670
10806
10849
10565
10732
10833
10624
10678
10831
10946
10673
10758
10724
10621
10714
10619
10452
10537
10399
10473
10256
10193
9949
9912
9774
9560
9244
9240
8983
8744
8812
8570
8736
8778
8728
9101
9101
9198
9461
9603
9856
10180
10176
10146
10362
10652
10365
10639
10635
10410
10616
10545
10634
10712
10718
10846
10681
10916
10787
10733
10829
10769
10721
10697
10890
10845
10578
10638
10612
10756
10696
10682
10781
10645
10620
10659
10441
10464
10504
10518
10354
10620
10427
10352
10055
10074
10003
9918
9574
9546
9426
9304
9126
9046
9140
8834
8714
8496
8366
8435
8279
8280
8149
8268
8285
8285
8499
8487
8812
8718
8999
9321
9528
9708
9836
10017
10243
10310
10363
10618
10438
10469
10614
10623
10656
10548
10635
10616
10613
10666
10752
10756
10737
10748
10593
10608
10611
10538
10655
10657
10535
10347
10496
10588
10337
10316
10254
10058
9835
10132
9747
9797
9806
9722
9559
9396
9269
9270
9032
9165
8855
8785
8659
8702
8447
8551
8298
8306
8177
8149
8066
8085
8058
8118
8006
8152
7967
8114
8237
8159
8231
8395
8617
8772
8807
9152
9429
9596
9686
9918
10050
10066
10250
10371
10337
10522
10490
10801
10749
10608
10824
10656
10659
10826
10735
10800
10797
10711
10753
10588
10839
10847
10671
10711
10817
10823
10826
10851
10838
10753
11168
10906
10817
10739
10872
10807
10799
11053
10804
10919
10972
10883
10906
10798
10775
10994
10779
10914
11054
10616
10955
10935
11039
10944
10884
11079
11022
10802
10929
10947
10884
10977
10866
10925
10676
10801
10705
10986
10746
11018
11132
11048
11007
10771
10958
10978
10904
10893
10857
11002
10948
10833
10880
10864
10941
10951
10928
11041
11116
10976
10714
10953
10902
10845
10950
10845
10993
11070
10955
10775
10845
10940
11015
10834
10729
11098
10991
11005
10912
10902
10762
10763
10974
10956
11019
10985
10877
10910
10885
10825
11040
10758
10808
10802
10883
10874
10647
10695
10866
10811
10972
10848
10870
10931
10734
10914
10910
10757
10774
10907
10946
10648
10676
10842
10767
10675
10863
10732
10563
10719
10596
10629
10538
10456
10466
10384
10394
10190
10102
9764
9615
9425
9216
9046
8705
8638
8491
8299
8310
8385
8110
8147
7975
8003
7980
8035
8080
8144
8044
8160
8345
8454
8284
8565
8493
8801
8697
8713
8841
9076
9283
9287
9513
9505
9585
9749
9751
9947
10061
9966
10355
10235
10240
10020
10296
10608
10487
10474
10667
10473
10457
10583
10792
10704
10559
10741
10525
10681
10437
10614
10579
10672
10634
10666
10419
10463
10576
10468
10484
10463
10373
10266
10142
9779
9720
9545
9338
8998
8912
8711
8440
8447
8316
8106
8297
8214
8177
8165
8223
8284
8426
8637
8407
8716
8893
9076
9228
9318
9320
9504
9644
9822
9707
9976
10239
10290
10215
10399
10332
10507
10481
10582
10627
10560
10713
10700
10636
10829
10653
10593
10766
10635
10954
10656
10531
10802
10793
10824
10665
10661
10845
10496
10856
10911
10648
10497
10675
10665
10553
10459
10463
10468
10377
10360
10247
10276
10100
9866
9696
9341
9274
9010
9051
8992
8830
8549
8701
8670
8893
8838
9106
9254
9526
9545
9672
10031
9907
10142
10300
10250
10539
10713
10573
10448
10800
10650
10737
10557
10441
10748
10733
10594
10887
10765
10575
10717
10677
10599
10704
10416
10721
10824
10678
10601
10511
10486
10415
10414
10116
10109
10000
9864
9317
9328
9281
9014
9029
8846
8719
8752
8692
8848
8879
9099
9044
9391
9571
9611
9766
10183
10173
10270
10476
10400
10544
10384
10437
10610
10645
10813
10658
10676
10635
10647
10804
10692
10728
10751
10732
10740
10830
10661
10693
10734
11021
10637
10839
10650
10702
10754
10802
10517
10646
10425
10510
10427
10321
10383
10068
10182
9977
10117
9869
9767
9663
9738
9500
9431
9252
8923
8908
8888
8848
8594
8624
8517
8606
8444
8198
8309
8195
8089
8142
8368
8428
8526
8648
8900
9051
9411
9649
9807
9729
10169
10067
10286
10301
10624
10476
10446
10599
10434
10440
10489
10591
10592
10600
10529
10340
10528
10549
10693
10503
10444
10346
10476
10374
10391
10328
10374
10168
10250
9995
10072
9859
9961
9885
9885
9738
9621
9593
9293
9161
9391
9207
8963
8969
8989
8795
8724
8624
8465
8302
8228
8246
8357
8359
8180
8187
8125
8102
8064
8141
8155
8049
8120
8216
8303
8494
8388
8685
8858
9051
8995
9459
9371
9484
9790
9903
10213
10117
10268
10456
10361
10389
10319
10582
10623
10579
10815
10799
10952
10775
10676
10807
10764
10837
10920
10591
10985
10770
10764
10866
10989
10797
10875
10819
10714
10761
10893
10661
10770
10995
10800
10835
11038
10786
10805
10827
10847
10979
10950
10869
10811
10914
10832
10953
10955
10876
10805
10989
10934
10854
10900
10790
11009
10891
10830
10925
10818
10872
