9864
9821
9880
9872
9886
9769
9635
9876
9857
9891
9819
9930
9865
9873
9819
9934
9886
9679
9889
9737
9813
9683
9672
9886
9709
9794
10119
9879
9734
9788
9974
9872
9723
9454
9798
9885
9856
9766
9811
9784
9825
9912
9833
9818
9643
9809
9606
9729
9726
9635
9638
9663
9549
9698
9579
9563
9473
9628
9475
9537
9553
9185
9042
8752
8575
8365
8135
8045
7931
7807
7701
7532
7686
7589
7643
7377
7385
7306
7212
7427
7350
7378
7518
7441
7407
7603
7506
7594
7736
7691
7905
7939
7842
8230
7982
8191
8358
8377
8348
8609
8603
8700
8684
8874
9077
9126
9258
9229
9455
9205
9370
9446
9243
9548
9422
9513
9345
9484
9717
9637
9806
9562
9489
9641
9656
9377
9799
9537
9447
9621
9422
9444
9464
9492
9521
9284
9363
9079
8722
8736
8419
8297
7974
7979
7730
7626
7598
7532
7380
7393
7530
7553
7599
7457
7670
7870
7819
7950
7885
8248
8282
8297
8517
8636
8744
8857
8831
8992
9121
9219
9299
9240
9256
9488
9420
9481
9550
9733
9536
9687
9548
9831
9616
9486
9774
9765
9723
9826
9844
9520
9533
9608
9555
9518
9583
9642
9775
9507
9723
9713
9556
9711
9696
9524
9726
9671
9458
9386
9280
9387
9197
9045
8701
8594
8509
8137
8068
8035
7877
8022
7872
8018
7951
8058
8211
8330
8416
8589
8780
8997
9093
9031
9286
9334
9456
9564
9453
9459
9634
9605
9636
9519
9675
9782
9781
9560
9680
9831
9593
9643
9748
9914
9630
9735
9691
9658
9750
9574
9538
9543
9391
9451
9251
9200
9035
8966
8818
8633
8341
8296
8064
7933
7938
7797
7914
7908
7867
8223
8252
8339
8565
8706
8950
9187
9209
9208
9369
9601
9409
9593
9635
9466
9587
9573
9584
9702
9693
9760
9665
9861
9708
9666
9774
9749
9714
9688
9867
9815
9600
9681
9633
9750
9624
9680
9754
9659
9602
9633
9457
9503
9536
9514
9342
9595
9439
9364
9111
9101
9041
8972
8622
8676
8511
8364
8273
8159
8239
7990
7898
7659
7532
7650
7494
7471
7383
7461
7480
7496
7683
7702
7904
7872
8147
8392
8632
8747
8947
9027
9257
9305
9365
9567
9473
9527
9603
9562
9678
9553
9633
9581
9592
9616
9734
9749
9733
9661
9542
9618
9571
9529
9652
9633
9586
9388
9480
9617
9383
9359
9252
9086
8915
9172
8765
8888
8852
8810
8601
8486
8385
8418
8167
8290
8032
7930
7794
7818
7672
7720
7470
7510
7416
7395
7278
7290
7256
7340
7267
7379
7196
7312
7449
7383
7416
7625
7794
7918
7935
8241
8500
8651
8754
8961
9135
9149
9284
9400
9375
9560
9486
9750
9734
9598
9787
9636
9627
9806
9679
9696
9791
9671
9777
9552
9807
9855
9647
9638
9743
9755
9675
9823
9749
9734
10098
9892
9768
9724
9714
9803
9770
10012
9727
9887
9873
9848
9856
9744
9782
9979
9764
9867
9973
9635
9858
9865
9956
9887
9837
10057
9962
9789
9928
9827
9794
9940
9806
9873
9664
9804
9678
9949
9709
9958
10049
9994
9939
9775
9895
9932
9834
9864
9831
9977
9906
9835
9864
9784
9879
9901
9883
9980
10069
9973
9662
9871
9833
9849
9923
9759
9899
9983
9895
9716
9818
9875
9929
9815
9746
10076
9900
9945
9862
9834
9779
9691
9912
9917
10010
9923
9892
9855
9833
9770
9988
9743
9805
9772
9828
9850
9560
9729
9817
9786
9929
9810
9806
9943
9737
9934
9886
9730
9745
9894
9917
9598
9661
9753
9726
9688
9842
9728
9570
9659
9539
9605
9535
9463
9482
9380
9380
9209
9175
8850
8684
8532
8326
8158
7882
7821
7672
7510
7555
7581
7328
7382
7199
7245
7196
7235
7272
7358
7261
7387
7592
7665
7483
7769
7662
7946
7869
7863
7998
8220
8406
8438
8646
8590
8625
8828
8886
9005
9073
9065
9343
9277
9246
9043
9338
9648
9534
9486
9622
9446
9478
9541
9760
9689
9492
9718
9586
9672
9389
9607
9600
9582
9604
9628
9476
9484
9565
9494
9507
9451
9400
9250
9180
8854
8766
8634
8457
8155
8062
7887
7663
7679
7517
7336
7543
7417
7388
7368
7423
7515
7619
7836
7592
7889
8021
8194
8310
8446
8510
8604
8742
8823
8774
9055
9283
9293
9203
9422
9371
9490
9494
9554
9627
9577
9721
9690
9615
9787
9714
9510
9673
9639
9899
9612
9525
9789
9746
9786
9624
9605
9794
9518
9833
9855
9658
9491
9612
9656
9554
9446
9449
9478
9381
9436
9265
9287
9109
8938
8807
8436
8392
8150
8207
8150
8000
7681
7818
7882
8027
7979
8210
8382
8648
8633
8793
9101
8932
9114
9286
9297
9545
9686
9542
9416
9733
9661
9690
9479
9428
9689
9671
9580
9862
9723
9563
9670
9617
9563
9702
9409
9670
9791
9650
9597
9511
9433
9478
9427
9120
9148
9041
8938
8443
8418
8345
8161
8146
7982
7894
7894
7864
7995
8027
8215
8210
8489
8631
8684
8860
9214
9173
9277
9456
9401
9566
9418
9416
9576
9646
9795
9653
9669
9590
9667
9793
9626
9736
9765
9705
9719
9828
9682
9676
9689
9964
9650
9804
9605
9693
9653
9769
9497
9637
9397
9522
9420
9272
9410
9066
9195
9070
9136
8934
8894
8720
8787
8591
8509
8369
8077
8052
8073
8042
7776
7756
7672
7773
7603
7418
7534
7375
7303
7336
7609
7592
7722
7860
8043
8212
8494
8730
8843
8798
9155
9102
9271
9243
9602
9521
9497
9603
9497
9426
9449
9577
9564
9621
9577
9422
9531
9515
9681
9511
9466
9389
9514
9407
9421
9309
9438
9167
9280
9002
9060
8927
8992
8969
8920
8847
8681
8700
8405
8305
8507
8368
8147
8162
8110
7900
7899
7759
7681
7516
7440
7453
7571
7529
7425
7355
7339
7347
7285
7358
7330
7268
7336
7413
7519
7667
7623
7817
7995
8184
8130
8522
8467
8580
8831
8938
9227
9119
9283
9453
9369
9390
9335
9606
9620
9556
9794
9737
9863
9743
9685
9748
9785
9846
9919
9616
9968
9783
9755
9825
9958
9726
9873
9800
9645
9725
9906
9649
9778
9888
9752
9801
9984
9778
9783
9853
9854
9901
9898
9810
9789
9855
9778
9896
9941
9829
9768
9947
9894
9838
9844
9685
9978
9829
9782
9908
9820
9877
