3050
3050
3048
3059
3043
3039
2986
3045
3089
3127
3085
3102
3092
3079
2988
3126
3066
3030
3095
3025
3058
3038
2922
3091
3002
3036
3134
3083
3041
2989
3092
3112
3051
2916
3018
3086
3051
3022
3066
2945
3123
3059
3006
3137
2999
3017
2927
3018
2976
2994
2967
3045
2997
3032
2931
3009
2925
3000
2920
2911
2924
2859
2843
2670
2629
2628
2475
2509
2383
2415
2322
2359
2431
2341
2346
2308
2277
2262
2251
2236
2259
2313
2308
2322
2331
2394
2310
2352
2424
2352
2459
2472
2486
2491
2526
2533
2599
2628
2614
2663
2646
2692
2714
2716
2779
2832
2845
2872
2932
2878
2932
2810
2840
2914
2958
2913
2944
2948
3047
2951
3000
2944
2899
2963
2966
2878
3072
2958
2893
2984
2968
2898
2888
2876
2988
2905
2905
2867
2742
2762
2673
2571
2445
2513
2448
2300
2327
2278
2319
2319
2323
2352
2372
2346
2389
2417
2381
2463
2447
2505
2573
2581
2617
2606
2734
2748
2756
2801
2823
2862
2842
2936
2898
2945
2893
3077
3021
3044
3050
3019
3005
3084
2997
2922
3117
3052
3086
3043
3087
2953
2964
2970
2972
2950
3018
3052
3027
3035
2973
2969
2933
2990
2980
3011
3031
3011
2937
2920
2880
2886
2793
2713
2729
2625
2630
2522
2536
2612
2449
2524
2369
2514
2462
2448
2511
2543
2628
2673
2739
2797
2819
2770
2888
2876
2937
2948
2966
2923
2953
2932
3007
2988
2953
2976
3047
2939
2981
3043
2929
2949
3046
3064
3041
3074
3025
2957
3028
2906
2984
2940
2969
2854
2859
2967
2855
2873
2680
2670
2592
2540
2470
2424
2474
2424
2381
2513
2450
2629
2614
2670
2616
2727
2827
2855
2830
2766
2953
2935
2832
2956
2978
2913
3030
2988
2938
2965
2968
3036
2977
3071
3037
3061
3068
3018
2971
3064
3121
3025
3013
3032
3010
2998
2985
3014
3059
3010
2963
2960
2962
2929
2918
2984
2938
2969
2920
2914
2859
2837
2878
2749
2711
2750
2545
2564
2527
2598
2570
2476
2412
2370
2351
2410
2353
2387
2280
2293
2329
2286
2433
2369
2405
2458
2566
2624
2671
2718
2783
2829
2900
2835
2876
3038
2973
2921
2965
2981
2993
2933
2963
3011
2941
2913
3034
3045
2990
2970
2993
2991
2944
2998
3033
3005
2949
2966
3029
2952
2902
2930
2919
2887
2723
2889
2637
2790
2683
2690
2666
2681
2627
2682
2559
2596
2501
2521
2409
2429
2358
2372
2216
2343
2310
2267
2272
2294
2203
2243
2235
2282
2206
2243
2307
2250
2257
2389
2447
2449
2474
2537
2661
2694
2718
2780
2794
2864
2893
2857
2953
2971
2844
3035
2992
2921
2982
3001
3032
3099
3034
2992
3005
2979
3018
2900
2979
3133
2996
2975
3062
3084
2993
3027
3046
3032
3086
3147
3030
3088
2978
3007
3052
3076
3063
3084
3036
3166
3031
3039
2999
3027
3094
3052
3066
2925
3109
3075
3023
3117
3007
3121
3101
3033
3018
3030
3011
3059
3060
3054
2994
3015
3035
3143
3006
3018
3168
3132
3141
3082
3063
3034
3107
3109
3022
3083
3059
2996
3125
3068
3107
3057
3040
3131
3094
3074
3094
3113
2983
3018
2987
3142
3042
3126
3088
3029
3036
3116
3120
3023
2983
3056
3062
3056
3086
3077
2999
3048
3111
3117
3128
3088
3047
3157
3112
3053
3123
3066
3038
3008
3089
3081
2989
3033
3084
2998
3047
3078
2982
3114
2979
3037
3044
3000
3061
3075
3060
2956
3057
3013
2954
3044
2983
2979
2966
3024
3002
2985
3029
2893
2986
2955
2921
2825
2826
2787
2717
2592
2586
2533
2460
2407
2383
2319
2271
2368
2295
2266
2219
2230
2209
2203
2168
2303
2216
2249
2350
2364
2369
2443
2422
2519
2530
2422
2483
2558
2616
2625
2566
2701
2663
2740
2763
2804
2811
2812
2911
2853
2884
2795
2949
3027
2907
2945
3035
2869
2935
2963
3010
2981
2882
2985
2977
2975
2755
2967
2984
2869
2966
3020
3028
2966
2891
2950
2980
2853
2906
2874
2760
2753
2664
2637
2622
2531
2517
2503
2358
2450
2352
2215
2335
2353
2347
2280
2282
2287
2371
2451
2382
2491
2529
2554
2565
2644
2636
2663
2703
2754
2709
2808
2895
2896
2847
2947
2868
2978
2942
2935
3011
3041
3002
3074
3035
3028
2896
3037
2971
2872
3092
3004
3037
3135
3147
3010
2864
2991
3034
2988
3083
3122
3024
2976
2942
3098
2950
2904
2997
2899
2954
2931
2879
2888
2798
2802
2733
2626
2581
2511
2569
2568
2463
2381
2422
2412
2451
2541
2541
2579
2636
2755
2735
2916
2790
2796
2874
2882
2923
3028
2952
2923
3036
3050
2911
2903
2870
2976
2953
2889
3046
2972
2955
2984
3059
2952
3106
2914
3005
2987
2938
2956
2872
2944
2927
2755
2800
2873
2831
2721
2648
2567
2585
2588
2613
2430
2469
2479
2458
2467
2544
2521
2605
2604
2677
2645
2800
2834
2859
2868
2915
2804
3014
2977
2874
2944
2997
2980
2984
3003
2921
2952
3032
2950
3085
3018
3040
3040
3032
2969
3116
2993
3025
2986
3036
2971
2901
2878
2970
2962
3015
2953
2985
2961
2888
2895
2834
2884
2874
2872
2787
2628
2716
2778
2673
2676
2591
2542
2528
2479
2493
2440
2443
2390
2400
2349
2332
2336
2201
2270
2234
2386
2345
2381
2467
2583
2567
2636
2723
2786
2694
2851
2834
2859
2924
2974
3023
2995
2924
2963
2959
2839
2991
2928
2998
2969
2930
2930
3005
3021
3001
2974
2932
2907
2873
2941
2849
2951
2835
2920
2813
2760
2749
2803
2802
2726
2740
2680
2735
2603
2590
2682
2593
2598
2516
2497
2434
2421
2438
2412
2358
2355
2298
2318
2379
2307
2280
2215
2275
2282
2187
2308
2237
2350
2269
2296
2393
2353
2373
2496
2545
2553
2617
2613
2695
2692
2722
2863
2870
2934
2891
2956
2937
2819
2975
2983
2990
3117
3098
3037
3085
3000
2983
2989
2964
3135
2912
3008
3047
3011
3057
3054
3007
3073
2973
2926
2953
3077
2975
2951
3037
3012
2970
3108
3055
3007
2985
3128
3081
3041
3100
3003
3105
3089
3076
3067
3061
3070
3091
3186
3207
3005
3007
3029
3031
3072
3061
3072
3052
