17461
17452
17436
17549
17407
17282
17231
17549
17559
17505
17365
17540
17388
17449
17357
17537
17382
17287
17327
17384
17370
17132
17254
17480
17364
17348
17754
17496
17351
17313
17487
17358
17348
17139
17412
17426
17509
17348
17311
17274
17346
17531
17507
17315
17123
17471
17142
17328
17290
17116
17063
17059
17070
17148
17101
16960
16864
16965
16804
16908
16719
16401
15979
15509
15191
15023
14581
14183
14150
13943
13626
13503
13490
13391
13402
13238
13093
12914
12966
13229
13000
12973
13164
13155
13276
13341
13375
13525
13680
13594
13991
13871
13943
14461
14207
14549
14930
14906
14650
15189
15081
15416
15435
15656
16007
16229
16199
16278
16584
16340
16613
16759
16408
16825
16829
16776
16732
16866
17209
16988
17152
16899
16839
16995
17089
16737
17121
16805
16931
17075
16771
16867
16799
16832
16794
16341
16393
16029
15527
15389
14897
14677
14175
14038
13815
13582
13475
13286
13378
13252
13251
13286
13338
13251
13551
13938
13766
14041
13937
14423
14550
14681
14939
15252
15486
15516
15563
15901
16014
16288
16467
16407
16482
16725
16776
16911
16932
16930
16925
17035
17030
17252
17013
17007
17286
17177
17264
17344
17392
16964
17035
17139
17103
17023
17100
17105
17318
16912
17142
17235
16888
17077
17208
17080
16999
17068
16830
16608
16580
16538
16233
16106
15480
15418
15196
14565
14364
14236
14073
14134
13871
14034
13996
14277
14444
14872
14984
15186
15410
15852
16039
16065
16361
16420
16777
16913
16716
16962
17035
16976
17049
17031
17139
17119
17254
16952
17201
17318
16997
17086
17252
17334
17231
17154
17229
17044
17150
17098
16886
16904
16717
16864
16405
16269
15937
15789
15645
15206
14670
14770
14483
14138
14083
13733
14115
13908
13994
14588
14534
14740
15144
15473
15750
16199
16277
16363
16483
17137
16731
16968
17001
16773
17114
17094
16938
17100
17058
17358
17060
17334
17289
17349
17271
17374
17248
17231
17339
17128
17131
17131
17036
17296
17190
17115
17239
17122
16983
17047
16835
16796
16708
16822
16601
16916
16720
16406
16121
16182
15913
15872
15403
15202
15156
14887
14656
14343
14291
13972
13905
13614
13456
13460
13174
13215
13161
13187
13379
13195
13621
13668
14096
13978
14460
14970
15218
15515
15784
16111
16430
16455
16616
16938
16869
16829
17105
17134
16979
16943
17061
17096
17160
17153
17298
17151
17023
17094
16980
17043
17152
16845
16843
16889
16767
16621
16804
16779
16573
16533
16301
16026
15810
16161
15731
15773
15664
15674
15389
15061
14868
14892
14598
14507
14204
14165
13871
13770
13525
13591
13289
13305
12972
13240
12948
13030
12924
12868
12811
13016
12757
12971
13113
13023
13247
13539
13758
14062
14262
14611
14891
15216
15419
15902
16195
16155
16508
16515
16709
16905
16879
17134
17156
17031
17252
17259
17056
17243
17108
17302
17245
17152
17227
17127
17255
17487
17085
17291
17361
17297
17312
17297
17351
17366
17641
17469
17231
17152
17442
17282
17253
17555
17373
17470
17489
17432
17350
17348
17311
17474
17310
17490
17456
17200
17438
17392
17527
17412
17373
17532
17575
17291
17417
17444
17608
17473
17401
17529
17172
17266
17325
17544
17284
17654
17657
17495
17550
17315
17440
17597
17589
17462
17414
17561
17497
17447
17524
17401
17602
17568
17501
17701
17561
17500
17196
17539
17531
17320
17433
17400
17470
17540
17390
17343
17423
17486
17563
17385
17113
17460
17454
17467
17429
17518
17287
17363
17603
17537
17514
17424
17530
17473
17294
17395
17567
17301
17380
17365
17445
17346
17257
17200
17430
17339
17554
17198
17320
17535
17200
17305
17439
17185
17293
17571
17332
17125
17046
17370
17340
17100
17422
17317
16860
17029
17049
16987
16795
16827
16753
16687
16609
16309
16130
15660
15389
14966
14747
14503
14179
13718
13655
13285
13400
13347
13026
12903
12776
12809
12840
12903
12849
12821
12837
12996
13319
13445
13317
13645
13682
14048
13829
14076
14252
14388
14757
14883
15153
15199
15322
15681
15645
15830
16111
15996
16670
16328
16565
16214
16662
16873
16707
16760
16888
16864
16834
16901
17145
17108
17005
17101
16975
16961
16780
16930
16941
17032
16948
17086
16740
16779
17039
16943
16783
16840
16523
16448
16233
15662
15517
15361
14794
14442
14245
13758
13753
13535
13450
13166
13258
13226
13131
13003
13162
13219
13464
13752
13523
13917
14218
14451
14817
15071
15049
15257
15410
15723
15700
15981
16340
16429
16438
16675
16737
16860
16869
16822
17061
16870
17088
16935
16999
17188
17026
17047
17221
16931
17549
17117
16940
17363
17073
17286
17215
17136
17278
16927
17184
17325
17108
16825
16945
17061
16900
16923
16687
16789
16632
16838
16521
16415
16136
15875
15490
15211
14860
14487
14372
14332
14094
13742
14049
13873
14204
14162
14454
14738
15176
15190
15551
15895
16082
16314
16468
16509
16816
17117
16893
16716
17168
16973
17200
16933
16869
17213
17332
16964
17378
17222
17058
17210
17148
17005
17264
16833
17081
17117
17059
16949
16835
16601
16769
16664
16198
16144
16124
15682
14997
14942
14819
14410
14413
14199
14101
14044
14038
14154
14221
14446
14430
14963
15241
15546
15675
16349
16299
16462
16693
16676
16916
16822
16701
16868
16915
17196
17095
17181
17069
17157
17284
17163
17158
17259
17251
17305
17383
17221
17284
17296
17319
16979
17348
17096
17169
17280
17099
16911
16888
16837
16800
16815
16506
16649
16295
16160
16033
16115
15661
15647
15471
15567
15273
15056
14840
14418
14289
14231
14236
13751
13757
13685
13655
13595
13225
13291
13090
12983
13090
13339
13500
13704
13866
14149
14449
14939
15368
15569
15832
16261
16076
16584
16525
16888
16768
16610
17079
16665
16693
16919
16911
16962
16950
16989
16701
16883
16921
17072
16815
16814
16694
16740
16634
16653
16518
16462
16232
16433
16231
16119
15845
15882
15812
15755
15629
15378
15327
14935
14868
14810
14822
14320
14299
14187
14166
14067
13734
13568
13515
13315
13188
13395
13232
13128
13094
12954
13141
12971
13026
13065
13016
13050
13245
13302
13549
13395
13941
14244
14522
14506
15137
15058
15267
15672
15880
16164
16173
16433
16661
16660
16781
16924
16823
17044
16822
17416
17259
17484
17239
17158
17287
17214
17195
17442
16969
17425
17254
17384
17483
17553
17241
17414
17244
17255
17216
17645
17120
17469
17535
17339
17237
17550
17323
17397
17460
17348
17426
17485
17422
17290
17510
17154
17469
17384
17467
17248
17593
17525
17327
17401
17275
17656
17508
17424
17335
17466
17526
