32
39
26
29
36
32
30
35
30
39
27
33
30
24
28
26
25
38
42
23
31
34
27
29
27
32
35
39
36
31
28
34
32
39
27
39
28
36
30
40
39
33
29
29
33
30
28
28
31
31
33
34
28
39
32
40
23
37
27
30
31
21
30
25
25
27
23
27
28
20
23
24
32
23
31
20
23
12
25
28
23
21
24
23
14
30
29
28
29
25
25
27
24
22
28
32
31
35
31
33
23
30
32
34
32
28
22
35
31
29
37
36
31
26
24
36
32
32
35
32
29
26
32
25
31
19
21
27
35
37
30
26
29
32
36
30
31
36
28
30
33
26
24
21
29
18
25
16
27
28
21
23
28
31
26
23
29
21
28
29
24
30
28
30
27
18
39
37
24
24
27
38
17
23
31
31
33
32
32
31
28
35
34
34
36
24
39
31
38
25
30
34
38
28
38
31
31
30
39
25
29
34
34
26
33
30
22
31
35
30
26
20
27
26
34
35
17
41
25
31
18
37
27
26
19
24
27
23
30
34
22
29
29
25
19
24
29
31
37
31
36
25
34
29
30
28
29
30
28
42
34
31
30
30
30
31
32
34
29
30
34
27
34
33
29
25
31
27
23
28
30
34
24
24
23
35
21
35
25
23
31
25
32
31
29
24
30
29
22
27
36
22
34
32
26
38
34
22
26
30
29
32
27
35
27
37
22
31
27
33
29
31
39
26
39
33
30
38
37
29
36
34
40
19
41
35
22
26
34
27
33
27
34
23
25
33
30
30
31
23
19
23
21
19
32
24
26
16
22
27
27
31
30
23
30
23
29
33
27
32
29
26
31
30
31
28
42
37
44
32
26
33
33
33
33
27
39
40
35
33
28
27
31
35
32
35
26
32
34
23
28
26
28
26
30
17
36
24
27
28
28
40
38
28
38
30
31
30
17
27
26
32
25
22
25
22
0
0
0
0
0
0
0
0
0
0
0
0
0
0
0
0
20
37
26
29
38
28
29
25
44
29
29
31
36
35
35
26
