11164
11119
11200
11146
11191
11076
10991
11170
11147
11158
11082
11275
11084
11163
11125
11208
11164
11061
11148
11046
11157
10901
11002
11153
11047
11063
11432
11184
11080
11042
11259
11222
11035
10751
11040
11197
11140
11075
11081
11098
11151
11193
11166
11103
10933
11096
10904
11051
10962
10923
10911
10933
10861
11006
10870
10801
10746
10957
10730
10793
10768
10428
10283
9898
9741
9491
9265
9097
9030
8905
8728
8583
8746
8614
8612
8408
8358
8253
8213
8491
8275
8309
8499
8415
8407
8615
8469
8633
8757
8738
8981
8980
8881
9260
8995
9263
9525
9444
9419
9729
9755
9886
9866
10053
10260
10246
10507
10478
10746
10419
10649
10700
10449
10759
10693
10744
10590
10768
11032
10886
11080
10818
10812
10764
10934
10634
11026
10780
10753
10887
10710
10735
10709
10785
10771
10532
10590
10231
9930
9878
9568
9366
9040
9017
8776
8676
8616
8521
8484
8411
8462
8549
8576
8472
8684
8893
8865
8940
8922
9324
9379
9366
9626
9785
9909
9999
9952
10102
10273
10430
10476
10441
10477
10783
10683
10737
10843
11013
10771
10923
10830
11163
10924
10761
11078
11050
11017
11155
11185
10775
10829
10853
10915
10818
10896
10867
11068
10811
11034
10961
10817
10911
11051
10784
10961
10968
10694
10583
10556
10606
10394
10290
9839
9788
9661
9221
9112
9099
8969
9101
8939
9066
8991
9071
9264
9446
9496
9727
9930
10207
10305
10208
10452
10583
10649
10781
10745
10717
10867
10876
10856
10805
10927
11040
11105
10822
10969
11086
10879
10927
11072
11219
10917
11029
10970
10861
10937
10868
10714
10766
10641
10696
10494
10448
10211
10144
10008
9778
9448
9482
9223
8956
9036
8794
8925
8979
8936
9323
9325
9400
9722
9855
10086
10406
10446
10410
10599
10914
10626
10888
10870
10663
10873
10824
10914
10957
10970
11105
10937
11182
11052
10987
11082
11043
11002
10983
11134
11110
10851
10898
10875
11010
10957
10928
11065
10895
10870
10912
10698
10696
10738
10783
10613
10868
10697
10591
10267
10325
10242
10141
9815
9742
9671
9534
9339
9254
9345
9040
8931
8701
8563
8650
8477
8477
8334
8495
8503
8505
8696
8721
9045
8930
9210
9551
9754
9941
10102
10268
10511
10558
10623
10874
10670
10715
10877
10889
10947
10810
10871
10894
10854
10922
11025
11010
10998
10996
10864
10859
10821
10796
10922
10896
10768
10607
10730
10842
10575
10571
10491
10302
10097
10374
9984
10033
10022
9919
9823
9618
9491
9507
9246
9345
9078
8996
8870
8894
8657
8767
8494
8514
8367
8361
8268
8293
8261
8289
8203
8329
8153
8306
8456
8321
8441
8610
8860
8983
9018
9369
9634
9815
9925
10148
10275
10317
10515
10598
10591
10789
10735
11053
11025
10864
11105
10915
10917
11070
10986
11069
11009
10971
11028
10870
11105
11135
10955
10986
11084
11076
11112
11092
11054
11005
11423
11174
11089
10988
11142
11081
11065
11317
11070
11187
11224
11152
11163
11080
11017
11252
11047
11185
11339
10914
11203
11205
11309
11195
11140
11320
11300
11054
11185
11238
11151
11239
11131
11165
10937
11052
10966
11224
11012
11256
11376
11271
11271
11026
11211
11252
11148
11151
11117
11229
11210
11110
11138
11126
11199
11245
11167
11310
11349
11243
10982
11210
11181
11100
11183
11124
11264
11339
11204
11047
11080
11197
11267
11085
10957
11327
11260
11243
11170
11134
11046
11062
11246
11180
11264
11267
11145
11154
11145
11071
11320
11013
11085
11084
11154
11145
10905
10978
11129
11055
11207
11091
11103
11171
10976
11180
11171
11039
11036
11168
11190
10914
10953
11096
11043
10940
11128
10972
10818
10963
10829
10886
10761
10719
10727
10624
10642
10458
10368
10012
9831
9656
9419
9246
8925
8862
8702
8489
8503
8609
8301
8349
8177
8170
8167
8250
8278
8329
8248
8359
8529
8666
8483
8780
8735
9000
8900
8927
9042
9310
9502
9531
9731
9753
9796
10006
9970
10203
10298
10221
10588
10509
10489
10273
10546
10848
10763
10720
10897
10739
10710
10834
11047
10944
10826
10974
10788
10919
10724
10863
10822
10917
10909
10918
10678
10712
10799
10718
10721
10697
10643
10514
10399
10036
9959
9786
9528
9184
9120
8942
8656
8651
8509
8293
8501
8412
8350
8366
8395
8499
8641
8854
8572
8926
9093
9302
9447
9549
9537
9708
9878
10030
9951
10207
10503
10550
10457
10672
10601
10745
10731
10830
10879
10815
10989
10939
10904
11073
10913
10828
11009
10877
11215
10925
10783
11078
11059
11068
10922
10896
11092
10770
11093
11148
10904
10759
10930
10916
10794
10715
10704
10726
10616
10614
10490
10525
10359
10112
9943
9578
9488
9228
9267
9212
9040
8745
8900
8879
9097
9063
9318
9489
9755
9769
9897
10274
10171
10415
10556
10492
10786
10994
10856
10709
11072
10912
10995
10826
10703
10995
10987
10824
11127
11027
10831
10963
10952
10844
10976
10681
10984
11069
10938
10870
10744
10734
10660
10655
10364
10353
10241
10090
9543
9554
9485
9221
9242
9045
8919
8972
8913
9071
9117
9325
9274
9617
9812
9840
10022
10427
10399
10518
10731
10649
10811
10636
10677
10860
10876
11081
10889
10913
10856
10912
11025
10933
11001
11025
11004
10998
11091
10917
10951
11021
11246
10902
11077
10893
10939
11012
11080
10762
10889
10687
10766
10690
10593
10626
10316
10446
10203
10340
10113
9970
9930
9949
9735
9659
9466
9149
9118
9095
9045
8771
8800
8735
8785
8660
8416
8510
8393
8296
8327
8571
8635
8729
8846
9090
9258
9662
9886
10049
9978
10403
10349
10536
10554
10864
10701
10694
10858
10692
10672
10744
10848
10844
10852
10790
10595
10762
10789
10929
10761
10692
10600
10698
10607
10657
10574
10612
10400
10515
10258
10322
10106
10200
10115
10132
9985
9845
9835
9524
9398
9601
9454
9208
9173
9178
9000
8932
8842
8685
8500
8429
8452
8588
8570
8387
8373
8316
8302
8261
8339
8356
8241
8330
8422
8496
8704
8572
8886
9047
9260
9231
9693
9629
9704
10013
10128
10441
10342
10520
10681
10611
10646
10589
10883
10882
10805
11084
11041
11247
11049
10937
11080
11014
11105
11176
10884
11265
11008
11034
11111
11257
11038
11146
11076
10989
11033
11138
10893
11048
11252
11082
11077
11322
11013
11062
11089
11093
11211
11208
11136
11068
11218
11062
11233
11225
11120
11062
11246
11211
11135
11148
11047
11251
11184
11098
11176
11071
11141
