9615
9570
9626
9651
9613
9491
9357
9599
9572
9650
9550
9634
9619
9623
9539
9656
9591
9413
9648
9470
9555
9426
9409
9631
9469
9491
9888
9605
9487
9536
9721
9589
9452
9209
9549
9624
9608
9503
9534
9530
9564
9656
9578
9567
9361
9561
9361
9481
9444
9381
9400
9420
9292
9448
9319
9322
9214
9372
9203
9273
9297
8927
8760
8538
8362
8127
7934
7840
7696
7589
7478
7314
7511
7406
7439
7201
7192
7118
7021
7256
7143
7173
7326
7237
7223
7367
7304
7405
7517
7488
7702
7735
7651
8000
7763
7954
8125
8182
8140
8389
8390
8447
8451
8644
8823
8914
9035
8962
9230
8965
9127
9208
8962
9311
9152
9264
9106
9235
9464
9377
9540
9303
9235
9392
9378
9125
9559
9297
9183
9353
9174
9175
9230
9219
9285
9054
9099
8832
8486
8494
8207
8100
7741
7781
7530
7412
7408
7342
7204
7209
7329
7364
7397
7278
7494
7665
7614
7724
7679
8005
8060
8069
8280
8414
8518
8608
8564
8777
8900
8967
9045
9020
8995
9227
9150
9260
9294
9474
9328
9435
9322
9565
9396
9235
9526
9502
9420
9562
9583
9281
9309
9345
9296
9258
9321
9347
9525
9232
9461
9436
9288
9465
9422
9275
9449
9441
9215
9133
9040
9164
8927
8792
8481
8386
8308
7920
7856
7814
7655
7830
7658
7794
7739
7834
7981
8094
8221
8376
8538
8764
8871
8815
9047
9103
9229
9312
9174
9190
9379
9358
9381
9291
9441
9513
9511
9318
9409
9569
9358
9412
9513
9679
9389
9474
9436
9392
9479
9322
9305
9273
9154
9219
9043
8942
8797
8725
8590
8413
8130
8066
7856
7718
7697
7571
7705
7682
7677
7999
8038
8124
8328
8481
8743
8932
8950
8949
9125
9368
9158
9325
9388
9213
9329
9333
9314
9460
9434
9538
9424
9586
9474
9424
9490
9504
9462
9423
9625
9550
9349
9447
9385
9492
9377
9442
9525
9403
9343
9369
9194
9260
9271
9275
9127
9353
9157
9121
8871
8891
8833
8729
8385
8447
8291
8150
8067
7933
8013
7785
7664
7449
7360
7451
7310
7269
7182
7281
7302
7320
7482
7510
7722
7650
7925
8157
8409
8512
8696
8784
9017
9070
9130
9310
9192
9262
9338
9310
9424
9287
9385
9328
9329
9368
9473
9491
9479
9400
9279
9357
9333
9262
9360
9364
9350
9142
9252
9348
9130
9099
8993
8841
8703
8922
8536
8631
8606
8570
8365
8232
8174
8190
7933
8064
7846
7734
7592
7614
7446
7523
7266
7318
7201
7216
7090
7102
7066
7152
7080
7195
7010
7097
7247
7154
7216
7419
7570
7679
7717
8008
8291
8420
8526
8724
8883
8903
9038
9147
9143
9303
9257
9465
9488
9356
9530
9379
9371
9544
9433
9429
9515
9432
9524
9285
9537
9606
9400
9365
9490
9528
9389
9569
9508
9472
9832
9647
9519
9461
9440
9556
9519
9727
9459
9642
9607
9595
9591
9469
9509
9686
9509
9591
9707
9369
9593
9585
9660
9610
9547
9774
9689
9525
9626
9581
9541
9662
9538
9612
9406
9532
9418
9687
9423
9707
9775
9731
9649
9516
9658
9658
9560
9588
9554
9702
9626
9582
9567
9526
9613
9647
9631
9696
9817
9718
9413
9610
9540
9593
9635
9504
9633
9717
9655
9471
9601
9619
9659
9567
9511
9818
9630
9684
9589
9582
9530
9432
0
0
0
0
0
0
0
0
0
0
0
0
0
0
0
0
9533
9530
9650
9552
9550
9681
9480
9680
9632
9484
9495
9627
9659
9356
9387
9487
