17208
17206
17173
17285
17168
17005
16977
17275
17287
17248
17110
17275
17130
17200
17135
17269
17143
17049
17072
17107
17132
16865
16976
17186
17118
17071
17473
17223
17081
17042
17256
17110
17091
16849
17150
17169
17235
17084
17061
17018
17050
17271
17256
17066
16869
17215
16873
17054
17059
16879
16802
16765
16800
16861
16848
16682
16626
16712
16568
16653
16477
16102
15737
15268
14965
14790
14346
13959
13927
13725
13431
13258
13308
13193
13205
12989
12878
12729
12787
13065
12809
12787
12971
12928
13097
13146
13164
13336
13482
13408
13762
13662
13722
14255
13995
14327
14714
14700
14428
14974
14886
15197
15185
15454
15768
16005
15975
16033
16359
16102
16369
16518
16150
16549
16580
16548
16475
16597
16978
16736
16907
16644
16564
16731
16832
16469
16880
16543
16694
16816
16525
16639
16540
16562
16557
16111
16145
15786
15299
15143
14675
14464
13951
13816
13606
13379
13272
13090
13167
13074
13065
13071
13150
13048
13379
13713
13563
13811
13748
14206
14312
14468
14720
15029
15287
15298
15341
15673
15764
16016
16238
16153
16246
16464
16484
16663
16674
16673
16667
16772
16775
16985
16755
16764
17011
16925
17005
17081
17150
16692
16789
16883
16854
16750
16834
16849
17042
16664
16895
16963
16628
16813
16970
16815
16771
16816
16584
16369
16343
16304
16001
15890
15234
15186
14970
14326
14136
14033
13865
13921
13655
13844
13786
14050
14225
14636
14753
14959
15185
15606
15778
15788
16099
16160
16536
16642
16470
16717
16784
16722
16827
16759
16908
16843
16987
16697
16940
17054
16742
16831
17005
17088
16957
16915
16952
16789
16884
16866
16630
16634
16478
16628
16150
16030
15702
15545
15445
14979
14440
14549
14285
13944
13866
13529
13906
13703
13789
14388
14327
14517
14918
15219
15510
15958
16026
16101
16221
16870
16482
16717
16749
16507
16858
16824
16709
16836
16817
17109
16795
17058
17038
17067
17007
17143
16985
16948
17081
16889
16866
16836
16784
17030
16913
16851
17019
16861
16699
16787
16595
16549
16475
16579
16353
16677
16476
16171
15881
15955
15687
15616
15198
14988
14916
14680
14434
14138
14062
13756
13722
13409
13240
13279
12982
13010
12973
12985
13180
13004
13435
13471
13877
13770
14231
14745
14996
15292
15544
15875
16204
16182
16358
16681
16632
16560
16832
16863
16762
16685
16818
16829
16902
16886
17048
16890
16774
16806
16737
16756
16888
16583
16598
16667
16511
16370
16568
16540
16333
16293
16074
15787
15561
15930
15473
15534
15445
15454
15174
14841
14646
14666
14369
14298
13985
13946
13673
13563
13312
13399
13084
13103
12773
13045
12747
12826
12717
12693
12632
12853
12572
12778
12926
12824
13062
13348
13568
13854
14051
14388
14675
14999
15192
15665
15955
15902
16262
16273
16445
16654
16653
16890
16904
16788
16998
16992
16818
17006
16849
17029
17005
16892
16947
16852
17004
17222
16841
17011
17106
17052
17068
17024
17105
17120
17381
17219
16988
16895
17170
17016
17011
17303
17122
17216
17238
17170
17080
17067
17055
17213
17052
17250
17184
16942
17191
17158
17294
17148
17125
17276
17340
17020
17190
17192
17353
17239
17136
17262
16926
17019
17093
17274
17039
17367
17381
17233
17300
17049
17172
17337
17336
17179
17146
17286
17223
17181
17279
17158
17318
17282
17231
17438
17320
17235
16933
17284
17256
17067
17155
17126
17211
17274
17121
17076
17171
17244
17314
17118
16856
17188
17192
17203
17173
17267
17028
17091
17339
17262
17287
17149
17267
17203
17051
17152
17329
17037
17121
17095
17181
17099
17023
16948
17182
17062
17297
16962
17053
17288
16926
17058
17210
16915
17004
17307
17072
16885
16785
17111
17091
16857
17163
17058
16592
16758
16821
16735
16555
16558
16535
16430
16341
16043
15874
15448
15162
14730
14523
14277
13980
13522
13454
13099
13182
13148
12835
12713
12599
12600
12623
12723
12674
12614
12631
12793
13113
13235
13107
13440
13488
13849
13628
13859
14036
14171
14555
14648
14911
14979
15094
15428
15435
15603
15855
15788
16400
16097
16332
15967
16427
16610
16481
16499
16650
16620
16567
16640
16902
16855
16747
16851
16700
16732
16542
16692
16690
16804
16714
16822
16489
16561
16766
16708
16530
16596
16287
16193
15941
15431
15275
15120
14574
14227
14025
13566
13524
13335
13245
12959
13078
13023
12905
12814
12959
13024
13276
13555
13303
13709
14000
14240
14595
14846
14820
15017
15156
15484
15476
15754
16099
16186
16194
16420
16491
16575
16635
16578
16788
16622
16813
16690
16733
16910
16786
16819
16974
16677
17259
16831
16694
17102
16828
17008
16959
16897
17030
16679
16927
17075
16852
16571
16696
16804
16621
16655
16425
16520
16404
16595
16284
16167
15889
15642
15272
14973
14637
14260
14148
14105
13876
13532
13821
13669
13997
13963
14212
14529
14919
14978
15309
15663
15808
16086
16228
16246
16529
16878
16637
16486
16921
16739
16931
16673
16632
16949
17081
16676
17116
16953
16803
16974
16897
16777
16989
16589
16808
16824
16828
16682
16603
16380
16485
16430
15973
15907
15881
15463
14778
14699
14612
14210
14196
13967
13878
13845
13845
13942
14015
14221
14186
14782
15010
15289
15428
16119
16054
16192
16438
16439
16676
16552
16450
16611
16652
16939
16863
16919
16831
16908
17005
16899
16909
17010
16960
17039
17133
16974
17031
17049
17068
16712
17079
16825
16955
17039
16844
16662
16646
16555
16544
16557
16240
16391
16055
15946
15785
15871
15438
15398
15225
15342
15036
14825
14613
14201
14081
14033
14024
13548
13565
13498
13439
13393
13030
13087
12897
12781
12901
13152
13291
13498
13647
13934
14224
14734
15129
15370
15615
16013
15839
16324
16280
16649
16520
16383
16862
16433
16456
16694
16665
16720
16704
16733
16454
16629
16682
16813
16577
16558
16444
16464
16369
16422
16302
16239
15992
16205
15958
15886
15620
15650
15561
15513
15380
15157
15100
14694
14666
14591
14599
14114
14090
14013
13964
13838
13530
13354
13303
13107
12986
13190
13055
12938
12888
12763
12954
12766
12792
12884
12813
12857
13021
13095
13383
13189
13734
14035
14272
14304
14905
14852
15020
15439
15646
15920
15942
16183
16427
16416
16540
16636
16553
16804
16575
17154
16977
17188
16965
16901
17024
16972
16953
17183
16713
17208
16998
17128
17215
17279
16963
17167
16963
16980
16979
17376
16872
17187
17273
17073
17007
17281
17058
17126
17184
17113
17168
17229
17166
17035
17249
16895
17235
17114
17216
17006
17330
17272
17058
17159
17015
17396
17255
17141
17044
17178
17280
