19566
19586
19555
19587
19536
19314
19357
19636
19735
19697
19412
19630
19549
19479
19458
19604
19456
19348
19425
19517
19483
19237
19321
19620
19477
19470
19859
19591
19451
19457
19583
19470
19383
19214
19541
19488
19511
19481
19372
19356
19310
19671
19550
19491
19156
19549
19225
19335
19441
19183
19083
19109
19152
19214
19136
18999
18922
18949
18837
18909
18616
18358
17934
17410
17055
16835
16359
15896
15889
15616
15264
15133
15138
14978
15014
14823
14637
14414
14469
14827
14560
14561
14704
14708
14928
14990
14984
15131
15234
15240
15632
15505
15586
16201
15922
16270
16739
16663
16394
16911
16924
17226
17213
17492
17923
18128
18016
18200
18490
18307
18583
18791
18482
18822
18791
18755
18738
18815
19219
18970
19143
18920
18823
19093
19201
18757
19106
18848
18925
19049
18838
18879
18829
18820
18801
18397
18291
17878
17369
17240
16716
16437
15820
15743
15496
15216
15014
14904
14965
14817
14906
14894
14907
14824
15118
15540
15489
15772
15583
16111
16361
16486
16794
17021
17324
17337
17473
17865
18016
18233
18413
18392
18469
18686
18856
19040
18956
18880
18918
19063
19176
19260
19147
19074
19333
19259
19238
19473
19375
18996
19060
19144
19175
19048
19097
19213
19324
19017
19176
19308
18929
19098
19252
19077
19053
19102
18892
18765
18533
18458
18214
18028
17343
17240
16980
16377
16032
16045
15751
15796
15544
15717
15631
15991
16212
16573
16811
17004
17184
17696
17962
18053
18235
18377
18788
18922
18788
18964
19083
19014
19116
19073
19213
19088
19240
18984
19272
19414
19038
19081
19321
19416
19225
19206
19263
19017
19187
19082
18954
18894
18745
18850
18298
18247
17845
17709
17462
16963
16462
16523
16242
15814
15737
15373
15809
15565
15645
16277
16289
16583
16991
17302
17664
18122
18220
18315
18515
19094
18816
18983
18989
18845
19183
19176
19054
19182
19147
19421
19130
19448
19395
19410
19372
19435
19376
19279
19403
19131
19159
19184
19063
19350
19283
19168
19267
19221
18987
19071
18911
18869
18726
18809
18624
18881
18703
18290
18086
18088
17806
17733
17253
17040
17009
16660
16431
16113
16053
15579
15496
15239
15055
15098
14764
14747
14732
14739
14910
14787
15241
15318
15760
15647
16232
16739
17009
17383
17706
18088
18356
18472
18572
18919
18913
18785
19133
19102
19020
18981
19106
19125
19252
19171
19318
19211
19116
19119
18981
19054
19183
18831
18850
18936
18801
18608
18812
18844
18587
18478
18239
18019
17767
18180
17643
17679
17623
17461
17255
16858
16679
16669
16376
16211
15941
15828
15514
15412
15129
15229
14871
14950
14518
14774
14534
14631
14476
14399
14359
14591
14288
14585
14719
14526
14851
15168
15367
15753
15991
16322
16677
16994
17288
17769
18165
18120
18501
18478
18650
18891
18899
19160
19119
19114
19298
19305
19079
19357
19157
19355
19330
19255
19302
19117
19312
19582
19206
19353
19455
19393
19375
19298
19428
19406
19807
19500
19337
19316
19547
19451
19328
19634
19476
19569
19613
19574
19396
19408
19417
19597
19340
19632
19626
19290
19440
19523
19600
19511
19514
19654
19571
19306
19544
19481
19688
19520
19467
19637
19164
19314
19361
19638
19320
19769
19733
19582
19642
19412
19533
19656
19697
19558
19551
19627
19613
19449
19622
19444
19723
19638
19633
19757
19693
19554
19230
19608
19611
19406
19477
19605
19533
19667
19479
19490
19442
19547
19702
19467
19260
19565
19527
19555
19570
19651
19318
19531
19816
19646
19581
19518
19527
19566
19324
19444
19634
19355
19427
19402
19491
19503
19407
19394
19466
19410
19644
19259
19449
19606
19282
19396
19499
19288
19294
19656
19417
19202
19120
19371
19482
19165
19502
19343
18893
19014
19023
19019
18813
18832
18716
18693
18599
18243
18070
17579
17228
16739
16519
16188
15819
15400
15216
14920
14886
14898
14544
14482
14362
14363
14335
14453
14390
14320
14405
14503
14949
15028
14932
15297
15388
15697
15520
15839
15951
16128
16551
16726
16938
16987
17207
17508
17449
17681
18010
17973
18576
18263
18406
18192
18616
18869
18670
18752
18860
18954
18847
18877
19118
19186
19083
19173
19064
18976
18744
18921
19017
19090
18994
19151
18711
18936
19028
19020
18780
18866
18511
18360
18171
17595
17372
17201
16580
16164
15970
15419
15311
15131
15053
14701
14780
14780
14621
14548
14790
14885
15099
15452
15207
15615
15951
16190
16608
16825
16823
17173
17288
17630
17619
17910
18233
18465
18385
18664
18734
18968
18856
18788
18989
18924
19115
19009
19072
19127
19085
19056
19318
18943
19657
19109
18934
19460
19191
19334
19255
19157
19354
19000
19228
19387
19143
18814
18976
19090
18949
18949
18683
18814
18605
18953
18459
18348
18013
17781
17315
17006
16643
16227
16138
15999
15832
15371
15747
15502
15849
15826
16165
16563
16982
17011
17464
17812
18026
18207
18460
18537
18892
19026
18913
18796
19250
19025
19228
18976
18889
19237
19408
19049
19333
19342
19145
19307
19211
19026
19257
18842
19073
19047
19064
19068
18795
18641
18711
18604
18121
18089
18023
17592
16860
16729
16590
16167
16184
15959
15819
15756
15638
15852
15928
16234
16159
16761
17123
17406
17573
18209
18271
18429
18745
18750
18902
18793
18752
18876
18991
19196
19150
19242
19154
19156
19334
19173
19224
19313
19334
19420
19482
19181
19356
19294
19434
18962
19366
19060
19210
19298
19082
18976
18861
18826
18767
18770
18520
18593
18269
18147
17889
18054
17592
17496
17345
17334
17148
16853
16573
16126
15983
15871
15900
15415
15386
15379
15290
15242
14744
14864
14705
14597
14623
14955
15137
15340
15574
15786
16228
16677
17239
17373
17704
18160
18059
18566
18505
18862
18735
18607
19032
18678
18696
18948
18893
18955
18868
19067
18695
18962
18891
19057
18842
18861
18723
18759
18597
18637
18511
18448
18174
18403
18138
17918
17784
17738
17631
17547
17536
17230
17187
16729
16651
16546
16590
16107
16074
15853
15792
15662
15356
15182
15189
14957
14748
15036
14854
14706
14613
14457
14753
14493
14536
14611
14586
14653
14828
14959
15106
14948
15592
15951
16219
16235
16952
16831
17084
17457
17794
18139
18085
18403
18670
18633
18854
18999
18886
19121
18872
19490
19288
19569
19226
19236
19418
19348
19282
19508
18995
19468
19349
19483
19561
19622
19292
19519
19272
19303
19328
19693
19175
19620
19601
19433
19316
19617
19437
19501
19476
19509
19540
19559
19556
19352
19643
19209
19651
19448
19555
19360
19654
19690
19438
19420
19417
19817
19595
19505
19416
19527
19575
