19296
19312
19288
19325
19259
19075
19070
19364
19455
19398
19166
19359
19288
19217
19205
19330
19188
19061
19164
19277
19187
18990
19080
19346
19216
19199
19601
19308
19199
19208
19308
19190
19152
18943
19262
19205
19255
19208
19098
19093
19049
19410
19298
19228
18913
19291
18959
19091
19155
18939
18831
18852
18889
18974
18885
18721
18685
18721
18563
18653
18392
18127
17663
17181
16845
16624
16157
15710
15685
15410
15077
14923
14927
14790
14813
14639
14450
14214
14290
14592
14375
14371
14500
14521
14690
14760
14779
14944
15045
15042
15438
15301
15369
15989
15708
16064
16507
16425
16194
16700
16729
16996
16995
17292
17654
17892
17803
17967
18247
18055
18347
18495
18211
18575
18541
18504
18503
18565
18989
18735
18860
18656
18576
18821
18939
18494
18871
18609
18688
18796
18585
18617
18561
18578
18558
18147
18057
17642
17169
16993
16479
16210
15611
15523
15294
15014
14814
14711
14762
14626
14707
14672
14709
14609
14931
15353
15275
15581
15353
15898
16130
16245
16549
16783
17096
17132
17203
17620
17762
17991
18185
18137
18226
18456
18611
18763
18691
18628
18649
18822
18905
19016
18864
18823
19066
18973
18985
19227
19119
18759
18824
18906
18917
18798
18829
18989
19076
18750
18919
19047
18655
18845
18996
18820
18795
18851
18663
18502
18272
18207
17962
17786
17091
17007
16772
16142
15823
15828
15516
15563
15341
15498
15418
15784
15998
16372
16577
16760
16951
17446
17716
17799
18021
18105
18518
18683
18533
18702
18818
18773
18844
18807
18950
18844
19010
18739
19003
19135
18796
18824
19063
19156
18998
18954
19008
18756
18946
18829
18691
18668
18500
18571
18058
18000
17596
17459
17235
16725
16246
16305
16002
15584
15543
15180
15603
15369
15445
16064
16069
16354
16761
17052
17415
17895
18010
18072
18260
18856
18558
18709
18726
18593
18927
18944
18790
18930
18883
19144
18863
19199
19110
19166
19127
19141
19093
19038
19164
18887
18901
18930
18814
19113
19005
18867
18999
19005
18730
18828
18687
18587
18473
18552
18385
18629
18453
18068
17857
17846
17583
17516
17029
16807
16782
16410
16210
15908
15854
15359
15299
15046
14861
14892
14554
14545
14529
14571
14730
14589
15029
15099
15559
15431
16007
16538
16793
17168
17467
17850
18118
18215
18304
18668
18661
18527
18880
18857
18775
18719
18856
18878
19009
18917
19041
18932
18857
18877
18701
18795
18934
18571
18618
18683
18554
18352
18556
18563
18336
18241
18019
17763
17497
17917
17392
17437
17371
17241
16992
16637
16432
16453
16157
16005
15726
15613
15291
15204
14912
15004
14672
14732
14292
14571
14335
14430
14281
14231
14164
14396
14108
14388
14501
14324
14664
14969
15167
15512
15780
16130
16468
16756
17055
17551
17922
17870
18239
18212
18422
18637
18651
18884
18880
18858
19029
19051
18845
19078
18879
19098
19052
18988
19033
18872
19041
19320
18962
19081
19208
19131
19120
19033
19199
19143
19524
19231
19080
19014
19275
19169
19056
19388
19210
19289
19347
19300
19147
19142
19171
19307
19106
19378
19343
19029
19181
19254
19330
19238
19247
19379
19327
19035
19292
19222
19438
19264
19217
19387
18931
19046
19119
19395
19054
19483
19469
19325
19386
19134
19260
19392
19431
19287
19287
19374
19329
19214
19342
19149
19464
19396
19343
19487
19443
19301
18962
19335
19342
19159
19230
19314
19293
19398
19218
19222
19192
19302
19426
19230
18986
19326
19258
19298
19304
19376
19059
19241
19572
19406
19320
19272
19277
19287
19096
19174
19363
19088
19201
19159
19245
19254
19150
19126
19232
19161
19373
19000
19181
19331
19012
19129
19231
19026
19030
19369
19140
18942
18852
19126
19218
18902
19238
19088
18622
18757
18791
18752
18559
18581
18501
18456
18372
18004
17834
17347
16991
16503
16283
15972
15636
15200
15030
14713
14689
14698
14342
14299
14154
14166
14154
14251
14206
14122
14203
14331
14750
14825
14732
15101
15169
15508
15312
15635
15740
15908
16327
16474
16727
16771
16989
17270
17246
17438
17741
17750
18330
18045
18188
17950
18358
18605
18427
18509
18591
18704
18600
18613
18868
18942
18823
18929
18834
18722
18499
18654
18774
18821
18743
18899
18445
18676
18771
18767
18524
18588
18277
18112
17910
17354
17149
16997
16368
15976
15734
15222
15097
14937
14857
14547
14585
14595
14451
14346
14579
14656
14880
15213
14987
15387
15751
15959
16395
16579
16603
16941
17064
17398
17358
17652
18012
18219
18121
18414
18486
18703
18621
18543
18783
18675
18864
18734
18811
18903
18827
18795
19052
18683
19395
18843
18689
19218
18936
19086
18985
18877
19091
18763
19011
19103
18894
18603
18720
18826
18695
18682
18428
18560
18349
18698
18223
18125
17771
17548
17075
16801
16410
16010
15922
15790
15618
15198
15533
15309
15634
15603
15964
16325
16768
16779
17238
17580
17796
17973
18200
18276
18616
18794
18685
18525
18999
18772
18965
18716
18627
18945
19131
18795
19082
19063
18877
19047
18948
18773
19026
18595
18840
18812
18839
18793
18551
18373
18476
18357
17884
17831
17794
17357
16632
16505
16351
15966
15949
15749
15638
15518
15413
15657
15699
15999
15937
16560
16875
17187
17347
17989
18028
18193
18476
18491
18651
18574
18467
18610
18731
18937
18883
18955
18891
18885
19075
18929
18960
19055
19056
19142
19212
18926
19089
19049
19197
18695
19097
18820
18971
19034
18839
18713
18605
18561
18519
18531
18267
18349
18051
17904
17674
17812
17325
17290
17105
17109
16910
16607
16359
15919
15766
15647
15699
15206
15175
15179
15076
15062
14562
14688
14513
14381
14425
14740
14924
15146
15359
15559
16026
16468
17001
17141
17464
17913
17828
18357
18256
18630
18477
18354
18803
18445
18441
18678
18642
18724
18614
18805
18446
18697
18657
18813
18581
18624
18486
18502
18336
18407
18226
18169
17930
18179
17892
17718
17550
17482
17393
17319
17292
16973
16960
16514
16440
16320
16368
15880
15836
15627
15593
15476
15190
14984
14963
14736
14573
14845
14646
14501
14443
14304
14563
14273
14355
14414
14409
14442
14629
14740
14886
14761
15369
15740
16025
16024
16739
16609
16834
17240
17570
17904
17834
18158
18421
18368
18589
18722
18635
18848
18615
19211
19038
19330
18986
19005
19178
19069
19012
19246
18746
19197
19059
19237
19297
19345
19037
19270
19024
19042
19092
19438
18917
19349
19339
19162
19077
19337
19163
19215
19211
19228
19279
19297
19309
19097
19375
18944
19362
19209
19271
19091
19387
19451
19198
19167
19139
19560
19337
19251
19155
19259
19333
