7493
7425
7495
7542
7511
7402
7349
7553
7480
7605
7517
7541
7553
7511
7405
7495
7493
7334
7594
7430
7417
7404
7301
7529
7435
7418
7760
7505
7420
7484
7642
7528
7375
7199
7458
7531
7503
7365
7432
7427
7553
7562
7537
7477
7320
7520
7309
7405
7325
7361
7388
7383
7262
7398
7326
7272
7207
7359
7196
7236
7227
6977
6868
6649
6545
6341
6230
6111
5999
5953
5813
5687
5891
5767
5860
5671
5582
5596
5544
5630
5564
5634
5687
5671
5677
5764
5686
5748
5846
5858
6027
6069
5998
6261
6066
6277
6292
6465
6389
6624
6549
6594
6584
6766
6892
7002
7022
7053
7239
7017
7151
7173
7013
7185
7149
7158
7100
7240
7413
7319
7525
7233
7164
7332
7319
7165
7457
7272
7077
7277
7181
7186
7207
7200
7230
7066
7138
6881
6621
6669
6437
6307
6033
6098
5907
5788
5786
5684
5662
5645
5776
5750
5797
5735
5905
6014
5969
5999
6032
6259
6336
6334
6471
6563
6664
6774
6698
6840
6955
7062
7066
7031
7083
7250
7175
7287
7269
7455
7271
7370
7327
7547
7362
7192
7459
7438
7353
7441
7504
7254
7319
7376
7269
7269
7327
7268
7440
7225
7384
7369
7212
7366
7359
7239
7369
7399
7271
7109
7049
7163
6963
6866
6649
6515
6471
6231
6193
6137
5969
6136
5982
6183
6043
6165
6229
6312
6436
6563
6696
6867
6943
6902
7041
7156
7210
7243
7199
7113
7371
7306
7288
7211
7394
7418
7459
7302
7357
7468
7251
7320
7454
7497
7373
7407
7361
7331
7443
7294
7360
7194
7148
7157
7096
7003
6927
6811
6759
6594
6378
6253
6134
6037
5989
5907
5999
6052
6008
6246
6275
6443
6541
6645
6788
7004
6997
6999
7117
7258
7147
7316
7321
7167
7320
7357
7291
7379
7425
7461
7376
7498
7452
7315
7428
7398
7376
7383
7451
7450
7295
7374
7343
7427
7367
7383
7479
7382
7249
7371
7164
7244
7231
7306
7124
7325
7175
7123
6961
6951
6939
6811
6572
6549
6438
6361
6322
6172
6267
6028
5945
5826
5765
5769
5723
5660
5605
5662
5735
5703
5776
5916
6053
5967
6175
6404
6589
6629
6808
6814
7069
7050
7158
7319
7182
7203
7255
7260
7381
7336
7360
7244
7288
7318
7367
7334
7399
7329
7211
7224
7315
7243
7372
7331
7257
7198
7262
7237
7121
7146
7042
6906
6740
6997
6599
6761
6670
6694
6525
6449
6361
6439
6219
6318
6157
6022
5899
5960
5848
5870
5649
5669
5643
5578
5524
5586
5538
5576
5610
5607
5449
5549
5604
5583
5652
5869
5958
5920
6053
6281
6457
6591
6664
6837
6928
6914
7082
7179
7128
7274
7232
7395
7508
7252
7436
7281
7367
7524
7363
7368
7464
7332
7478
7286
7440
7501
7398
7332
7357
7482
7332
7518
7492
7491
7665
7563
7430
7413
7340
7451
7492
7638
7435
7502
7476
7578
7514
7430
7454
7580
7462
7537
7618
7333
7511
7458
7555
7477
7463
7552
7584
7479
7507
7456
7400
7535
7455
7504
7369
7424
7385
7620
7380
7519
7651
7589
7583
7457
7601
7556
7478
7455
7440
7565
7514
7505
7465
7482
7504
7525
7482
7591
7645
7592
7389
7537
7464
7485
7524
7401
7539
7571
7584
7407
7493
7557
7575
7506
7404
7681
7529
7553
7459
7454
7422
7367
7564
7550
7612
7526
7438
7537
7468
7430
7563
7441
7457
7408
7492
7444
7302
7400
7490
7471
7529
7506
7483
7563
7449
7482
7522
7419
7407
7526
7562
7312
7343
7343
7398
7359
7414
7348
7337
7361
7329
7317
7251
7192
7173
7097
7151
6916
6964
6788
6671
6518
6346
6168
6097
5968
5833
5689
5712
5794
5635
5592
5476
5534
5443
5458
5512
5569
5539
5636
5817
5889
5715
5913
5840
6128
5984
5974
6103
6220
6457
6493
6519
6513
6560
6800
6804
6853
6942
6918
7110
7009
7062
6859
7140
7407
7318
7264
7254
7126
7229
7201
7378
7361
7154
7365
7370
7310
7148
7279
7282
7243
7327
7334
7177
7263
7252
7228
7266
7117
7169
7029
6930
6790
6649
6549
6437
6223
6209
6096
5825
5866
5675
5555
5738
5685
5622
5578
5659
5697
5748
5966
5780
6031
6050
6260
6264
6424
6500
6576
6617
6684
6669
6901
7106
7016
6992
7185
7120
7161
7268
7244
7330
7282
7439
7396
7394
7451
7341
7265
7349
7269
7496
7274
7230
7485
7446
7396
7259
7322
7484
7218
7469
7589
7373
7251
7354
7377
7257
7213
7207
7164
7122
7207
7040
7063
6916
6839
6713
6390
6357
6187
6234
6223
6063
5862
5952
5918
6053
6050
6252
6354
6582
6526
6754
6944
6793
6931
7099
7068
7268
7406
7199
7242
7414
7376
7387
7277
7179
7402
7419
7223
7449
7349
7269
7347
7339
7212
7434
7128
7388
7517
7408
7327
7230
7166
7280
7105
6915
7018
6855
6742
6453
6473
6342
6175
6235
6039
6008
5997
6068
6078
6156
6236
6268
6455
6597
6579
6760
6978
6925
6987
7149
7120
7313
7231
7184
7248
7278
7406
7320
7377
7254
7371
7453
7302
7467
7444
7397
7387
7497
7418
7331
7384
7596
7310
7424
7334
7306
7337
7448
7257
7350
7109
7229
7196
7062
7191
6900
6968
6948
6941
6818
6677
6677
6630
6520
6484
6377
6150
6076
6137
6073
5913
5941
5845
5874
5773
5660
5699
5574
5545
5576
5875
5757
5887
5977
6109
6248
6473
6655
6704
6717
6948
7020
7070
7070
7368
7218
7214
7308
7275
7145
7136
7320
7303
7277
7271
7138
7270
7249
7356
7263
7260
7195
7270
7084
7196
7031
7216
6990
7112
6809
6814
6717
6808
6829
6762
6699
6586
6563
6357
6362
6424
6381
6188
6141
6196
6016
6076
5913
5874
5754
5660
5686
5782
5740
5603
5609
5508
5614
5514
5521
5531
5501
5547
5618
5695
5811
5889
5944
6168
6169
6180
6449
6375
6540
6718
6765
7073
6957
7031
7196
7118
7114
7079
7312
7337
7287
7524
7479
7521
7415
7406
7408
7463
7482
7598
7240
7627
7462
7389
7444
7581
7414
7497
7502
7333
7433
7563
7345
7463
7517
7426
7423
7636
7491
7453
7517
7557
7578
7540
7500
7402
7535
7492
7515
7522
7520
7495
7604
7568
7523
7487
7443
7561
7481
7466
7554
7512
7576
