5925
5868
5958
5961
5913
5854
5811
5941
5929
6047
5926
5945
5975
5940
5835
5944
5945
5807
6043
5939
5907
5822
5731
6031
5938
5872
6075
5942
5874
5890
6067
5989
5850
5719
5897
5973
5898
5842
5868
5828
5987
5992
5963
5924
5765
5924
5776
5896
5753
5823
5753
5870
5763
5934
5776
5726
5698
5801
5686
5738
5757
5560
5476
5224
5201
5013
4894
4847
4796
4734
4615
4458
4641
4574
4612
4484
4447
4361
4388
4386
4393
4468
4526
4424
4462
4576
4505
4574
4616
4639
4751
4817
4735
4942
4768
4893
4965
5176
5055
5200
5209
5180
5191
5316
5476
5507
5622
5557
5763
5520
5672
5645
5533
5691
5686
5582
5640
5743
5867
5736
5901
5683
5663
5718
5826
5632
5897
5754
5580
5802
5664
5651
5684
5684
5716
5557
5655
5472
5233
5359
5104
5037
4761
4831
4673
4593
4584
4477
4507
4439
4560
4588
4594
4519
4700
4744
4706
4801
4780
5004
5019
4998
5092
5192
5314
5321
5320
5412
5518
5601
5595
5568
5608
5710
5594
5868
5716
5875
5789
5822
5823
5992
5773
5686
5896
5900
5871
5899
5931
5734
5771
5838
5760
5694
5798
5822
5880
5677
5811
5814
5729
5846
5805
5737
5836
5842
5719
5627
5597
5644
5515
5379
5276
5143
5156
4936
4882
4880
4718
4821
4685
4867
4780
4863
4934
5000
5112
5211
5222
5434
5453
5466
5599
5653
5701
5697
5779
5607
5809
5776
5795
5696
5864
5887
5916
5755
5819
5842
5714
5730
5906
5947
5871
5862
5801
5770
5886
5750
5784
5690
5647
5640
5605
5547
5459
5461
5311
5208
5012
4947
4822
4748
4768
4676
4700
4801
4781
4939
4983
5161
5144
5282
5388
5581
5539
5537
5643
5721
5600
5781
5796
5651
5825
5816
5725
5819
5879
5893
5812
5896
5887
5778
5810
5868
5883
5887
5942
5884
5762
5856
5821
5871
5767
5856
6017
5890
5731
5816
5675
5779
5738
5789
5673
5789
5619
5611
5541
5443
5432
5361
5195
5183
5067
4999
5012
4888
4988
4832
4726
4584
4577
4551
4582
4505
4472
4478
4548
4482
4649
4687
4756
4726
4898
5053
5184
5272
5374
5421
5636
5581
5663
5804
5678
5645
5719
5743
5827
5797
5833
5725
5775
5784
5850
5828
5783
5802
5745
5702
5768
5761
5829
5837
5707
5690
5776
5786
5661
5677
5566
5475
5290
5539
5282
5372
5283
5282
5172
5132
5035
5088
4979
5017
4845
4799
4661
4719
4636
4601
4442
4479
4453
4402
4364
4441
4368
4403
4412
4412
4345
4406
4400
4425
4526
4588
4724
4678
4798
4998
5136
5177
5293
5463
5556
5506
5598
5657
5626
5809
5687
5822
5968
5684
5878
5800
5762
5961
5825
5894
5887
5801
5884
5726
5901
5930
5856
5832
5865
5919
5808
5979
5900
5944
6045
6050
5900
5861
5822
5883
5953
5991
5908
5945
5859
6046
5904
5859
5903
6047
5933
5978
6022
5751
5918
5933
5913
5931
5855
5979
6055
5939
5943
5879
5858
5935
5926
5930
5820
5903
5825
6053
5794
5955
6023
6016
5970
5906
5960
5987
5968
5925
5890
5994
5965
5887
5940
5919
5951
5964
5920
5964
6052
6009
5891
5924
5884
5923
5953
5836
5934
6002
5994
5838
5919
5988
6041
5917
5876
6032
5905
5971
5945
5906
5845
5855
5975
6004
6048
5978
5958
5969
5939
5856
5946
5846
5861
5904
5910
5926
5832
5843
5924
5846
5934
5980
5899
5959
5828
5957
5970
5903
5876
5948
5976
5766
5847
5815
5826
5827
5880
5840
5800
5795
5784
5789
5776
5625
5730
5634
5710
5456
5522
5376
5269
5176
5029
4920
4805
4755
4651
4440
4449
4563
4448
4458
4333
4365
4267
4303
4294
4430
4358
4416
4553
4668
4497
4735
4621
4822
4763
4733
4790
4969
5143
5154
5087
5166
5161
5366
5358
5388
5426
5433
5629
5563
5567
5435
5672
5900
5776
5713
5725
5650
5762
5707
5831
5805
5674
5808
5844
5798
5589
5812
5771
5754
5811
5835
5693
5699
5714
5677
5728
5652
5685
5541
5490
5341
5216
5146
5090
4905
4880
4809
4615
4667
4518
4395
4550
4535
4483
4428
4456
4491
4598
4726
4625
4753
4797
4957
4978
5121
5088
5125
5243
5327
5250
5495
5606
5555
5552
5720
5608
5693
5735
5695
5786
5782
5847
5864
5870
5875
5773
5756
5836
5713
5954
5767
5720
5952
5966
5872
5747
5758
5935
5728
5967
6007
5861
5729
5798
5843
5749
5707
5712
5644
5640
5698
5545
5520
5497
5441
5306
5038
5083
4930
4989
4930
4804
4653
4661
4661
4771
4782
4930
5010
5191
5197
5307
5527
5413
5457
5586
5586
5774
5816
5716
5741
5857
5822
5848
5763
5665
5864
5863
5687
5855
5838
5746
5791
5830
5682
5921
5653
5829
5957
5895
5818
5727
5681
5716
5601
5478
5540
5407
5330
5070
5134
4989
4909
4925
4722
4755
4738
4766
4798
4880
4942
4959
5095
5171
5205
5372
5532
5501
5533
5678
5606
5808
5699
5649
5729
5782
5835
5798
5917
5711
5813
5878
5801
5932
5894
5870
5896
5902
5883
5854
5855
5975
5817
5900
5776
5764
5746
5846
5789
5825
5661
5756
5688
5557
5618
5441
5533
5508
5489
5375
5208
5261
5285
5155
5165
5027
4886
4825
4894
4798
4694
4711
4676
4703
4556
4461
4493
4368
4398
4380
4659
4575
4652
4710
4867
4981
5095
5266
5295
5292
5508
5545
5520
5617
5793
5679
5750
5735
5764
5671
5613
5742
5751
5756
5745
5644
5735
5745
5836
5722
5800
5714
5738
5564
5670
5556
5712
5506
5582
5385
5420
5329
5446
5382
5323
5355
5225
5222
5016
5018
5122
5032
4912
4870
4914
4737
4824
4651
4672
4510
4492
4510
4549
4578
4462
4407
4301
4453
4368
4367
4380
4341
4424
4367
4497
4614
4629
4702
4900
4900
4873
5124
5044
5162
5329
5363
5511
5527
5608
5692
5645
5639
5578
5786
5834
5765
5943
5921
5956
5954
5852
5792
5875
5880
6008
5710
6050
5918
5795
5941
5974
5869
5973
5909
5777
5859
5977
5793
5877
6000
5830
5857
6069
5914
5908
5923
6004
6000
5955
5966
5820
5954
5911
5928
5907
5921
5922
6041
6036
6049
5858
5950
5966
5866
5918
5963
5893
5985
