4114
4110
4133
4114
4100
4057
4002
4089
4143
4176
4136
4154
4128
4150
3995
4164
4115
4064
4157
4066
4116
4021
3911
4157
4055
4074
4196
4103
4116
4070
4208
4131
4084
3954
4061
4151
4089
4038
4138
3966
4161
4110
4101
4194
3971
4048
3941
4018
3975
4058
4007
4071
3993
4078
3938
4010
3938
4017
3910
3948
3944
3822
3770
3578
3573
3470
3388
3362
3227
3331
3138
3089
3236
3150
3150
3088
3099
3041
3012
3009
3049
3100
3148
3084
3115
3171
3131
3156
3238
3223
3271
3311
3283
3371
3323
3395
3483
3579
3558
3553
3582
3596
3577
3687
3823
3795
3844
3864
3976
3844
3967
3861
3864
3941
3954
3834
3896
3973
4093
3999
4076
3969
3878
3960
3970
3857
4125
4009
3859
3992
3952
3928
3896
3880
3940
3905
3923
3814
3609
3699
3568
3506
3284
3354
3264
3124
3154
3061
3129
3112
3124
3186
3175
3113
3232
3249
3227
3332
3251
3372
3408
3469
3492
3572
3675
3665
3672
3755
3847
3802
3810
3909
3871
3915
3882
4105
4055
4048
4034
4012
4043
4157
3999
3931
4105
4076
4062
4102
4161
3987
4002
4014
3946
3948
4029
4024
4091
3978
3976
3961
3976
4015
4009
3999
4043
4043
3921
3899
3861
3862
3784
3693
3629
3527
3520
3417
3374
3453
3297
3350
3245
3389
3320
3361
3388
3434
3496
3579
3640
3764
3820
3763
3856
3841
3931
3942
4005
3910
3978
3988
3985
3985
3985
4012
4028
3938
3984
4061
3923
3951
4083
4140
4083
4079
4016
3929
4095
3966
4035
3961
3927
3861
3869
3869
3767
3826
3698
3632
3458
3431
3337
3312
3321
3263
3204
3313
3316
3507
3512
3547
3518
3643
3804
3907
3858
3747
3915
3925
3845
4017
3991
3892
4029
4078
3948
3986
4015
4061
4024
4088
4079
4099
4070
4062
4010
4086
4166
4012
4052
4058
4052
4030
4014
4058
4113
4107
3986
3982
3965
3919
3925
4014
3925
4022
3905
3879
3831
3850
3753
3688
3582
3640
3443
3446
3396
3405
3483
3286
3284
3195
3185
3177
3132
3169
3028
3092
3147
3037
3251
3212
3254
3271
3398
3523
3614
3618
3691
3738
3870
3838
3904
4008
3992
3935
3980
3979
4031
3933
4012
3976
3971
3943
4048
4060
3984
3985
4032
4008
4008
3992
4078
4048
3945
3993
4024
3977
3914
3954
3916
3834
3657
3853
3616
3720
3643
3616
3563
3557
3518
3572
3413
3468
3364
3339
3176
3207
3198
3221
2994
3096
3128
3038
3060
3099
3004
3007
3020
3068
3025
3039
3072
3029
3112
3228
3254
3222
3319
3426
3572
3545
3667
3768
3783
3842
3873
3864
3904
4021
3889
4014
4052
3888
4064
4031
4018
4145
4011
4072
4051
4006
4051
3925
4075
4139
4014
4004
4116
4115
3984
4106
4061
4107
4181
4206
4111
4148
4021
4043
4092
4093
4100
4125
4050
4188
4078
4053
4066
4071
4155
4093
4145
3962
4170
4099
4109
4144
4053
4172
4182
4064
4058
4067
4063
4064
4092
4090
3969
4031
4060
4189
3993
4112
4231
4183
4159
4069
4124
4120
4135
4159
4099
4179
4117
4026
4158
4099
4174
4109
4092
4149
4161
4181
4151
4209
3968
4095
4134
4172
4094
4164
4134
3989
4065
4149
4193
4035
4036
4173
4095
4107
4098
4083
4052
4061
4145
4216
4189
4112
4095
4237
4153
4075
4167
4105
4049
4037
4086
4128
4017
4036
4087
4035
4095
4124
4052
4147
4022
4109
4110
4027
4042
4087
4137
4010
4063
4025
3983
4096
4066
4012
4004
3984
4011
4009
4006
3864
3978
3934
3939
3788
3814
3734
3643
3523
3441
3400
3343
3235
3217
3069
3089
3141
3040
3092
2991
3000
2995
2956
2957
3071
2997
3013
3113
3197
3174
3267
3196
3388
3317
3265
3316
3434
3512
3530
3466
3577
3541
3725
3706
3712
3765
3765
3890
3839
3830
3753
3978
4098
3939
3934
3999
3848
3947
3963
4023
4039
3885
4008
3997
4021
3798
3953
3992
3910
4036
4053
3985
3936
3923
3933
3956
3843
3921
3867
3772
3674
3592
3556
3504
3425
3435
3280
3196
3241
3105
3001
3142
3167
3162
3041
3077
3088
3187
3286
3220
3293
3355
3411
3430
3593
3484
3564
3622
3653
3617
3797
3857
3859
3837
3940
3874
3968
4015
3979
4040
4017
4003
4079
4082
4091
3948
4032
3993
3895
4138
3985
4003
4200
4188
4027
3914
4017
4174
3947
4164
4195
4063
3993
3966
4123
3927
3907
4009
3916
3925
3993
3865
3858
3806
3744
3659
3496
3473
3393
3451
3413
3319
3229
3255
3215
3313
3374
3434
3441
3555
3634
3679
3867
3789
3725
3872
3897
3951
4059
3961
3978
4053
4023
3959
3905
3895
4076
4028
3894
4044
4026
3989
3987
4090
3949
4089
3916
4001
4063
4049
3967
3906
3969
3946
3783
3791
3848
3768
3668
3542
3563
3493
3452
3477
3258
3289
3331
3323
3290
3379
3394
3467
3531
3577
3560
3739
3808
3834
3812
3954
3830
4033
3986
3867
3985
4047
4031
4024
4067
3963
4002
4076
3941
4151
4025
4078
4151
4132
4022
4100
4044
4106
4065
4066
3970
3882
3926
3966
3999
4030
3936
3978
3922
3861
3908
3784
3895
3840
3837
3729
3552
3632
3682
3606
3552
3515
3374
3382
3351
3330
3238
3269
3205
3276
3121
3083
3103
2966
3055
3029
3208
3117
3187
3274
3447
3406
3516
3618
3690
3615
3818
3836
3833
3918
3973
3978
3995
3912
4043
3946
3907
3992
3972
3964
3966
3955
3991
4034
4048
4006
3980
3957
3889
3848
3901
3810
3977
3832
3919
3731
3798
3704
3743
3716
3631
3681
3596
3648
3492
3460
3574
3477
3417
3374
3419
3251
3288
3227
3237
3147
3158
3117
3156
3199
3106
3029
2957
3082
3006
3016
3065
3027
3123
3014
3119
3210
3166
3245
3393
3412
3389
3550
3515
3599
3669
3685
3810
3829
3901
3915
3990
3902
3820
4005
4058
4003
4116
4166
4109
4123
4080
3957
4060
4038
4163
3940
4168
4083
4042
4105
4114
4069
4116
4037
3987
4005
4147
4011
4012
4051
4077
4077
4151
4080
4049
4046
4140
4156
4101
4137
4030
4123
4136
4074
4127
4045
4046
4153
4214
4275
4023
4099
4067
4033
4115
4128
4139
4090
