20348
20390
20341
20333
20330
20077
20103
20400
20494
20476
20257
20412
20349
20271
20227
20417
20278
20146
20153
20269
20251
19981
20047
20418
20239
20239
20645
20372
20251
20192
20308
20250
20177
19997
20325
20265
20317
20267
20194
20151
20101
20475
20317
20208
19908
20314
20003
20060
20307
19977
19837
19848
19937
19990
19890
19776
19698
19762
19608
19710
19372
19093
18690
18113
17772
17507
17011
16564
16543
16266
15903
15765
15766
15581
15630
15410
15272
15003
15076
15436
15151
15132
15302
15312
15535
15564
15589
15749
15880
15858
16253
16149
16207
16854
16588
16898
17401
17336
17079
17586
17590
17868
17948
18258
18624
18859
18773
18947
19210
19055
19294
19550
19234
19548
19532
19503
19544
19584
19955
19748
19952
19644
19628
19851
19959
19510
19873
19574
19700
19758
19609
19632
19568
19604
19506
19164
19064
18596
18037
17934
17401
17076
16457
16386
16094
15813
15614
15535
15562
15412
15503
15474
15469
15428
15746
16141
16087
16409
16177
16797
17013
17119
17452
17722
18036
18053
18169
18577
18758
18913
19154
19128
19211
19475
19576
19741
19723
19681
19668
19830
19928
20013
19908
19844
20113
20012
19993
20251
20120
19789
19844
19947
19934
19855
19919
19997
20086
19821
19949
20083
19693
19925
20003
19890
19828
19862
19626
19519
19309
19172
18990
18751
18028
17908
17623
17063
16645
16670
16365
16401
16178
16338
16261
16619
16880
17212
17507
17697
17868
18370
18676
18820
18980
19169
19504
19658
19565
19722
19915
19763
19847
19822
19989
19868
19992
19707
20048
20179
19769
19827
20118
20210
20051
19951
20050
19748
19964
19853
19680
19619
19475
19616
19028
18990
18550
18458
18119
17628
17114
17187
16890
16427
16419
16029
16491
16209
16276
16954
16916
17244
17664
18006
18366
18844
18946
19055
19232
19842
19563
19784
19748
19587
19916
19959
19839
19949
19862
20193
19838
20229
20198
20195
20140
20195
20137
20067
20156
19854
19911
19984
19837
20159
20028
19909
20053
19909
19781
19810
19666
19604
19492
19585
19385
19641
19442
19026
18823
18843
18575
18442
18014
17701
17682
17319
17062
16777
16700
16207
16092
15820
15677
15713
15366
15345
15315
15348
15504
15379
15787
15902
16336
16307
16874
17416
17683
18078
18448
18792
19078
19212
19353
19585
19732
19546
19819
19887
19795
19787
19841
19854
20043
19992
20104
19940
19863
19899
19758
19836
19917
19593
19590
19669
19510
19336
19579
19586
19330
19209
18998
18741
18505
18881
18359
18398
18322
18124
17970
17514
17387
17333
17002
16891
16574
16485
16161
16034
15772
15860
15439
15600
15112
15334
15157
15227
15056
14960
14949
15171
14845
15181
15297
15111
15466
15749
15960
16364
16581
16964
17360
17678
17991
18440
18888
18840
19233
19181
19424
19657
19696
19934
19856
19894
20071
20091
19853
20139
19921
20166
20107
20027
20081
19866
20079
20329
19952
20137
20224
20131
20134
20073
20164
20165
20602
20266
20102
20076
20327
20214
20109
20417
20222
20346
20363
20345
20175
20204
20179
20367
20093
20386
20426
20095
20203
20300
20442
20291
20313
20443
20316
20076
20307
20216
20469
20280
20245
20372
19969
20082
20206
20459
20073
20530
20554
20354
20388
20186
20314
20434
20485
20333
20351
20432
20356
20244
20436
20234
20511
20403
20477
20555
20465
20334
20023
20387
20329
20250
20226
20370
20280
20445
20251
20231
20251
20335
20528
20250
20007
20305
20287
20295
20337
20426
20109
20341
20571
20381
20362
20260
20305
20399
20094
20241
20407
20142
20163
20186
20281
20302
20146
20192
20233
20187
20447
20037
20252
20415
20098
20124
20288
20075
20053
20470
20190
19985
19882
20116
20260
19935
20246
20057
19560
19765
19813
19781
19565
19550
19496
19381
19350
18970
18795
18306
17933
17461
17189
16813
16475
16007
15788
15554
15467
15490
15121
15077
14943
14945
14944
15025
14955
14902
14971
15094
15547
15612
15560
15906
16027
16308
16187
16452
16590
16790
17186
17374
17600
17661
17910
18191
18179
18385
18752
18664
19327
19020
19145
18932
19374
19628
19390
19576
19631
19644
19611
19620
19863
19962
19882
19975
19817
19764
19510
19665
19792
19822
19745
19884
19494
19711
19803
19750
19508
19631
19244
19141
18876
18300
18064
17944
17310
16803
16616
16086
15944
15723
15654
15287
15338
15385
15254
15116
15374
15477
15732
16076
15851
16267
16600
16840
17245
17476
17513
17837
17984
18337
18320
18586
18969
19226
19134
19393
19459
19724
19611
19539
19744
19701
19910
19810
19855
19943
19873
19839
20112
19696
20460
19915
19742
20217
19921
20073
20025
19936
20176
19761
19985
20172
19915
19589
19714
19848
19698
19726
19439
19556
19403
19675
19161
19079
18732
18473
18011
17656
17319
16891
16774
16638
16496
16009
16364
16156
16440
16448
16798
17236
17638
17715
18136
18542
18780
18912
19187
19246
19622
19770
19630
19589
20043
19786
20004
19783
19618
20020
20176
19846
20193
20056
19944
20143
20026
19761
20009
19576
19825
19795
19868
19796
19544
19401
19469
19364
18886
18783
18735
18275
17513
17398
17292
16822
16850
16640
16429
16384
16257
16443
16567
16859
16820
17437
17803
18094
18296
18931
19036
19155
19472
19484
19682
19539
19506
19639
19756
19939
19937
19986
19903
19934
20097
19919
19993
20107
20118
20186
20210
19887
20093
20103
20166
19724
20162
19821
19999
20094
19875
19753
19654
19584
19496
19475
19298
19319
19014
18855
18590
18784
18311
18180
18044
18046
17822
17510
17248
16801
16602
16462
16563
16016
15986
15980
15860
15856
15348
15447
15306
15186
15240
15558
15775
15934
16227
16411
16874
17352
17916
18043
18440
18867
18788
19323
19243
19648
19448
19323
19802
19487
19462
19691
19639
19720
19618
19838
19492
19770
19680
19830
19631
19673
19426
19493
19367
19374
19235
19222
18890
19130
18903
18617
18488
18503
18335
18263
18234
17919
17889
17372
17300
17161
17229
16759
16715
16505
16395
16280
15968
15754
15782
15584
15335
15653
15463
15300
15229
15040
15313
15100
15136
15251
15185
15234
15418
15577
15711
15563
16235
16570
16828
16826
17625
17503
17732
18131
18514
18854
18880
19137
19450
19363
19605
19750
19659
19916
19610
20248
20007
20347
20023
20015
20178
20145
20081
20312
19767
20259
20117
20269
20341
20472
20048
20289
20030
20093
20077
20450
19965
20397
20366
20210
20103
20383
20196
20301
20270
20262
20365
20360
20300
20154
20461
19964
20423
20215
20278
20153
20419
20399
20194
20221
20211
20574
20363
20333
20235
20289
20359
