7748
7699
7755
7779
7761
7687
7595
7795
7728
7832
7766
7789
7799
7770
7688
7760
7762
7589
7831
7674
7657
7651
7575
7769
7684
7686
8028
7783
7672
7739
7921
7783
7620
7448
7730
7786
7776
7626
7656
7715
7801
7844
7814
7738
7546
7774
7556
7647
7585
7621
7620
7667
7523
7663
7555
7524
7463
7605
7435
7483
7499
7208
7120
6899
6779
6566
6451
6321
6182
6148
6045
5904
6114
5946
6057
5866
5762
5768
5747
5857
5785
5805
5874
5863
5868
5960
5909
5953
6038
6049
6225
6288
6204
6475
6276
6507
6544
6677
6614
6837
6795
6838
6808
6991
7137
7258
7284
7281
7468
7233
7399
7432
7254
7466
7397
7403
7349
7488
7702
7568
7764
7486
7413
7589
7574
7413
7726
7493
7334
7547
7443
7436
7462
7437
7456
7302
7404
7118
6839
6887
6668
6527
6245
6304
6131
5990
5977
5889
5857
5845
5956
5949
5986
5943
6104
6216
6170
6209
6237
6478
6541
6558
6709
6789
6899
6994
6949
7072
7208
7315
7312
7262
7311
7506
7438
7534
7529
7716
7534
7617
7573
7788
7611
7431
7716
7693
7624
7701
7768
7486
7560
7616
7526
7495
7585
7544
7703
7465
7627
7628
7441
7644
7610
7510
7644
7616
7528
7360
7328
7391
7196
7094
6882
6749
6691
6454
6389
6317
6171
6328
6200
6389
6280
6372
6442
6534
6651
6800
6936
7115
7174
7163
7302
7393
7458
7517
7445
7384
7595
7566
7559
7450
7647
7671
7711
7542
7631
7714
7537
7621
7706
7758
7633
7662
7624
7579
7708
7543
7605
7440
7389
7408
7324
7243
7169
7044
6990
6806
6592
6480
6342
6252
6196
6109
6202
6229
6205
6437
6499
6658
6768
6875
7017
7277
7238
7269
7373
7540
7403
7555
7572
7443
7563
7595
7526
7615
7651
7712
7604
7733
7728
7592
7697
7675
7637
7643
7714
7714
7548
7620
7612
7694
7601
7648
7753
7643
7518
7607
7409
7498
7485
7555
7376
7570
7394
7354
7229
7166
7169
7050
6789
6786
6668
6589
6526
6391
6502
6248
6143
6029
5957
5982
5942
5853
5791
5864
5937
5900
5971
6123
6283
6178
6392
6633
6822
6877
7057
7048
7292
7281
7406
7553
7423
7461
7542
7510
7633
7563
7608
7514
7563
7587
7615
7590
7639
7595
7451
7494
7562
7480
7625
7600
7544
7460
7487
7498
7360
7359
7303
7139
6991
7224
6838
6984
6882
6929
6762
6685
6570
6657
6430
6524
6378
6234
6100
6182
6039
6079
5844
5909
5839
5782
5733
5804
5733
5776
5809
5784
5631
5760
5822
5773
5825
6071
6137
6106
6301
6496
6713
6812
6932
7040
7159
7176
7318
7436
7370
7516
7491
7659
7743
7531
7687
7563
7616
7783
7635
7635
7719
7575
7737
7523
7689
7755
7662
7593
7636
7730
7583
7731
7769
7728
7949
7840
7677
7663
7602
7729
7786
7894
7689
7753
7739
7820
7800
7693
7705
7853
7720
7788
7854
7603
7811
7750
7817
7768
7703
7831
7874
7728
7766
7717
7658
7781
7733
7737
7650
7680
7628
7889
7631
7819
7905
7854
7852
7715
7864
7826
7747
7720
7700
7810
7765
7776
7740
7734
7765
7787
7736
7846
7923
7868
7666
7780
7724
7741
7825
7683
7809
7829
7847
7656
7761
7805
7818
7778
7677
7926
7787
7791
7697
7712
7695
7637
7813
7831
7862
7811
7708
7807
7735
7699
7840
7685
7702
7682
7761
7729
7561
7651
7714
7722
7800
7749
7740
7822
7702
7757
7759
7684
7685
7815
7811
7569
7617
7625
7677
7619
7702
7611
7576
7601
7574
7557
7514
7420
7429
7318
7402
7170
7212
7010
6919
6732
6557
6388
6314
6176
6026
5882
5917
5987
5833
5779
5665
5732
5644
5638
5697
5762
5760
5813
6011
6081
5918
6098
6053
6343
6206
6185
6308
6435
6682
6685
6756
6767
6764
7016
7026
7104
7175
7153
7385
7270
7322
7092
7366
7654
7572
7506
7521
7374
7473
7454
7635
7624
7399
7644
7638
7557
7420
7552
7544
7492
7581
7597
7426
7485
7510
7470
7485
7372
7428
7260
7188
7008
6874
6775
6650
6424
6411
6304
6032
6062
5867
5765
5935
5881
5820
5782
5856
5913
5977
6163
5974
6218
6289
6463
6462
6637
6728
6787
6850
6928
6909
7122
7327
7255
7262
7408
7394
7429
7514
7532
7582
7539
7670
7616
7650
7700
7612
7507
7609
7512
7780
7562
7494
7760
7714
7678
7541
7554
7759
7462
7741
7832
7617
7506
7597
7636
7517
7488
7450
7397
7370
7429
7302
7301
7130
7079
6941
6656
6618
6405
6453
6423
6298
6056
6161
6163
6267
6308
6490
6591
6809
6762
6964
7205
7036
7179
7372
7306
7516
7656
7442
7478
7656
7643
7652
7524
7436
7660
7662
7494
7708
7614
7531
7616
7597
7467
7663
7376
7632
7766
7654
7545
7489
7414
7518
7344
7182
7255
7099
6999
6637
6662
6566
6402
6455
6259
6188
6226
6271
6300
6355
6472
6485
6676
6839
6829
7016
7221
7182
7237
7375
7388
7587
7473
7448
7507
7546
7664
7576
7654
7532
7625
7704
7551
7716
7707
7647
7644
7743
7701
7598
7611
7871
7557
7681
7590
7573
7615
7696
7505
7606
7378
7488
7438
7311
7434
7141
7195
7188
7173
7075
6929
6914
6892
6751
6692
6606
6353
6288
6353
6289
6128
6142
6021
6060
5977
5849
5913
5766
5729
5782
6073
5950
6094
6183
6312
6437
6702
6915
6936
6931
7206
7262
7314
7305
7604
7461
7458
7561
7519
7404
7383
7551
7566
7533
7529
7399
7505
7484
7631
7506
7525
7422
7514
7353
7438
7282
7493
7243
7344
7061
7058
6987
7044
7068
6985
6948
6835
6814
6603
6596
6666
6610
6406
6357
6406
6251
6304
6097
6057
5957
5865
5880
5989
5951
5834
5815
5701
5821
5712
5724
5738
5692
5764
5849
5899
6018
6093
6133
6367
6401
6377
6666
6623
6743
6961
6993
7314
7204
7286
7450
7367
7362
7327
7584
7579
7552
7770
7731
7764
7672
7651
7689
7701
7755
7849
7482
7886
7727
7676
7722
7868
7657
7773
7760
7595
7703
7849
7605
7738
7766
7667
7711
7902
7743
7707
7772
7820
7836
7795
7750
7673
7771
7721
7776
7782
7784
7738
7871
7808
7791
7720
7711
7830
7767
7724
7809
7769
7823
