14304
14275
14303
14327
14313
14179
14078
14324
14331
14361
14208
14446
14244
14326
14317
14442
14307
14198
14298
14284
14291
14010
14078
14324
14122
14259
14580
14324
14188
14231
14416
14263
14138
13924
14224
14285
14319
14242
14146
14263
14290
14357
14239
14272
14025
14268
14012
14208
14160
13982
14001
13983
13972
14035
13996
13925
13904
13944
13732
13856
13780
13398
13108
12720
12458
12280
11897
11638
11616
11402
11142
11016
11106
11019
11048
10820
10685
10560
10594
10849
10601
10597
10863
10763
10847
11010
10951
11071
11275
11149
11446
11420
11418
11941
11620
11890
12236
12188
11920
12465
12444
12651
12609
12878
13111
13304
13362
13363
13631
13416
13619
13781
13414
13789
13781
13739
13668
13785
14100
13929
14136
13864
13856
13902
14061
13707
14127
13765
13887
14010
13722
13813
13732
13734
13782
13438
13515
13110
12765
12618
12228
12024
11589
11481
11322
11159
11042
10896
10927
10851
10876
10914
11056
10849
11137
11410
11271
11517
11419
11891
11952
12025
12342
12549
12709
12731
12754
13072
13148
13395
13550
13403
13562
13762
13687
13817
13879
13917
13839
13961
13987
14168
13974
13855
14106
14096
14086
14234
14296
13902
13979
13985
14048
13898
14004
14089
14189
13818
14131
14095
13877
13920
14066
13885
13999
14000
13704
13619
13487
13607
13374
13206
12579
12603
12436
11870
11794
11692
11560
11657
11408
11546
11519
11750
11817
12154
12243
12460
12730
13106
13149
13087
13447
13466
13734
13820
13757
13888
13923
13998
13971
13918
14052
14010
14194
13899
14102
14169
13928
13978
14125
14303
14061
14159
14106
13957
14037
13992
13798
13785
13674
13702
13441
13374
13164
13044
12807
12454
11998
12136
11869
11583
11530
11231
11534
11421
11429
11941
11892
12094
12442
12669
12894
13372
13354
13330
13572
14055
13703
13865
13959
13699
13995
13966
13924
14032
13992
14256
14007
14216
14203
14130
14171
14207
14169
14095
14230
14080
13900
14066
13939
14195
14048
14075
14125
14069
13962
13957
13713
13793
13712
13797
13613
13917
13689
13502
13204
13263
13054
12959
12568
12450
12374
12243
11912
11769
11817
11500
11430
11125
10993
11085
10824
10832
10775
10837
10932
10872
11178
11212
11573
11471
11838
12273
12514
12771
12949
13185
13467
13532
13656
13885
13795
13764
14043
14057
13962
13945
14035
14056
13992
14044
14165
14079
13937
14101
13869
13939
13979
13779
13895
13980
13787
13647
13824
13790
13598
13586
13438
13207
12924
13278
12801
12939
12876
12840
12549
12380
12223
12238
11888
11927
11668
11556
11388
11315
11072
11159
10941
10931
10707
10785
10622
10620
10563
10588
10528
10640
10514
10677
10820
10707
10902
11065
11321
11512
11640
12028
12355
12578
12718
13041
13273
13181
13524
13482
13651
13823
13824
14125
14092
13923
14197
14116
13976
14159
14093
14162
14160
14070
14185
13966
14167
14324
13986
14156
14181
14132
14250
14212
14259
14170
14556
14325
14167
14124
14290
14186
14176
14469
14269
14283
14361
14281
14243
14200
14192
14332
14180
14328
14426
14033
14355
14307
14401
14293
14275
14422
14408
14196
14318
14401
14367
14394
14240
14342
14117
14136
14194
14435
14106
14439
14539
14362
14377
14180
14285
14471
14369
14320
14252
14413
14361
14255
14319
14304
14401
14396
14288
14441
14512
14377
14121
14357
14342
14161
14289
14263
14397
14463
14343
14227
14216
14409
14408
14245
14045
14376
14394
14401
14296
14343
14172
14260
14381
14329
14360
14302
14355
14366
14219
14213
14491
14141
14198
14255
14297
14308
14166
14047
14307
14182
14388
14190
14230
14363
14107
14301
14311
14061
14197
14374
14267
14022
13994
14242
14207
14047
14282
14094
13778
14013
13984
13869
13866
13841
13741
13651
13588
13354
13179
12794
12605
12273
12079
11851
11623
11310
11164
10927
11012
10941
10678
10667
10432
10502
10476
10562
10527
10587
10579
10637
10971
11024
10926
11212
11192
11493
11409
11563
11753
11904
12166
12191
12386
12448
12520
12820
12786
13055
13207
13117
13601
13377
13504
13188
13547
13857
13762
13726
13923
13836
13758
13891
14127
13974
13888
14067
13915
13952
13745
13884
13867
13999
13929
13999
13727
13766
13907
13880
13812
13766
13658
13515
13257
12825
12748
12552
12153
11831
11738
11373
11172
11049
11001
10661
10976
10819
10758
10685
10753
10882
11120
11306
11084
11467
11638
11869
12191
12289
12288
12498
12643
12838
12779
13099
13394
13447
13440
13679
13705
13784
13826
13918
13997
13844
14031
13866
13966
14188
13974
13905
14131
13916
14327
13921
13854
14194
14076
14187
14080
13997
14111
13816
14145
14276
13947
13766
13894
13960
13825
13862
13785
13789
13642
13724
13469
13494
13342
12966
12759
12385
12166
11794
11820
11760
11545
11253
11402
11426
11620
11681
11955
12156
12465
12484
12693
13068
13173
13393
13557
13460
13828
14061
13854
13703
14095
13909
14056
13942
13798
14106
14238
13876
14310
14217
13976
14104
14038
13925
14124
13766
14066
14046
13924
13947
13872
13673
13725
13664
13346
13276
13232
12888
12248
12248
12156
11863
11841
11630
11454
11447
11496
11610
11641
11904
11820
12340
12544
12671
12825
13457
13338
13490
13717
13634
13867
13754
13668
13937
13877
14115
14044
14038
13972
14038
14204
14056
14059
14198
14134
14206
14180
14056
14117
14129
14239
13911
14211
14045
14082
14171
14144
13820
13922
13742
13781
13665
13527
13556
13277
13274
13132
13297
12877
12773
12713
12737
12520
12293
12151
11730
11675
11661
11681
11309
11296
11208
11206
11168
10801
10905
10736
10615
10737
10972
11054
11233
11353
11649
11827
12317
12646
12894
12944
13275
13201
13553
13577
13873
13750
13644
13993
13665
13678
13814
13888
13880
13908
13938
13602
13844
13911
13983
13809
13728
13645
13678
13605
13643
13562
13603
13285
13521
13290
13262
12996
13055
12910
12921
12780
12607
12573
12226
12162
12221
12140
11751
11774
11650
11554
11506
11269
11136
11003
10841
10821
10977
10897
10717
10763
10599
10702
10606
10699
10676
10614
10652
10802
10926
11141
10985
11384
11625
11881
11943
12403
12336
12449
12823
13008
13332
13323
13519
13697
13582
13787
13754
13835
13975
13762
14242
14111
14295
14131
14056
14184
14110
14165
14337
13857
14378
14209
14187
14295
14404
14189
14252
14146
14130
14150
14446
14056
14308
14379
14248
14234
14369
14129
14304
14287
14280
14315
14268
14255
14125
14438
14064
14398
14374
14318
14153
14393
14441
14221
14290
14151
14453
14339
14282
14200
14306
14342
