13000
12980
13010
12993
13018
12891
12744
12985
12978
13019
12842
13174
12947
13049
13008
13115
12952
12920
12964
12907
13014
12704
12723
12993
12807
12961
13224
13036
12898
12887
13082
13029
12895
12537
12866
13022
12994
12921
12857
12950
12977
13023
12937
12968
12754
12964
12713
12946
12772
12691
12711
12715
12658
12811
12671
12621
12602
12689
12478
12578
12516
12207
11929
11498
11328
11144
10757
10572
10581
10363
10111
9988
10171
10033
10009
9799
9717
9592
9583
9867
9679
9634
9864
9785
9793
10027
9914
10040
10230
10126
10412
10375
10350
10830
10530
10767
11091
11039
10841
11300
11283
11504
11444
11745
11872
12012
12190
12124
12401
12208
12394
12486
12177
12551
12559
12510
12389
12535
12799
12676
12818
12583
12617
12613
12750
12406
12840
12534
12557
12701
12481
12574
12412
12550
12475
12266
12310
11904
11593
11459
11111
10913
10540
10478
10229
10146
10050
9932
9926
9838
9913
9912
10013
9930
10137
10362
10244
10446
10371
10834
10882
10961
11204
11373
11520
11586
11554
11857
11945
12158
12237
12124
12228
12549
12382
12499
12665
12713
12576
12701
12682
12910
12705
12566
12853
12817
12825
12991
12975
12568
12633
12684
12744
12623
12717
12725
12860
12556
12870
12798
12604
12666
12756
12628
12705
12727
12433
12376
12273
12335
12174
12010
11408
11405
11255
10784
10683
10607
10470
10626
10422
10509
10415
10658
10782
11061
11089
11315
11598
11914
11933
11873
12178
12305
12484
12569
12519
12557
12627
12712
12653
12664
12756
12794
12940
12587
12776
12902
12663
12724
12836
12987
12744
12866
12820
12687
12793
12714
12495
12520
12419
12406
12254
12231
11944
11831
11622
11350
10946
10996
10801
10466
10501
10177
10432
10399
10403
10823
10832
11000
11311
11467
11759
12161
12134
12126
12344
12707
12418
12641
12650
12383
12690
12717
12677
12743
12748
12970
12729
12946
12894
12778
12882
12882
12854
12812
12949
12827
12629
12723
12649
12864
12721
12754
12839
12748
12627
12686
12446
12482
12511
12514
12368
12643
12476
12289
11964
12067
11864
11820
11404
11338
11227
11116
10829
10699
10734
10529
10413
10097
9949
10064
9820
9876
9764
9862
9930
9883
10138
10174
10565
10429
10752
11112
11396
11639
11756
11957
12211
12295
12402
12630
12498
12466
12704
12717
12753
12607
12720
12717
12711
12725
12841
12818
12700
12820
12638
12637
12662
12523
12682
12649
12518
12349
12570
12547
12315
12285
12228
11994
11781
12068
11582
11749
11662
11593
11396
11257
11058
11067
10812
10878
10585
10509
10367
10238
10061
10192
9939
9897
9706
9806
9644
9649
9611
9630
9539
9680
9521
9664
9844
9719
9877
10054
10286
10490
10531
10896
11261
11467
11529
11830
11993
11989
12305
12320
12389
12560
12555
12852
12833
12603
12929
12756
12711
12868
12783
12864
12837
12757
12830
12701
12885
13020
12683
12827
12919
12822
12956
12915
12941
12830
13251
13019
12914
12802
12971
12871
12874
13195
12962
13039
12994
12961
12954
12873
12844
12997
12902
13034
13138
12733
12992
13038
13118
12987
12983
13112
13107
12904
13061
13063
13014
13086
12974
12993
12811
12851
12894
13094
12772
13083
13202
13116
13085
12843
13019
13186
13019
13029
12928
13093
13040
12930
13012
12998
13063
13098
12956
13130
13172
13057
12839
13028
13036
12888
13004
12950
13105
13095
13002
12896
12908
13056
13135
12916
12739
13109
13043
13107
12989
12955
12843
12963
13095
12956
13089
13044
13003
13040
12969
12871
13177
12847
12934
12942
12958
13011
12814
12766
12983
12873
13067
12896
12892
13049
12801
12991
13052
12778
12900
13022
12975
12760
12737
12907
12883
12726
12937
12810
12565
12764
12715
12575
12613
12509
12482
12391
12376
12177
11978
11663
11486
11146
10964
10728
10471
10321
10156
9865
9928
9922
9642
9697
9490
9539
9550
9623
9549
9608
9624
9703
9953
10056
9905
10177
10159
10436
10353
10443
10614
10810
11029
11052
11310
11329
11392
11663
11606
11845
12010
11968
12311
12182
12255
11997
12313
12648
12538
12428
12661
12552
12464
12642
12842
12705
12563
12772
12584
12748
12500
12644
12595
12761
12647
12756
12470
12487
12604
12591
12532
12433
12384
12256
12072
11653
11618
11396
11052
10701
10637
10385
10115
10033
9938
9686
9920
9821
9717
9689
9829
9894
10106
10263
10042
10382
10533
10801
11032
11106
11146
11327
11482
11692
11602
11893
12218
12243
12228
12458
12471
12489
12516
12587
12706
12558
12725
12691
12720
12900
12683
12621
12875
12670
13016
12653
12596
12896
12842
12890
12793
12681
12813
12525
12827
12968
12607
12484
12645
12695
12549
12570
12493
12521
12385
12432
12236
12266
12075
11755
11586
11242
11089
10651
10796
10721
10500
10219
10360
10417
10567
10579
10855
11037
11385
11341
11492
11908
11926
12178
12274
12188
12552
12751
12617
12502
12840
12652
12822
12680
12545
12783
12883
12625
12999
12901
12610
12771
12794
12599
12795
12493
12808
12808
12670
12678
12581
12416
12456
12442
12112
12065
12035
11716
11090
11139
11034
10740
10723
10533
10395
10367
10422
10524
10609
10851
10756
11194
11427
11477
11683
12199
12090
12274
12511
12402
12613
12430
12458
12656
12615
12837
12757
12724
12721
12719
12840
12753
12826
12852
12831
12872
12915
12788
12805
12857
12959
12700
12892
12767
12771
12861
12846
12534
12683
12509
12523
12429
12238
12360
12001
12095
11888
12078
11735
11611
11578
11563
11394
11136
11022
10673
10618
10608
10585
10257
10246
10179
10158
10141
9813
9905
9730
9622
9703
9989
10050
10208
10326
10590
10717
11221
11485
11725
11753
12131
12000
12298
12309
12611
12467
12430
12722
12399
12430
12510
12638
12584
12647
12639
12342
12550
12597
12710
12506
12454
12402
12402
12281
12424
12307
12349
12084
12248
12032
12069
11817
11896
11732
11750
11625
11444
11422
11110
10996
11146
11027
10714
10707
10615
10460
10427
10244
10109
9922
9821
9843
9989
9926
9750
9762
9692
9705
9649
9727
9690
9612
9683
9814
9920
10180
10002
10344
10538
10759
10790
11295
11201
11347
11680
11829
12130
12114
12253
12455
12363
12442
12456
12601
12675
12548
12922
12869
13022
12836
12761
12881
12829
12890
13003
12581
13062
12853
12896
12967
13106
12870
12963
12857
12871
12846
13128
12724
12967
13133
12974
12871
13108
12859
12968
12953
12971
12963
13000
12958
12861
13114
12797
13068
13043
13020
12912
13108
13055
12928
12999
12865
13071
13018
13006
13010
12963
13009
