15094
15072
15057
15137
15110
14979
14876
15151
15099
15128
14979
15206
14995
15117
15067
15213
15079
14976
15035
15058
15061
14799
14849
15079
14912
15020
15357
15129
15045
14969
15232
15062
14971
14712
15029
15064
15138
14951
14957
14962
15050
15154
15012
15034
14834
15067
14783
15039
14964
14769
14762
14711
14736
14812
14745
14687
14640
14714
14513
14650
14469
14103
13857
13409
13184
12984
12539
12270
12230
12023
11754
11628
11724
11590
11626
11417
11320
11173
11183
11459
11206
11158
11414
11335
11467
11583
11567
11704
11854
11767
12061
12016
12057
12565
12256
12553
12916
12889
12600
13153
13111
13381
13315
13566
13820
14044
14083
14077
14371
14159
14420
14514
14195
14553
14520
14516
14401
14524
14886
14639
14908
14599
14523
14667
14833
14513
14823
14525
14627
14744
14463
14586
14467
14503
14548
14201
14229
13826
13494
13292
12924
12679
12231
12166
11947
11791
11606
11511
11554
11429
11428
11510
11635
11439
11755
12049
11887
12105
12051
12527
12628
12712
12980
13242
13412
13436
13441
13767
13835
14088
14310
14161
14321
14516
14457
14579
14689
14672
14576
14746
14760
14927
14628
14683
14919
14890
14888
15003
15076
14668
14717
14743
14804
14679
14767
14838
14970
14632
14874
14864
14624
14713
14837
14694
14762
14781
14480
14323
14293
14377
14066
13912
13312
13272
13162
12553
12440
12378
12173
12314
12038
12179
12168
12389
12482
12813
12961
13149
13434
13809
13851
13798
14162
14204
14500
14582
14518
14662
14717
14776
14741
14692
14848
14750
14986
14643
14912
14961
14651
14794
14892
15068
14840
14951
14895
14727
14827
14742
14600
14547
14499
14482
14205
14073
13855
13710
13503
13144
12634
12770
12473
12239
12173
11886
12189
12056
12092
12613
12554
12714
13119
13348
13615
14128
14077
14071
14281
14811
14451
14648
14713
14485
14761
14736
14651
14806
14792
15018
14772
15008
14955
14958
14977
14998
14915
14850
14990
14824
14649
14799
14752
14982
14833
14826
14961
14824
14721
14709
14487
14561
14465
14522
14353
14673
14420
14210
13893
13985
13816
13700
13321
13140
13075
12907
12621
12361
12414
12095
12012
11736
11568
11702
11422
11443
11323
11448
11571
11443
11775
11834
12206
12112
12460
12944
13186
13461
13627
13879
14237
14247
14424
14623
14577
14533
14797
14807
14694
14707
14816
14804
14763
14787
14979
14806
14703
14854
14662
14716
14779
14532
14653
14693
14548
14414
14595
14513
14349
14329
14186
13893
13706
14024
13530
13638
13586
13533
13293
13068
12857
12889
12582
12589
12302
12216
12024
11970
11671
11787
11570
11514
11299
11396
11175
11257
11162
11160
11103
11216
11079
11234
11405
11250
11502
11684
11942
12110
12294
12689
13015
13262
13394
13779
14037
13886
14252
14237
14408
14562
14621
14872
14868
14697
14964
14912
14737
14917
14835
14966
14944
14843
14896
14747
14972
15120
14774
14934
15016
14924
15052
14979
15006
14994
15340
15123
14942
14867
15041
14926
14938
15215
15086
15072
15142
15058
14992
15001
14947
15145
14999
15125
15152
14818
15135
15056
15166
15055
15051
15144
15202
14945
15085
15173
15166
15174
15003
15122
14878
14913
14965
15220
14914
15245
15294
15134
15162
14961
15053
15279
15175
15094
15021
15172
15107
15048
15114
15090
15166
15203
15093
15315
15271
15174
14881
15138
15104
14951
15091
15109
15147
15251
15093
15026
15021
15197
15200
15066
14790
15106
15150
15115
15082
15101
14975
15000
15206
15109
15123
15058
15166
15115
15028
15020
15294
14916
15009
15045
15130
15061
14926
14815
15086
14937
15211
14961
15061
15153
14844
15082
15101
14850
14928
15140
15016
14827
14754
14986
15000
14863
15096
14902
14499
14744
14728
14618
14619
14587
14475
14364
14333
14087
13864
13512
13295
12933
12707
12485
12248
11928
11800
11492
11614
11574
11239
11188
11012
11079
11108
11163
11121
11126
11121
11248
11527
11648
11528
11795
11829
12144
12000
12139
12345
12512
12788
12839
13098
13131
13191
13563
13514
13735
13921
13869
14367
14138
14249
13954
14341
14593
14498
14494
14652
14587
14529
14629
14908
14744
14673
14806
14642
14698
14467
14616
14633
14761
14648
14790
14482
14533
14734
14653
14532
14506
14380
14233
13971
13528
13455
13245
12803
12517
12351
11978
11815
11650
11635
11297
11535
11414
11375
11233
11336
11468
11696
11918
11721
12035
12249
12513
12792
12979
13005
13173
13330
13567
13506
13872
14165
14160
14210
14386
14422
14549
14605
14621
14769
14591
14778
14654
14738
14920
14784
14685
14962
14633
15149
14696
14601
14975
14820
14990
14869
14774
14928
14605
14896
15070
14781
14536
14641
14696
14572
14636
14538
14544
14417
14508
14200
14211
14043
13709
13406
13065
12830
12468
12474
12415
12161
11884
12065
12054
12255
12336
12625
12814
13089
13156
13392
13776
13895
14126
14300
14211
14606
14835
14640
14433
14847
14665
14830
14690
14558
14826
15007
14663
15048
14968
14713
14904
14816
14706
14888
14494
14827
14823
14722
14709
14625
14414
14495
14429
14065
13991
13920
13592
12889
12918
12860
12542
12476
12293
12133
12104
12150
12251
12291
12568
12417
12993
13205
13370
13548
14165
14064
14187
14448
14383
14610
14519
14433
14655
14627
14891
14799
14856
14758
14839
14940
14793
14836
14983
14903
15025
15055
14824
14914
14955
15020
14664
14981
14805
14861
14958
14884
14561
14674
14516
14558
14447
14295
14313
14059
13973
13866
14022
13559
13523
13392
13455
13218
13032
12816
12359
12326
12289
12308
11898
11912
11822
11814
11785
11418
11488
11342
11162
11391
11587
11661
11856
11965
12271
12454
12992
13341
13599
13705
14020
13912
14344
14355
14618
14523
14346
14833
14471
14427
14603
14687
14645
14666
14680
14363
14544
14654
14769
14549
14471
14370
14478
14298
14396
14270
14303
14061
14265
14037
13977
13704
13769
13595
13653
13514
13300
13229
12922
12838
12879
12816
12403
12423
12301
12226
12114
11884
11744
11644
11451
11380
11608
11491
11372
11336
11179
11321
11189
11315
11249
11226
11251
11387
11509
11802
11592
12035
12344
12534
12553
13109
13021
13155
13543
13721
14045
14021
14274
14421
14356
14543
14582
14569
14727
14492
15044
14949
15069
14868
14811
14948
14914
14912
15082
14620
15141
15011
14993
15128
15212
14972
15044
14925
14877
14903
15269
14835
15085
15136
15063
14975
15121
14945
15055
15087
15052
15120
15088
15011
14908
15219
14824
15183
15107
15068
14908
15173
15225
15021
15058
14900
15302
15130
15058
14988
15144
15149
