5154
5130
5204
5163
5122
5098
5066
5162
5182
5209
5148
5168
5148
5190
5053
5176
5171
5055
5211
5152
5169
5027
4971
5255
5135
5109
5267
5171
5134
5102
5263
5186
5079
4972
5155
5202
5102
5072
5118
5043
5204
5196
5139
5161
4988
5104
4992
5094
5023
5072
5018
5104
5003
5138
4974
5007
4929
5043
4907
4975
4970
4801
4743
4538
4461
4346
4272
4187
4106
4140
3990
3900
4021
3981
3994
3873
3859
3804
3772
3796
3805
3868
3953
3854
3883
4001
3909
3938
4029
4047
4142
4176
4118
4293
4148
4256
4332
4460
4441
4473
4526
4492
4492
4627
4785
4768
4877
4842
5024
4777
4932
4877
4849
4940
4959
4846
4875
4970
5080
4976
5127
4912
4891
4955
5043
4856
5135
5016
4829
5013
4920
4931
4917
4919
4956
4847
4927
4778
4534
4657
4413
4363
4130
4167
4081
3987
3964
3871
3937
3873
3960
3976
3990
3920
4093
4018
4069
4168
4111
4300
4347
4327
4449
4453
4578
4601
4622
4703
4814
4842
4828
4847
4853
4899
4876
5096
4969
5086
5072
5030
5079
5191
5016
4925
5110
5128
5091
5138
5188
4985
5026
5044
5019
4947
5026
5077
5153
4974
5048
5006
5015
5069
5036
5043
5044
5072
4929
4891
4883
4896
4785
4634
4599
4480
4498
4264
4214
4228
4115
4184
4047
4223
4163
4246
4238
4331
4418
4485
4529
4766
4758
4777
4872
4881
4924
4954
5022
4903
5023
5019
5017
4982
5084
5058
5073
4972
5024
5048
4929
4989
5107
5161
5074
5118
5018
4983
5123
4966
5065
4953
4898
4854
4845
4800
4736
4773
4625
4575
4341
4307
4199
4145
4128
4033
4072
4132
4133
4339
4370
4475
4473
4617
4728
4847
4841
4755
4891
4945
4872
5037
5039
4931
5021
5065
4959
5018
5072
5096
5019
5091
5127
5059
5052
5124
5070
5134
5185
5067
5009
5123
5075
5091
4986
5087
5183
5118
5011
4991
4937
4977
4917
5044
4918
5035
4912
4897
4843
4755
4682
4635
4507
4530
4338
4353
4352
4290
4358
4165
4096
3985
3984
3971
3938
3926
3880
3891
3967
3842
4058
4079
4144
4117
4257
4381
4511
4552
4654
4675
4909
4808
4917
5046
4952
4926
4956
5010
5055
5006
5059
4998
4991
4998
5090
5108
5009
5001
5009
4978
5016
5005
5067
5041
4976
4950
5035
5004
4903
4948
4840
4759
4583
4828
4543
4669
4597
4598
4470
4468
4392
4445
4288
4365
4207
4173
4059
4053
4005
4019
3800
3877
3877
3808
3773
3872
3813
3844
3841
3820
3783
3869
3808
3789
3932
4033
4080
4043
4164
4328
4470
4511
4617
4751
4786
4785
4842
4911
4885
5059
4927
5057
5121
4950
5087
5069
4996
5195
5048
5099
5051
5011
5109
4941
5116
5158
5069
5062
5115
5129
5025
5159
5104
5181
5264
5234
5145
5118
5062
5092
5148
5191
5155
5153
5082
5246
5106
5097
5128
5173
5180
5184
5218
4995
5150
5160
5171
5148
5103
5219
5255
5167
5139
5082
5136
5133
5146
5183
5013
5109
5079
5277
5019
5181
5286
5211
5177
5116
5192
5184
5170
5208
5093
5192
5161
5107
5176
5136
5201
5140
5149
5176
5223
5232
5142
5183
5066
5101
5209
5112
5155
5221
5184
5030
5147
5232
5246
5131
5096
5239
5146
5178
5139
5129
5060
5082
5200
5243
5297
5210
5152
5217
5166
5029
5210
5113
5096
5090
5073
5139
5084
5077
5156
5068
5163
5156
5098
5224
5037
5164
5168
5080
5094
5146
5189
5024
5068
5011
5047
5054
5090
5026
5021
5006
5025
5050
5033
4849
4988
4892
4953
4715
4748
4692
4551
4452
4362
4281
4149
4110
4024
3843
3850
3926
3849
3847
3717
3790
3709
3733
3708
3807
3776
3818
3925
4047
3951
4106
4036
4243
4129
4085
4137
4283
4417
4497
4394
4490
4479
4670
4634
4690
4693
4740
4878
4794
4832
4744
4990
5130
5003
4976
5010
4866
4986
4953
5056
5013
4946
5031
5053
5048
4795
4999
5002
4922
5038
5072
4964
4948
4978
4941
4988
4860
4955
4821
4782
4648
4493
4477
4423
4290
4245
4131
4052
4041
3911
3789
3915
3926
3902
3853
3843
3877
4004
4150
4016
4137
4168
4304
4307
4435
4408
4439
4520
4648
4569
4751
4865
4855
4848
4950
4827
4962
4984
4959
5035
5007
5069
5072
5092
5126
4997
5016
5042
4931
5131
4957
4970
5200
5209
5065
4940
4982
5199
4951
5190
5222
5094
4968
5001
5083
4963
4988
4973
4892
4883
4981
4849
4797
4803
4730
4614
4387
4370
4313
4380
4306
4179
4027
4055
4041
4137
4164
4279
4367
4512
4537
4615
4832
4700
4701
4813
4874
5004
5072
4963
4964
5059
5048
5063
4958
4894
5088
5060
4901
5097
5059
4977
5016
5089
4959
5146
4936
5062
5148
5109
5011
4932
4980
4973
4855
4770
4780
4711
4638
4396
4473
4350
4312
4326
4111
4128
4146
4173
4152
4223
4273
4324
4401
4507
4518
4658
4757
4788
4821
4927
4845
5057
4994
4922
4985
5031
5035
5048
5098
4948
5026
5078
4997
5158
5110
5105
5143
5165
5090
5094
5088
5184
5072
5138
4998
4946
4932
5063
5016
5030
4931
4960
4954
4831
4900
4731
4821
4760
4779
4669
4517
4555
4581
4497
4434
4359
4249
4204
4229
4174
4083
4059
4073
4116
3968
3860
3911
3775
3835
3811
4035
3927
4025
4097
4215
4305
4413
4600
4621
4596
4743
4824
4790
4923
5044
4936
4991
4975
5071
4935
4875
5023
5044
4988
4977
4924
5001
4991
5059
5013
5037
4961
4914
4836
4909
4832
5009
4782
4917
4659
4751
4627
4706
4684
4593
4602
4552
4567
4375
4366
4479
4379
4290
4225
4234
4083
4166
4048
4047
3940
3897
3915
3941
3975
3881
3806
3721
3871
3776
3766
3797
3773
3886
3804
3924
4006
3991
4110
4235
4283
4257
4442
4379
4488
4628
4659
4790
4776
4878
4910
4937
4896
4805
5038
5088
4990
5151
5187
5157
5152
5126
4965
5098
5088
5200
4950
5252
5169
5037
5151
5167
5119
5165
5109
5015
5073
5189
5039
5132
5185
5046
5083
5251
5160
5066
5106
5195
5235
5157
5206
5049
5171
5146
5170
5170
5122
5131
5244
5229
5283
5095
5143
5113
5082
5160
5184
5148
5191
