1063
1091
1064
1053
1047
1049
1056
1049
1057
1118
1120
1111
1099
1042
1029
1041
1121
1058
1140
1055
1062
1072
1021
1069
1080
1071
1069
1041
1058
1050
1076
1128
1069
1003
1036
1074
1096
1077
1088
1093
1097
1037
1060
1106
1075
1017
1074
1063
1064
1032
1036
1014
1035
1098
1011
1128
994
1102
983
1029
1034
1009
990
904
941
891
861
887
794
840
825
815
867
776
826
803
802
795
775
773
767
808
825
862
791
846
817
832
846
849
868
895
871
889
898
876
915
928
897
980
982
964
956
997
953
997
985
1057
1024
984
1018
977
988
1016
1003
1073
1028
1063
1097
1079
1036
1069
1026
1042
1051
994
1126
1029
1017
1057
1051
994
1026
1040
1058
1003
1004
983
998
1033
925
889
893
866
862
816
849
781
803
825
837
859
827
827
843
861
859
856
859
867
933
890
904
901
983
946
976
992
1021
1021
1005
1047
1035
975
1034
1055
1078
1069
1028
1024
1047
1119
1064
1040
1087
1086
1086
1023
1022
1021
1043
1054
1046
1078
1079
1099
1044
1073
1065
1055
1021
1080
1043
1067
1045
1056
1037
996
1051
997
988
950
955
920
954
888
886
902
856
909
853
859
907
858
878
927
950
944
945
978
994
973
965
1014
988
1059
1026
1033
1076
1008
1015
1025
1062
1046
1031
1002
1090
1122
1050
1040
1068
1083
1060
1045
1077
1065
1065
1007
1063
1020
1039
979
1002
1039
1007
1018
933
923
895
883
846
836
843
852
828
874
840
900
970
941
939
934
981
1033
974
990
1052
1053
984
1008
1078
1034
1093
1037
1032
1054
1054
1064
1029
1117
1048
1114
1105
1047
1045
1114
1098
1038
1053
1084
1059
1075
1064
1065
1081
1071
1056
1044
1026
1044
1020
1001
1047
1007
1012
1031
999
938
1007
959
936
958
885
841
864
925
880
886
875
825
816
842
827
875
811
816
826
796
884
863
844
855
906
928
908
942
967
995
1019
978
1026
1091
1047
1059
1014
1008
1094
1040
1085
1077
1023
1047
1103
1123
1045
997
1121
1054
1086
1055
1035
1064
1001
1057
1063
1048
1063
996
1023
992
979
1031
900
965
936
954
928
921
877
957
925
943
863
864
869
862
829
847
752
842
836
788
787
784
811
791
768
816
794
785
848
828
821
837
855
864
898
892
970
967
975
1006
967
1037
1037
989
1089
974
996
1061
1075
1033
1034
1110
1051
1142
1069
1039
1043
1072
1042
1019
1037
1117
1078
1060
1089
1102
1103
1071
1032
1104
1058
1078
1061
1066
1040
1048
1052
1071
1051
1045
1064
1129
1128
1057
1091
1068
1075
1075
1063
1092
1077
1088
1123
1116
1048
1088
1099
1037
1019
1085
1037
1050
1064
1083
1019
1022
1084
1136
1046
1062
1136
1084
1112
1067
1087
1124
1119
1081
1048
1043
1099
1085
1077
1102
1093
1119
1045
1120
1058
1086
1077
1092
1046
1072
1041
1188
1090
1091
1083
1080
1110
1121
1078
1107
1055
1085
1132
1121
1098
1082
1069
1049
1101
1108
1041
1082
1065
1110
1062
1082
1129
1116
1080
1063
1066
1077
1067
1109
1113
1047
1063
1097
1056
1088
1045
1097
1008
1043
1071
1061
1113
1065
1084
1081
999
1084
1054
1063
1020
1129
1035
1068
1036
992
1023
1032
1028
985
981
957
959
937
918
894
938
836
845
809
807
877
829
824
805
842
777
765
742
800
754
755
844
826
862
861
843
858
863
872
855
897
920
899
921
959
920
965
1014
1029
1037
1032
1040
1015
1051
929
1047
1074
1007
1081
1077
1022
1058
1019
1075
1040
993
1031
1083
1033
965
1024
1019
1025
1064
1097
1061
1075
1034
1040
1038
982
996
1011
975
979
929
949
950
855
889
909
839
845
877
796
802
863
834
820
790
808
818
832
884
854
876
895
936
920
935
932
948
982
958
993
1014
995
970
1063
1022
1043
1038
1086
1033
1049
1051
1104
1018
1104
999
1072
1020
1016
1152
1072
1093
1142
1146
1092
1017
1047
1099
1057
1100
1125
1065
1035
1034
1081
1020
1034
1049
983
1052
1010
1021
985
1008
1021
972
965
856
843
938
904
899
845
811
888
877
920
884
875
906
925
950
1023
1009
956
996
1031
1028
1010
1016
1022
1039
1077
1001
1032
1051
1099
1053
1019
1057
1029
1012
1021
1101
985
1064
1001
1024
1024
1077
1037
1038
1045
966
1000
989
973
1024
938
902
895
914
866
978
849
862
886
861
841
910
904
914
883
938
926
1004
997
1009
1015
1006
1008
1066
1006
1053
1066
1017
1020
1055
1098
1055
1044
1100
1007
1079
1060
1089
1021
1066
1062
1111
1006
1055
1044
1072
1028
991
1000
1070
1041
1010
1096
997
1084
999
974
969
1032
1010
990
980
891
894
968
964
966
886
891
922
873
855
877
855
807
884
817
847
773
738
813
778
859
847
880
897
894
895
960
969
975
942
1044
1032
1017
1063
1038
1067
1078
1040
1001
1027
1021
1086
1081
1060
998
1011
1054
1037
1021
1026
1016
1047
1041
1014
985
1016
1035
967
1004
1020
950
974
1012
982
994
955
958
965
932
883
976
910
920
869
871
793
840
880
866
809
856
833
817
819
840
836
799
773
820
791
783
777
860
799
801
834
821
810
887
911
898
916
945
927
974
965
994
1011
1055
1085
1037
1037
996
1067
1070
1038
1112
1085
1091
1079
1060
1066
1051
1036
1116
983
1047
1086
1052
1063
1060
1056
1069
1040
1033
1031
1037
1008
1032
1052
1060
1038
1031
1067
1079
1028
1074
1079
1043
1102
1051
1085
1080
1061
1137
1096
1100
1083
1149
1099
1091
1059
1068
1020
1077
1103
1039
1040
