3862
3868
3848
3880
3854
3811
3747
3836
3877
3907
3861
3889
3881
3888
3759
3922
3844
3824
3887
3804
3846
3759
3693
3902
3792
3801
3929
3846
3857
3811
3915
3882
3833
3695
3790
3889
3830
3787
3878
3710
3889
3854
3838
3905
3749
3775
3698
3764
3723
3797
3765
3804
3731
3796
3673
3755
3695
3758
3673
3697
3704
3586
3539
3354
3344
3271
3168
3128
3014
3085
2953
2904
3027
2917
2971
2902
2900
2857
2834
2811
2857
2925
2948
2898
2916
2957
2925
2943
3035
2997
3072
3095
3086
3158
3114
3171
3255
3326
3329
3324
3356
3365
3356
3452
3589
3565
3594
3659
3723
3586
3692
3584
3600
3678
3692
3602
3679
3742
3836
3730
3803
3705
3629
3721
3738
3586
3856
3775
3623
3722
3721
3652
3663
3617
3679
3664
3679
3584
3381
3453
3367
3253
3059
3150
3040
2909
2945
2858
2925
2898
2919
2967
2947
2937
3036
3028
3010
3100
3049
3183
3191
3245
3280
3341
3424
3444
3433
3522
3573
3571
3577
3666
3617
3661
3597
3846
3803
3801
3781
3761
3779
3879
3735
3636
3890
3837
3817
3807
3879
3728
3726
3765
3699
3683
3784
3781
3844
3760
3742
3712
3694
3775
3757
3762
3788
3759
3663
3643
3626
3620
3540
3426
3431
3293
3298
3185
3160
3243
3093
3151
3043
3181
3099
3126
3165
3202
3280
3368
3436
3514
3574
3520
3603
3597
3667
3693
3719
3676
3726
3724
3721
3735
3720
3765
3780
3676
3752
3799
3692
3709
3829
3889
3805
3815
3773
3690
3831
3703
3779
3695
3687
3602
3621
3629
3561
3588
3439
3400
3234
3189
3117
3089
3116
3056
2995
3129
3093
3258
3271
3344
3292
3406
3558
3629
3589
3503
3689
3673
3597
3749
3750
3641
3785
3790
3690
3739
3740
3829
3761
3832
3808
3859
3807
3816
3753
3808
3912
3782
3766
3810
3794
3773
3762
3816
3830
3828
3739
3721
3721
3672
3672
3753
3680
3754
3662
3657
3575
3604
3538
3447
3374
3427
3214
3225
3204
3212
3281
3084
3080
2994
2974
2964
2937
2965
2849
2899
2936
2841
3060
2960
3031
3088
3174
3318
3397
3406
3454
3516
3630
3564
3653
3749
3754
3691
3734
3741
3751
3694
3744
3716
3722
3691
3790
3786
3725
3734
3799
3752
3766
3722
3818
3783
3684
3714
3793
3720
3675
3678
3688
3588
3433
3598
3370
3450
3403
3396
3331
3327
3264
3354
3198
3261
3161
3120
2972
3008
2986
3005
2789
2922
2936
2830
2852
2879
2802
2820
2824
2856
2821
2849
2859
2835
2894
3022
3043
3041
3097
3190
3349
3343
3442
3506
3547
3592
3628
3632
3639
3746
3634
3789
3799
3629
3771
3785
3759
3892
3750
3804
3784
3733
3785
3686
3793
3884
3772
3746
3840
3856
3736
3845
3804
3839
3916
3929
3835
3858
3758
3766
3819
3845
3832
3865
3795
3960
3799
3803
3794
3804
3899
3809
3888
3723
3906
3838
3855
3891
3779
3923
3917
3790
3792
3821
3793
3815
3818
3828
3713
3774
3810
3935
3752
3840
3959
3921
3913
3821
3859
3848
3884
3902
3823
3909
3853
3769
3906
3844
3920
3861
3842
3895
3911
3916
3882
3913
3727
3826
3843
3919
3817
3898
3881
3771
3821
3898
3925
3775
3751
3900
3855
3850
3838
3840
3802
3837
3885
3956
3909
3832
3843
3962
3891
3814
3906
3842
3791
3804
3831
3872
3762
3778
3827
3768
3831
3863
3742
3864
3766
3850
3847
3762
3803
3824
3869
3761
3815
3777
3712
3837
3780
3769
3744
3754
3779
3727
3744
3637
3753
3693
3677
3562
3581
3511
3408
3300
3212
3172
3120
3033
3004
2879
2907
2965
2840
2885
2779
2827
2782
2757
2757
2856
2810
2831
2951
3014
2969
3063
2993
3151
3107
3066
3111
3197
3308
3296
3250
3363
3317
3479
3483
3461
3532
3527
3626
3598
3603
3514
3719
3822
3684
3705
3769
3618
3696
3714
3762
3799
3615
3761
3735
3748
3520
3697
3757
3659
3767
3809
3745
3702
3652
3679
3730
3596
3658
3620
3537
3458
3366
3313
3291
3228
3186
3081
2998
3036
2899
2799
2960
2958
2955
2856
2859
2898
2983
3098
3030
3087
3165
3188
3213
3348
3285
3341
3384
3435
3392
3537
3617
3591
3595
3696
3618
3722
3714
3726
3788
3756
3757
3835
3821
3844
3682
3761
3738
3633
3907
3770
3757
3938
3916
3798
3685
3760
3880
3712
3895
3923
3801
3726
3697
3858
3669
3661
3763
3667
3691
3722
3624
3622
3549
3492
3427
3276
3269
3155
3220
3209
3091
3021
3037
3000
3133
3161
3223
3202
3325
3415
3443
3620
3556
3511
3623
3638
3686
3806
3698
3718
3799
3790
3693
3660
3644
3775
3771
3646
3780
3748
3747
3726
3832
3712
3845
3662
3762
3795
3783
3701
3631
3701
3695
3537
3556
3620
3534
3426
3314
3310
3255
3228
3271
3046
3100
3131
3107
3096
3190
3184
3247
3307
3391
3320
3511
3573
3590
3569
3719
3553
3793
3741
3621
3712
3776
3750
3756
3808
3683
3743
3809
3703
3884
3779
3834
3880
3846
3769
3847
3790
3874
3773
3798
3722
3650
3669
3726
3751
3786
3698
3721
3702
3598
3652
3552
3635
3592
3580
3488
3339
3422
3462
3379
3335
3301
3157
3185
3123
3129
3054
3063
3005
3009
2927
2914
2899
2770
2863
2808
3017
2933
2982
3099
3237
3184
3299
3407
3462
3387
3551
3597
3618
3658
3736
3762
3724
3660
3757
3725
3660
3739
3728
3719
3701
3698
3738
3788
3796
3762
3724
3706
3650
3595
3671
3560
3725
3614
3681
3478
3538
3457
3498
3486
3395
3451
3366
3434
3258
3253
3333
3266
3215
3146
3187
3035
3070
3042
3018
2960
2958
2888
2948
2992
2925
2855
2787
2883
2816
2800
2876
2811
2919
2839
2897
2990
2965
3048
3173
3208
3193
3330
3304
3357
3431
3434
3571
3569
3660
3684
3738
3657
3548
3745
3795
3749
3873
3884
3853
3843
3790
3722
3768
3783
3895
3709
3902
3824
3766
3855
3856
3814
3867
3761
3713
3746
3883
3722
3723
3811
3820
3799
3882
3818
3788
3796
3907
3897
3855
3879
3770
3873
3867
3844
3863
3801
3812
3894
3962
4009
3761
3840
3816
3807
3837
3872
3874
3843
