5416
5383
5459
5431
5392
5353
5306
5433
5418
5484
5410
5420
5424
5428
5333
5423
5416
5293
5497
5428
5425
5321
5219
5532
5403
5365
5541
5414
5348
5351
5508
5453
5322
5225
5404
5460
5379
5358
5391
5307
5464
5468
5394
5415
5244
5376
5243
5364
5261
5321
5255
5368
5269
5405
5242
5242
5184
5294
5183
5229
5238
5041
4977
4767
4717
4563
4478
4418
4339
4336
4202
4089
4216
4201
4218
4081
4068
3981
3981
3990
3995
4077
4131
4026
4087
4179
4119
4141
4235
4238
4350
4359
4318
4518
4362
4482
4529
4694
4648
4726
4774
4718
4710
4821
4986
5027
5123
5069
5275
5023
5173
5138
5075
5202
5192
5097
5123
5243
5359
5257
5403
5165
5127
5195
5286
5132
5400
5263
5082
5260
5164
5175
5180
5185
5208
5080
5192
5023
4781
4901
4632
4618
4340
4371
4280
4183
4170
4094
4124
4066
4188
4178
4198
4128
4305
4264
4292
4385
4321
4543
4568
4534
4675
4684
4819
4856
4830
4933
5059
5114
5085
5096
5095
5165
5084
5362
5231
5339
5314
5291
5348
5464
5265
5168
5366
5374
5365
5380
5439
5241
5274
5336
5269
5212
5277
5328
5390
5189
5307
5294
5256
5322
5281
5278
5305
5330
5194
5127
5127
5132
5032
4885
4826
4687
4716
4500
4425
4446
4313
4405
4251
4473
4363
4465
4475
4549
4641
4736
4769
4983
5001
5001
5124
5150
5184
5200
5263
5155
5320
5268
5279
5237
5327
5333
5361
5217
5293
5304
5197
5229
5381
5433
5337
5350
5254
5260
5389
5239
5320
5179
5149
5088
5078
5064
4963
5010
4860
4788
4561
4526
4404
4368
4337
4239
4310
4356
4352
4532
4589
4683
4708
4836
4980
5092
5073
5018
5149
5195
5132
5310
5293
5177
5280
5316
5201
5282
5343
5369
5284
5355
5409
5306
5321
5370
5314
5401
5428
5347
5249
5381
5306
5350
5233
5358
5464
5368
5237
5281
5170
5224
5191
5288
5193
5290
5147
5131
5065
4999
4941
4884
4730
4752
4573
4587
4574
4492
4566
4380
4307
4188
4175
4166
4147
4100
4088
4061
4166
4062
4244
4279
4337
4302
4467
4597
4746
4780
4911
4926
5153
5069
5154
5293
5202
5165
5203
5247
5331
5264
5293
5235
5243
5270
5340
5372
5270
5296
5266
5207
5266
5230
5327
5313
5211
5190
5278
5262
5165
5203
5085
5006
4813
5060
4786
4914
4832
4812
4685
4665
4627
4660
4511
4593
4412
4372
4233
4291
4200
4219
4018
4063
4075
3997
3964
4073
4016
4042
4031
4010
3974
4051
4010
3991
4116
4232
4291
4245
4385
4539
4696
4719
4852
5016
5061
5005
5100
5164
5125
5291
5172
5306
5403
5204
5351
5325
5240
5450
5296
5372
5318
5273
5398
5203
5394
5433
5354
5331
5353
5407
5285
5416
5354
5442
5532
5528
5380
5368
5318
5375
5430
5443
5398
5410
5330
5513
5378
5356
5395
5456
5434
5472
5500
5239
5419
5423
5418
5405
5369
5483
5526
5412
5414
5357
5363
5403
5422
5459
5300
5370
5315
5530
5289
5444
5505
5481
5428
5392
5424
5430
5445
5424
5372
5461
5435
5379
5421
5397
5435
5405
5402
5441
5461
5492
5399
5435
5351
5361
5460
5355
5399
5494
5431
5299
5412
5508
5506
5407
5376
5534
5411
5452
5403
5390
5298
5339
5444
5493
5553
5473
5402
5479
5423
5296
5457
5362
5352
5371
5359
5386
5345
5331
5411
5319
5419
5453
5351
5469
5350
5433
5418
5363
5350
5411
5447
5260
5329
5277
5334
5322
5354
5278
5289
5260
5233
5291
5281
5125
5263
5152
5213
4976
5010
4930
4796
4715
4593
4476
4366
4319
4236
4055
4039
4146
4048
4063
3920
3967
3892
3938
3907
4030
3980
4024
4136
4257
4124
4305
4235
4456
4342
4305
4344
4516
4665
4707
4630
4725
4712
4936
4873
4916
4948
4972
5138
5046
5061
4982
5221
5377
5244
5234
5264
5138
5250
5197
5309
5269
5172
5281
5304
5307
5030
5272
5252
5188
5304
5331
5200
5169
5236
5183
5229
5132
5201
5072
5036
4870
4732
4701
4642
4507
4468
4365
4239
4236
4118
3993
4129
4139
4087
4037
4049
4072
4187
4344
4218
4319
4383
4526
4518
4655
4641
4666
4752
4860
4800
4986
5116
5097
5096
5226
5105
5204
5246
5234
5279
5271
5324
5334
5343
5353
5240
5253
5285
5212
5374
5211
5231
5460
5470
5326
5242
5256
5445
5204
5445
5489
5342
5213
5277
5335
5209
5221
5227
5157
5109
5227
5091
5026
5035
4975
4848
4606
4639
4511
4567
4500
4386
4245
4239
4266
4352
4366
4501
4584
4737
4768
4850
5060
4925
4954
5072
5094
5246
5335
5228
5203
5303
5286
5313
5210
5141
5351
5320
5156
5370
5329
5239
5270
5327
5186
5394
5189
5347
5406
5394
5314
5194
5208
5241
5114
4999
5035
4952
4878
4630
4690
4570
4518
4528
4309
4340
4340
4369
4354
4440
4511
4534
4665
4734
4742
4886
5003
5039
5061
5177
5103
5298
5219
5152
5254
5278
5294
5295
5371
5204
5311
5359
5254
5408
5357
5385
5379
5401
5355
5340
5323
5451
5318
5376
5259
5215
5185
5306
5274
5276
5150
5229
5190
5079
5139
4946
5053
5014
5038
4892
4747
4770
4826
4725
4667
4586
4432
4420
4468
4401
4292
4281
4277
4310
4164
4065
4115
3960
4009
4003
4223
4166
4238
4300
4442
4536
4655
4832
4833
4824
4999
5096
5044
5144
5300
5184
5252
5213
5302
5164
5106
5251
5273
5252
5213
5156
5246
5242
5290
5232
5290
5194
5217
5074
5151
5053
5239
5014
5138
4908
4957
4841
4970
4927
4838
4860
4767
4795
4611
4594
4692
4595
4501
4446
4448
4277
4369
4230
4238
4121
4080
4128
4149
4169
4074
3989
3908
4071
3952
3967
3981
3964
4053
4018
4128
4182
4193
4317
4454
4481
4448
4663
4614
4721
4876
4906
5047
5011
5109
5207
5181
5136
5067
5275
5333
5256
5392
5433
5434
5409
5367
5242
5350
5337
5449
5201
5514
5369
5290
5427
5406
5376
5430
5370
5249
5324
5472
5298
5402
5442
5315
5336
5519
5413
5329
5375
5446
5464
5426
5468
5296
5448
5410
5427
5396
5396
5381
5540
5475
5531
5329
5404
5420
5338
5419
5454
5393
5476
