19832
19857
19824
19851
19796
19571
19605
19879
19985
19964
19669
19880
19807
19726
19722
19904
19719
19615
19673
19762
19716
19495
19546
19875
19754
19708
20099
19866
19707
19719
19803
19704
19652
19482
19788
19755
19783
19703
19652
19622
19564
19949
19807
19752
19406
19805
19522
19572
19735
19449
19312
19322
19404
19465
19399
19260
19185
19209
19086
19190
18870
18603
18195
17646
17279
17077
16566
16115
16091
15827
15465
15353
15345
15182
15227
15012
14844
14616
14675
15015
14743
14758
14888
14924
15137
15178
15178
15347
15455
15460
15835
15699
15792
16408
16136
16491
16969
16921
16640
17131
17163
17433
17461
17757
18150
18364
18248
18451
18734
18580
18819
19049
18741
19066
19049
18985
19039
19066
19474
19239
19423
19152
19108
19344
19444
19025
19391
19103
19199
19306
19105
19126
19078
19094
19042
18652
18563
18116
17597
17484
16936
16658
16009
15957
15701
15405
15211
15117
15174
15015
15120
15083
15088
15025
15339
15749
15661
15982
15782
16339
16570
16709
17019
17253
17568
17555
17707
18107
18272
18448
18671
18628
18710
18912
19098
19283
19211
19144
19162
19306
19445
19488
19395
19331
19594
19514
19469
19740
19612
19251
19330
19407
19437
19311
19375
19441
19595
19273
19416
19583
19173
19377
19500
19366
19298
19368
19150
19029
18791
18686
18495
18278
17565
17497
17194
16595
16230
16279
15938
15995
15778
15934
15827
16189
16418
16762
17052
17239
17418
17906
18188
18307
18484
18639
19014
19169
19077
19212
19368
19244
19353
19316
19463
19353
19480
19240
19527
19671
19266
19351
19568
19673
19496
19439
19524
19248
19441
19346
19205
19128
18993
19092
18540
18494
18089
17958
17671
17177
16663
16754
16448
16039
15976
15584
16043
15768
15869
16504
16502
16819
17225
17512
17889
18379
18461
18546
18769
19358
19054
19248
19250
19092
19438
19464
19326
19429
19388
19664
19333
19707
19673
19663
19645
19692
19647
19533
19677
19370
19418
19439
19330
19624
19555
19406
19529
19455
19262
19328
19169
19111
18984
19076
18881
19130
18947
18555
18323
18338
18088
17965
17501
17251
17205
16881
16631
16325
16256
15790
15718
15422
15262
15302
14953
14955
14928
14928
15111
14986
15437
15518
15957
15848
16439
16963
17226
17623
17952
18319
18595
18711
18810
19120
19207
19035
19350
19345
19281
19252
19330
19367
19498
19446
19581
19460
19378
19374
19224
19340
19439
19078
19093
19171
19039
18835
19077
19084
18817
18734
18486
18258
17992
18403
17882
17912
17844
17673
17499
17085
16918
16899
16579
16427
16146
16041
15737
15622
15340
15441
15059
15152
14720
14972
14717
14835
14662
14592
14554
14765
14488
14768
14923
14718
15064
15388
15563
15947
16194
16548
16897
17241
17525
17972
18410
18372
18751
18706
18905
19125
19150
19434
19376
19355
19533
19565
19344
19626
19392
19651
19575
19509
19580
19363
19580
19829
19448
19613
19721
19618
19634
19550
19685
19647
20052
19734
19595
19587
19801
19692
19593
19887
19736
19816
19871
19831
19670
19692
19674
19857
19573
19871
19872
19535
19675
19794
19879
19804
19778
19923
19832
19580
19804
19718
19958
19797
19740
19872
19450
19557
19650
19921
19570
20025
20005
19841
19897
19653
19793
19922
19960
19811
19802
19903
19852
19705
19921
19722
19961
19897
19892
20006
19918
19796
19472
19889
19836
19696
19725
19855
19756
19931
19751
19746
19706
19791
19975
19708
19532
19803
19775
19803
19831
19886
19599
19802
20080
19881
19833
19770
19794
19850
19583
19715
19893
19613
19683
19658
19782
19768
19637
19659
19697
19680
19897
19519
19697
19887
19545
19620
19767
19557
19540
19910
19666
19455
19366
19637
19720
19441
19737
19595
19100
19255
19287
19276
19052
19064
18986
18935
18863
18483
18309
17834
17453
17000
16731
16390
16035
15585
15419
15117
15070
15086
14716
14674
14550
14547
14528
14640
14582
14505
14609
14688
15135
15241
15146
15501
15606
15887
15759
16037
16177
16324
16745
16944
17148
17233
17433
17728
17697
17897
18239
18201
18826
18511
18630
18449
18880
19126
18928
19036
19116
19164
19120
19101
19375
19462
19370
19440
19323
19243
19003
19179
19266
19330
19262
19405
18974
19186
19288
19258
19011
19105
18759
18635
18408
17830
17599
17439
16826
16365
16202
15650
15501
15341
15238
14921
14991
14978
14827
14720
14985
15092
15317
15677
15424
15841
16165
16415
16816
17029
17063
17386
17520
17861
17859
18124
18468
18697
18623
18885
18960
19210
19097
19053
19255
19170
19365
19299
19321
19406
19361
19316
19589
19192
19928
19373
19187
19695
19445
19577
19534
19410
19640
19257
19458
19656
19428
19068
19218
19341
19198
19215
18934
19053
18889
19207
18682
18604
18250
18038
17567
17225
16880
16450
16375
16208
16050
15586
15952
15732
16038
16045
16381
16788
17202
17253
17694
18052
18294
18446
18718
18780
19139
19295
19151
19056
19518
19286
19489
19265
19138
19491
19685
19312
19621
19587
19415
19592
19466
19251
19511
19095
19320
19297
19342
19329
19062
18886
18967
18857
18385
18313
18256
17813
17079
16939
16817
16393
16390
16174
16015
15972
15852
16039
16123
16430
16392
16981
17331
17634
17825
18462
18522
18659
19001
18973
19169
19048
19022
19111
19251
19433
19413
19503
19397
19416
19600
19404
19464
19585
19595
19664
19734
19417
19591
19606
19689
19220
19636
19306
19471
19567
19347
19251
19135
19072
19002
18984
18804
18833
18530
18359
18121
18286
17830
17708
17577
17574
17366
17061
16808
16352
16188
16070
16126
15603
15580
15592
15482
15453
14929
15060
14897
14803
14853
15162
15350
15554
15827
16000
16447
16897
17458
17582
17966
18400
18281
18813
18761
19102
18981
18826
19274
18943
18932
19226
19138
19194
19104
19312
18984
19240
19138
19332
19110
19124
18953
19010
18870
18893
18739
18698
18410
18645
18407
18174
18012
18001
17865
17782
17775
17462
17454
16931
16888
16740
16806
16316
16302
16065
15990
15854
15558
15370
15376
15158
14953
15228
15048
14916
14834
14657
14946
14708
14736
14829
14783
14856
15018
15164
15311
15138
15801
16155
16435
16411
17164
17053
17277
17677
18023
18373
18366
18648
18922
18857
19091
19250
19122
19392
19111
19736
19521
19815
19481
19488
19668
19639
19532
19805
19274
19733
19620
19736
19838
19896
19562
19779
19516
19549
19596
19946
19417
19875
19851
19713
19578
19872
19674
19761
19768
19741
19812
19820
19792
19590
19912
19458
19899
19715
19801
19629
19891
19919
19685
19686
19696
20088
19858
19780
19695
19776
19839
