1313
1341
1306
1316
1292
1300
1317
1318
1336
1380
1394
1418
1379
1319
1314
1299
1409
1309
1387
1309
1336
1317
1262
1336
1346
1314
1352
1312
1334
1307
1315
1389
1321
1263
1296
1344
1350
1325
1381
1337
1361
1314
1314
1363
1334
1268
1317
1317
1301
1313
1277
1279
1297
1338
1258
1369
1258
1346
1217
1278
1275
1257
1252
1139
1160
1119
1079
1126
1008
1039
1017
1013
1073
993
1025
1025
994
979
978
953
977
1020
1012
1082
1006
1061
1018
1059
1062
1034
1082
1130
1074
1098
1114
1116
1137
1143
1121
1192
1203
1198
1200
1232
1179
1252
1255
1286
1280
1261
1265
1224
1227
1282
1259
1316
1311
1296
1392
1345
1273
1338
1280
1290
1333
1254
1419
1264
1283
1286
1312
1248
1270
1299
1322
1261
1233
1224
1235
1273
1175
1111
1109
1092
1054
1036
1058
991
1005
1019
1027
1048
1012
1030
1060
1070
1059
1059
1078
1083
1152
1096
1126
1136
1213
1204
1209
1215
1244
1237
1260
1286
1263
1226
1275
1307
1341
1334
1326
1269
1317
1384
1338
1268
1346
1355
1356
1311
1267
1268
1299
1322
1298
1305
1318
1348
1288
1346
1292
1308
1260
1331
1314
1329
1308
1306
1302
1233
1278
1262
1222
1184
1164
1143
1179
1105
1108
1123
1044
1129
1060
1103
1124
1072
1090
1148
1208
1165
1159
1234
1246
1216
1209
1261
1248
1329
1283
1284
1333
1244
1283
1284
1334
1271
1290
1265
1328
1389
1311
1298
1286
1354
1340
1344
1345
1309
1325
1275
1299
1286
1298
1260
1246
1298
1240
1264
1168
1154
1094
1096
1063
1038
1063
1059
1051
1098
1058
1151
1176
1160
1138
1187
1238
1263
1237
1231
1292
1294
1231
1247
1322
1279
1345
1290
1292
1327
1309
1335
1294
1392
1330
1374
1349
1330
1278
1379
1366
1284
1302
1317
1325
1325
1324
1336
1368
1348
1295
1299
1306
1296
1261
1240
1269
1264
1276
1320
1257
1177
1248
1190
1180
1206
1109
1066
1097
1113
1077
1134
1057
1031
1005
1046
1012
1057
994
1000
1023
1010
1086
1054
1068
1037
1123
1188
1141
1186
1212
1245
1301
1208
1242
1350
1306
1300
1269
1249
1323
1301
1356
1357
1270
1293
1362
1355
1303
1281
1340
1330
1339
1291
1300
1327
1277
1296
1320
1275
1307
1251
1240
1260
1213
1301
1126
1188
1161
1186
1148
1142
1109
1188
1182
1146
1076
1087
1084
1081
1020
1023
923
1037
1046
963
977
993
982
986
970
1012
980
970
1057
1018
1013
1058
1059
1068
1108
1101
1170
1176
1211
1242
1204
1268
1285
1256
1334
1222
1225
1337
1352
1267
1294
1330
1323
1409
1324
1298
1310
1338
1308
1295
1277
1361
1330
1301
1337
1387
1349
1341
1267
1340
1333
1362
1313
1316
1303
1302
1312
1330
1313
1326
1329
1410
1398
1314
1342
1318
1333
1361
1303
1345
1357
1358
1361
1375
1291
1353
1364
1289
1289
1352
1292
1329
1320
1335
1256
1266
1346
1395
1298
1314
1412
1355
1384
1358
1333
1373
1367
1324
1317
1318
1351
1315
1350
1331
1382
1385
1297
1375
1334
1349
1341
1360
1310
1339
1284
1437
1380
1356
1325
1325
1371
1363
1382
1367
1257
1342
1369
1370
1326
1364
1323
1312
1389
1386
1349
1355
1341
1391
1327
1314
1386
1366
1338
1303
1317
1329
1299
1360
1390
1275
1313
1347
1320
1355
1311
1347
1287
1322
1324
1301
1359
1311
1365
1342
1227
1342
1302
1322
1278
1371
1311
1320
1330
1220
1274
1288
1274
1236
1235
1200
1206
1159
1124
1110
1142
1041
1066
1001
988
1089
1028
1007
971
1012
953
936
910
1002
963
952
1051
1031
1073
1073
1068
1081
1106
1075
1060
1131
1126
1132
1129
1179
1140
1190
1240
1271
1304
1271
1297
1252
1290
1187
1316
1311
1264
1337
1311
1284
1327
1286
1331
1300
1236
1287
1319
1304
1200
1295
1265
1278
1335
1326
1320
1317
1260
1267
1308
1196
1244
1249
1232
1207
1162
1191
1172
1065
1083
1134
1054
1071
1062
992
989
1065
1017
1001
972
1002
1009
1022
1069
1090
1100
1118
1156
1145
1173
1175
1214
1212
1192
1231
1232
1277
1248
1323
1245
1304
1280
1337
1271
1286
1317
1353
1278
1374
1252
1326
1278
1270
1432
1316
1354
1410
1406
1340
1297
1322
1390
1294
1362
1363
1323
1297
1318
1371
1264
1288
1294
1227
1282
1262
1257
1221
1239
1295
1192
1196
1084
1044
1161
1109
1101
1064
1023
1110
1097
1142
1099
1087
1155
1160
1172
1264
1248
1200
1217
1283
1275
1276
1278
1252
1287
1344
1236
1291
1274
1324
1285
1257
1302
1287
1263
1258
1356
1247
1310
1261
1269
1254
1309
1310
1296
1288
1243
1259
1225
1229
1255
1190
1127
1111
1118
1079
1184
1063
1063
1094
1058
1063
1123
1105
1153
1100
1167
1149
1228
1242
1233
1265
1253
1245
1326
1261
1280
1324
1286
1267
1308
1338
1275
1301
1356
1277
1343
1322
1350
1299
1295
1315
1385
1257
1318
1313
1367
1288
1245
1243
1311
1317
1281
1337
1256
1320
1257
1235
1197
1284
1243
1208
1244
1117
1118
1224
1190
1196
1140
1096
1153
1085
1077
1086
1063
1020
1103
1009
1037
965
926
1001
994
1043
1065
1072
1119
1127
1143
1185
1193
1226
1180
1262
1262
1290
1305
1264
1320
1344
1296
1288
1280
1259
1351
1354
1308
1280
1269
1304
1302
1266
1277
1297
1311
1278
1268
1247
1249
1311
1205
1272
1238
1197
1221
1231
1198
1224
1187
1185
1206
1135
1103
1209
1136
1172
1079
1086
1002
1037
1101
1076
1016
1056
1035
1007
1011
1041
1017
991
955
1000
970
997
976
1047
989
1011
1032
1024
1007
1109
1126
1098
1136
1168
1157
1210
1206
1267
1252
1296
1327
1275
1288
1240
1321
1296
1308
1364
1361
1339
1354
1303
1319
1326
1280
1403
1244
1307
1338
1311
1321
1340
1297
1337
1316
1309
1284
1302
1266
1279
1308
1333
1286
1288
1308
1349
1267
1364
1347
1308
1350
1337
1367
1342
1307
1386
1346
1354
1362
1439
1386
1346
1324
1353
1275
1345
1377
1312
1276
