15878
15887
15860
15914
15854
15764
15653
15928
15935
15901
15806
15994
15754
15935
15826
16033
15848
15733
15837
15846
15849
15583
15677
15859
15744
15778
16160
15905
15821
15753
15992
15834
15764
15508
15840
15827
15951
15753
15748
15735
15789
15916
15874
15828
15581
15859
15569
15798
15749
15592
15507
15471
15527
15630
15559
15388
15393
15451
15271
15429
15242
14861
14558
14101
13877
13690
13217
12930
12906
12644
12414
12247
12335
12190
12247
12028
11911
11757
11818
12092
11786
11786
12022
11954
12043
12144
12147
12338
12497
12368
12695
12620
12671
13215
12920
13215
13591
13582
13283
13841
13778
14064
14005
14261
14567
14766
14804
14817
15110
14900
15166
15239
14954
15281
15301
15317
15190
15322
15634
15438
15672
15352
15279
15450
15568
15242
15635
15309
15428
15571
15234
15385
15240
15253
15355
14973
14976
14584
14178
13992
13589
13347
12909
12803
12562
12378
12192
12104
12147
12040
12044
12091
12249
12035
12372
12681
12476
12738
12706
13143
13234
13384
13652
13916
14099
14102
14200
14479
14541
14822
15088
14939
15042
15272
15237
15361
15410
15433
15383
15551
15514
15672
15430
15464
15735
15686
15675
15763
15885
15479
15498
15519
15594
15459
15580
15585
15715
15391
15658
15645
15387
15529
15635
15516
15502
15572
15274
15125
15043
15087
14781
14670
14018
13986
13818
13250
13094
13023
12811
12899
12644
12792
12783
13035
13135
13503
13671
13792
14116
14497
14584
14555
14869
14926
15259
15379
15206
15433
15504
15480
15535
15479
15645
15604
15761
15457
15710
15735
15416
15592
15666
15817
15634
15695
15670
15492
15598
15575
15367
15330
15221
15320
14940
14823
14554
14398
14198
13838
13316
13433
13149
12861
12813
12489
12854
12683
12734
13306
13210
13372
13784
14055
14354
14824
14829
14807
15011
15615
15235
15425
15507
15260
15519
15509
15417
15558
15575
15776
15574
15735
15745
15792
15775
15810
15708
15646
15780
15586
15485
15555
15536
15797
15605
15574
15711
15610
15463
15506
15249
15294
15241
15281
15134
15436
15232
14949
14652
14735
14531
14435
14038
13837
13777
13608
13303
13018
13054
12709
12636
12351
12228
12268
12055
12045
11961
12011
12163
12031
12391
12482
12841
12715
13141
13623
13864
14129
14335
14614
14985
14964
15137
15370
15357
15284
15593
15597
15475
15440
15584
15595
15562
15596
15779
15580
15474
15606
15435
15476
15574
15303
15397
15446
15263
15172
15319
15231
15123
15043
14905
14564
14421
14761
14240
14332
14298
14251
14003
13733
13540
13540
13244
13241
12972
12859
12649
12564
12292
12367
12142
12128
11848
12025
11745
11868
11732
11727
11688
11875
11662
11797
11993
11828
12081
12273
12532
12773
12956
13313
13648
13922
14063
14442
14769
14643
14984
14989
15172
15359
15422
15622
15647
15491
15748
15683
15518
15709
15599
15756
15735
15587
15667
15519
15730
15928
15531
15710
15797
15713
15810
15739
15777
15802
16108
15916
15722
15639
15820
15718
15721
16030
15851
15849
15967
15844
15781
15763
15740
15915
15786
15917
15909
15586
15929
15861
15982
15869
15833
15934
16006
15716
15898
15949
15972
15935
15811
15887
15686
15719
15795
16028
15727
16053
16112
15940
15965
15755
15848
16079
15969
15915
15812
15960
15954
15836
15934
15873
15997
16012
15856
16078
16053
15939
15643
15902
15921
15712
15839
15833
15932
15992
15872
15811
15842
15944
16003
15888
15588
15886
15912
15898
15917
15927
15759
15745
15975
15892
15892
15838
15943
15887
15767
15823
16045
15713
15822
15839
15892
15814
15714
15640
15843
15733
16012
15703
15795
15994
15655
15844
15889
15645
15687
15963
15752
15596
15538
15808
15761
15632
15863
15703
15297
15489
15503
15441
15363
15353
15262
15161
15062
14850
14617
14215
14016
13625
13395
13158
12882
12511
12425
12120
12187
12142
11843
11760
11624
11645
11667
11740
11723
11675
11721
11841
12143
12238
12127
12380
12459
12792
12605
12803
12994
13128
13447
13509
13783
13821
13867
14249
14192
14436
14657
14612
15125
14878
15036
14719
15149
15329
15239
15228
15407
15377
15309
15405
15633
15544
15431
15554
15418
15466
15274
15404
15426
15571
15474
15614
15240
15305
15494
15430
15291
15302
15088
14964
14702
14218
14140
13977
13483
13162
12967
12541
12436
12264
12218
11943
12142
12032
11973
11813
11974
12063
12309
12511
12310
12644
12899
13157
13454
13673
13665
13859
14022
14285
14227
14572
14895
14932
14983
15191
15242
15296
15359
15330
15559
15347
15553
15430
15488
15674
15573
15507
15732
15431
15954
15509
15390
15801
15572
15800
15630
15602
15723
15377
15682
15820
15524
15324
15413
15463
15311
15353
15231
15290
15188
15271
15003
14950
14714
14444
14113
13782
13526
13140
13098
13060
12845
12523
12728
12670
12941
12959
13206
13433
13778
13822
14146
14505
14626
14859
15036
14966
15350
15635
15417
15220
15641
15410
15647
15455
15322
15618
15811
15398
15850
15731
15504
15670
15579
15528
15676
15324
15566
15600
15500
15451
15368
15198
15230
15197
14756
14744
14673
14275
13576
13576
13518
13143
13147
12945
12813
12777
12769
12901
12953
13158
13094
13680
13902
14109
14253
14851
14794
14907
15162
15183
15380
15308
15206
15384
15408
15673
15577
15616
15516
15640
15757
15609
15628
15759
15723
15768
15821
15681
15725
15722
15783
15459
15807
15564
15646
15775
15610
15344
15410
15282
15289
15259
15028
15102
14778
14734
14560
14743
14292
14240
14062
14210
13888
13710
13482
13008
13007
12948
12990
12552
12558
12463
12391
12389
12041
12107
11959
11739
11960
12182
12277
12460
12588
12923
13132
13655
14011
14258
14456
14765
14621
15072
15121
15414
15263
15103
15602
15234
15175
15387
15412
15428
15428
15474
15152
15337
15421
15587
15314
15250
15174
15226
15096
15173
15064
15018
14766
14988
14762
14728
14423
14463
14339
14339
14223
13997
13938
13607
13514
13543
13512
13024
13040
12971
12928
12806
12547
12358
12261
12060
11984
12169
12092
11950
11887
11782
11923
11795
11892
11839
11820
11854
12027
12066
12447
12231
12705
13005
13194
13233
13800
13722
13859
14252
14423
14733
14745
15015
15167
15125
15280
15367
15293
15526
15298
15871
15717
15905
15680
15580
15754
15697
15690
15904
15420
15911
15763
15801
15886
16002
15731
15850
15700
15689
15664
16075
15582
15902
15973
15810
15739
15985
15774
15836
15846
15867
15893
15905
15835
15729
15962
15605
15951
15852
15857
15695
15979
15953
15786
15863
15697
16112
15950
15823
15765
15928
15938
