19018
19036
19016
19053
18968
18836
18789
19112
19162
19134
18927
19091
19038
18955
18932
19064
18919
18817
18908
18983
18911
18729
18821
19078
18951
18927
19320
19065
18946
18927
19040
18934
18893
18686
19016
18951
18995
18954
18863
18832
18811
19124
19022
18969
18676
19004
18695
18836
18896
18677
18574
18594
18605
18689
18624
18458
18431
18484
18293
18417
18155
17863
17439
16924
16604
16380
15929
15501
15474
15186
14871
14732
14712
14566
14625
14475
14262
14017
14087
14412
14164
14181
14314
14297
14472
14564
14572
14727
14847
14832
15239
15092
15141
15773
15488
15851
16274
16188
15975
16498
16500
16771
16766
17076
17385
17645
17555
17724
18016
17806
18086
18205
17982
18317
18310
18263
18253
18320
18756
18494
18594
18408
18323
18548
18686
18235
18622
18367
18434
18553
18316
18387
18318
18316
18322
17916
17820
17403
16909
16768
16262
16003
15415
15340
15066
14811
14633
14516
14556
14446
14503
14472
14530
14431
14741
15147
15044
15357
15131
15686
15884
16039
16298
16556
16829
16887
16961
17351
17515
17763
17948
17888
17950
18210
18335
18497
18442
18389
18414
18563
18627
18769
18575
18561
18822
18736
18779
18948
18853
18510
18585
18652
18672
18552
18566
18730
18836
18466
18664
18809
18399
18590
18735
18564
18569
18592
18405
18212
18034
17961
17720
17555
16881
16774
16553
15926
15619
15605
15320
15360
15126
15267
15211
15587
15770
16170
16340
16530
16729
17212
17472
17539
17791
17859
18282
18442
18284
18448
18572
18510
18593
18577
18682
18574
18756
18471
18719
18890
18520
18578
18816
18890
18765
18710
18739
18510
18687
18585
18433
18384
18247
18342
17827
17754
17342
17222
16985
16530
16015
16071
15772
15384
15327
14971
15382
15170
15240
15878
15847
16110
16525
16816
17193
17658
17767
17840
18002
18607
18329
18469
18473
18340
18645
18683
18538
18661
18616
18892
18584
18923
18834
18893
18834
18885
18820
18783
18886
18623
18667
18667
18561
18810
18729
18608
18765
18761
18466
18543
18403
18304
18214
18319
18131
18397
18225
17814
17603
17611
17308
17281
16795
16574
16558
16194
15974
15692
15621
15164
15083
14825
14657
14702
14343
14340
14317
14346
14540
14382
14805
14909
15346
15210
15790
16321
16565
16967
17221
17615
17891
17978
18063
18421
18408
18294
18626
18603
18521
18454
18601
18654
18741
18701
18796
18662
18550
18640
18439
18546
18680
18336
18331
18387
18307
18097
18348
18323
18080
18007
17753
17522
17234
17655
17160
17186
17140
17020
16761
16385
16207
16229
15933
15802
15521
15401
15089
15006
14708
14825
14460
14513
14116
14357
14147
14212
14074
14045
13955
14186
13890
14200
14301
14137
14436
14755
14956
15309
15576
15924
16229
16535
16819
17325
17697
17649
18002
17963
18184
18376
18386
18638
18647
18583
18788
18809
18605
18834
18633
18845
18801
18724
18768
18611
18758
19051
18666
18822
18950
18881
18853
18774
18930
18894
19248
18979
18840
18739
19050
18905
18797
19125
18948
19024
19093
19033
18884
18897
18929
19047
18851
19084
19095
18762
18941
18973
19075
18962
18998
19106
19090
18811
19046
18958
19174
18981
18963
19125
18681
18785
18879
19134
18784
19246
19220
19056
19151
18882
18974
19147
19143
19012
19024
19135
19058
18950
19118
18904
19202
19144
19090
19226
19170
19047
18693
19058
19093
18907
18948
19049
19044
19138
18969
18975
18943
19041
19147
18946
18717
19059
18995
19026
19028
19105
18800
18966
19286
19159
19079
19007
19026
19023
18819
18915
19098
18843
18932
18898
18978
19006
18880
18829
18985
18903
19100
18732
18897
19075
18758
18887
18983
18757
18777
19127
18870
18682
18588
18873
18973
18654
18976
18847
18363
18507
18518
18489
18298
18293
18269
18203
18137
17774
17576
17137
16773
16287
16069
15761
15402
14990
14820
14525
14494
14483
14177
14100
13953
13970
13959
14066
14022
13943
14005
14154
14521
14643
14537
14894
14985
15316
15114
15386
15539
15659
16097
16233
16514
16531
16761
17057
17016
17195
17485
17500
18095
17798
17949
17687
18117
18361
18184
18259
18342
18434
18349
18382
18623
18657
18563
18698
18583
18453
18265
18411
18536
18558
18484
18656
18191
18399
18491
18484
18269
18343
18005
17868
17684
17107
16911
16751
16144
15740
15521
14990
14908
14725
14666
14363
14411
14390
14256
14159
14355
14423
14668
15017
14764
15164
15540
15745
16178
16363
16354
16707
16816
17148
17134
17416
17772
17970
17870
18156
18226
18420
18345
18306
18536
18425
18613
18476
18554
18649
18571
18537
18779
18442
19133
18605
18429
18951
18685
18833
18728
18620
18828
18517
18744
18856
18651
18349
18488
18573
18432
18437
18168
18303
18097
18421
17985
17882
17506
17297
16862
16601
16197
15793
15717
15587
15395
14978
15307
15126
15429
15421
15714
16102
16563
16552
16968
17355
17537
17728
17961
18022
18367
18564
18425
18257
18742
18513
18713
18465
18383
18704
18889
18518
18850
18793
18615
18786
18704
18517
18773
18325
18586
18561
18566
18515
18329
18110
18258
18084
17634
17587
17537
17106
16389
16285
16131
15742
15736
15533
15402
15312
15212
15448
15472
15782
15701
16353
16648
16931
17088
17727
17758
17947
18244
18221
18397
18300
18204
18353
18487
18668
18621
18702
18652
18659
18839
18685
18701
18775
18797
18880
0
0
0
0
0
0
0
0
0
0
0
0
0
0
0
0
18015
18098
17771
17659
17435
17574
17101
17060
16870
16890
16696
16387
16125
15716
15550
15427
