3326
3330
3334
3334
3308
3297
3234
3306
3356
3395
3369
3334
3329
3350
3260
3412
3319
3292
3369
3269
3318
3273
3188
3354
3266
3276
3411
3341
3321
3264
3350
3387
3325
3168
3282
3345
3319
3290
3347
3198
3377
3332
3277
3396
3244
3280
3207
3269
3240
3246
3225
3282
3234
3281
3196
3243
3182
3257
3189
3171
3184
3093
3091
2900
2886
2847
2682
2711
2592
2643
2537
2533
2624
2537
2531
2500
2483
2467
2436
2453
2471
2518
2519
2528
2528
2582
2500
2533
2626
2585
2672
2677
2700
2702
2723
2739
2817
2842
2834
2871
2895
2926
2916
2946
3039
3094
3099
3121
3190
3119
3171
3069
3089
3166
3208
3143
3191
3241
3315
3229
3279
3226
3181
3207
3239
3120
3321
3219
3132
3237
3210
3152
3151
3129
3231
3153
3158
3113
2946
2995
2911
2801
2649
2712
2636
2513
2524
2481
2522
2515
2511
2561
2589
2548
2613
2623
2598
2658
2652
2722
2778
2804
2837
2863
2926
2973
2972
3052
3083
3067
3061
3172
3149
3170
3111
3326
3262
3284
3289
3257
3251
3358
3257
3165
3363
3313
3323
3300
3347
3211
3239
3222
3226
3175
3244
3316
3287
3259
3224
3207
3193
3237
3253
3290
3275
3261
3196
3163
3116
3137
3023
2965
2958
2842
2871
2746
2744
2812
2668
2734
2603
2739
2680
2694
2703
2741
2846
2924
2958
3045
3074
3016
3123
3103
3180
3197
3198
3173
3230
3203
3227
3254
3211
3236
3281
3198
3238
3293
3191
3211
3285
3357
3301
3343
3255
3178
3288
3165
3261
3184
3196
3097
3116
3196
3088
3116
2920
2905
2797
2734
2680
2660
2699
2660
2605
2724
2689
2835
2818
2884
2820
2950
3069
3117
3064
3009
3188
3191
3101
3221
3226
3159
3266
3249
3183
3218
3205
3319
3230
3329
3285
3313
3322
3292
3230
3323
3373
3249
3252
3298
3251
3234
3241
3294
3326
3289
3220
3220
3213
3179
3167
3253
3162
3225
3158
3148
3078
3081
3104
2960
2927
2985
2761
2771
2774
2765
2809
2671
2630
2552
2575
2611
2551
2566
2452
2474
2519
2448
2627
2555
2621
2659
2774
2844
2917
2945
3002
3051
3132
3066
3131
3281
3233
3176
3225
3247
3263
3185
3244
3260
3209
3152
3299
3289
3224
3238
3246
3244
3202
3249
3315
3275
3199
3213
3301
3220
3162
3183
3182
3130
2977
3147
2884
3010
2911
2935
2888
2915
2837
2897
2765
2822
2739
2702
2592
2634
2569
2568
2422
2533
2525
2453
2457
2478
2403
2438
2442
2478
2410
2444
2475
2458
2467
2592
2642
2649
2686
2747
2884
2917
2967
3014
3046
3116
3114
3125
3184
3230
3119
3283
3257
3166
3252
3266
3293
3364
3282
3283
3250
3215
3263
3169
3226
3387
3257
3233
3312
3357
3238
3295
3317
3289
3340
3409
3301
3342
3233
3241
3311
3337
3338
3364
3300
3411
3300
3288
3247
3299
3354
3298
3297
3165
3362
3324
3313
3362
3241
3397
3369
3295
3268
3289
3244
3312
3309
3321
3250
3275
3305
3412
3253
3287
3422
3400
3398
3344
3333
3302
3375
3378
3318
3360
3327
3245
3360
3340
3382
3318
3295
3403
3356
3363
3349
3401
3244
3295
3268
3409
3294
3385
3337
3252
3306
3402
3374
3288
3234
3311
3327
3322
3332
3339
3317
3309
3367
3419
3407
3343
3315
3443
3384
3314
3371
3323
3283
3280
3336
3362
3243
3278
3330
3247
3297
3319
3229
3365
3239
3287
3315
3245
3307
3334
3299
3205
3323
3275
3229
3319
3227
3268
3214
3269
3273
3223
3260
3121
3241
3207
3179
3084
3069
3051
2960
2837
2797
2752
2686
2597
2583
2522
2480
2563
2482
2480
2404
2428
2405
2390
2349
2473
2418
2451
2548
2578
2574
2666
2612
2713
2746
2623
2697
2761
2861
2850
2769
2912
2924
2989
2988
3035
3044
3053
3161
3118
3120
3032
3198
3290
3172
3192
3280
3126
3177
3194
3280
3244
3119
3244
3242
3255
2990
3230
3229
3127
3227
3294
3261
3194
3140
3183
3231
3120
3145
3140
3025
2975
2878
2854
2832
2760
2740
2701
2561
2631
2560
2412
2520
2558
2541
2473
2468
2478
2571
2656
2581
2669
2743
2755
2795
2867
2852
2885
2941
2969
2911
3047
3155
3137
3077
3201
3123
3246
3200
3196
3275
3270
3232
3303
3319
3309
3158
3289
3246
3137
3364
3251
3277
3422
3406
3298
3127
3248
3305
3237
3344
3392
3265
3211
3197
3336
3194
3163
3251
3134
3203
3197
3124
3127
3052
3031
2976
2852
2814
2719
2797
2770
2671
2581
2611
2608
2682
2752
2754
2789
2845
2951
2966
3141
3049
3054
3129
3121
3187
3267
3211
3206
3285
3302
3152
3153
3137
3225
3218
3139
3295
3239
3211
3220
3323
3231
3331
3189
3259
3246
3228
3207
3153
3200
3189
3012
3043
3130
3057
2955
2869
2810
2807
2789
2822
2628
2671
2700
2677
2682
2779
2743
2817
2837
2943
2888
3036
3090
3109
3096
3196
3079
3265
3192
3122
3207
3229
3233
3253
3285
3169
3211
3281
3175
3343
3280
3304
3307
3306
3236
3345
3244
3308
3249
3290
3209
3147
3156
3229
3245
3281
3189
3237
3210
3126
3141
3089
3150
3102
3106
3039
2875
2959
2997
2930
2919
2817
2751
2738
2698
2714
2652
2650
2605
2608
2532
2534
2534
2393
2443
2449
2606
2517
2585
2701
2816
2765
2865
2957
3006
2924
3097
3092
3111
3157
3233
3262
3235
3183
3212
3232
3123
3231
3176
3242
3207
3173
3209
3247
3287
3253
3221
3184
3150
3111
3189
3082
3213
3090
3171
3015
3024
2970
3055
3019
2960
2980
2919
2974
2817
2815
2895
2810
2788
2733
2734
2640
2634
2620
2617
2572
2535
2479
2528
2556
2501
2466
2412
2487
2446
2411
2487
2412
2528
2456
2472
2609
2553
2616
2744
2753
2759
2829
2837
2944
2938
2964
3080
3127
3175
3161
3240
3183
3052
3253
3252
3231
3366
3359
3311
3324
3239
3236
3244
3238
3395
3168
3273
3301
3258
3331
3324
3284
3326
3222
3190
3238
3347
3200
3233
3294
3267
3254
3366
3312
3290
3242
3370
3356
3324
3376
3252
3379
3339
3329
3342
3323
3323
3355
3442
3485
3267
3269
3323
3290
3326
3316
3338
3301
