8812
8730
8877
8831
8812
8697
8625
8808
8811
8835
8778
8858
8821
8845
8752
8864
8820
8687
8850
8684
8739
8681
8610
8809
8734
8687
9097
8837
8682
8777
8936
8813
8681
8410
8786
8833
8846
8725
8731
8748
8777
8896
8824
8804
8588
8822
8588
8691
8646
8594
8635
8706
8564
8697
8581
8550
8460
8616
8486
8504
8517
8165
8032
7855
7718
7488
7325
7199
7069
6985
6845
6703
6896
6785
6846
6608
6576
6552
6522
6638
6564
6585
6702
6633
6617
6759
6709
6790
6879
6879
7072
7099
7035
7328
7124
7330
7447
7540
7494
7686
7695
7758
7714
7960
8096
8221
8297
8267
8510
8256
8390
8491
8228
8524
8410
8470
8344
8431
8721
8604
8800
8526
8452
8610
8631
8364
8747
8582
8354
8572
8420
8452
8463
8473
8496
8303
8361
8105
7783
7814
7532
7409
7127
7140
6895
6780
6779
6747
6628
6583
6730
6729
6785
6703
6902
7090
7013
7075
7080
7330
7410
7428
7585
7729
7832
7926
7866
8036
8171
8241
8302
8285
8284
8508
8469
8539
8523
8716
8530
8676
8568
8828
8597
8466
8761
8722
8645
8745
8779
8520
8544
8623
8529
8503
8620
8599
8769
8495
8651
8660
8504
8662
8689
8525
8683
8685
8489
8349
8278
8402
8183
8050
7809
7691
7647
7271
7234
7181
7045
7185
7059
7175
7151
7221
7306
7450
7540
7695
7813
8029
8150
8095
8335
8400
8464
8563
8451
8367
8629
8591
8585
8508
8680
8707
8725
8528
8633
8782
8584
8651
8734
8865
8635
8726
8635
8615
8732
8585
8572
8494
8401
8438
8316
8211
8082
7971
7915
7704
7473
7399
7213
7088
7050
6960
7077
7064
7045
7320
7384
7472
7668
7780
7996
8213
8224
8253
8367
8591
8422
8561
8601
8448
8594
8591
8563
8686
8670
8750
8642
8783
8698
8673
8745
8707
8680
8685
8793
8749
8580
8683
8604
8714
8594
8633
8746
8657
8531
8632
8452
8498
8529
8550
8384
8568
8388
8349
8198
8133
8134
8011
7711
7676
7607
7471
7404
7231
7363
7117
6996
6861
6745
6829
6725
6620
6577
6697
6726
6700
6835
6918
7117
7020
7257
7506
7709
7824
8019
8046
8269
8307
8363
8582
8448
8455
8552
8529
8665
8572
8643
8602
8586
8601
8664
8677
8696
8609
8500
8541
8550
8488
8615
8620
8536
8420
8505
8542
8353
8355
8284
8090
7990
8196
7786
7922
7865
7847
7669
7566
7480
7529
7312
7418
7193
7101
6922
6978
6865
6902
6635
6747
6645
6608
6481
6555
6461
6590
6534
6586
6453
6528
6650
6587
6606
6784
6949
7002
7131
7360
7582
7741
7819
8000
8175
8137
8280
8386
8402
8539
8509
8690
8724
8593
8714
8609
8642
8788
8671
8642
8723
8658
8702
8527
8748
8777
8662
8587
8691
8775
8592
8799
8802
8699
9054
8880
8748
8666
8617
8766
8772
8934
8711
8826
8815
8850
8837
8735
8704
8894
8713
8804
8889
8602
8860
8803
8892
8804
8748
8935
8896
8731
8817
8807
8703
8844
8774
8823
8640
8747
8675
8917
8648
8878
8982
8940
8883
8735
8895
8835
8761
8791
8775
8882
8805
8801
8808
8789
8819
8857
8781
8876
9017
8952
8706
8848
8736
8789
8846
8709
8831
8933
8880
8696
8786
8848
8893
8794
8722
8998
8852
8870
8743
8786
8776
8661
8826
8832
8949
8865
8794
8848
8793
8753
8902
8699
8784
8691
8762
8806
8534
8704
8773
8742
8825
8787
8768
8883
8738
8813
8845
8701
8723
8873
8878
8608
8620
8651
8714
8663
8747
8698
8605
8607
8547
8567
8511
8433
8411
8328
8464
8181
8167
7925
7837
7619
7427
7283
7091
7027
6824
6720
6716
6775
6615
6568
6466
6521
6417
6439
6500
6576
6528
6605
6769
6885
6713
6939
6882
7128
7039
6989
7149
7324
7514
7552
7694
7666
7702
7913
7941
8082
8117
8082
8360
8276
8316
8060
8342
8654
8547
8496
8552
8416
8493
8511
8705
8664
8405
8693
8630
8614
8436
8579
8596
8538
8624
8624
8429
8490
8544
8501
8500
8418
8416
8256
8214
7947
7792
7697
7523
7270
7213
7071
6855
6851
6719
6556
6752
6626
6600
6556
6647
6748
6790
6973
6800
7031
7181
7310
7372
7573
7619
7692
7784
7877
7813
8069
8320
8252
8235
8434
8364
8486
8522
8535
8610
8591
8690
8622
8642
8720
8693
8520
8653
8570
8839
8618
8490
8775
8735
8727
8582
8592
8775
8496
8813
8815
8659
8469
8595
8667
8524
8460
8441
8452
8390
8445
8298
8261
8123
8016
7889
7537
7491
7284
7369
7292
7172
6893
7004
6997
7186
7143
7377
7463
7752
7685
7893
8142
7999
8132
8292
8303
8541
8654
8491
8482
8651
8644
8703
8529
8427
8741
8674
8538
8773
8669
8536
8613
8613
8457
8709
8406
8645
8706
8652
8577
8483
8461
8473
8399
8182
8216
8062
7946
7530
7529
7450
7280
7300
7129
0
0
0
0
0
0
0
0
0
0
0
0
0
0
0
0
8581
8439
8438
8537
8553
8721
8616
8654
8576
8616
8738
8603
8700
8785
8684
8654
