2258
2296
2255
2243
2238
2247
2225
2230
2291
2324
2325
2355
2308
2256
2207
2320
2307
2289
2313
2220
2258
2275
2189
2248
2212
2243
2344
2299
2264
2221
2276
2324
2260
2118
2239
2301
2260
2254
2304
2210
2303
2295
2243
2339
2247
2225
2170
2227
2217
2259
2229
2248
2229
2260
2167
2228
2173
2286
2137
2116
2216
2153
2113
1969
1934
1940
1869
1866
1783
1784
1749
1745
1808
1724
1748
1690
1692
1692
1645
1657
1667
1724
1695
1751
1706
1788
1708
1768
1768
1750
1823
1835
1840
1871
1865
1873
1942
1963
1917
1985
1976
2046
2004
2012
2080
2110
2135
2163
2177
2158
2184
2091
2118
2147
2146
2180
2205
2200
2291
2192
2175
2219
2160
2198
2258
2152
2323
2189
2132
2188
2242
2142
2172
2160
2260
2165
2134
2100
2074
2065
2015
1890
1843
1878
1825
1768
1723
1698
1728
1748
1746
1753
1725
1747
1775
1797
1758
1811
1845
1849
1932
1937
1921
1944
2027
2009
2028
2058
2100
2080
2106
2197
2129
2179
2156
2256
2276
2220
2265
2210
2225
2284
2255
2152
2332
2289
2311
2255
2219
2157
2230
2225
2178
2200
2227
2285
2224
2244
2229
2205
2141
2202
2200
2239
2235
2220
2200
2127
2199
2114
2099
1995
2043
1956
1987
1888
1943
1916
1785
1859
1769
1888
1863
1820
1856
1903
1951
2003
2015
2079
2117
2072
2083
2113
2157
2214
2193
2150
2234
2161
2209
2182
2217
2235
2269
2184
2211
2283
2196
2193
2230
2297
2252
2257
2254
2212
2294
2164
2209
2181
2197
2137
2136
2199
2101
2122
1993
1942
1895
1879
1824
1833
1829
1808
1760
1856
1835
1954
1988
1971
1918
2006
2106
2097
2099
2099
2228
2173
2099
2167
2255
2188
2245
2218
2199
2241
2198
2274
2212
2331
2306
2292
2268
2239
2198
2303
2343
2206
2255
2262
2263
2196
2209
2242
2311
2268
2183
2194
2224
2193
2147
2205
2145
2185
2165
2185
2106
2089
2149
2003
1997
2037
1863
1887
1895
1922
1868
1880
1796
1750
1745
1797
1747
1782
1711
1674
1732
1710
1843
1765
1801
1800
1923
1954
1987
1997
2044
2092
2186
2070
2160
2255
2205
2164
2187
2177
2227
2151
2255
2251
2183
2184
2260
2278
2198
2185
2240
2242
2207
2220
2279
2257
2202
2200
2243
2199
2192
2171
2149
2141
2009
2184
1956
2038
1987
1991
1959
1993
1944
1987
1945
1954
1853
1847
1806
1814
1751
1771
1613
1717
1716
1661
1684
1699
1652
1682
1653
1708
1678
1673
1697
1678
1697
1800
1813
1800
1879
1845
1928
1999
2029
2110
2076
2162
2152
2110
2239
2175
2115
2266
2259
2147
2230
2262
2272
2340
2219
2206
2244
2223
2239
2172
2228
2321
2210
2205
2215
2332
2249
2259
2243
2245
2302
2342
2278
2313
2207
2220
2270
2280
2241
2313
2247
2343
2274
2263
2235
2241
2292
2284
2241
2183
2325
2269
2237
2293
2219
2351
2288
2253
2238
2252
2220
2276
2273
2271
2215
2216
2248
2368
2248
2213
2362
2354
2347
2267
2241
2267
2326
2276
2257
2281
2281
2250
2333
2286
2319
2298
2226
2364
2303
2232
2283
2323
2218
2251
2213
2375
2280
2313
2279
2239
2293
2330
2332
2275
2166
2260
2311
2289
2272
2326
2235
2272
2344
2341
2338
2310
2279
2323
2302
2226
2383
2312
2268
2239
2276
2272
2216
2241
2321
2201
2238
2260
2236
2305
2186
2263
2255
2203
2288
2262
2283
2205
2272
2232
2166
2267
2202
2237
2206
2302
2227
2188
2254
2124
2217
2223
2170
2090
2102
2101
2026
1914
1923
1878
1846
1767
1772
1736
1686
1805
1730
1686
1658
1694
1628
1622
1596
1710
1648
1655
1731
1770
1782
1824
1813
1852
1860
1785
1862
1920
1934
1983
1938
2009
1973
2028
2073
2079
2152
2109
2182
2104
2154
2036
2201
2255
2157
2188
2224
2155
2191
2217
2250
2240
2121
2186
2223
2189
2061
2190
2203
2142
2234
2242
2260
2204
2138
2178
2220
2120
2127
2141
2059
2053
2015
1975
1954
1850
1855
1859
1756
1806
1769
1676
1729
1758
1759
1691
1669
1722
1729
1786
1782
1887
1920
1892
1921
1971
1992
1997
2028
2072
1997
2095
2121
2141
2087
2218
2143
2246
2185
2210
2207
2220
2262
2316
2199
2248
2162
2279
2213
2134
2357
2232
2273
2378
2347
2284
2166
2243
2276
2249
2283
2293
2234
2166
2221
2325
2169
2179
2227
2148
2196
2148
2108
2158
2091
2083
2007
1949
1876
1865
1885
1875
1836
1781
1781
1820
1825
1889
1873
1909
1951
2012
2034
2159
2082
2043
2137
2113
2171
2207
2161
2140
2258
2267
2145
2198
2124
2261
2191
2111
2252
2203
2194
2208
2292
2157
2280
2142
2207
2169
2153
2229
2163
2171
2160
2084
2080
2083
2112
2005
1954
1915
1904
1884
1960
1825
1819
1851
1842
1824
1903
1906
1910
1903
1972
1974
2113
2101
2096
2162
2144
2084
2259
2205
2158
2179
2228
2202
2246
2230
2190
2203
2246
2203
2280
2205
2257
2254
2267
2251
2315
2200
2243
2184
2301
2192
2089
2143
2245
2198
2244
2228
2168
2202
2156
2142
2114
2142
2116
2135
2089
1938
1996
2075
1989
1971
1920
1891
1939
1828
1875
1836
1814
1764
1808
1723
1754
1693
1632
1677
1653
1759
1778
1779
1899
1944
1939
1966
2006
2067
2014
2125
2121
2151
2186
2193
2253
2253
2184
2214
2186
2137
2244
2204
2210
2195
2154
2166
2236
2222
2223
2194
2178
2162
2156
2170
2084
2187
2081
2175
2115
2034
2040
2108
2051
2012
2021
2017
2044
1933
1898
2025
1924
1941
1874
1844
1756
1815
1857
1805
1752
1738
1701
1711
1759
1744
1734
1636
1691
1685
1644
1706
1648
1747
1683
1723
1756
1781
1743
1869
1918
1870
1946
1965
1983
1989
2020
2164
2107
2168
2175
2175
2192
2097
2254
2222
2214
2329
2324
2248
2287
2201
2221
2254
2255
2358
2148
2272
2246
2228
2241
2277
2206
2280
2216
2168
2201
2270
2198
2199
2262
2263
2192
2260
2276
2200
2201
2338
2266
2234
2298
2272
2355
2266
2281
2298
2296
2298
2305
2401
2354
2273
2215
2270
2243
2271
2282
2244
2237
