4623
4622
4647
4630
4594
4575
4539
4611
4655
4714
4655
4681
4648
4644
4531
4646
4640
4554
4645
4609
4634
4523
4437
4698
4625
4591
4734
4641
4619
4577
4721
4624
4572
4479
4575
4692
4562
4562
4599
4503
4668
4669
4645
4675
4443
4576
4460
4548
4491
4554
4522
4546
4503
4596
4467
4527
4429
4515
4385
4457
4458
4313
4259
4072
4022
3895
3842
3755
3640
3732
3548
3516
3610
3559
3575
3462
3451
3425
3391
3415
3436
3498
3566
3464
3480
3582
3535
3560
3622
3673
3705
3737
3706
3857
3740
3827
3937
4040
4006
4018
4073
4043
4014
4164
4295
4280
4349
4355
4483
4324
4448
4372
4351
4472
4448
4347
4363
4449
4585
4493
4599
4455
4402
4475
4519
4347
4606
4514
4327
4487
4434
4424
4388
4387
4430
4356
4428
4282
4059
4170
3991
3940
3712
3766
3660
3545
3543
3488
3541
3499
3537
3593
3588
3517
3635
3628
3666
3763
3673
3812
3916
3884
3960
4016
4124
4131
4132
4209
4320
4299
4308
4386
4367
4401
4375
4604
4502
4564
4549
4532
4556
4656
4511
4442
4617
4595
4578
4619
4659
4522
4491
4545
4470
4453
4516
4550
4643
4477
4520
4493
4488
4559
4516
4494
4538
4548
4403
4387
4356
4376
4307
4172
4072
3985
4024
3816
3799
3816
3707
3760
3656
3813
3731
3812
3804
3890
3964
4018
4064
4270
4300
4273
4332
4346
4427
4423
4501
4406
4521
4503
4498
4485
4542
4556
4560
4451
4512
4558
4402
4450
4569
4612
4565
4582
4500
4472
4642
4474
4546
4446
4416
4351
4361
4322
4241
4289
4160
4097
3896
3882
3755
3744
3724
3663
3661
3715
3736
3897
3962
4017
4002
4128
4268
4375
4353
4260
4399
4425
4360
4526
4500
4410
4531
4565
4488
4481
4545
4587
4528
4573
4620
4591
4577
4599
4538
4603
4675
4516
4511
4596
4567
4563
4503
4551
4638
4635
4490
4497
4448
4458
4424
4520
4430
4546
4430
4396
4351
4295
4215
4166
4058
4048
3868
3890
3880
3849
3929
3743
3686
3581
3583
3623
3524
3531
3474
3511
3553
3448
3658
3645
3705
3697
3836
3947
4050
4103
4172
4185
4424
4334
4402
4523
4476
4430
4472
4484
4521
4443
4541
4485
4458
4488
4573
4574
4495
4490
4497
4508
4504
4492
4593
4525
4459
4485
4531
4469
4423
4422
4374
4284
4111
4351
4072
4209
4095
4097
4004
3996
3971
3988
3856
3898
3801
3771
3612
3639
3593
3615
3395
3518
3499
3425
3422
3470
3418
3417
3429
3447
3392
3451
3430
3417
3509
3661
3652
3655
3741
3885
4030
4009
4134
4266
4276
4305
4371
4380
4389
4523
4388
4530
4590
4398
4589
4568
4483
4682
4518
4578
4540
4498
4568
4429
4572
4649
4534
4545
4639
4609
4505
4623
4569
4655
4733
4702
4619
4623
4540
4564
4636
4589
4632
4661
4554
4711
4592
4564
4586
4630
4689
4647
4702
4474
4650
4626
4620
4640
4569
4685
4715
4629
4589
4566
4574
4591
4633
4635
4506
4556
4553
4748
4514
4652
4780
4663
4668
4625
4670
4656
4666
4696
4603
4678
4640
4570
4678
4601
4690
4614
4595
4650
4690
4679
4637
4701
4526
4584
4630
4640
4633
4702
4656
4498
4595
4696
4706
4571
4556
4723
4644
4659
4624
4598
4572
4550
4663
4711
4745
4635
4629
4719
4643
4579
4689
4587
4571
4555
4613
4617
4560
4582
4622
4547
4613
4642
4563
4680
4560
4617
4627
4540
4562
4608
4624
4524
4567
4513
4508
4572
4603
4544
4520
4485
4518
4512
4518
4374
4482
4434
4436
4233
4282
4224
4099
3995
3910
3834
3744
3675
3642
3447
3479
3552
3429
3476
3351
3399
3333
3336
3324
3425
3386
3410
3497
3624
3546
3659
3602
3812
3723
3692
3725
3862
3972
4017
3944
4020
4023
4187
4179
4211
4240
4246
4391
4307
4351
4255
4503
4596
4477
4465
4506
4365
4485
4449
4529
4519
4433
4506
4543
4549
4278
4491
4529
4415
4541
4548
4466
4442
4451
4428
4490
4353
4421
4356
4320
4165
4029
4020
3957
3873
3805
3712
3606
3658
3508
3388
3513
3555
3514
3444
3441
3452
3619
3723
3629
3712
3768
3862
3861
4009
3965
4008
4062
4143
4076
4258
4321
4361
4369
4437
4354
4449
4479
4451
4538
4515
4525
4576
4578
4620
4467
4535
4519
4405
4630
4455
4470
4704
4720
4534
4424
4482
4690
4449
4660
4718
4567
4429
4513
4603
4478
4422
4487
4417
4419
4500
4340
4309
4319
4240
4135
3950
3932
3860
3942
3880
3755
3624
3681
3619
3731
3789
3847
3916
4017
4088
4128
4357
4227
4180
4324
4377
4467
4568
4465
4472
4537
4528
4510
4433
4392
4609
4530
4417
4561
4542
4460
4504
4596
4459
4612
4417
4547
4611
4581
4524
4392
4485
4444
4328
4297
4329
4249
4148
3961
4008
3909
3863
3905
3696
3699
3735
3783
3692
3809
3824
3903
3962
4069
4043
4175
4266
4281
4322
4457
4351
4537
4512
4401
4477
4515
4515
4566
4594
4449
4503
4577
4482
4659
4574
4628
4622
4651
4530
4624
4558
4653
4553
4603
4490
4424
4440
4494
4507
4515
4449
4459
4448
4334
4393
4256
4341
4303
4310
4212
4032
4099
4125
4039
3989
3950
3813
3811
3784
3749
3677
3650
3625
3696
3559
3457
3513
3369
3436
3380
3619
3510
3611
3684
3823
3826
3961
4120
4149
4094
4301
4326
4305
4415
4499
4473
4473
4451
4569
4454
4376
4516
4533
4476
4466
4393
4511
4523
4541
4508
4515
4474
4398
4334
4402
4291
4456
4325
4419
4181
4257
4172
4200
4194
4126
4150
4061
4082
3929
3900
4007
3918
3875
3787
3835
3662
3744
3636
3630
3525
3547
3525
3544
3585
3488
3413
3338
3478
3389
3385
3432
3395
3498
3402
3538
3627
3570
3681
3829
3822
3839
4015
3931
4046
4146
4182
4300
4309
4354
4399
4456
4387
4322
4530
4590
4513
4658
4667
4634
4638
4602
4449
4584
4542
4665
4444
4723
4598
4554
4638
4631
4603
4617
4570
4481
4525
4672
4525
4588
4604
4578
4558
4699
4604
4592
4561
4676
4686
4604
4669
4534
4628
4626
4625
4664
4570
4602
4675
4709
4769
4569
4615
4569
4555
4663
4682
4620
4685
