1846
1885
1829
1852
1820
1821
1810
1822
1854
1911
1919
1923
1886
1846
1816
1856
1929
1876
1912
1846
1843
1841
1783
1850
1812
1863
1896
1865
1839
1832
1856
1900
1853
1734
1804
1884
1846
1859
1895
1834
1900
1877
1849
1921
1836
1803
1780
1796
1801
1837
1796
1795
1816
1871
1776
1835
1766
1865
1747
1766
1796
1779
1759
1603
1605
1585
1543
1524
1460
1444
1422
1409
1508
1413
1433
1401
1343
1370
1362
1367
1360
1406
1372
1451
1379
1493
1421
1433
1442
1467
1511
1509
1535
1528
1521
1532
1592
1591
1574
1644
1627
1669
1661
1656
1657
1722
1732
1778
1791
1771
1772
1724
1745
1753
1751
1805
1818
1802
1864
1837
1786
1823
1745
1815
1839
1752
1916
1792
1768
1774
1847
1747
1791
1777
1851
1726
1739
1728
1699
1715
1630
1529
1525
1523
1486
1415
1444
1400
1400
1441
1431
1435
1413
1418
1474
1476
1457
1495
1525
1509
1599
1563
1595
1570
1644
1649
1665
1674
1726
1706
1713
1784
1741
1755
1747
1836
1858
1831
1855
1793
1818
1903
1834
1759
1886
1857
1890
1866
1802
1732
1830
1825
1794
1831
1822
1845
1842
1843
1824
1807
1764
1808
1794
1846
1823
1801
1808
1731
1782
1731
1687
1623
1657
1598
1625
1549
1575
1583
1459
1535
1445
1534
1530
1488
1498
1563
1618
1656
1642
1733
1743
1717
1711
1740
1768
1860
1805
1784
1856
1752
1806
1771
1849
1806
1853
1767
1814
1885
1831
1803
1818
1853
1854
1871
1860
1811
1878
1759
1816
1774
1801
1762
1747
1792
1717
1762
1621
1610
1565
1551
1462
1501
1510
1466
1442
1514
1480
1610
1643
1617
1569
1648
1710
1740
1735
1708
1794
1787
1716
1747
1836
1780
1853
1817
1809
1845
1805
1898
1806
1924
1884
1914
1875
1824
1797
1905
1934
1807
1817
1851
1876
1826
1855
1837
1930
1855
1810
1795
1810
1817
1751
1800
1758
1784
1764
1829
1748
1692
1761
1637
1636
1655
1523
1530
1535
1581
1530
1547
1476
1440
1425
1451
1422
1448
1410
1369
1429
1398
1518
1458
1467
1483
1552
1608
1608
1631
1659
1716
1795
1703
1751
1853
1787
1775
1777
1762
1823
1786
1863
1867
1762
1780
1889
1850
1782
1788
1827
1822
1827
1782
1842
1837
1770
1810
1871
1794
1804
1763
1758
1749
1663
1804
1590
1665
1620
1648
1608
1642
1556
1635
1619
1596
1513
1516
1490
1472
1442
1451
1317
1427
1404
1359
1395
1351
1356
1392
1365
1421
1378
1347
1404
1401
1412
1485
1482
1475
1536
1500
1600
1634
1683
1720
1702
1760
1772
1748
1842
1784
1741
1850
1891
1757
1799
1873
1851
1940
1802
1811
1841
1822
1834
1804
1818
1907
1820
1812
1826
1902
1844
1846
1836
1856
1851
1907
1854
1893
1784
1842
1840
1866
1840
1863
1844
1936
1906
1849
1833
1840
1864
1882
1821
1811
1907
1881
1846
1900
1811
1925
1883
1834
1806
1860
1810
1861
1857
1875
1791
1797
1855
1945
1809
1809
1950
1926
1912
1851
1824
1874
1922
1882
1844
1862
1853
1844
1908
1886
1909
1904
1799
1945
1885
1862
1851
1919
1828
1855
1760
1953
1872
1908
1884
1844
1884
1896
1913
1872
1735
1835
1910
1866
1841
1930
1863
1840
1915
1931
1891
1876
1858
1897
1862
1819
1953
1914
1854
1821
1829
1888
1818
1849
1911
1785
1836
1856
1840
1920
1815
1850
1821
1796
1873
1823
1901
1812
1868
1819
1726
1855
1836
1827
1818
1870
1831
1779
1857
1702
1813
1838
1767
1709
1710
1710
1648
1596
1566
1568
1540
1445
1454
1417
1382
1485
1429
1365
1361
1398
1337
1310
1274
1401
1348
1355
1415
1465
1457
1476
1455
1509
1510
1478
1532
1571
1570
1613
1576
1660
1597
1660
1714
1730
1759
1735
1786
1743
1793
1665
1809
1850
1760
1846
1810
1751
1819
1819
1832
1857
1741
1777
1845
1807
1661
1807
1769
1780
1835
1827
1848
1794
1760
1768
1836
1680
1707
1742
1695
1668
1638
1617
1576
1501
1514
1552
1447
1469
1479
1362
1406
1446
1421
1367
1359
1389
1431
1476
1457
1546
1563
1564
1572
1586
1632
1619
1674
1702
1663
1708
1724
1761
1698
1819
1745
1832
1772
1807
1803
1811
1842
1903
1775
1861
1754
1844
1825
1745
1951
1817
1863
1975
1936
1899
1766
1858
1888
1827
1858
1866
1834
1768
1803
1874
1786
1773
1802
1750
1791
1783
1759
1730
1724
1729
1641
1595
1539
1495
1559
1537
1510
1474
1475
1526
1523
1564
1538
1562
1591
1638
1669
1767
1728
1681
1751
1732
1780
1799
1754
1737
1815
1850
1757
1799
1752
1847
1791
1732
1834
1807
1781
1791
1895
1755
1855
1739
1789
1750
1785
1805
1772
1771
1781
1718
1718
1714
1722
1643
1583
1556
1560
1529
1631
1496
1469
1499
1484
1491
1561
1568
1574
1544
1624
1628
1734
1723
1716
1788
1760
1741
1860
1793
1787
1807
1795
1788
1823
1836
1781
1817
1863
1772
1865
1838
1847
1838
1816
1852
1885
1810
1832
1797
1890
1790
1731
1757
1833
1794
1817
1809
1785
1803
1781
1763
1694
1755
1741
1710
1689
1579
1596
1699
1644
1637
1563
1536
1599
1510
1529
1520
1496
1399
1519
1398
1470
1384
1332
1374
1357
1435
1481
1440
1555
1583
1592
1604
1645
1692
1637
1719
1752
1767
1790
1801
1830
1861
1797
1788
1779
1755
1875
1818
1819
1806
1767
1810
1836
1787
1800
1803
1778
1769
1803
1767
1689
1839
1686
1783
1709
1654
1685
1725
1663
1651
1654
1642
1694
1572
1531
1670
1571
1602
1518
1513
1398
1469
1523
1453
1443
1434
1398
1399
1433
1436
1404
1352
1374
1391
1363
1407
1350
1459
1367
1413
1434
1440
1406
1553
1561
1519
1587
1625
1632
1665
1639
1789
1725
1784
1790
1771
1782
1725
1848
1810
1837
1893
1910
1835
1895
1785
1850
1835
1817
1901
1749
1872
1828
1818
1822
1885
1775
1879
1806
1800
1795
1819
1778
1804
1860
1842
1777
1853
1851
1831
1804
1903
1859
1811
1890
1879
1900
1864
1861
1905
1875
1876
1884
1960
1931
1855
1821
1863
1792
1850
1863
1830
1810
