9077
9007
9134
9081
9086
8948
8895
9094
9058
9124
9034
9114
9073
9107
9020
9112
9068
8943
9104
8954
9003
8917
8876
9107
8970
8943
9355
9081
8933
9032
9205
9080
8927
8658
9055
9087
9103
8981
8994
9018
9033
9165
9089
9043
8828
9067
8831
8969
8923
8859
8880
8925
8826
8935
8830
8797
8709
8842
8724
8789
8787
8419
8268
8079
7928
7708
7519
7408
7273
7190
7054
6896
7108
6991
7049
6819
6783
6740
6692
6835
6759
6787
6909
6840
6811
6966
6906
7001
7080
7094
7255
7313
7236
7543
7344
7543
7677
7759
7696
7926
7909
7987
7975
8187
8318
8451
8542
8490
8743
8466
8633
8727
8455
8776
8644
8731
8587
8719
8974
8868
9041
8786
8746
8852
8877
8629
9006
8829
8609
8822
8650
8683
8738
8715
8753
8556
8596
8340
8036
8024
7760
7657
7342
7344
7117
6993
6978
6945
6817
6806
6922
6950
6993
6877
7100
7282
7220
7295
7288
7554
7643
7643
7802
7955
8051
8140
8118
8288
8413
8477
8551
8518
8510
8739
8685
8789
8803
8960
8782
8914
8801
9083
8872
8721
9009
8962
8904
9007
9042
8777
8786
8896
8779
8756
8851
8845
9040
8725
8935
8918
8754
8950
8938
8772
8934
8939
8733
8605
8543
8646
8445
8265
8019
7939
7846
7504
7447
7399
7243
7422
7269
7387
7357
7416
7542
7675
7786
7922
8062
8275
8389
8327
8573
8636
8721
8796
8667
8626
8918
8837
8853
8760
8936
8956
8999
8771
8897
9045
8817
8909
8991
9149
8885
8981
8888
8869
8970
8838
8825
8737
8654
8712
8532
8459
8318
8219
8144
7952
7701
7654
7425
7290
7245
7162
7286
7255
7254
7570
7614
7666
7881
8022
8254
8448
8466
8456
8625
8843
8669
8808
8871
8679
8832
8859
8798
8958
8929
9002
8913
9035
8974
8908
8999
8985
8949
8923
9066
9016
8831
8945
8838
8945
8862
8897
8986
8910
8790
8874
8700
8740
8790
8782
8633
8829
8627
8574
8418
8397
8375
8243
7927
7921
7820
7689
7634
7449
7576
7318
7212
7060
6960
7049
6926
6849
6786
6897
6913
6916
7075
7101
7310
7230
7491
7724
7943
8057
8228
8296
8509
8555
8634
8819
8713
8725
8809
8797
8919
8837
8876
8860
8819
8860
8955
8947
8961
8856
8771
8811
8821
8734
8868
8867
8812
8665
8772
8809
8605
8582
8533
8323
8243
8449
8026
8174
8121
8078
7906
7776
7727
7750
7528
7653
7394
7295
7143
7199
7062
7100
6846
6939
6814
6813
6675
6738
6655
6775
6740
6780
6646
6723
6834
6769
6821
6985
7162
7249
7314
7564
7834
8001
8069
8213
8395
8394
8546
8631
8669
8781
8751
8934
8967
8859
8997
8869
8875
9019
8909
8916
8956
8908
8951
8771
9013
9070
8896
8845
8967
9023
8868
9033
9037
8943
9285
9140
9000
8939
8887
8998
9014
9217
8946
9096
9084
9102
9071
8961
8975
9145
8979
9061
9153
8850
9106
9079
9153
9075
9021
9220
9170
9003
9117
9071
8989
9112
9025
9076
8898
9021
8911
9181
8914
9147
9253
9218
9140
8990
9133
9094
9040
9056
9028
9170
9091
9056
9041
9051
9078
9132
9087
9154
9275
9194
8930
9091
9013
9060
9102
8969
9102
9191
9126
8968
9046
9100
9165
9049
8968
9273
9114
9163
9019
9058
9051
8927
9101
9125
9217
9135
9067
9090
9059
8997
9186
8948
9048
8948
9052
9098
8795
8939
9036
8999
9087
9049
8985
9136
9000
9105
9093
8952
9004
9155
9122
8856
8868
8927
8951
8927
9022
8955
8836
8869
8785
8815
8760
8680
8686
8587
8669
8427
8418
8158
8047
7838
7642
7501
7286
7218
7023
6939
6909
6959
6808
6765
6658
6689
6614
6631
6683
6754
6692
6794
6968
7066
6894
7145
7079
7337
7267
7192
7353
7563
7746
7784
7924
7876
7925
8137
8180
8310
8353
8353
8597
8538
8539
8317
8609
8910
8770
8734
8826
8677
8732
8780
8992
8907
8667
8967
8871
8884
8654
8838
8857
8805
8860
8885
8679
8744
8788
8744
8772
8680
8667
8515
8470
8177
8053
7905
7754
7486
7436
7278
7061
7061
6915
6742
6968
6825
6798
6765
6858
6946
6991
7206
6998
7251
7385
7523
7604
7805
7822
7921
8019
8108
8042
8315
8559
8527
8474
8671
8623
8744
8761
8778
8861
8840
8964
8892
8853
8999
8963
8772
8900
8828
9121
8884
8752
9030
9012
8997
8845
8844
9025
8759
9091
9084
8921
8720
8847
8909
8788
8698
8670
8721
8651
8685
8517
8482
8354
8228
8103
7757
7711
7481
7574
7493
7382
7088
7212
7200
7389
7349
7588
7700
7994
7917
8109
8395
8237
8397
8536
8557
8807
8911
8748
8731
8903
8898
8937
8754
8685
8949
8939
8815
9063
8928
8799
8867
8868
8751
8939
8649
8903
8976
8921
8859
8722
8695
8715
8645
8406
8421
8292
8194
7784
7750
7697
7499
7514
7331
7267
7280
7314
7308
7401
7563
7552
7838
7937
8012
8172
8468
8431
8496
8688
8667
8831
8696
8691
8791
8822
8995
8884
8916
8845
8899
9016
8856
8946
9046
8950
8907
8986
8963
8882
8913
9150
8891
8988
8855
8920
8898
8970
8753
8855
8636
8725
8679
8556
8666
8381
8450
8323
8380
8222
8178
8035
8064
7888
7842
7715
7425
7396
7430
7397
7148
7131
7084
7106
7011
6815
6935
6768
6701
6750
7043
6981
7107
7223
7408
7555
7809
8048
8138
8071
8406
8391
8531
8506
8841
8757
8722
8855
8739
8639
8683
8842
8818
8822
8777
8658
8733
8750
8893
8754
8747
8695
8753
8606
8666
8569
8737
8479
8578
8298
8319
8210
8295
8266
8223
8124
7977
7976
7790
7652
7839
7721
7532
7484
7482
7286
7331
7127
7050
6894
6854
6875
6965
6960
6827
6754
6730
6768
6712
6737
6713
6656
6767
6825
6893
7040
7079
7222
7370
7518
7463
7832
7761
7890
8143
8204
8522
8398
8580
8739
8651
8632
8599
8858
8849
8793
9019
8982
9107
8973
8905
8942
8976
9075
9167
8819
9177
9021
8956
9053
9175
8981
9045
9031
8908
8959
9121
8881
9020
9028
8987
9006
9225
9022
9008
9033
9100
9135
9078
9022
9001
9039
9014
9077
9163
9082
9010
9189
9111
9093
9040
8962
9197
9059
9012
9137
9026
9110
