11685
11623
11737
11684
11698
11589
11483
11697
11663
11668
11573
11798
11613
11729
11685
11750
11689
11580
11685
11585
11693
11418
11513
11686
11557
11619
11923
11741
11611
11554
11786
11706
11568
11283
11553
11739
11680
11593
11590
11632
11646
11696
11681
11580
11458
11624
11426
11593
11463
11415
11474
11444
11403
11496
11363
11320
11277
11434
11230
11316
11293
10920
10767
10339
10198
9973
9679
9511
9468
9329
9107
8979
9146
8998
9006
8797
8756
8602
8627
8904
8675
8702
8866
8831
8832
8996
8855
9028
9163
9127
9361
9381
9280
9703
9440
9698
9967
9895
9827
10205
10181
10303
10324
10532
10697
10730
10981
10964
11262
10904
11149
11211
10933
11265
11250
11236
11096
11282
11541
11426
11569
11327
11315
11299
11487
11109
11540
11287
11268
11399
11208
11240
11209
11290
11245
11030
11081
10699
10387
10298
9990
9802
9463
9438
9198
9135
9004
8896
8914
8796
8875
8930
9017
8873
9078
9343
9269
9377
9356
9760
9796
9806
10073
10265
10374
10421
10381
10596
10749
10906
10983
10901
10977
11300
11188
11215
11346
11493
11282
11410
11379
11666
11386
11289
11549
11553
11517
11689
11693
11313
11365
11387
11440
11323
11452
11381
11573
11317
11545
11474
11347
11424
11574
11319
11458
11512
11192
11096
11038
11072
10922
10766
10284
10216
10086
9670
9529
9541
9365
9532
9383
9466
9380
9520
9706
9882
9965
10178
10369
10709
10781
10678
10955
11054
11171
11271
11252
11242
11352
11423
11335
11353
11463
11519
11621
11351
11498
11595
11362
11420
11610
11734
11428
11571
11522
11367
11478
11355
11232
11248
11171
11190
11013
10929
10731
10624
10449
10221
9890
9902
9667
9375
9462
9198
9339
9359
9348
9747
9769
9864
10171
10297
10548
10930
10928
10887
11112
11408
11130
11372
11383
11140
11403
11362
11448
11477
11467
11661
11466
11698
11561
11502
11630
11531
11527
11524
11642
11607
11350
11459
11394
11537
11493
11454
11574
11432
11396
11408
11147
11193
11231
11265
11071
11346
11209
11055
10737
10804
10708
10596
10284
10203
10100
9956
9763
9682
9759
9431
9354
9094
8941
9050
8895
8892
8757
8877
8923
8891
9075
9151
9460
9361
9663
10011
10181
10453
10601
10742
10990
11027
11132
11410
11154
11220
11394
11403
11447
11324
11371
11406
11374
11456
11552
11561
11453
11525
11348
11365
11328
11278
11451
11367
11276
11109
11259
11354
11073
11054
11017
10775
10600
10852
10470
10541
10491
10378
10263
10073
9926
9959
9705
9803
9506
9424
9314
9267
9069
9150
8902
8903
8771
8790
8646
8660
8632
8691
8589
8716
8545
8693
8855
8711
8848
9024
9234
9425
9455
9805
10092
10293
10400
10650
10770
10782
10998
11115
11121
11299
11243
11564
11540
11395
11623
11434
11414
11591
11494
11580
11497
11471
11553
11413
11576
11667
11477
11500
11597
11583
11630
11620
11608
11563
11922
11696
11613
11524
11662
11600
11611
11872
11604
11702
11741
11666
11690
11606
11545
11769
11583
11720
11887
11392
11727
11705
11814
11706
11646
11849
11808
11575
11735
11764
11661
11776
11653
11697
11451
11571
11504
11778
11497
11763
11903
11801
11819
11536
11741
11810
11720
11693
11621
11774
11732
11658
11668
11667
11718
11793
11671
11827
11853
11730
11522
11712
11709
11639
11723
11660
11765
11835
11720
11586
11582
11717
11792
11604
11487
11841
11724
11809
11687
11627
11556
11604
11780
11687
11811
11761
11652
11694
11664
11573
11826
11546
11634
11611
11650
11666
11460
11507
11678
11567
11716
11590
11581
11728
11501
11687
11707
11530
11576
11687
11710
11423
11467
11616
11575
11437
11617
11493
11297
11452
11349
11392
11303
11238
11230
11112
11137
10999
10821
10498
10334
10067
9854
9664
9389
9289
9107
8844
8922
8985
8713
8707
8539
8569
8547
8624
8630
8705
8682
8755
8934
9023
8885
9184
9151
9432
9293
9378
9473
9744
9918
9958
10184
10215
10258
10458
10464
10629
10801
10734
11072
11003
10964
10767
11077
11344
11300
11224
11406
11294
11226
11331
11549
11446
11342
11511
11303
11429
11239
11336
11276
11439
11424
11434
11160
11208
11297
11236
11237
11198
11145
11019
10895
10492
10428
10233
9932
9589
9558
9377
9066
9022
8912
8683
8905
8826
8747
8747
8814
8929
9050
9259
8975
9346
9500
9749
9887
9981
9978
10149
10333
10493
10417
10669
10986
11026
10974
11210
11149
11270
11230
11354
11384
11302
11470
11453
11409
11605
11393
11335
11541
11389
11716
11372
11273
11591
11562
11594
11468
11396
11588
11261
11603
11673
11374
11261
11409
11447
11288
11240
11237
11271
11110
11106
11011
11012
10831
10597
10436
10050
9915
9617
9733
9644
9464
9159
9336
9314
9506
9490
9763
9939
10215
10218
10335
10763
10654
10916
11055
10958
11325
11508
11330
11239
11581
11428
11495
11351
11234
11504
11523
11333
11637
11585
11346
11456
11486
11352
11523
11178
11500
11547
11467
11366
11277
11229
11189
11183
10893
10831
10712
10546
9994
10003
9924
9662
9684
9450
9342
9389
9333
9518
9501
9767
9692
10094
10282
10313
10519
10933
10916
11032
11190
11130
11332
11144
11164
11372
11380
11581
11431
11456
11388
11451
11522
11447
11523
11528
11541
11540
11606
11420
11487
11549
11746
11406
11580
11407
11442
11561
11562
11254
11374
11213
11267
11203
11057
11125
10802
10884
10669
10813
10579
10411
10358
10409
10214
10089
9860
9566
9578
9536
9469
9200
9195
9136
9162
9060
8808
8884
8789
8668
8723
9001
9061
9151
9257
9506
9661
10122
10345
10512
10464
10906
10823
11040
11031
11370
11202
11180
11403
11163
11171
11258
11339
11317
11348
11331
11091
11295
11327
11434
11268
11206
11101
11164
11086
11164
11066
11118
10874
11019
10770
10810
10608
10699
10577
10590
10463
10293
10285
9995
9857
10049
9908
9630
9604
9595
9409
9386
9245
9100
8899
8822
8865
8985
8946
8776
8781
8723
8689
8665
8742
8763
8652
8710
8817
8915
9151
8953
9286
9483
9695
9665
10151
10092
10207
10485
10617
10896
10843
11021
11201
11130
11190
11090
11373
11391
11323
11637
11581
11745
11546
11460
11573
11545
11658
11698
11352
11786
11516
11544
11676
11777
11549
11631
11598
11513
11528
11708
11379
11575
11772
11631
11580
11843
11564
11578
11627
11642
11712
11713
11683
11557
11760
11554
11774
11733
11666
11587
11780
11754
11624
11718
11558
11754
11682
11623
11701
11604
11669
