16683
16697
16649
16743
16644
16510
16429
16725
16748
16726
16590
16772
16575
16714
16610
16759
16653
16535
16581
16603
16631
16328
16483
16655
16584
16536
16954
16681
16574
16509
16754
16586
16588
16322
16631
16633
16745
16527
16541
16528
16541
16712
16700
16582
16344
16681
16360
16536
16549
16348
16282
16243
16267
16392
16321
16162
16120
16204
16051
16146
15978
15611
15253
14772
14538
14365
13921
13546
13518
13273
13034
12875
12923
12794
12828
12606
12484
12329
12414
12675
12425
12407
12580
12540
12677
12736
12751
12958
13070
12988
13315
13248
13278
13827
13536
13877
14278
14287
13947
14532
14433
14725
14705
14961
15290
15519
15515
15558
15844
15624
15878
15970
15666
16017
16087
16056
15967
16113
16460
16189
16410
16142
16069
16196
16314
15979
16398
16048
16173
16339
15989
16142
15997
16041
16075
15671
15700
15307
14867
14684
14207
14013
13521
13407
13161
12955
12821
12717
12772
12664
12657
12675
12783
12636
12972
13333
13118
13394
13324
13785
13883
14034
14294
14573
14828
14785
14897
15194
15284
15533
15776
15673
15727
16015
16007
16127
16147
16172
16155
16264
16262
16473
16235
16216
16510
16423
16502
16581
16654
16184
16281
16329
16350
16267
16327
16327
16500
16153
16413
16442
16123
16315
16424
16275
16270
16304
16038
15857
15836
15829
15509
15409
14773
14665
14518
13898
13729
13622
13456
13506
13258
13446
13390
13639
13797
14181
14321
14510
14739
15152
15310
15305
15585
15689
16017
16109
15960
16173
16269
16231
16317
16226
16408
16346
16493
16199
16426
16518
16221
16355
16488
16574
16459
16440
16405
16256
16376
16375
16135
16108
15972
16122
15686
15552
15235
15106
14950
14518
13989
14093
13848
13521
13467
13109
13500
13289
13370
13928
13880
14058
14471
14761
15043
15479
15513
15573
15743
16365
16002
16184
16234
16000
16325
16303
16184
16318
16326
16552
16322
16525
16519
16565
16549
16622
16487
16435
16578
16372
16302
16326
16256
16530
16380
16341
16495
16336
16215
16259
16057
16029
15968
16097
15871
16198
15969
15669
15380
15425
15212
15144
14743
14529
14442
14257
13960
13715
13657
13348
13293
12979
12843
12883
12590
12610
12561
12621
12802
12604
13001
13066
13477
13350
13806
14289
14546
14846
15056
15360
15719
15710
15868
16171
16135
16062
16344
16354
16238
16189
16327
16320
16375
16357
16550
16358
16251
16343
16199
16257
16343
16087
16119
16160
16002
15889
16060
16056
15853
15792
15637
15315
15129
15492
14976
15055
14976
14956
14714
14405
14193
14209
13937
13897
13577
13510
13256
13153
12892
12993
12719
12714
12423
12647
12348
12417
12324
12297
12265
12467
12229
12391
12582
12406
12684
12918
13147
13424
13641
13977
14261
14555
14741
15201
15474
15382
15773
15778
15949
16130
16156
16384
16409
16280
16493
16462
16287
16503
16353
16546
16497
16403
16459
16341
16506
16704
16332
16468
16569
16519
16559
16536
16607
16604
16888
16701
16476
16417
16649
16486
16492
16785
16586
16658
16747
16669
16567
16537
16499
16691
16544
16732
16668
16395
16696
16675
16786
16654
16612
16761
16798
16507
16686
16722
16818
16715
16598
16697
16465
16489
16576
16758
16513
16826
16885
16742
16756
16518
16645
16832
16786
16692
16643
16758
16737
16669
16727
16621
16788
16798
16701
16911
16834
16705
16392
16739
16736
16552
16647
16630
16706
16739
16672
16586
16646
16718
16819
16618
16341
16683
16692
16678
16692
16753
16510
16528
16799
16721
16737
16642
16741
16660
16535
16637
16802
16506
16626
16571
16671
16595
16513
16437
16629
16551
16773
16480
16564
16762
16416
16571
16678
16409
16434
16745
16572
16393
16306
16608
16549
16363
16649
16529
16069
16216
16305
16194
16082
16089
16012
15912
15850
15571
15327
14968
14730
14282
14065
13843
13529
13115
13042
12698
12781
12740
12458
12336
12204
12234
12258
12341
12307
12228
12261
12431
12724
12845
12728
13011
13098
13439
13223
13463
13619
13749
14136
14203
14470
14513
14580
14953
14952
15114
15391
15334
15891
15589
15799
15454
15894
16088
16001
16002
16176
16102
16037
16151
16416
16320
16242
16351
16154
16252
16056
16158
16170
16329
16185
16323
15968
16058
16252
16231
16015
16115
15813
15707
15447
14954
14819
14666
14136
13813
13567
13176
13077
12924
12820
12571
12718
12638
12498
12415
12570
12614
12895
13128
12896
13287
13555
13831
14146
14388
14338
14555
14715
15016
14997
15234
15638
15703
15703
15910
16015
16028
16120
16064
16297
16096
16279
16198
16237
16400
16302
16287
16476
16165
16728
16304
16201
16569
16300
16543
16415
16392
16516
16200
16432
16596
16312
16053
16197
16278
16114
16132
15952
16052
15943
16082
15798
15697
15431
15141
14830
14519
14192
13797
13715
13701
13467
13132
13409
13279
13579
13550
13826
14096
14484
14519
14822
15213
15338
15615
15751
15755
16067
16388
16119
15996
16400
16203
16393
16180
16122
16414
16577
16197
16603
16472
16291
16425
16341
16264
16494
16100
16327
16335
16280
16169
16104
15918
15973
15915
15500
15433
15379
14970
14301
14284
14167
13809
13764
13544
13476
13410
13417
13526
13591
13789
13765
14352
14529
14812
14970
15595
15537
15678
15937
15909
16146
16042
15942
16120
16147
16432
16334
16401
16313
16383
16493
16375
16391
16510
16439
16539
16610
16445
16490
16520
16553
16188
16591
16326
16428
16528
16336
16120
16152
16040
16058
16018
15762
15857
15539
15463
15315
15439
14970
14932
14781
14908
14618
14402
14156
13742
13652
13617
13607
13152
13171
13105
13016
12997
12618
12689
12493
12362
12542
12779
12916
13095
13235
13540
13802
14279
14666
14926
15154
15522
15358
15813
15784
16174
16008
15876
16371
15982
15958
16168
16172
16195
16193
16221
15959
16134
16207
16324
16099
16073
15963
15981
15848
15906
15826
15702
15483
15706
15484
15419
15163
15190
15066
15039
14919
14707
14620
14276
14214
14178
14187
13686
13627
13575
13530
13421
13130
12953
12895
12684
12587
12783
12659
12565
12478
12374
12544
12370
12439
12495
12426
12462
12651
12661
13003
12774
13329
13655
13842
13871
14453
14397
14536
14952
15161
15408
15493
15742
15925
15905
16001
16125
16049
16302
16061
16600
16492
16697
16449
16371
16497
16460
16463
16685
16192
16674
16495
16623
16669
16768
16464
16616
16499
16477
16436
16849
16360
16687
16758
16580
16514
16747
16516
16643
16639
16634
16652
16702
16652
16524
16725
16395
16728
16613
16659
16509
16797
16748
16546
16649
16462
16870
16726
16647
16517
16696
16724
