4367
4356
4397
4367
4348
4321
4270
4344
4406
4463
4391
4421
4397
4396
4249
4429
4367
4295
4409
4346
4384
4263
4150
4425
4346
4350
4452
4390
4383
4321
4485
4370
4319
4222
4326
4427
4324
4285
4381
4228
4416
4385
4380
4435
4226
4321
4213
4299
4225
4307
4280
4295
4243
4360
4206
4276
4183
4290
4140
4199
4212
4073
3994
3832
3805
3683
3633
3575
3421
3530
3339
3298
3428
3377
3350
3287
3261
3238
3210
3207
3247
3298
3354
3288
3317
3374
3347
3370
3425
3447
3474
3510
3511
3620
3525
3600
3716
3802
3791
3783
3841
3806
3795
3926
4045
4045
4097
4120
4249
4084
4209
4117
4124
4183
4176
4087
4121
4201
4344
4244
4324
4213
4132
4214
4249
4105
4372
4251
4090
4242
4186
4174
4140
4135
4200
4154
4176
4061
3844
3929
3785
3719
3495
3567
3469
3329
3336
3268
3328
3324
3321
3397
3382
3314
3439
3430
3448
3565
3462
3582
3631
3671
3735
3794
3896
3910
3908
3984
4074
4049
4053
4159
4114
4138
4128
4357
4288
4320
4296
4262
4313
4397
4250
4175
4349
4318
4316
4372
4427
4248
4259
4290
4201
4210
4270
4298
4355
4231
4260
4229
4258
4281
4251
4258
4290
4283
4155
4150
4094
4118
4041
3940
3844
3762
3762
3608
3579
3640
3500
3557
3436
3608
3528
3582
3602
3657
3722
3799
3840
4005
4069
4024
4087
4098
4176
4158
4249
4159
4255
4232
4236
4227
4258
4280
4283
4181
4251
4290
4153
4214
4329
4366
4318
4329
4251
4208
4366
4213
4265
4202
4161
4111
4117
4084
4015
4062
3925
3861
3677
3647
3539
3536
3528
3463
3447
3519
3539
3685
3737
3780
3754
3870
4042
4139
4111
4016
4149
4184
4117
4273
4233
4164
4268
4316
4235
4238
4289
4325
4293
4336
4344
4353
4327
4314
4271
4358
4429
4273
4278
4336
4316
4313
4238
4305
4372
4369
4263
4239
4210
4174
4168
4272
4183
4279
4172
4113
4092
4062
3975
3927
3813
3829
3679
3666
3636
3610
3705
3529
3496
3383
3378
3395
3314
3347
3262
3315
3364
3248
3467
3437
3471
3490
3612
3726
3846
3868
3919
3961
4139
4082
4143
4256
4226
4167
4227
4243
4306
4187
4288
4234
4201
4214
4306
4307
4248
4248
4244
4235
4273
4240
4347
4290
4199
4226
4253
4211
4174
4194
4157
4061
3884
4103
3833
3944
3862
3853
3797
3771
3746
3808
3636
3649
3574
3558
3385
3411
3400
3410
3197
3321
3300
3233
3240
3283
3211
3221
3217
3271
3197
3243
3238
3237
3311
3442
3450
3451
3533
3652
3796
3788
3893
4028
4024
4080
4113
4103
4148
4260
4156
4273
4314
4150
4323
4299
4239
4421
4276
4335
4290
4258
4308
4163
4313
4382
4282
4273
4375
4341
4240
4357
4315
4392
4463
4462
4365
4359
4278
4298
4384
4325
4378
4377
4293
4458
4320
4324
4327
4336
4438
4357
4419
4241
4406
4362
4350
4414
4317
4429
4453
4361
4335
4312
4299
4331
4360
4360
4240
4292
4308
4475
4252
4370
4501
4432
4426
4337
4404
4405
4398
4427
4365
4437
4380
4302
4416
4345
4434
4364
4346
4392
4429
4421
4400
4464
4242
4350
4386
4420
4362
4436
4410
4245
4331
4413
4454
4304
4288
4450
4379
4379
4329
4353
4325
4302
4408
4470
4466
4377
4355
4461
4391
4335
4408
4354
4308
4294
4356
4377
4262
4319
4350
4298
4350
4376
4309
4427
4273
4366
4378
4285
4308
4355
4380
4258
4291
4265
4235
4333
4330
4290
4278
4237
4262
4251
4270
4114
4221
4174
4192
3992
4040
3976
3886
3756
3690
3615
3551
3465
3435
3254
3301
3334
3217
3282
3154
3194
3169
3160
3154
3247
3185
3210
3306
3410
3362
3458
3405
3588
3531
3483
3537
3653
3750
3777
3703
3806
3755
3947
3940
3967
3981
3993
4141
4063
4089
4003
4231
4340
4215
4206
4243
4117
4214
4223
4281
4286
4152
4252
4248
4294
4055
4233
4253
4166
4302
4288
4234
4204
4210
4178
4210
4088
4172
4099
4056
3920
3795
3797
3727
3646
3629
3504
3394
3443
3301
3213
3338
3360
3328
3242
3280
3279
3401
3485
3419
3509
3546
3633
3609
3803
3739
3781
3846
3900
3858
4029
4090
4131
4099
4189
4111
4196
4242
4203
4278
4256
4270
4347
4332
4347
4217
4289
4273
4139
4395
4212
4218
4461
4448
4292
4182
4253
4432
4204
4395
4475
4301
4197
4236
4355
4197
4181
4240
4180
4168
4249
4094
4082
4083
4007
3889
3707
3704
3639
3696
3658
3528
3432
3456
3414
3511
3576
3652
3672
3775
3857
3894
4090
4013
3947
4090
4150
4210
4321
4214
4227
4309
4262
4235
4184
4157
4357
4287
4167
4302
4270
4218
4238
4349
4181
4357
4163
4260
4345
4306
4238
4156
4222
4219
4072
4070
4083
4011
3892
3736
3796
3704
3667
3701
3488
3488
3518
3565
3500
3591
3618
3675
3732
3811
3814
3956
4032
4064
4077
4197
4076
4283
4251
4128
4239
4278
4256
4302
4336
4211
4260
4334
4217
4401
4303
4358
4386
4378
4274
4366
4302
4380
4317
4331
4236
4155
4180
4238
4249
4269
4207
4219
4189
4096
4146
4017
4113
4076
4079
3973
3766
3895
3909
3817
3749
3721
3596
3598
3567
3539
3453
3452
3431
3479
3337
3271
3311
3178
3271
3201
3414
3308
3404
3475
3642
3635
3729
3850
3928
3852
4073
4073
4067
4170
4250
4223
4220
4196
4308
4204
4138
4266
4239
4238
4219
4183
4253
4258
4315
4255
4266
4209
4148
4079
4158
4066
4214
4086
4153
3941
4030
3940
3990
3966
3871
3921
3808
3853
3719
3672
3806
3712
3664
3580
3611
3434
3501
3431
3439
3322
3342
3338
3346
3376
3295
3234
3139
3260
3199
3199
3245
3224
3312
3208
3322
3427
3373
3451
3610
3625
3618
3796
3735
3828
3915
3922
4062
4066
4134
4165
4228
4172
4059
4265
4348
4256
4374
4441
4360
4378
4345
4200
4325
4282
4415
4182
4446
4324
4292
4352
4368
4347
4377
4306
4238
4241
4401
4276
4291
4328
4329
4317
4426
4351
4324
4300
4402
4446
4360
4387
4274
4376
4390
4353
4419
4318
4346
4396
4477
4520
4308
4382
4335
4304
4405
4382
4371
4406
