8285
8212
8306
8313
8310
8211
8130
8273
8298
8337
8287
8343
8303
8296
8227
8325
8268
8167
8330
8181
8189
8197
8073
8252
8216
8171
8552
8305
8187
8251
8405
8282
8174
7919
8273
8322
8312
8162
8203
8224
8279
8335
8302
8269
8053
8300
8079
8173
8099
8102
8112
8206
8052
8161
8049
8064
7951
8114
7982
8004
8030
7694
7586
7380
7243
7017
6872
6785
6619
6599
6440
6312
6486
6375
6457
6232
6174
6137
6124
6237
6205
6172
6263
6277
6228
6367
6320
6386
6457
6466
6633
6692
6630
6919
6706
6928
7004
7089
7065
7269
7238
7311
7271
7479
7630
7751
7820
7744
7991
7750
7901
7966
7730
7963
7910
7945
7849
7985
8218
8072
8311
8027
7926
8094
8092
7890
8246
8032
7840
8065
7935
7935
7927
7963
7956
7807
7890
7610
7283
7354
7115
6957
6669
6705
6532
6367
6382
6309
6248
6205
6356
6335
6410
6329
6510
6651
6589
6630
6673
6896
6991
6972
7152
7252
7360
7492
7425
7565
7705
7763
7817
7755
7791
8001
7963
8027
8020
8228
8029
8173
8056
8306
8114
7939
8247
8227
8147
8223
8271
8024
8029
8097
8052
7996
8114
8063
8209
7997
8142
8147
7961
8158
8149
8032
8154
8132
8003
7840
7803
7907
7701
7589
7358
7200
7195
6875
6824
6744
6609
6758
6624
6780
6741
6819
6891
7002
7108
7242
7384
7565
7665
7617
7804
7906
7959
8024
7941
7851
8092
8090
8040
7978
8167
8226
8245
8051
8138
8256
8055
8148
8246
8318
8155
8208
8127
8082
8229
8038
8096
7976
7873
7928
7820
7707
7609
7514
7458
7231
7016
6917
6794
6696
6603
6529
6640
6654
6615
6877
6942
7066
7238
7322
7518
7767
7714
7775
7862
8091
7892
8037
8078
7945
8067
8122
8051
8151
8148
8218
8111
8232
8201
8135
8251
8198
8113
8188
8220
8258
8058
8149
8093
8212
8098
8146
8229
8143
8028
8103
7920
8008
8015
8046
7908
8066
7896
7859
7744
7657
7641
7539
7246
7220
7101
7031
6972
6828
6965
6680
6577
6446
6347
6383
6323
6232
6203
6267
6321
6323
6461
6509
6713
6594
6844
7062
7285
7372
7527
7557
7774
7784
7902
8067
7917
7946
8061
8022
8148
8076
8133
8042
8085
8074
8126
8127
8164
8119
7975
8035
8053
7995
8135
8127
8052
7958
7968
8008
7890
7862
7809
7606
7477
7716
7320
7459
7364
7393
7201
7111
7011
7088
6866
6974
6793
6675
6520
6569
6485
6491
6233
6318
6234
6199
6099
6180
6089
6190
6148
6179
6047
6146
6240
6166
6205
6422
6548
6540
6703
6941
7165
7261
7387
7499
7685
7678
7800
7900
7893
8040
8014
8183
8214
8073
8160
8098
8146
8267
8162
8113
8219
8110
8217
8037
8234
8263
8148
8069
8169
8247
8093
8274
8296
8222
8465
8367
8205
8165
8138
8258
8267
8409
8175
8284
8234
8362
8322
8201
8194
8367
8249
8311
8373
8111
8323
8242
8366
8279
8257
8407
8385
8210
8282
8264
8183
8280
8228
8319
8155
8185
8164
8396
8110
8349
8445
8373
8377
8220
8366
8352
8284
8246
8263
8328
8281
8333
8274
8244
8299
8279
8248
8338
8493
8396
8178
8325
8201
8253
8315
8181
8332
8402
8356
8152
8254
8341
8364
8298
8205
8485
8326
8314
8229
8238
8231
8148
8333
8352
8401
8354
8253
8312
8278
8214
8342
8207
8265
8170
8262
8235
8053
8181
8278
8244
8291
8278
8270
8343
8236
8277
8297
8214
8198
8351
8343
8093
8134
8129
8237
8135
8204
8148
8123
8107
8060
8070
7996
7919
7911
7852
7950
7682
7711
7471
7380
7162
6995
6838
6693
6598
6424
6286
6333
6389
6262
6199
6081
6126
6012
6101
6099
6161
6128
6217
6382
6488
6311
6523
6478
6705
6602
6589
6737
6861
7128
7123
7242
7221
7255
7475
7483
7604
7636
7605
7846
7790
7850
7604
7850
8144
8029
8036
8054
7900
7973
8001
8170
8148
7885
8156
8147
8087
7932
8086
8086
8021
8097
8096
7935
8000
8014
7974
7979
7875
7924
7740
7724
7465
7352
7237
7107
6847
6819
6668
6451
6469
6281
6152
6364
6268
6205
6161
6252
6335
6383
6522
6388
6635
6746
6897
6906
7112
7162
7238
7300
7351
7354
7597
7815
7763
7766
7923
7889
7979
8044
8051
8098
8057
8177
8131
8164
8212
8159
7992
8107
8088
8303
8101
8002
8262
8219
8192
8047
8091
8246
8003
8283
8331
8145
7975
8070
8150
8018
7971
7952
7903
7900
7939
7807
7767
7621
7580
7420
7062
7055
6858
6935
6856
6721
6465
6596
6569
6749
6711
6942
7044
7283
7196
7421
7658
7549
7660
7839
7779
8045
8127
7956
7979
8167
8148
8182
8023
7918
8198
8179
8041
8225
8143
8032
8104
8098
7979
8182
7873
8122
8235
8132
8069
7999
7948
8002
7894
7666
7753
7602
7475
7075
7095
7014
6826
6866
6709
6606
6669
6692
6672
6768
6887
6927
7111
7287
7279
7477
7700
7694
7768
7891
7922
8065
7957
7941
7998
8018
8211
8047
8147
8070
8124
8236
8072
8211
8213
8181
8157
8251
8198
8081
8150
8375
8089
8217
8091
8103
8101
8228
8017
8130
7875
7981
7927
7823
7909
7658
7691
7628
7652
7514
7439
7371
7338
7213
7172
7051
6743
6740
6788
6745
6532
6532
6431
6467
6406
6224
6325
6149
6095
6146
6457
6355
6500
6582
6763
6908
7142
7386
7445
7407
7674
7742
7804
7778
8112
8008
7953
8075
8007
7909
7884
8078
8084
8068
8059
7917
7992
8028
8128
7987
8027
7957
8025
7837
7909
7772
7987
7749
7856
7554
7558
7449
7589
7541
7501
7373
7288
7276
7082
7027
7153
7049
6860
6789
6848
6691
6722
6518
6465
6329
6279
6289
6388
6320
6201
6197
6133
6172
6101
6124
6126
6094
6161
6262
6304
6435
6498
6571
6758
6855
6797
7123
7084
7218
7447
7494
7765
7652
7816
7964
7864
7863
7871
8090
8055
8034
8271
8239
8301
8205
8131
8184
8200
8298
8356
8040
8400
8226
8182
8228
8401
8222
8264
8255
8149
8207
8356
8114
8279
8267
8213
8207
8416
8257
8244
8261
8342
8377
8325
8211
8199
8274
8237
8281
8316
8295
8232
8409
8310
8342
8263
8225
8394
8261
8244
8376
8308
8373
