17716
17705
17707
17792
17663
17549
17484
17776
17833
17791
17636
17807
17658
17719
17626
17792
17643
17523
17589
17648
17630
17402
17514
17716
17621
17611
18016
17749
17610
17552
17761
17631
17603
17371
17685
17682
17733
17619
17579
17557
17597
17798
17734
17568
17385
17702
17383
17563
17576
17379
17355
17305
17313
17436
17354
17214
17122
17205
17051
17165
16957
16623
16204
15737
15432
15245
14797
14420
14364
14151
13817
13719
13690
13594
13597
13443
13302
13110
13145
13416
13227
13203
13338
13341
13463
13537
13578
13726
13890
13788
14198
14073
14149
14691
14419
14758
15159
15136
14895
15423
15329
15619
15654
15899
16219
16440
16426
16504
16811
16595
16856
17018
16655
17080
17102
17033
17017
17122
17465
17217
17413
17131
17062
17234
17345
16988
17388
17060
17187
17300
17040
17122
17055
17079
17023
16589
16638
16241
15780
15598
15125
14877
14392
14237
14028
13780
13671
13515
13571
13474
13444
13469
13569
13437
13752
14146
13992
14255
14133
14654
14782
14913
15161
15453
15720
15765
15791
16129
16286
16532
16722
16658
16754
16962
17031
17152
17187
17199
17165
17295
17307
17486
17307
17266
17561
17460
17516
17623
17656
17223
17271
17394
17365
17260
17332
17392
17572
17142
17410
17498
17156
17328
17475
17331
17259
17316
17108
16893
16810
16779
16438
16324
15711
15658
15410
14789
14580
14455
14262
14338
14070
14258
14203
14475
14660
15061
15228
15417
15614
16085
16279
16325
16628
16657
17024
17167
16978
17207
17311
17251
17316
17257
17399
17333
17509
17227
17467
17586
17231
17340
17520
17594
17506
17398
17485
17281
17412
17345
17148
17154
16967
17123
16628
16540
16145
16015
15869
15418
14905
14989
14705
14345
14287
13943
14317
14090
14191
14783
14774
14968
15357
15713
15986
16460
16520
16608
16724
17369
16998
17220
17245
17030
17398
17357
17188
17373
17327
17609
17285
17569
17539
17578
17538
17635
17516
17481
17592
17379
17413
17378
17280
17557
17455
17351
17496
17407
17241
17318
17085
17062
16951
17073
16874
17161
16990
16647
16371
16408
16141
16130
15642
15450
15387
15107
14898
14590
14506
14175
14136
13804
13658
13662
13375
13409
13356
13381
13584
13383
13819
13877
14306
14163
14706
15193
15455
15766
16008
16365
16674
16680
16867
17182
17102
17066
17367
17358
17253
17180
17292
17349
17405
17422
17538
17390
17294
17341
17230
17283
17399
17105
17109
17125
17050
16843
17047
17041
16836
16799
16546
16266
16040
16440
15962
16020
15942
15905
15645
15264
15110
15106
14819
14741
14413
14371
14058
13977
13729
13813
13459
13501
13176
13436
13146
13214
13120
13072
12989
13227
12946
13166
13320
13196
13418
13751
13957
14275
14475
14840
15116
15440
15658
16155
16460
16386
16762
16753
16936
17123
17135
17393
17416
17257
17508
17531
17333
17504
17368
17543
17508
17406
17453
17375
17508
17731
17344
17555
17626
17569
17569
17524
17640
17604
17879
17708
17518
17434
17701
17553
17530
17805
17612
17722
17769
17699
17589
17620
17598
17751
17580
17731
17733
17468
17684
17655
17793
17649
17646
17789
17864
17531
17703
17714
17867
17743
17642
17784
17425
17540
17578
17817
17534
17925
17912
17743
17800
17588
17686
17861
17861
17738
17687
17845
17763
17722
17775
17655
17877
17841
17744
17943
17839
17755
17444
17797
17788
17576
17697
17679
17722
17822
17663
17617
17663
17742
17806
17629
17396
17706
17736
17705
17707
17770
17523
17648
17891
17822
17789
17685
17787
17735
17543
17664
17843
17545
17650
17617
17714
17628
17496
17483
17686
17585
17820
17464
17582
17799
17446
17563
17707
17456
17573
17826
17607
17398
17282
17648
17615
17368
17694
17563
17092
17269
17310
17219
17061
17058
17003
16959
16837
16550
16390
15917
15637
15206
14986
14728
14393
13942
13848
13481
13592
13531
13215
13097
12973
13009
13023
13096
13057
13018
13023
13190
13489
13645
13514
13848
13919
14269
14050
14318
14471
14610
14985
15120
15371
15429
15549
15921
15862
16062
16334
16236
16914
16578
16804
16461
16906
17125
16956
17027
17138
17150
17084
17152
17382
17376
17258
17354
17234
17206
17039
17158
17200
17273
17206
17354
17019
17058
17283
17220
17016
17093
16776
16707
16473
15917
15748
15582
14996
14663
14467
13980
13966
13707
13669
13388
13465
13425
13305
13195
13357
13405
13670
13949
13724
14127
14413
14675
15044
15289
15258
15502
15642
15958
15965
16223
16594
16690
16675
16942
16975
17112
17103
17062
17307
17119
17333
17177
17240
17419
17267
17301
17481
17198
17814
17347
17159
17626
17333
17547
17471
17363
17548
17197
17455
17591
17354
17068
17209
17339
17173
17181
16975
17046
16885
17100
16764
16656
16368
16120
15730
15469
15077
14704
14596
14527
14343
13922
14254
14065
14396
14369
14654
14953
15413
15409
15803
16130
16332
16587
16726
16769
17079
17355
17166
16984
17452
17242
17462
17199
17136
17443
17606
17231
17613
17492
17310
17447
17414
17261
17538
17083
17342
17353
17308
17219
17085
16881
16998
16885
16427
16375
16359
15909
15234
15171
15034
14636
14643
14439
14294
14245
14229
14373
14426
14670
14644
15192
15476
15783
15909
16578
16546
16719
16964
16941
17165
17062
16939
17097
17165
17456
17344
17427
17354
17409
17548
17411
17423
17504
17519
17560
17641
17450
17557
17541
17589
17221
17595
17367
17428
17560
17353
17164
17142
17081
17064
17062
16766
16892
16534
16390
16261
16393
15886
15874
15700
15811
15482
15271
15044
14655
14496
14417
14436
13953
13965
13913
13874
13826
13407
13481
13295
13177
13279
13541
13704
13913
14068
14344
14667
15188
15595
15774
16062
16475
16344
16850
16785
17130
17003
16871
17336
16906
16921
17160
17167
17240
17182
17270
16949
17152
17148
17291
17062
17077
16953
16998
16891
16888
16753
16697
16461
16686
16475
16345
16093
16099
16012
15979
15869
15614
15585
15141
15066
15048
15036
14565
14535
14416
14386
14251
13949
13768
13721
13493
13388
13606
13440
13317
13290
13142
13341
13142
13212
13264
13215
13239
13422
13499
13737
13591
14153
14454
14725
14698
15362
15276
15478
15903
16139
16402
16414
16682
16925
16913
17028
17163
17079
17310
17077
17682
17504
17734
17498
17427
17560
17472
17441
17698
17219
17684
17501
17639
17728
17807
17512
17667
17494
17509
17486
17888
17368
17747
17825
17596
17495
17813
17585
17641
17719
17623
17721
17755
17721
17552
17804
17410
17737
17618
17744
17519
17837
17784
17629
17682
17544
17935
17778
17675
17561
17725
17810
