12726
12666
12761
12722
12757
12638
12475
12711
12697
12735
12594
12902
12616
12804
12727
12817
12690
12628
12723
12637
12748
12445
12494
12712
12553
12683
12965
12788
12624
12611
12811
12772
12622
12308
12575
12771
12733
12656
12590
12693
12717
12746
12655
12694
12499
12672
12425
12687
12499
12438
12459
12455
12397
12553
12424
12354
12325
12419
12241
12313
12278
11929
11665
11249
11092
10908
10518
10330
10355
10142
9908
9775
9952
9827
9798
9586
9532
9383
9360
9675
9472
9448
9644
9602
9615
9827
9702
9830
10013
9929
10194
10179
10104
10601
10330
10543
10866
10817
10613
11080
11058
11288
11210
11502
11620
11766
11938
11884
12168
11942
12133
12209
11922
12301
12274
12249
12110
12276
12533
12407
12552
12333
12311
12345
12517
12131
12554
12301
12308
12441
12234
12298
12157
12296
12222
12026
12055
11674
11342
11233
10893
10702
10316
10242
10029
9924
9823
9713
9731
9624
9702
9701
9832
9728
9931
10152
10037
10274
10143
10608
10653
10718
10965
11162
11286
11350
11295
11600
11698
11915
11980
11887
11947
12295
12130
12242
12394
12478
12297
12442
12418
12632
12434
12312
12581
12538
12575
12717
12711
12289
12400
12414
12452
12337
12439
12456
12598
12298
12572
12543
12366
12399
12549
12365
12454
12501
12178
12122
12028
12060
11910
11765
11199
11168
11039
10567
10478
10394
10236
10380
10206
10282
10215
10421
10550
10822
10862
11056
11335
11669
11713
11631
11937
12051
12203
12319
12253
12286
12363
12447
12395
12415
12492
12533
12683
12357
12520
12637
12395
12461
12544
12740
12478
12610
12529
12416
12538
12422
12248
12292
12141
12149
11998
11987
11697
11579
11402
11116
10710
10797
10576
10226
10274
9986
10213
10195
10192
10603
10645
10755
11075
11213
11543
11900
11894
11889
12115
12434
12159
12385
12376
12143
12439
12436
12418
12478
12494
12708
12480
12701
12636
12528
12639
12617
12580
12551
12682
12591
12345
12466
12382
12590
12472
12500
12576
12467
12360
12431
12188
12209
12251
12269
12080
12373
12221
12064
11707
11816
11635
11569
11198
11104
10994
10834
10613
10478
10519
10291
10226
9885
9751
9850
9626
9688
9555
9673
9719
9666
9925
9972
10334
10193
10534
10882
11140
11389
11520
11709
11962
12009
12140
12363
12239
12200
12428
12482
12458
12359
12415
12439
12455
12435
12569
12550
12457
12539
12340
12379
12393
12263
12419
12379
12272
12100
12307
12298
12060
12047
11983
11734
11535
11804
11387
11533
11428
11351
11113
11016
10850
10835
10613
10663
10367
10286
10186
10015
9878
9986
9756
9710
9533
9602
9462
9443
9402
9430
9340
9457
9337
9480
9655
9509
9679
9838
10056
10257
10319
10679
11031
11227
11278
11610
11742
11793
12041
12067
12116
12304
12271
12604
12552
12374
12655
12505
12459
12589
12518
12625
12537
12499
12562
12418
12635
12776
12440
12585
12668
12555
12674
12659
12669
12574
12986
12769
12647
12544
12702
12615
12583
12942
12683
12758
12717
12704
12696
12594
12562
12724
12621
12752
12846
12453
12711
12783
12878
12720
12701
12839
12841
12615
12815
12776
12735
12812
12706
12707
12523
12594
12609
12825
12510
12805
12947
12862
12818
12586
12769
12910
12758
12773
12663
12841
12756
12666
12739
12716
12788
12833
12694
12847
12911
12799
12553
12756
12751
12628
12753
12699
12853
12820
12739
12640
12649
12776
12854
12666
12476
12830
12757
12828
12703
12706
12599
12641
12844
12689
12825
12758
12724
12745
12714
12596
12896
12562
12661
12663
12688
12731
12551
12490
12721
12606
12786
12633
12622
12795
12516
12744
12769
12529
12630
12747
12729
12481
12453
12647
12620
12459
12680
12551
12311
12484
12447
12343
12369
12266
12218
12134
12126
11944
11741
11433
11248
10932
10734
10527
10242
10131
9939
9649
9729
9732
9461
9504
9314
9343
9348
9413
9353
9428
9409
9526
9756
9847
9679
9979
9970
10247
10127
10229
10388
10584
10794
10847
11085
11092
11164
11392
11375
11590
11727
11720
12076
11942
12002
11761
12072
12372
12286
12195
12409
12293
12199
12372
12563
12465
12309
12537
12324
12479
12251
12372
12302
12490
12391
12501
12186
12224
12322
12327
12272
12193
12136
12001
11832
11412
11384
11158
10822
10468
10434
10175
9884
9800
9761
9492
9697
9619
9507
9474
9615
9707
9872
10048
9828
10159
10340
10607
10805
10871
10912
11088
11246
11429
11345
11666
11954
11984
11982
12206
12181
12255
12253
12315
12438
12322
12467
12463
12457
12635
12395
12351
12615
12429
12752
12364
12331
12614
12554
12643
12533
12439
12561
12263
12577
12717
12334
12244
12413
12443
12302
12299
12230
12266
12126
12133
11997
12015
11830
11535
11340
11001
10849
10471
10566
10503
10299
9969
10145
10179
10346
10350
10643
10814
11162
11106
11246
11684
11654
11927
12012
11957
12315
12501
12350
12219
12597
12394
12544
12403
12258
12531
12579
12370
12713
12648
12348
12490
12529
12340
12510
12224
12550
12544
12445
12424
12341
12164
12180
12182
11866
11818
11766
11491
10861
10903
10813
10539
10505
10302
10194
10132
10206
10320
10379
10607
10537
10964
11207
11236
11450
11903
11848
12018
12258
12136
12334
12164
12202
12403
12349
12589
12507
12473
12412
12465
12570
12479
12543
12609
12591
12611
12642
12481
12569
12576
12726
12430
12627
12477
12509
12613
12578
12298
12412
12246
12256
12182
11989
12108
11753
11849
11619
11847
11516
11345
11338
11336
11128
10926
10770
10454
10387
10386
10344
10056
10044
9947
9950
9921
9599
9709
9572
9421
9503
9786
9831
10002
10100
10382
10484
10962
11261
11479
11486
11888
11754
12047
12055
12365
12247
12162
12451
12155
12199
12272
12384
12329
12354
12373
12090
12271
12330
12444
12249
12171
12154
12166
12036
12172
12020
12089
11838
11967
11784
11791
11571
11673
11506
11485
11389
11211
11203
10888
10764
10898
10800
10494
10478
10398
10246
10221
10050
9901
9727
9618
9649
9794
9732
9548
9558
9481
9497
9447
9505
9506
9418
9469
9615
9713
9970
9782
10125
10324
10547
10545
11077
10978
11121
11429
11570
11861
11846
11986
12185
12114
12206
12158
12347
12416
12293
12673
12619
12756
12580
12477
12612
12552
12649
12766
12324
12777
12575
12621
12708
12839
12620
12675
12607
12599
12572
12837
12431
12692
12865
12687
12603
12866
12575
12715
12674
12710
12699
12710
12689
12590
12841
12544
12845
12749
12753
12620
12833
12775
12689
12742
12608
12768
12743
12737
12723
12684
12746
