15362
15333
15340
15415
15363
15237
15135
15388
15364
15386
15269
15454
15249
15389
15311
15474
15332
15227
15282
15313
15316
15050
15142
15339
15182
15246
15622
15376
15314
15239
15491
15313
15229
14984
15295
15321
15419
15215
15213
15212
15307
15399
15295
15303
15084
15342
15047
15272
15221
15040
14995
14975
14996
15074
15037
14922
14910
14940
14755
14926
14723
14361
14083
13633
13419
13216
12772
12489
12458
12216
11961
11825
11937
11782
11821
11614
11506
11374
11377
11662
11391
11388
11627
11540
11662
11790
11748
11922
12059
11964
12270
12226
12259
12784
12477
12752
13138
13117
12843
13367
13330
13615
13554
13789
14068
14284
14328
14304
14604
14392
14660
14753
14445
14788
14791
14766
14675
14787
15133
14918
15188
14862
14759
14926
15076
14761
15073
14794
14887
15014
14709
14882
14730
14748
14831
14456
14459
14072
13701
13529
13140
12902
12454
12364
12116
11965
11787
11701
11755
11632
11615
11712
11864
11646
11971
12267
12088
12307
12251
12720
12821
12920
13219
13468
13640
13663
13677
14017
14065
14312
14577
14417
14558
14789
14717
14843
14922
14934
14855
15008
15007
15193
14906
14942
15179
15155
15148
15232
15344
14951
14956
14999
15070
14923
15050
15067
15201
14864
15137
15119
14863
14983
15114
14978
15015
15042
14739
14599
14533
14623
14321
14159
13544
13495
13397
12801
12654
12574
12391
12487
12242
12404
12369
12587
12698
13045
13160
13353
13646
14065
14099
14038
14382
14442
14739
14849
14721
14912
14970
14985
14987
14977
15119
15035
15250
14897
15176
15220
14921
15043
15148
15344
15116
15186
15151
14974
15081
15017
14842
14783
14751
14765
14425
14324
14073
13927
13714
13365
12846
12979
12709
12469
12390
12080
12423
12254
12269
12829
12783
12935
13340
13594
13857
14371
14320
14285
14512
15081
14708
14917
14990
14750
15029
14996
14876
15031
15034
15269
15033
15252
15214
15231
15259
15267
15165
15122
15248
15097
14910
15060
15000
15260
15082
15088
15187
15090
14955
14976
14741
14806
14741
14759
14637
14924
14665
14459
14119
14229
14041
13931
13546
13334
13293
13141
12863
12569
12613
12304
12212
11942
11788
11884
11638
11651
11510
11631
11771
11631
11986
12041
12402
12310
12656
13154
13405
13667
13856
14111
14468
14480
14661
14873
14834
14784
15068
15076
14923
14960
15080
15059
15029
15054
15247
15067
14970
15095
14921
14963
15032
14775
14867
14954
14797
14682
14836
14734
14607
14555
14418
14125
13929
14272
13772
13866
13818
13770
13540
13265
13088
13111
12798
12808
12521
12427
12220
12161
11876
11992
11753
11724
11484
11578
11340
11465
11357
11357
11281
11413
11266
11421
11604
11440
11699
11870
12141
12356
12512
12891
13211
13475
13589
14016
14286
14160
14488
14484
14672
14825
14880
15112
15117
14968
15217
15171
14989
15171
15082
15247
15207
15059
15137
15011
15218
15397
15030
15182
15255
15195
15301
15247
15259
15257
15571
15368
15217
15111
15288
15173
15192
15480
15332
15316
15424
15314
15235
15261
15201
15389
15275
15383
15415
15056
15409
15317
15435
15316
15311
15410
15474
15199
15383
15427
15406
15415
15262
15380
15142
15182
15241
15483
15180
15520
15563
15403
15431
15235
15322
15549
15437
15368
15279
15436
15398
15283
15401
15353
15426
15480
15334
15581
15546
15445
15125
15394
15408
15209
15320
15359
15391
15502
15362
15275
15281
15422
15492
15342
15036
15358
15385
15361
15382
15359
15221
15255
15429
15380
15374
15337
15417
15363
15265
15283
15529
15182
15248
15327
15372
15306
15187
15090
15324
15203
15484
15208
15308
15428
15121
15328
15358
15114
15171
15432
15278
15069
14999
15255
15228
15125
15353
15144
14764
14997
14986
14893
14865
14837
14755
14601
14565
14335
14114
13750
13526
13148
12943
12707
12447
12136
12010
11702
11782
11761
11433
11375
11223
11273
11308
11359
11333
11300
11331
11451
11726
11821
11723
11981
12012
12366
12206
12343
12543
12729
13006
13053
13323
13356
13391
13800
13730
13979
14158
14087
14616
14394
14506
14207
14599
14843
14759
14716
14905
14849
14780
14887
15153
15003
14918
15046
14891
14935
14703
14893
14878
15022
14940
15065
14714
14766
14983
14901
14787
14785
14589
14484
14196
13780
13679
13478
13019
12721
12554
12168
12026
11851
11853
11515
11750
11609
11559
11408
11557
11644
11901
12108
11913
12242
12460
12728
13003
13198
13209
13382
13571
13822
13717
14102
14395
14431
14462
14626
14713
14806
14857
14863
15046
14827
15041
14916
14992
15162
15036
14944
15214
14896
15412
14951
14848
15246
15076
15258
15112
15051
15179
14870
15150
15303
15005
14787
14889
14938
14836
14888
14754
14799
14678
14763
14469
14445
14256
13966
13642
13298
13080
12708
12686
12627
12389
12105
12290
12250
12475
12543
12804
13027
13309
13368
13641
14009
14146
14378
14546
14456
14840
15096
14866
14665
15119
14919
15116
14951
14805
15074
15271
14903
15305
15215
14962
15143
15048
14981
15151
14764
15078
15080
14986
14945
14871
14670
14755
14680
14306
14240
14165
13824
13137
13129
13085
12746
12699
12507
12350
12311
12355
12459
12497
12776
12621
13197
13452
13601
13794
14402
14303
14427
14702
14627
14860
14785
14682
14909
14884
15137
15057
15107
15005
15108
15213
15080
15067
15243
15159
15261
15322
15118
15168
15198
15268
14929
15262
15056
15108
15233
15111
14842
14926
14735
14790
14716
14532
14558
14286
14223
14084
14265
13796
13755
13601
13700
13447
13269
13021
12577
12567
12511
12530
12125
12115
12022
12022
11980
11627
11693
11546
11367
11574
11775
11877
12045
12153
12470
12687
13206
13568
13805
13954
14255
14143
14580
14596
14887
14747
14605
15079
14732
14685
14864
14936
14902
14916
14932
14615
14805
14928
15041
14809
14731
14635
14719
14566
14645
14546
14548
14287
14517
14273
14223
13946
14011
13839
13888
13733
13521
13449
13142
13069
13089
13039
12611
12627
12516
12459
12343
12088
11940
11839
11668
11587
11778
11703
11554
11522
11377
11522
11371
11486
11462
11423
11452
11613
11691
12015
11799
12250
12559
12745
12795
13344
13238
13388
13752
13953
14259
14278
14494
14661
14617
14765
14854
14795
14982
14753
15307
15215
15340
15135
15049
15195
15169
15191
15360
14899
15391
15247
15286
15381
15468
15229
15294
15179
15132
15144
15530
15098
15341
15405
15323
15208
15401
15205
15294
15352
15316
15357
15371
15272
15187
15463
15086
15449
15344
15316
15169
15454
15471
15272
15317
15167
15583
15417
15312
15252
15393
15399
