12450
12387
12487
12455
12472
12374
12236
12470
12457
12473
12336
12601
12385
12516
12444
12539
12452
12368
12464
12362
12492
12196
12263
12451
12287
12425
12707
12529
12363
12335
12548
12514
12348
12047
12325
12487
12465
12396
12333
12440
12457
12486
12421
12422
12232
12418
12169
12417
12246
12191
12200
12205
12141
12306
12160
12104
12074
12184
11977
12068
12038
11655
11430
11015
10863
10699
10312
10148
10125
9944
9706
9556
9755
9613
9607
9412
9343
9188
9167
9493
9270
9236
9439
9399
9400
9633
9502
9645
9782
9701
9994
9983
9886
10374
10114
10336
10646
10576
10411
10856
10812
11079
10996
11245
11394
11508
11714
11654
11970
11666
11914
11974
11678
12029
12023
12000
11878
12037
12281
12182
12315
12058
12044
12108
12266
11879
12312
12048
12017
12185
12001
12042
11920
12028
11986
11764
11806
11438
11077
10995
10642
10477
10089
10034
9806
9737
9595
9508
9534
9411
9512
9502
9627
9538
9697
9949
9826
10063
9952
10386
10450
10475
10740
10942
11085
11117
11072
11342
11466
11681
11741
11628
11705
12057
11888
11996
12140
12235
12044
12186
12147
12388
12180
12048
12333
12287
12316
12458
12452
12038
12144
12155
12188
12087
12151
12179
12336
12054
12310
12277
12121
12163
12311
12104
12186
12262
11923
11844
11787
11845
11656
11501
10973
10943
10790
10332
10245
10192
10036
10165
9977
10070
10010
10190
10354
10581
10625
10832
11131
11444
11487
11389
11682
11811
11955
12057
12005
12024
12098
12219
12130
12162
12239
12278
12437
12097
12280
12370
12146
12197
12295
12475
12210
12384
12294
12154
12284
12168
12019
12061
11898
11927
11760
11733
11453
11328
11138
10882
10505
10555
10347
10024
10060
9788
9992
9998
9977
10383
10443
10543
10832
10973
11299
11632
11658
11658
11857
12174
11910
12141
12122
11892
12196
12154
12184
12235
12234
12431
12241
12452
12355
12269
12389
12349
12308
12312
12427
12339
12104
12220
12145
12307
12251
12246
12340
12193
12110
12180
11917
11952
12012
12018
11814
12118
11954
11827
11486
11544
11411
11346
10982
10875
10762
10627
10396
10273
10345
10103
10021
9699
9538
9642
9446
9487
9369
9468
9549
9459
9687
9762
10122
9978
10315
10672
10889
11155
11277
11455
11724
11758
11901
12122
11977
11959
12174
12207
12213
12090
12166
12197
12193
12207
12329
12312
12198
12278
12099
12105
12130
12032
12177
12129
12039
11853
12018
12069
11789
11820
11732
11487
11276
11556
11161
11275
11187
11105
10907
10781
10625
10596
10366
10449
10182
10092
9975
9828
9684
9773
9535
9495
9340
9391
9261
9234
9216
9268
9152
9265
9147
9281
9450
9341
9476
9618
9852
10033
10101
10463
10818
10993
11047
11369
11511
11548
11796
11834
11888
12062
12014
12354
12315
12122
12404
12226
12190
12358
12237
12378
12268
12254
12326
12169
12350
12500
12199
12310
12416
12307
12408
12424
12407
12317
12722
12473
12397
12303
12453
12363
12337
12675
12434
12507
12465
12464
12461
12341
12295
12489
12365
12478
12580
12204
12473
12518
12606
12456
12443
12595
12573
12357
12538
12519
12481
12561
12446
12443
12253
12342
12302
12552
12260
12543
12692
12615
12561
12330
12517
12637
12504
12515
12402
12581
12498
12390
12460
12462
12530
12569
12434
12594
12627
12528
12298
12500
12488
12374
12505
12430
12589
12572
12473
12376
12368
12509
12579
12418
12229
12572
12512
12589
12442
12427
12350
12390
12581
12441
12554
12496
12461
12479
12428
12336
12619
12312
12426
12408
12418
12466
12261
12226
12463
12367
12500
12362
12351
12528
12271
12479
12510
12258
12358
12484
12476
12223
12212
12400
12369
12208
12402
12292
12042
12230
12183
12109
12088
11999
11978
11870
11904
11727
11503
11213
11008
10728
10520
10308
10042
9916
9727
9439
9537
9552
9308
9300
9125
9147
9139
9232
9172
9233
9219
9336
9546
9639
9500
9771
9777
10054
9928
10020
10163
10369
10562
10615
10872
10864
10954
11159
11174
11343
11500
11484
11840
11691
11751
11508
11811
12127
12039
11928
12148
12045
11925
12112
12318
12223
12061
12299
12092
12209
11999
12131
12052
12225
12150
12237
11969
11976
12065
12035
12030
11953
11899
11756
11619
11171
11141
10937
10587
10233
10218
9988
9667
9602
9571
9286
9504
9421
9315
9299
9389
9500
9670
9869
9645
9944
10125
10346
10585
10665
10658
10849
11014
11178
11116
11429
11715
11741
11744
11986
11898
12005
12007
12066
12170
12068
12209
12215
12207
12385
12131
12109
12349
12181
12500
12112
12070
12347
12311
12378
12245
12215
12312
12028
12297
12461
12079
12000
12151
12225
12021
12033
11970
12036
11875
11863
11735
11777
11597
11315
11119
10742
10609
10261
10345
10293
10077
9749
9934
9959
10139
10113
10421
10601
10940
10902
11034
11462
11415
11689
11785
11711
12047
12246
12077
11965
12356
12164
12281
12139
11989
12263
12301
12107
12426
12376
12098
12226
12248
12087
12277
11980
12290
12300
12205
12170
12081
11927
11917
11917
11622
11579
11502
11250
10647
10668
10596
10336
10301
10087
9977
9959
9980
10122
10152
10399
10344
10745
10991
11009
11211
11670
11617
11776
11990
11854
12071
11946
11954
12164
12098
12350
12227
12225
12178
12215
12296
12223
12295
12342
12356
12361
12385
12207
12306
12315
12473
12185
12384
12220
12229
12385
12323
12047
12137
11983
12010
11954
11752
11879
11520
11593
11370
11585
11270
11113
11097
11100
10896
10697
10541
10233
10189
10141
10119
9823
9834
9759
9759
9730
9408
9504
9383
9207
9295
9576
9651
9793
9873
10151
10278
10730
11042
11256
11230
11628
11522
11788
11791
12118
11987
11923
12209
11894
11948
12006
12123
12066
12105
12097
11825
11997
12110
12208
12000
11935
11879
11905
11812
11904
11813
11824
11583
11707
11535
11527
11341
11420
11273
11238
11155
10983
10971
10647
10548
10677
10554
10272
10276
10204
10055
10021
9836
9693
9532
9446
9455
9585
9526
9348
9362
9297
9302
9260
9327
9292
9210
9275
9399
9508
9763
9565
9935
10103
10341
10340
10853
10763
10910
11179
11341
11622
11590
11724
11951
11882
11939
11881
12133
12164
12065
12400
12361
12499
12323
12227
12352
12314
12409
12477
12094
12515
12323
12336
12448
12576
12338
12416
12352
12337
12305
12582
12167
12414
12589
12406
12357
12589
12306
12440
12431
12430
12475
12459
12433
12334
12551
12285
12569
12471
12497
12350
12573
12538
12419
12497
12331
12536
12474
12481
12467
12428
12497
