20082
20119
20067
20086
20058
19815
19853
20141
20238
20223
19962
20144
20068
19996
19980
20147
20017
19870
19915
19996
19985
19732
19790
20146
20010
19983
20366
20128
19981
19959
20065
19970
19922
19745
20045
20006
20040
19994
19911
19883
19834
20229
20066
19989
19653
20073
19761
19804
20028
19720
19587
19592
19661
19730
19635
19517
19431
19498
19343
19459
19133
18851
18427
17875
17533
17297
16785
16342
16317
16041
15688
15559
15548
15385
15420
15203
15051
14821
14885
15237
14940
14945
15089
15113
15326
15355
15384
15543
15662
15663
16046
15905
15996
16634
16363
16685
17184
17105
16866
17347
17378
17644
17702
18021
18403
18605
18512
18680
18969
18813
19053
19302
18993
19321
19290
19248
19281
19313
19729
19518
19709
19407
19384
19597
19709
19270
19623
19347
19458
19538
19359
19379
19326
19334
19284
18897
18829
18364
17811
17720
17161
16863
16252
16164
15898
15599
15420
15317
15371
15232
15316
15275
15264
15228
15541
15942
15868
16197
15974
16560
16785
16919
17221
17473
17794
17817
17928
18358
18520
18686
18903
18881
18960
19172
19331
19507
19460
19416
19436
19581
19686
19741
19661
19604
19843
19768
19743
20004
19875
19533
19595
19684
19662
19589
19646
19709
19827
19544
19676
19830
19410
19637
19744
19618
19576
19618
19390
19273
19041
18934
18723
18529
17801
17722
17410
16827
16417
16501
16153
16204
15968
16115
16050
16402
16652
16969
17295
17479
17626
18137
18453
18563
18737
18899
19260
19397
19321
19471
19652
19502
19614
19550
19739
19610
19715
19479
19798
19941
19513
19580
19827
19946
19788
19690
19812
19489
19697
19620
19436
19370
19224
19355
18792
18728
18328
18218
17913
17409
16882
16976
16675
16235
16185
15804
16254
15994
16051
16748
16718
17045
17441
17761
18149
18615
18709
18811
18996
19597
19305
19532
19486
19345
19680
19688
19588
19676
19630
19947
19566
19956
19934
19934
19884
19950
19904
19804
19924
19622
19671
19691
19593
19893
19802
19660
19796
19677
19514
19557
19416
19352
19249
19327
19139
19373
19201
18798
18577
18599
18319
18199
17741
17471
17462
17103
16832
16550
16473
15993
15904
15610
15467
15510
15156
15148
15124
15139
15320
15171
15606
15709
16157
16078
16646
17182
17456
17849
18189
18551
18828
18955
19070
19348
19467
19291
19579
19611
19535
19525
19586
19617
19765
19717
19845
19717
19622
19642
19497
19595
19673
19340
19352
19401
19274
19067
19333
19327
19067
18956
18739
18499
18244
18652
18111
18163
18100
17897
17735
17310
17147
17111
16800
16646
16372
16270
15940
15825
15552
15640
15255
15387
14905
15161
14958
15047
14858
14780
14751
14964
14671
14975
15113
14919
15252
15568
15772
16160
16382
16760
17123
17457
17762
18210
18642
18609
18990
18950
19183
19406
19416
19683
19607
19621
19794
19827
19610
19869
19664
19921
19852
19773
19824
19616
19838
20057
19702
19861
19968
19868
19881
19799
19937
19888
20330
20021
19842
19816
20077
19945
19836
20136
19975
20091
20110
20080
19924
19937
19935
20091
19829
20128
20146
19825
19941
20037
20164
20029
20082
20190
20072
19822
20055
19951
20187
20022
20005
20117
19697
19813
19921
20182
19805
20289
20281
20098
20149
19924
20061
20194
20208
20065
20082
20149
20118
19990
20171
19993
20235
20146
20184
20255
20178
20067
19741
20138
20091
19962
19968
20103
20018
20181
20009
19973
19981
20087
20230
19980
19788
20060
20038
20028
20097
20156
19839
20086
20301
20129
20104
20018
20056
20113
19845
19989
20134
19884
19924
19922
20024
20019
19900
19900
19981
19946
20181
19783
19957
20160
19822
19869
20027
19808
19805
20186
19932
19735
19616
19890
19992
19684
19971
19848
19337
19506
19554
19542
19312
19292
19230
19146
19101
18714
18525
18081
17696
17245
16956
16617
16275
15803
15598
15320
15267
15280
14928
14870
14755
14740
14741
14821
14756
14713
14783
14884
15346
15422
15352
15706
15821
16112
15960
16236
16376
16562
16992
17145
17368
17459
17658
17959
17924
18148
18505
18438
19086
18773
18880
18683
19139
19364
19164
19318
19378
19418
19382
19378
19627
19705
19623
19703
19560
19479
19255
19429
19544
19579
19516
19653
19252
19444
19541
19511
19258
19358
18986
18891
18633
18075
17829
17680
17067
16587
16410
15868
15724
15543
15465
15113
15162
15175
15029
14905
15172
15275
15527
15864
15650
16041
16394
16643
17018
17254
17295
17613
17750
18081
18083
18338
18718
18961
18878
19138
19201
19459
19357
19317
19500
19433
19654
19562
19584
19680
19623
19572
19866
19445
20213
19658
19452
19942
19697
19831
19796
19690
19886
19514
19719
19926
19658
19326
19461
19608
19427
19462
19184
19294
19137
19449
18915
18864
18481
18251
17765
17447
17094
16683
16580
16422
16269
15807
16165
15946
16235
16231
16599
17005
17419
17484
17910
18283
18521
18694
18956
19012
19386
19532
19395
19331
19780
19540
19737
19523
19380
19753
19933
19570
19906
19823
19695
19859
19719
19501
19768
19354
19574
19536
19592
19558
19302
19128
19230
19116
18616
18541
18495
18044
17302
17190
17060
16599
16615
16403
16223
16181
16070
16228
16352
16647
16617
17237
17563
17864
18062
18701
18765
18913
19230
19241
19442
19289
19261
19379
19493
19685
19684
19746
19636
19668
19848
19662
19749
19846
19862
19922
19953
19675
19852
19838
19919
19473
19900
19563
19736
19803
19595
19491
19410
19319
19258
19240
19055
19078
18775
18592
18347
18522
18072
17938
17809
17813
17600
17267
17041
16573
16405
16274
16336
15808
15795
15768
15674
15649
15145
15272
15087
14995
15036
15359
15556
15742
16030
16217
16661
17122
17679
17814
18205
18649
18537
19063
19003
19380
19223
19091
19546
19211
19199
19459
19399
19451
19346
19585
19244
19482
19436
19580
19370
19393
19164
19239
19123
19128
18997
18952
18654
18886
18654
18380
18233
18242
18104
18008
17991
17688
17679
17156
17095
16950
16994
16545
16526
16282
16202
16071
15744
15570
15571
15365
15132
15442
15242
15107
15030
14852
15121
14904
14939
15037
14982
15036
15231
15362
15505
15360
16033
16365
16636
16637
17394
17286
17512
17906
18279
18645
18638
18892
19194
19112
19356
19503
19389
19655
19353
19995
19767
20076
19757
19755
19921
19865
19805
20069
19528
20000
19873
19996
20090
20194
19797
20039
19774
19816
19849
20201
19689
20131
20110
19955
19829
20143
19961
20017
20013
20025
20113
20081
20031
19853
20174
19692
20174
19970
20043
19892
20171
20141
19940
19959
19959
20315
20114
20078
19969
20023
20099
