18761
18770
18760
18805
18709
18581
18509
18855
18909
18853
18654
18836
18751
18691
18656
18810
18677
18566
18660
18700
18678
18492
18574
18816
18702
18644
19044
18777
18666
18645
18779
18664
18647
18422
18740
18691
18748
18696
18606
18572
18565
18854
18777
18685
18417
18772
18429
18599
18652
18408
18333
18317
18323
18417
18378
18178
18183
18218
18022
18178
17909
17628
17180
16682
16363
16164
15709
15296
15238
14995
14675
14530
14486
14349
14425
14264
14082
13823
13909
14223
13981
13990
14101
14110
14274
14360
14355
14518
14666
14625
15016
14885
14946
15570
15294
15632
16017
15978
15754
16268
16265
16567
16527
16863
17176
17398
17330
17502
17761
17524
17838
17971
17709
18084
18087
17990
17995
18070
18494
18232
18362
18147
18067
18291
18414
17981
18373
18107
18168
18294
18029
18116
18043
18064
18058
17665
17588
17198
16668
16531
16036
15760
15216
15119
14851
14622
14427
14329
14359
14245
14283
14256
14317
14210
14546
14952
14836
15139
14933
15494
15658
15811
16075
16327
16613
16649
16727
17098
17253
17517
17686
17649
17729
17951
18065
18220
18164
18155
18149
18308
18342
18518
18317
18312
18553
18486
18521
18660
18629
18258
18323
18392
18417
18312
18324
18450
18582
18204
18423
18559
18167
18336
18482
18336
18284
18341
18151
17952
17767
17734
17440
17313
16632
16551
16320
15725
15406
15386
15096
15162
14924
15067
15021
15372
15547
15932
16144
16328
16498
16961
17217
17302
17564
17631
18006
18180
18057
18206
18336
18255
18344
18311
18417
18329
18503
18240
18471
18631
18240
18327
18570
18630
18509
18445
18469
18248
18424
18327
18175
18136
17987
18097
17604
17516
17096
17004
16746
16293
15822
15833
15526
15175
15131
14773
15157
14997
15023
15665
15634
15877
16265
16593
16969
17418
17527
17588
17762
18381
18087
18221
18231
18101
18384
18422
18262
18387
18358
18623
18307
18639
18584
18623
18557
18659
18560
18527
18615
18366
18408
18420
18285
18553
18455
18361
18507
18498
18228
18304
18120
18067
17972
18067
17903
18147
17970
17582
17361
17385
17083
17069
16561
16336
16330
15977
15721
15496
15408
14977
14898
14607
14459
14479
14149
14155
14144
14141
14344
14187
14622
14698
15130
14998
15553
16101
16345
16724
16975
17357
17642
17734
17816
18167
18162
18039
18361
18349
18260
18197
18328
18407
18485
18477
18564
18429
18294
18379
18181
18290
18421
18107
18086
18126
18056
17859
18092
18066
17812
17771
17493
17280
17003
17413
16906
16932
16897
16780
16547
16173
15978
15991
15702
15598
15293
15183
14859
14799
14515
14624
14258
14326
13933
14174
13942
14018
13911
13834
13754
13974
13705
14031
14090
13944
14220
14569
14757
15109
15356
15710
16001
16321
16594
17114
17457
17419
17767
17725
17922
18130
18141
18378
18410
18305
18505
18572
18353
18579
18382
18585
18540
18468
18507
18381
18495
18764
18382
18558
18692
18628
18580
18521
18672
18641
18966
18714
18578
18489
18782
18631
18520
18860
18666
18749
18848
18736
18615
18649
18680
18757
18586
18807
18836
18517
18659
18687
18819
18687
18719
18856
18816
18566
18793
18696
18910
18755
18710
18843
18411
18535
18605
18895
18536
18959
18952
18808
18886
18636
18712
18878
18864
18723
18762
18858
18793
18729
18889
18664
18937
18875
18823
18954
18910
18773
18424
18824
18842
18629
18679
18746
18777
18874
18713
18719
18691
18759
18897
18655
18473
18792
18745
18768
18742
18832
18545
18700
19010
18905
18831
18746
18775
18739
18579
18672
18872
18582
18693
18629
18757
18728
18592
18559
18738
18628
18828
18516
18629
18813
18509
18619
18726
18503
18546
18857
18614
18443
18328
18618
18686
18379
18728
18585
18105
18286
18285
18228
18085
18051
18034
17948
17877
17542
17323
16843
16555
16059
15868
15545
15179
14782
14610
14313
14328
14306
13984
13886
13752
13778
13759
13876
13832
13762
13797
13964
14319
14439
14333
14685
14774
15105
14913
15173
15322
15438
15872
16004
16277
16332
16529
16834
16793
16961
17257
17254
17849
17578
17739
17421
17869
18103
17929
18022
18088
18204
18114
18121
18396
18414
18311
18423
18297
18217
18038
18159
18258
18294
18221
18360
17978
18133
18251
18235
18025
18085
17743
17627
17456
16858
16666
16528
15885
15534
15299
14793
14729
14495
14453
14177
14218
14180
14063
13958
14142
14224
14467
14822
14546
14952
15311
15534
15950
16169
16135
16477
16564
16915
16893
17191
17538
17722
17641
17914
17958
18173
18113
18072
18282
18154
18353
18223
18282
18415
18312
18288
18509
18179
18887
18344
18170
18657
18399
18580
18442
18361
18574
18252
18480
18606
18378
18103
18241
18325
18177
18184
17934
18070
17873
18156
17738
17631
17272
17066
16649
16390
15980
15580
15503
15376
15187
14771
15102
14908
15235
15203
15508
15882
16349
16336
16738
17098
17322
17504
17693
17748
18079
18304
18175
17985
18497
18279
18464
18178
18159
18469
18624
18271
18595
18544
18334
18486
18455
18253
18511
18073
18349
18328
18295
18251
18080
17867
17999
17836
17376
17347
17306
16879
16147
16073
15927
15514
15506
15308
15198
15104
15018
15225
15266
15546
15483
16141
16405
16732
16870
17494
17492
17717
17972
17949
18149
18060
17938
18097
18230
18437
18351
18440
18401
18406
18564
18430
18451
18542
18540
18618
18689
18463
18603
18522
18653
18220
18594
18345
18462
18554
18335
18165
18108
18052
18039
18047
17768
17837
17524
17439
17203
17323
16864
16812
16633
16677
16459
16161
15907
15501
15356
15226
15254
14782
14776
14739
14656
14642
14181
14270
14101
13986
14044
14366
14515
14732
14918
15130
15576
16060
16544
16690
16986
17464
17338
17836
17778
18137
18013
17858
18312
17958
17925
18158
18163
18212
18103
18271
17940
18214
18150
18298
18074
18086
17984
18009
17841
17879
17745
17695
17404
17676
17396
17252
17046
17023
16955
16874
16819
16534
16483
16067
15983
15921
15920
15424
15424
15214
15185
15063
14822
14584
14526
14334
14145
14407
14265
14110
14078
13921
14173
13878
13961
14001
14019
14030
14223
14316
14511
14381
14966
15316
15567
15623
16287
16153
16363
16811
17091
17412
17399
17638
17931
17906
18070
18216
18083
18295
18072
18713
18521
18827
18478
18468
18661
18551
18487
18711
18242
18696
18523
18678
18792
18824
18526
18741
18549
18520
18551
18932
18397
18812
18811
18630
18554
18809
18604
18705
18739
18679
18756
18773
18786
18557
18857
18427
18859
18664
18759
18583
18880
18882
18665
18658
18584
19048
18810
18739
18626
18790
18804
