812
839
812
805
794
810
815
810
780
855
851
842
806
806
779
791
847
799
867
795
808
805
766
808
812
804
819
813
811
802
824
855
788
759
793
806
828
828
817
818
826
790
810
813
819
770
812
802
785
794
805
775
791
840
761
871
759
850
755
782
803
799
747
693
726
674
624
685
604
636
627
618
672
578
631
602
602
608
587
579
582
630
641
648
597
639
627
634
635
632
678
676
669
671
692
653
703
692
712
753
744
734
716
751
713
735
746
802
772
745
774
766
749
760
783
844
782
826
829
816
800
816
773
794
811
748
841
804
770
802
799
766
780
799
801
761
749
748
750
778
674
654
668
661
655
626
655
604
625
617
636
658
636
626
648
623
648
648
655
664
683
674
693
699
742
721
737
729
791
780
778
797
789
753
774
835
828
828
789
784
809
866
823
824
799
807
824
758
774
778
799
781
796
816
809
834
782
805
803
801
761
846
796
823
798
815
791
744
776
761
726
710
720
687
726
667
669
703
624
698
649
660
689
645
695
707
700
678
717
726
745
730
728
775
758
806
770
794
808
764
768
760
791
796
778
750
847
847
796
796
805
825
796
791
822
803
815
746
799
745
777
740
765
787
763
784
714
707
705
683
651
654
636
657
664
661
648
691
738
721
717
707
748
804
748
765
816
799
741
741
818
792
861
774
783
800
837
818
783
837
785
859
839
802
797
859
821
771
791
828
812
808
823
812
829
830
816
784
759
790
760
768
807
768
792
769
761
689
768
727
707
720
641
641
645
693
670
675
660
612
613
628
620
679
614
621
645
587
670
680
618
643
694
715
693
705
739
758
755
755
774
829
802
824
758
746
863
776
820
789
764
784
821
843
798
768
835
807
827
814
803
831
759
809
769
798
803
745
774
764
738
783
682
730
709
710
707
697
665
723
720
752
664
656
657
649
631
650
566
629
626
596
610
580
603
615
571
611
600
596
646
647
630
647
639
632
685
675
744
698
747
766
734
754
782
765
851
741
784
790
819
774
789
840
801
865
825
807
806
788
788
777
786
846
809
781
827
853
845
823
801
843
808
815
811
813
765
778
774
821
809
786
825
856
864
827
843
811
821
819
815
832
836
821
847
836
781
832
859
794
769
827
786
798
776
829
761
782
829
843
802
813
859
805
855
790
841
850
849
830
806
797
849
807
797
866
826
852
792
865
787
805
817
832
792
807
795
900
852
844
808
809
853
844
819
836
812
825
886
840
831
833
811
788
862
826
809
835
803
850
797
834
847
850
819
844
776
835
810
851
851
807
801
832
801
812
774
846
781
807
820
805
838
807
823
823
734
819
810
827
757
866
786
822
806
768
752
780
774
751
757
742
736
704
704
680
722
644
648
636
612
673
655
632
606
623
604
582
566
623
566
582
628
607
658
656
650
642
659
630
635
688
703
645
713
708
694
723
754
785
789
770
766
767
803
693
787
819
734
817
835
765
808
765
822
793
767
779
823
782
723
774
748
766
814
841
775
822
768
774
767
748
740
773
749
739
710
723
733
654
662
695
648
658
684
588
602
641
633
606
595
624
625
646
680
655
665
674
698
715
710
712
724
763
754
725
744
759
717
817
786
813
804
813
755
811
767
843
795
832
764
824
783
785
887
805
830
859
873
839
740
794
840
792
810
860
813
795
785
816
752
756
815
738
795
763
781
724
772
773
743
722
625
657
711
655
679
611
617
672
668
700
682
655
695
698
731
783
758
721
755
787
774
762
771
767
802
824
752
780
793
858
798
773
811
766
764
777
863
746
804
755
776
781
806
796
766
789
727
756
757
740
784
712
678
689
716
661
753
643
648
681
642
642
698
685
672
701
713
711
767
770
766
767
751
780
815
805
786
778
777
795
794
852
799
778
854
741
814
809
791
791
815
825
850
753
787
795
814
779
761
763
833
795
752
831
740
821
743
732
742
774
743
749
747
666
696
742
720
733
681
649
685
667
641
676
643
616
672
624
625
561
552
617
585
652
616
677
680
665
692
726
724
739
700
789
761
758
815
790
808
832
806
770
772
790
824
806
823
757
755
793
798
770
782
758
796
814
765
747
756
760
721
763
755
729
750
760
747
740
733
734
714
705
702
707
676
705
660
654
611
631
641
652
620
652
626
622
612
633
631
603
600
598
598
594
617
659
635
620
622
602
633
690
681
686
707
715
718
723
724
745
770
798
823
784
802
752
809
803
780
854
869
855
807
812
800
799
782
858
753
798
831
801
820
785
822
793
786
776
765
792
740
793
791
803
792
794
808
803
791
820
808
798
828
813
819
820
818
850
833
846
831
885
852
836
789
796
773
804
829
764
795
