3597
3566
3609
3614
3601
3573
3507
3564
3614
3660
3612
3611
3603
3627
3507
3657
3596
3547
3657
3529
3576
3549
3428
3617
3520
3532
3677
3584
3584
3529
3657
3632
3582
3421
3547
3597
3589
3530
3607
3450
3617
3602
3561
3662
3496
3529
3475
3518
3496
3519
3486
3560
3485
3544
3415
3503
3425
3493
3415
3433
3432
3336
3316
3149
3111
3065
2934
2937
2795
2854
2750
2725
2815
2737
2742
2686
2691
2676
2639
2618
2669
2707
2726
2699
2713
2771
2726
2748
2828
2783
2873
2873
2880
2940
2922
2961
3026
3100
3087
3090
3118
3137
3140
3209
3326
3316
3338
3383
3459
3356
3438
3322
3327
3432
3455
3385
3424
3478
3589
3486
3532
3452
3386
3450
3514
3371
3594
3481
3384
3479
3482
3406
3429
3379
3452
3413
3427
3355
3154
3218
3136
3023
2847
2934
2825
2715
2732
2675
2727
2723
2700
2745
2766
2759
2831
2815
2800
2872
2863
2958
2982
3015
3052
3094
3145
3199
3206
3291
3322
3332
3309
3431
3377
3414
3347
3589
3532
3540
3519
3517
3516
3646
3492
3416
3632
3580
3569
3553
3618
3484
3481
3481
3455
3412
3505
3545
3571
3509
3465
3453
3438
3495
3495
3522
3530
3521
3441
3411
3392
3373
3291
3197
3203
3070
3089
2952
2952
3016
2903
2946
2817
2952
2881
2915
2946
2971
3061
3140
3182
3275
3337
3290
3353
3357
3415
3432
3458
3429
3484
3480
3482
3508
3479
3501
3528
3432
3505
3563
3438
3449
3578
3625
3568
3581
3495
3415
3543
3423
3519
3421
3460
3357
3372
3405
3306
3354
3171
3167
3008
2966
2903
2887
2910
2838
2828
2926
2907
3081
3050
3080
3063
3178
3303
3375
3316
3260
3445
3429
3356
3485
3479
3404
3530
3509
3439
3477
3451
3570
3502
3579
3563
3586
3543
3565
3497
3554
3638
3507
3511
3536
3527
3497
3502
3537
3581
3538
3475
3448
3492
3429
3417
3485
3406
3492
3415
3407
3336
3338
3326
3218
3137
3203
2998
3010
2978
2980
3039
2880
2852
2779
2771
2775
2759
2784
2642
2674
2730
2646
2830
2756
2816
2883
2999
3089
3156
3189
3220
3282
3363
3327
3397
3494
3500
3410
3451
3512
3493
3411
3474
3487
3485
3417
3534
3534
3492
3492
3522
3496
3472
3494
3563
3510
3445
3472
3546
3447
3425
3439
3447
3381
3203
3371
3111
3227
3155
3144
3099
3140
3060
3109
3000
3047
2948
2915
2778
2836
2765
2767
2592
2731
2715
2644
2641
2670
2587
2631
2620
2673
2608
2662
2673
2634
2685
2783
2843
2836
2884
2969
3134
3138
3201
3236
3305
3356
3382
3391
3422
3486
3366
3551
3541
3398
3505
3539
3545
3619
3522
3555
3508
3481
3532
3418
3507
3630
3508
3486
3564
3606
3480
3571
3561
3566
3659
3666
3583
3594
3497
3490
3558
3594
3608
3609
3563
3698
3543
3538
3509
3556
3630
3564
3597
3454
3618
3596
3585
3631
3523
3662
3639
3554
3528
3575
3516
3568
3566
3558
3457
3511
3561
3671
3512
3570
3703
3662
3668
3578
3600
3564
3639
3639
3583
3647
3590
3498
3640
3587
3645
3597
3570
3644
3651
3644
3621
3665
3467
3566
3555
3673
3542
3630
3622
3524
3579
3637
3656
3536
3496
3600
3595
3593
3580
3592
3556
3580
3612
3690
3651
3594
3580
3720
3647
3579
3641
3586
3542
3532
3571
3608
3518
3530
3568
3501
3588
3586
3471
3624
3494
3575
3581
3530
3561
3570
3578
3481
3565
3553
3473
3594
3517
3537
3464
3503
3534
3460
3498
3373
3491
3448
3431
3310
3321
3294
3182
3064
3004
2975
2905
2811
2788
2685
2715
2767
2652
2684
2594
2640
2606
2571
2537
2677
2618
2657
2749
2806
2766
2861
2809
2939
2914
2839
2902
2983
3073
3057
2995
3155
3123
3258
3224
3240
3290
3272
3379
3355
3335
3266
3459
3545
3429
3451
3517
3369
3435
3465
3504
3506
3352
3492
3493
3501
3265
3454
3494
3405
3495
3552
3492
3447
3399
3433
3471
3360
3411
3386
3282
3210
3131
3085
3048
2996
2958
2891
2778
2834
2736
2601
2740
2745
2729
2664
2666
2688
2808
2863
2827
2873
2950
2949
2999
3112
3079
3120
3151
3197
3172
3304
3379
3353
3329
3456
3364
3480
3447
3472
3546
3513
3474
3570
3565
3571
3406
3521
3487
3394
3631
3498
3530
3664
3673
3551
3411
3502
3610
3475
3607
3642
3537
3478
3456
3595
3427
3413
3505
3399
3454
3466
3382
3369
3280
3281
3198
3088
3051
2934
3006
2997
2887
2818
2831
2802
2918
2968
2992
2997
3083
3185
3195
3380
3314
3274
3391
3374
3449
3524
3453
3450
3542
3551
3439
3398
3378
3515
3497
3388
3530
3477
3469
3457
3570
3473
3597
3424
3484
3508
3510
3453
3395
3459
3446
3268
3289
3385
3290
3187
3066
3061
3044
3021
3052
2839
2898
2932
2911
2878
2967
2953
3028
3067
3157
3119
3275
3325
3360
3354
3452
3329
3546
3459
3377
3469
3525
3493
3512
3553
3420
3489
3548
3443
3634
3532
3584
3587
3583
3516
3570
3538
3582
3513
3556
3470
3393
3401
3479
3508
3539
3447
3484
3466
3366
3379
3320
3390
3351
3366
3261
3108
3200
3234
3147
3141
3056
2955
2957
2900
2897
2857
2884
2797
2813
2737
2750
2702
2586
2655
2634
2816
2730
2801
2906
3015
2972
3075
3161
3250
3166
3332
3353
3357
3434
3485
3491
3476
3432
3481
3500
3406
3491
3431
3501
3455
3426
3452
3512
3550
3504
3481
3454
3405
3356
3425
3334
3478
3365
3421
3238
3271
3209
3265
3227
3160
3246
3128
3214
3035
3041
3115
3024
3000
2927
2966
2850
2849
2837
2809
2783
2739
2674
2733
2768
2701
2672
2606
2685
2638
2627
2677
2612
2731
2650
2686
2789
2755
2836
2948
3002
2977
3085
3060
3150
3182
3209
3324
3332
3430
3426
3500
3390
3281
3500
3527
3486
3615
3626
3561
3567
3515
3480
3509
3507
3653
3452
3588
3572
3509
3588
3597
3554
3595
3487
3444
3495
3622
3455
3487
3549
3553
3534
3607
3549
3557
3512
3652
3648
3590
3635
3526
3623
3603
3597
3617
3554
3590
3620
3707
3748
3508
3530
3570
3562
3566
3586
3614
3569
