4890
4873
4925
4914
4850
4831
4811
4879
4919
4956
4914
4925
4899
4914
4767
4922
4895
4805
4931
4875
4891
4776
4709
4984
4870
4839
4990
4919
4871
4851
4996
4894
4820
4744
4863
4952
4848
4834
4859
4776
4910
4938
4898
4898
4707
4851
4716
4823
4754
4816
4775
4831
4754
4862
4719
4767
4690
4802
4652
4709
4716
4540
4484
4309
4242
4122
4055
3976
3875
3931
3764
3719
3811
3771
3782
3668
3661
3608
3575
3598
3601
3673
3757
3665
3669
3798
3721
3749
3824
3856
3904
3959
3921
4091
3949
4047
4137
4255
4211
4251
4293
4275
4250
4399
4534
4509
4626
4579
4753
4541
4702
4622
4603
4681
4687
4597
4625
4712
4837
4728
4854
4687
4641
4713
4765
4616
4852
4776
4570
4768
4662
4667
4664
4654
4705
4612
4690
4525
4300
4420
4199
4147
3921
3948
3876
3772
3745
3685
3741
3687
3732
3778
3779
3721
3852
3814
3872
3984
3904
4063
4137
4098
4198
4230
4346
4365
4369
4457
4579
4574
4571
4630
4613
4653
4624
4854
4738
4826
4819
4780
4823
4938
4781
4697
4856
4851
4830
4872
4927
4743
4769
4791
4747
4695
4774
4799
4897
4721
4775
4742
4744
4803
4773
4759
4808
4832
4674
4643
4616
4614
4548
4411
4350
4242
4256
4041
3995
4028
3907
3976
3856
4029
3944
4029
4013
4092
4201
4240
4290
4520
4526
4520
4592
4633
4695
4712
4772
4670
4776
4743
4760
4751
4797
4811
4810
4704
4772
4812
4659
4705
4848
4877
4837
4841
4758
4734
4882
4716
4787
4690
4647
4602
4580
4556
4492
4520
4398
4344
4122
4085
3968
3960
3938
3862
3888
3924
3939
4092
4163
4236
4226
4367
4490
4602
4607
4497
4653
4699
4604
4774
4778
4681
4790
4802
4730
4760
4839
4834
4784
4835
4872
4838
4801
4865
4826
4880
4920
4772
4762
4873
4814
4824
4739
4824
4910
4888
4753
4726
4683
4711
4681
4781
4662
4793
4669
4642
4597
4530
4438
4397
4299
4293
4109
4137
4108
4075
4146
3959
3894
3772
3777
3798
3746
3725
3674
3718
3766
3645
3852
3866
3907
3902
4051
4173
4286
4329
4407
4426
4660
4578
4657
4806
4731
4689
4713
4756
4776
4717
4781
4739
4707
4747
4826
4843
4740
4742
4751
4757
4762
4755
4824
4789
4717
4716
4802
4750
4672
4662
4605
4518
4351
4579
4310
4432
4352
4351
4242
4226
4192
4222
4067
4123
4006
3980
3844
3837
3797
3821
3611
3700
3682
3623
3608
3662
3627
3637
3627
3629
3562
3679
3625
3603
3711
3841
3860
3850
3949
4106
4250
4262
4395
4510
4526
4553
4611
4615
4646
4786
4666
4809
4852
4674
4842
4810
4726
4939
4798
4811
4788
4763
4840
4684
4851
4908
4804
4787
4889
4867
4761
4892
4850
4918
5004
4965
4880
4872
4794
4823
4879
4891
4895
4908
4814
4977
4850
4828
4855
4898
4934
4893
4946
4733
4911
4901
4886
4886
4835
4934
4981
4894
4865
4836
4835
4831
4895
4901
4771
4854
4820
5001
4763
4920
5023
4930
4940
4867
4936
4904
4924
4948
4821
4936
4900
4842
4942
4865
4951
4884
4886
4924
4952
4930
4885
4933
4793
4842
4915
4893
4888
4960
4928
4767
4869
4945
4968
4850
4824
4970
4901
4920
4865
4856
4809
4810
4944
4971
5029
4936
4882
4969
4923
4810
4928
4864
4831
4829
4837
4874
4817
4835
4886
4808
4892
4903
4833
4932
4805
4878
4896
4806
4820
4883
4907
4777
4809
4753
4767
4804
4843
4776
4772
4752
4759
4793
4778
4626
4756
4662
4704
4473
4519
4458
4312
4214
4125
4063
3942
3886
3845
3662
3653
3737
3619
3671
3549
3618
3526
3523
3504
3615
3588
3613
3729
3833
3752
3873
3823
4040
3934
3866
3932
4085
4181
4230
4166
4249
4257
4439
4405
4444
4474
4480
4617
4512
4599
4501
4753
4886
4736
4719
4760
4615
4745
4696
4805
4748
4694
4766
4780
4797
4524
4754
4758
4671
4804
4790
4720
4695
4742
4682
4734
4591
4692
4589
4568
4398
4262
4258
4199
4092
4029
3914
3818
3850
3710
3597
3704
3733
3703
3634
3630
3663
3802
3917
3826
3933
3960
4099
4088
4234
4196
4238
4292
4393
4315
4499
4599
4621
4624
4687
4620
4696
4737
4714
4796
4774
4809
4833
4862
4875
4743
4764
4805
4671
4878
4709
4700
4951
4977
4800
4668
4740
4979
4705
4921
4961
4830
4705
4753
4832
4719
4691
4741
4654
4657
4734
4598
4546
4545
4502
4384
4177
4128
4088
4164
4084
3964
3825
3855
3850
3935
3991
4053
4143
4267
4312
4365
4590
4466
4431
4555
4613
4744
4797
4718
4708
4782
4783
4788
4710
4629
4857
4796
4659
4823
4802
4736
4774
4832
4703
4881
4670
4791
4889
4871
4790
4659
4726
4716
4592
4541
4561
4465
4393
4167
4265
4132
4107
4106
3913
3913
3935
3989
3925
4008
4036
4114
4181
4286
4289
4433
4500
4535
4577
4684
4594
4800
4750
4649
4727
4775
4774
4815
4833
4705
4753
4822
4745
4899
4843
4872
4883
4912
4821
4876
4813
4908
4806
4860
4739
4677
4696
4770
4744
4776
4682
4714
4690
4586
4678
4498
4554
4547
4544
4444
4273
4329
4345
4267
4221
4153
4020
3991
4011
3952
3884
3864
3846
3903
3765
3665
3716
3573
3628
3598
3834
3718
3823
3883
4011
4090
4177
4347
4387
4352
4531
4581
4538
4668
4766
4706
4721
4720
4831
4681
4637
4775
4779
4729
4721
4663
4757
4753
4809
4750
4780
4707
4646
4600
4646
4562
4732
4536
4651
4429
4470
4398
4449
4407
4368
4375
4303
4320
4144
4125
4235
4143
4091
4011
4011
3871
3955
3848
3833
3746
3729
3724
3749
3787
3670
3617
3532
3678
3584
3581
3619
3597
3698
3607
3725
3825
3777
3895
4042
4043
4049
4234
4152
4279
4406
4424
4552
4557
4603
4643
4714
4652
4563
4772
4839
4752
4876
4940
4904
4871
4864
4707
4845
4805
4920
4692
4995
4904
4778
4884
4878
4860
4885
4843
4732
4791
4919
4777
4880
4910
4820
4804
4990
4858
4816
4837
4943
4961
4869
4939
4790
4894
4906
4907
4934
4860
4854
4955
4957
5022
4824
4865
4840
4830
4902
4919
4890
4973
