6692
6639
6729
6730
6671
6617
6598
6761
6701
6777
6720
6733
6759
6728
6652
6735
6731
6583
6783
6717
6647
6639
6526
6780
6705
6625
6880
6728
6657
6711
6835
6760
6640
6465
6707
6788
6730
6600
6670
6607
6779
6773
6753
6707
6551
6723
6546
6656
6522
6546
6561
6624
6511
6653
6576
6510
6444
6553
6458
6516
6516
6265
6189
5930
5875
5662
5591
5493
5421
5332
5179
5078
5264
5179
5208
5064
5003
4963
4973
5048
4979
5067
5108
5047
5066
5169
5083
5160
5233
5230
5424
5423
5360
5588
5425
5599
5633
5796
5699
5939
5877
5870
5880
6033
6181
6279
6301
6313
6494
6263
6379
6439
6264
6414
6439
6386
6385
6494
6600
6563
6746
6436
6433
6521
6567
6428
6686
6504
6341
6548
6411
6434
6457
6439
6447
6293
6408
6168
5907
6005
5793
5687
5387
5462
5307
5176
5160
5086
5097
5006
5170
5161
5207
5122
5312
5391
5331
5404
5405
5627
5699
5666
5783
5859
5994
6046
5997
6139
6248
6326
6316
6292
6383
6471
6356
6583
6503
6673
6543
6557
6575
6789
6566
6421
6674
6652
6606
6705
6735
6486
6568
6600
6518
6484
6558
6547
6664
6445
6628
6591
6464
6608
6616
6501
6591
6663
6490
6383
6330
6426
6239
6165
6000
5817
5803
5602
5527
5514
5350
5449
5341
5534
5438
5508
5588
5663
5778
5897
5990
6186
6195
6191
6317
6387
6448
6461
6508
6358
6616
6521
6501
6505
6626
6652
6726
6538
6608
6663
6451
6543
6642
6706
6626
6624
6565
6545
6658
6509
6536
6428
6426
6384
6334
6298
6180
6128
6037
5906
5689
5561
5479
5371
5392
5325
5356
5417
5374
5592
5655
5801
5820
5941
6093
6274
6270
6241
6371
6482
6375
6545
6576
6408
6562
6589
6522
6599
6661
6694
6666
6690
6678
6551
6604
6615
6623
6601
6698
6683
6507
6625
6565
6650
6547
6659
6704
6621
6464
6631
6412
6523
6466
6599
6456
6552
6376
6361
6256
6203
6170
6052
5851
5864
5782
5676
5650
5544
5616
5405
5367
5216
5150
5171
5165
5091
5035
5079
5145
5097
5215
5290
5405
5366
5525
5714
5877
5926
6103
6111
6322
6258
6427
6581
6430
6443
6471
6521
6600
6588
6575
6496
6533
6565
6610
6579
6584
6542
6471
6458
6528
6524
6593
6582
6488
6442
6536
6540
6373
6448
6318
6179
6009
6251
5947
6067
5995
6017
5873
5777
5730
5765
5600
5685
5542
5414
5282
5362
5239
5243
5013
5096
5048
5002
4947
5044
4958
4988
5020
5000
4921
4965
4991
5014
5105
5230
5324
5298
5441
5629
5805
5857
5992
6168
6265
6206
6374
6421
6397
6548
6458
6629
6735
6484
6661
6540
6558
6754
6626
6635
6659
6570
6667
6510
6656
6712
6594
6592
6610
6710
6580
6786
6669
6700
6880
6808
6685
6651
6605
6691
6723
6839
6661
6707
6662
6802
6688
6648
6654
6795
6685
6782
6813
6560
6708
6691
6725
6709
6651
6757
6814
6697
6751
6648
6612
6714
6690
6712
6579
6684
6592
6855
6593
6752
6838
6768
6748
6679
6755
6778
6710
6686
6674
6760
6745
6718
6715
6701
6731
6738
6730
6757
6879
6794
6651
6719
6710
6682
6753
6620
6707
6798
6774
6628
6703
6771
6835
6704
6652
6857
6717
6763
6699
6721
6642
6588
6794
6816
6824
6764
6736
6763
6692
6624
6771
6666
6683
6671
6696
6665
6597
6631
6717
6663
6699
6726
6738
6775
6638
6738
6744
6656
6626
6728
6757
6523
6590
6573
6573
6593
6639
6617
6527
6591
6559
6545
6502
6412
6456
6387
6410
6169
6240
6064
6002
5811
5679
5571
5458
5372
5245
5059
5076
5192
5057
5013
4896
4946
4858
4908
4888
4975
4961
5027
5173
5309
5097
5317
5261
5490
5392
5372
5459
5606
5805
5825
5804
5803
5890
6088
6051
6105
6178
6198
6365
6297
6293
6169
6436
6635
6554
6467
6474
6411
6507
6464
6594
6568
6373
6579
6620
6532
6349
6542
6503
6520
6582
6608
6427
6496
6490
6430
6508
6370
6400
6268
6201
6089
5917
5870
5770
5567
5526
5440
5193
5276
5118
4978
5155
5095
5056
4987
5055
5061
5157
5346
5206
5408
5449
5603
5628
5806
5799
5827
5911
5995
5973
6210
6363
6251
6270
6457
6388
6458
6523
6452
6591
6524
6631
6596
6630
6642
6539
6494
6586
6511
6712
6531
6488
6723
6690
6640
6522
6585
6717
6474
6721
6801
6636
6500
6576
6619
6498
6487
6472
6378
6400
6464
6311
6276
6185
6149
6019
5702
5699
5594
5623
5551
5455
5273
5310
5288
5405
5421
5611
5692
5897
5854
6010
6223
6088
6185
6336
6309
6493
6602
6481
6516
6615
6610
6638
6523
6395
6624
6641
6442
6675
6582
6480
6538
6587
6442
6668
6432
6606
6733
6652
6576
6465
6427
6501
6359
6198
6252
6139
6046
5775
5806
5640
5521
5581
5377
5373
5371
5421
5457
5552
5606
5584
5796
5892
5870
6061
6242
6215
6286
6442
6331
6578
6457
6393
6489
6560
6644
6555
6641
6489
6589
6661
6608
6678
6654
6620
6626
6714
6665
6580
6641
6748
6556
6640
6543
6568
6550
6628
6513
6603
6366
6504
6432
6332
6397
6191
6270
6252
6184
6122
5966
5965
5994
5809
5865
5729
5528
5440
5501
5406
5326
5333
5273
5258
5166
5086
5078
4983
4968
4981
5246
5163
5244
5370
5484
5613
5784
5915
6021
5997
6202
6312
6312
6381
6565
6464
6502
6508
6526
6446
6345
6518
6506
6543
6526
6386
6523
6507
6600
6484
6538
6449
6524
6350
6467
6312
6511
6228
6331
6079
6107
5984
6134
6142
6046
6059
5888
5915
5664
5664
5735
5741
5547
5488
5559
5375
5451
5262
5243
5110
5059
5100
5168
5135
5046
4994
4894
5032
4946
4943
4967
4909
4993
4979
5107
5213
5247
5327
5557
5538
5515
5819
5688
5852
6039
6061
6306
6258
6331
6440
6361
6383
6330
6533
6609
6537
6720
6708
6751
6708
6668
6623
6674
6715
6790
6465
6845
6708
6592
6666
6796
6640
6771
6701
6516
6638
6791
6578
6698
6753
6644
6660
6858
6709
6707
6729
6796
6798
6754
6774
6618
6771
6686
6688
6724
6694
6748
6842
6801
6800
6682
6735
6775
6654
6675
6773
6682
6801
