13518
13511
13509
13543
13511
13415
13311
13502
13548
13590
13415
13707
13499
13584
13530
13648
13491
13421
13499
13449
13537
13215
13248
13539
13321
13468
13755
13555
13435
13474
13610
13542
13405
13076
13406
13508
13534
13468
13359
13485
13473
13555
13452
13494
13272
13503
13248
13454
13324
13206
13239
13241
13154
13328
13225
13142
13114
13183
12976
13066
13013
12697
12418
11990
11782
11605
11207
10975
11004
10781
10526
10379
10573
10433
10437
10198
10114
9992
10014
10222
10049
10005
10263
10169
10231
10401
10349
10469
10643
10553
10827
10784
10796
11283
10934
11217
11570
11497
11276
11746
11727
11911
11906
12237
12360
12532
12675
12657
12909
12675
12892
13008
12680
13044
13062
12989
12905
13037
13313
13183
13359
13059
13116
13137
13274
12903
13358
13015
13101
13239
12978
13069
12963
13017
12963
12732
12760
12398
12081
11923
11557
11379
10919
10888
10661
10560
10478
10335
10341
10228
10294
10311
10445
10320
10540
10799
10658
10894
10794
11266
11340
11389
11650
11853
11979
12058
12018
12344
12448
12689
12767
12656
12751
13029
12904
12994
13171
13166
13077
13204
13233
13438
13225
13077
13361
13353
13300
13453
13497
13098
13180
13223
13288
13146
13216
13270
13395
13071
13409
13314
13146
13166
13259
13138
13228
13202
12921
12859
12754
12836
12687
12505
11857
11876
11723
11225
11120
11050
10905
11032
10823
10933
10889
11096
11203
11480
11557
11765
12073
12366
12438
12394
12669
12780
12978
13124
13043
13075
13148
13261
13207
13170
13286
13290
13443
13084
13314
13456
13215
13236
13363
13514
13267
13367
13317
13180
13325
13227
13024
13002
12912
12935
12715
12679
12443
12323
12110
11803
11371
11447
11222
10924
10936
10598
10882
10807
10804
11291
11269
11449
11764
11977
12242
12663
12622
12619
12855
13204
12919
13131
13182
12906
13230
13226
13166
13286
13241
13517
13263
13458
13416
13291
13410
13421
13370
13327
13466
13338
13120
13283
13132
13386
13265
13314
13383
13277
13172
13197
12935
13017
12992
13045
12862
13198
12967
12779
12474
12560
12318
12292
11871
11795
11673
11577
11244
11119
11205
10920
10814
10501
10353
10477
10237
10275
10169
10247
10340
10257
10567
10621
10977
10887
11195
11597
11843
12097
12229
12458
12695
12800
12915
13141
13033
12962
13242
13247
13277
13132
13273
13283
13241
13259
13390
13327
13175
13344
13127
13181
13167
13006
13168
13185
13036
12876
13090
13074
12848
12809
12709
12492
12250
12567
12071
12219
12175
12102
11863
11717
11489
11562
11260
11287
11034
10930
10787
10657
10449
10562
10317
10306
10102
10208
10026
10036
9996
10001
9927
10060
9910
10056
10229
10099
10330
10481
10672
10890
10970
11353
11694
11914
11989
12335
12491
12444
12809
12788
12935
13040
13114
13368
13317
13131
13448
13282
13197
13404
13301
13356
13381
13293
13362
13212
13414
13546
13234
13346
13436
13372
13466
13447
13458
13354
13773
13556
13442
13307
13508
13428
13393
13694
13487
13535
13515
13510
13468
13419
13392
13570
13439
13565
13660
13233
13580
13548
13624
13505
13508
13625
13610
13432
13559
13580
13554
13653
13483
13573
13347
13369
13395
13627
13314
13643
13747
13658
13614
13377
13520
13703
13566
13554
13466
13618
13578
13429
13536
13510
13591
13646
13516
13657
13726
13583
13363
13580
13517
13423
13506
13470
13618
13659
13561
13454
13426
13604
13680
13445
13294
13631
13606
13631
13499
13545
13403
13489
13607
13494
13619
13528
13574
13586
13486
13410
13684
13364
13466
13464
13491
13524
13362
13320
13555
13403
13624
13448
13437
13595
13348
13480
13568
13304
13452
13565
13510
13249
13241
13444
13433
13251
13489
13293
13021
13264
13237
13104
13101
13024
12984
12880
12868
12645
12456
12127
11908
11604
11398
11195
10949
10721
10536
10288
10339
10359
10047
10081
9871
9936
9913
10005
9960
9999
10002
10078
10326
10434
10313
10603
10572
10881
10767
10921
11058
11226
11481
11475
11783
11787
11847
12149
12115
12307
12501
12434
12857
12696
12753
12480
12830
13151
13047
12955
13164
13084
12987
13155
13368
13214
13131
13328
13114
13214
13004
13142
13123
13230
13156
13284
12999
13016
13136
13107
13052
12951
12899
12749
12563
12129
12098
11844
11496
11161
11075
10776
10536
10449
10377
10061
10321
10235
10135
10103
10205
10292
10530
10685
10463
10804
10989
11209
11489
11583
11595
11820
11943
12177
12082
12351
12691
12740
12717
12957
12974
13016
13018
13158
13225
13055
13261
13184
13220
13422
13235
13127
13359
13196
13548
13181
13086
13412
13350
13418
13303
13219
13317
13038
13372
13495
13114
13015
13151
13171
13100
13108
12998
13049
12901
12949
12737
12779
12598
12236
12064
11707
11535
11097
11206
11140
10924
10637
10774
10845
10970
11024
11290
11482
11833
11810
11979
12377
12432
12662
12764
12708
13058
13300
13102
13007
13345
13157
13305
13210
13041
13283
13425
13152
13522
13435
13151
13295
13271
13140
13321
13011
13310
13298
13181
13180
13080
12913
12975
12939
12596
12567
12520
12170
11544
11589
11484
11184
11206
10995
10852
10805
10824
10957
11005
11216
11176
11665
11842
11956
12155
12743
12607
12733
12960
12879
13114
12959
12958
13189
13112
13354
13300
13236
13208
13270
13409
13289
13316
13391
13383
13405
13419
13314
13332
13381
13473
13184
13456
13268
13298
13384
13381
13031
13215
13003
13013
12939
12756
12837
12525
12589
12360
12583
12185
12082
12015
12016
11838
11592
11482
11098
11043
11040
11059
10673
10650
10611
10593
10542
10197
10297
10134
10002
10150
10396
10495
10596
10718
11027
11152
11653
11952
12232
12250
12579
12480
12780
12800
13112
12980
12918
13223
12941
12907
13047
13173
13136
13167
13152
12838
13063
13154
13215
13027
12968
12905
12921
12829
12918
12792
12849
12545
12766
12537
12545
12289
12358
12221
12228
12080
11897
11886
11580
11461
11615
11498
11144
11134
11040
10898
10830
10668
10522
10355
10244
10230
10384
10333
10139
10156
10047
10096
10029
10106
10105
10009
10080
10182
10325
10570
10447
10766
10993
11224
11259
11745
11673
11805
12106
12335
12637
12581
12772
12929
12846
12988
12979
13106
13217
13033
13436
13391
13531
13355
13306
13397
13338
13418
13528
13096
13599
13400
13398
13522
13616
13390
13505
13381
13366
13364
13664
13253
13516
13631
13466
13414
13599
13352
13495
13511
13492
13532
13500
13511
13356
13667
13309
13618
13585
13556
13410
13653
13597
13473
13493
13361
13609
13522
13504
13498
13511
13542
