13252
13234
13258
13260
13258
13155
13021
13238
13243
13295
13135
13430
13217
13323
13267
13387
13238
13166
13238
13177
13296
12957
12990
13269
13057
13195
13478
13296
13192
13161
13346
13265
13151
12815
13126
13270
13270
13185
13114
13199
13221
13294
13202
13240
13020
13215
12983
13213
13059
12940
12974
12960
12903
13085
12936
12889
12859
12919
12738
12816
12759
12427
12165
11742
11539
11374
10977
10760
10800
10579
10306
10188
10373
10213
10222
9982
9892
9789
9790
10039
9851
9835
10058
9973
10004
10200
10137
10253
10429
10335
10603
10570
10580
11052
10741
10991
11331
11266
11072
11511
11499
11706
11670
11974
12104
12268
12413
12396
12653
12442
12652
12740
12428
12788
12821
12747
12637
12788
13058
12921
13079
12802
12874
12864
13003
12661
13080
12760
12816
12973
12731
12810
12688
12788
12718
12493
12538
12152
11834
11696
11324
11157
10729
10684
10443
10334
10266
10121
10134
10035
10089
10102
10225
10118
10335
10591
10455
10643
10586
11055
11099
11169
11424
11606
11734
11820
11776
12097
12185
12414
12514
12383
12481
12782
12632
12739
12909
12932
12816
12937
12936
13193
12964
12823
13095
13103
13056
13225
13238
12815
12912
12951
13032
12883
12965
12984
13141
12813
13144
13077
12868
12911
12996
12883
12975
12946
12692
12612
12537
12580
12426
12247
11634
11623
11487
10996
10917
10836
10694
10825
10617
10723
10658
10883
10998
11264
11327
11550
11824
12128
12191
12138
12423
12536
12738
12829
12780
12829
12888
12973
12901
12925
13038
13051
13181
12827
13045
13158
12928
12993
13088
13263
13010
13117
13092
12940
13055
12954
12757
12754
12665
12652
12482
12435
12197
12088
11879
11562
11141
11218
10999
10678
10712
10385
10669
10597
10605
11058
11048
11223
11542
11739
11980
12423
12381
12375
12598
12954
12657
12882
12925
12643
12933
12966
12890
13005
12988
13260
13010
13214
13158
13038
13146
13151
13120
13072
13204
13091
12868
12976
12879
13114
12990
13030
13098
12998
12898
12944
12697
12723
12765
12748
12622
12920
12716
12524
12215
12297
12077
12040
11624
11556
11464
11348
11033
10895
10965
10724
10610
10307
10141
10274
10030
10066
9952
10040
10128
10088
10344
10390
10771
10670
10958
11335
11614
11874
11986
12202
12444
12543
12650
12888
12746
12725
12983
12963
13023
12876
12998
13006
12989
12989
13111
13062
12941
13094
12885
12906
12905
12763
12928
12920
12765
12620
12819
12797
12585
12552
12495
12235
12008
12309
11833
11976
11939
11838
11620
11466
11270
11317
11016
11079
10793
10718
10565
10437
10246
10361
10130
10084
9908
9997
9826
9843
9800
9804
9738
9857
9705
9850
10031
9899
10095
10256
10482
10684
10733
11129
11473
11691
11753
12076
12231
12226
12550
12568
12655
12803
12830
13085
13077
12867
13182
13012
12946
13121
13045
13083
13105
13032
13100
12966
13146
13280
12962
13090
13180
13089
13196
13172
13201
13095
13500
13291
13152
13052
13207
13152
13108
13416
13240
13283
13244
13244
13222
13161
13122
13258
13165
13303
13407
12978
13292
13272
13378
13228
13239
13343
13353
13178
13311
13307
13272
13393
13235
13283
13072
13111
13134
13365
13059
13353
13465
13368
13331
13097
13277
13433
13293
13324
13213
13369
13322
13186
13271
13246
13328
13357
13231
13398
13462
13300
13108
13297
13286
13147
13253
13213
13346
13366
13303
13168
13152
13311
13414
13188
13003
13376
13332
13376
13255
13264
13114
13227
13335
13214
13379
13264
13299
13325
13228
13141
13417
13092
13194
13222
13231
13276
13094
13042
13279
13148
13324
13165
13158
13313
13077
13224
13280
13034
13165
13292
13260
13003
12981
13172
13163
13001
13196
13054
12786
13012
12969
12822
12856
12768
12727
12629
12629
12412
12209
11886
11704
11357
11167
10956
10728
10507
10311
10067
10127
10130
9843
9888
9666
9732
9734
9802
9750
9825
9807
9883
10141
10247
10115
10389
10369
10664
10561
10682
10849
11004
11245
11250
11541
11554
11634
11896
11854
12079
12268
12178
12567
12436
12485
12245
12572
12907
12788
12689
12900
12805
12739
12885
13108
12954
12843
13043
12849
12979
12761
12890
12856
12987
12889
13025
12722
12762
12870
12856
12775
12679
12645
12482
12319
11892
11841
11619
11266
10916
10866
10595
10318
10216
10148
9873
10112
10009
9924
9910
10012
10085
10293
10466
10259
10580
10780
11011
11249
11332
11376
11573
11715
11933
11831
12117
12438
12499
12467
12705
12704
12737
12778
12862
12953
12816
13004
12912
12972
13169
12947
12861
13110
12911
13270
12929
12833
13158
13100
13127
13036
12932
13058
12785
13082
13246
12853
12738
12896
12924
12829
12831
12770
12789
12627
12689
12468
12528
12324
11986
11831
11445
11319
10877
10993
10931
10721
10412
10570
10633
10761
10785
11071
11273
11587
11576
11728
12149
12184
12386
12515
12446
12807
13019
12858
12769
13085
12901
13068
12950
12783
13028
13134
12889
13255
13160
12875
13037
13043
12876
13061
12734
13045
13053
12920
12897
12846
12661
12711
12679
12362
12308
12278
11946
11317
11357
11257
10943
10962
10758
10604
10604
10617
10715
10799
11051
10981
11411
11626
11721
11896
12444
12359
12527
12731
12645
12862
12705
12723
12915
12868
13071
13037
12979
12963
12976
13104
13018
13069
13122
13108
13132
13159
13038
13077
13102
13200
12926
13174
13016
13042
13116
13114
12791
12931
12751
12771
12684
12492
12597
12261
12329
12135
12335
11962
11847
11805
11780
11610
11365
11255
10860
10830
10823
10818
10460
10442
10383
10355
10334
10006
10091
9907
9810
9949
10208
10266
10414
10508
10814
10943
11436
11705
11966
11993
12352
12235
12538
12543
12856
12722
12659
12969
12665
12679
12770
12911
12849
12903
12892
12585
12802
12865
12976
12757
12716
12652
12675
12539
12676
12538
12608
12324
12503
12266
12298
12050
12107
11966
11991
11854
11652
11636
11330
11239
11394
11264
10935
10927
10810
10695
10628
10456
10307
10129
10024
10018
10189
10105
9934
9945
9884
9891
9832
9909
9914
9822
9876
9981
10109
10357
10219
10578
10757
10988
11020
11540
11433
11570
11892
12095
12400
12339
12504
12708
12609
12726
12709
12846
12952
12788
13179
13101
13259
13091
13034
13123
13069
13155
13249
12829
13338
13115
13139
13251
13356
13104
13222
13114
13115
13091
13393
12992
13236
13383
13220
13129
13347
13099
13240
13239
13234
13251
13249
13224
13092
13399
13053
13323
13310
13272
13162
13357
13320
13191
13246
13122
13331
13271
13255
13257
13222
13289
