9354
9288
9382
9379
9367
9216
9125
9349
9316
9390
9301
9375
9337
9357
9286
9380
9346
9174
9374
9206
9269
9178
9150
9369
9215
9222
9615
9326
9218
9292
9457
9338
9211
8943
9307
9360
9363
9236
9272
9272
9286
9415
9328
9315
9066
9304
9080
9215
9189
9114
9148
9188
9064
9191
9072
9048
8955
9111
8956
9020
9048
8683
8515
8316
8153
7921
7725
7640
7489
7396
7262
7105
7305
7189
7244
7012
6979
6919
6852
7045
6966
6991
7112
7042
7021
7179
7102
7196
7305
7278
7461
7526
7447
7773
7545
7747
7892
7962
7926
8158
8137
8216
8215
8389
8562
8687
8779
8728
8992
8730
8888
8938
8716
9047
8894
9004
8853
8980
9226
9126
9297
9041
8999
9153
9123
8867
9291
9067
8883
9096
8900
8936
8999
8959
9023
8809
8823
8584
8267
8260
7975
7873
7541
7589
7323
7195
7197
7153
6998
6989
7145
7146
7191
7087
7319
7470
7426
7488
7487
7781
7845
7857
8042
8187
8291
8395
8337
8542
8659
8699
8820
8770
8755
8992
8929
9043
9047
9211
9059
9168
9059
9323
9134
8986
9258
9237
9176
9317
9331
9057
9054
9115
9025
9015
9073
9094
9291
8969
9188
9184
9027
9191
9200
9027
9212
9187
8966
8893
8804
8899
8706
8533
8231
8150
8065
7707
7671
7594
7472
7627
7470
7590
7546
7635
7754
7885
7990
8148
8304
8508
8636
8561
8819
8891
8975
9058
8930
8920
9152
9108
9127
9027
9184
9218
9250
9040
9160
9296
9105
9159
9262
9437
9127
9210
9170
9138
9204
9079
9055
9016
8927
8967
8791
8710
8551
8465
8375
8187
7936
7853
7661
7484
7460
7363
7501
7473
7484
7807
7826
7911
8101
8249
8513
8693
8712
8718
8867
9106
8906
9072
9128
8938
9089
9093
9070
9204
9189
9265
9190
9330
9227
9152
9240
9260
9216
9152
9362
9299
9083
9214
9119
9210
9144
9175
9256
9156
9067
9115
8965
8998
9037
9047
8890
9087
8896
8834
8653
8645
8600
8512
8167
8188
8072
7909
7856
7681
7802
7571
7461
7250
7154
7264
7122
7058
6994
7086
7103
7138
7262
7313
7511
7440
7701
7939
8172
8292
8459
8553
8754
8819
8878
9077
8962
8984
9080
9054
9195
9061
9116
9094
9079
9138
9217
9224
9231
9130
9029
9101
9078
8989
9090
9118
9091
8897
9008
9090
8886
8841
8768
8569
8483
8698
8293
8396
8351
8325
8125
8017
7963
7956
7735
7846
7598
7506
7347
7400
7242
7324
7050
7131
6999
7013
6888
6921
6843
6959
6908
6968
6832
6906
7049
6967
7016
7187
7370
7467
7524
7802
8071
8222
8311
8471
8630
8648
8797
8880
8904
9049
8996
9211
9240
9122
9268
9126
9127
9284
9178
9192
9228
9166
9232
9009
9273
9351
9143
9102
9239
9279
9141
9301
9268
9207
9562
9393
9269
9186
9179
9268
9265
9474
9190
9347
9347
9355
9345
9216
9270
9431
9223
9326
9420
9120
9329
9345
9399
9327
9290
9493
9435
9270
9378
9316
9275
9393
9274
9343
9160
9281
9151
9429
9176
9432
9513
9479
9405
9258
9402
9381
9280
9319
9286
9425
9379
9320
9299
9296
9329
9376
9358
9417
9538
9452
9165
9355
9298
9347
9354
9248
9367
9421
9396
9212
9307
9370
9419
9288
9236
9554
9381
9434
9326
9318
9290
9194
9372
9388
9484
9396
9348
9339
9313
9252
9439
9229
9301
9238
9304
9374
9025
9201
9284
9253
9381
9295
9250
9404
9252
9397
9361
9225
9237
9413
9400
9096
9135
9193
9205
9184
9308
9229
9082
9147
9045
9064
9038
8931
8942
8854
8903
8698
8673
8389
8262
8058
7882
7702
7498
7420
7225
7122
7132
7145
6991
6980
6851
6872
6824
6839
6898
6962
6856
6985
7170
7259
7089
7364
7265
7542
7462
7429
7561
7780
7967
8002
8156
8113
8161
8357
8393
8546
8589
8583
8848
8789
8778
8567
8851
9157
9001
8989
9082
8940
8975
9053
9246
9177
8960
9237
9099
9132
8897
9093
9108
9067
9102
9164
8946
9005
9054
8994
9018
8940
8921
8733
8710
8388
8280
8141
7993
7704
7650
7468
7279
7259
7110
6934
7170
7037
6985
6965
7061
7140
7182
7428
7193
7446
7579
7786
7830
8030
8075
8127
8275
8357
8302
8571
8808
8762
8705
8930
8853
8978
8996
9021
9119
9087
9209
9139
9130
9264
9222
9007
9155
9114
9365
9145
8995
9282
9253
9233
9100
9108
9281
9028
9361
9357
9186
8989
9094
9124
9049
8949
8926
8974
8881
8931
8787
8767
8603
8482
8328
7975
7930
7735
7789
7724
7593
7296
7421
7439
7591
7545
7812
7913
8215
8181
8336
8646
8475
8647
8763
8812
9060
9168
9005
8949
9168
9153
9175
9013
8934
9216
9178
9066
9329
9202
9063
9115
9110
9020
9195
8897
9174
9222
9149
9086
8985
8948
8977
8917
8652
8690
8561
8428
8017
7982
7898
7726
7720
7555
7497
7486
7500
7548
7619
7784
7767
8038
8176
8253
8405
8720
8679
8754
8935
8905
9083
8927
8931
9053
9069
9258
9169
9172
9084
9148
9281
9109
9208
9271
9216
9181
9252
9218
9157
9187
9423
9122
9254
9096
9175
9137
9230
9014
9114
8906
8983
8932
8784
8908
8625
8701
8576
8636
8459
8421
8256
8316
8146
8058
7935
7640
7628
7621
7604
7364
7356
7286
7340
7214
7017
7144
6973
6892
6971
7253
7191
7303
7435
7635
7771
8040
8257
8360
8320
8656
8626
8777
8738
9112
9022
8974
9099
8965
8904
8955
9059
9096
9084
9074
8896
9022
9000
9173
9009
8991
8926
9018
8892
8932
8812
8959
8711
8821
8540
8577
8459
8516
8504
8458
8350
8229
8211
8002
7893
8063
7937
7746
7727
7697
7490
7508
7335
7261
7098
7034
7077
7179
7151
7037
6961
6943
6972
6903
6966
6893
6852
6958
7010
7100
7231
7237
7409
7572
7749
7688
8081
8006
8133
8383
8458
8758
8623
8809
8959
8904
8863
8865
9079
9130
9045
9260
9247
9388
9221
9161
9231
9249
9316
9418
9063
9430
9287
9215
9299
9454
9237
9316
9308
9164
9238
9382
9162
9292
9309
9239
9271
9483
9270
9281
9335
9351
9383
9365
9290
9273
9330
9260
9349
9434
9335
9246
9440
9402
9350
9282
9204
9463
9310
9306
9409
9293
9375
