10383
10335
10400
10393
10406
10314
10205
10377
10345
10387
10302
10442
10379
10373
10357
10456
10381
10206
10415
10263
10341
10163
10186
10414
10218
10309
10644
10405
10305
10290
10489
10382
10253
9951
10296
10411
10386
10286
10316
10312
10372
10425
10347
10344
10145
10306
10129
10232
10254
10159
10136
10186
10072
10195
10102
10058
9994
10160
10027
10035
10045
9705
9533
9233
9040
8826
8601
8469
8382
8258
8109
7936
8133
7997
8018
7794
7790
7720
7607
7848
7727
7751
7897
7862
7814
8000
7891
8012
8170
8143
8327
8367
8264
8653
8381
8621
8833
8825
8776
9059
9057
9183
9155
9333
9537
9576
9752
9727
9977
9675
9882
9948
9718
10030
9919
10021
9863
10011
10263
10144
10292
10068
10010
10109
10187
9871
10287
10051
9945
10150
9922
9964
9962
10015
10037
9755
9837
9541
9223
9171
8891
8751
8402
8369
8143
8045
8002
7914
7809
7826
7889
7961
7964
7857
8086
8303
8225
8337
8296
8672
8715
8720
8952
9094
9216
9311
9271
9422
9608
9708
9759
9754
9757
9973
9961
10008
10055
10227
10018
10171
10051
10343
10140
9986
10284
10266
10236
10368
10402
10023
10037
10093
10114
10019
10075
10118
10283
9989
10238
10190
10069
10191
10230
10021
10205
10148
9945
9859
9799
9866
9674
9542
9145
9074
8964
8565
8513
8451
8306
8471
8300
8427
8367
8462
8629
8796
8827
9041
9260
9471
9575
9486
9782
9853
9926
10064
9959
10001
10138
10146
10141
10025
10200
10297
10286
10089
10202
10341
10120
10135
10287
10431
10167
10240
10193
10160
10211
10100
10015
10047
9881
9951
9750
9687
9467
9431
9276
9071
8804
8786
8513
8339
8368
8160
8326
8330
8296
8671
8649
8775
9006
9147
9385
9645
9697
9676
9879
10125
9905
10104
10156
9962
10139
10111
10128
10216
10216
10303
10179
10383
10234
10200
10283
10264
10191
10184
10383
10341
10118
10144
10096
10273
10167
10203
10262
10145
10105
10158
9953
9994
10061
10009
9851
10116
9949
9868
9595
9595
9538
9435
9101
9101
8987
8833
8692
8616
8686
8393
8321
8087
7955
8048
7853
7850
7787
7852
7888
7894
8105
8088
8374
8318
8567
8854
9062
9209
9414
9515
9754
9814
9867
10086
9955
10004
10110
10125
10153
10053
10134
10071
10076
10112
10252
10262
10261
10232
10068
10141
10089
10027
10137
10097
10064
9871
9989
10112
9859
9827
9730
9565
9362
9676
9292
9340
9302
9276
9103
8941
8811
8831
8589
8722
8471
8357
8239
8251
8057
8165
7881
7921
7814
7775
7650
7694
7659
7740
7637
7783
7597
7721
7821
7756
7825
8050
8195
8321
8351
8710
8953
9131
9201
9422
9614
9605
9790
9900
9867
10021
9970
10264
10242
10119
10312
10140
10150
10309
10204
10243
10317
10200
10229
10076
10332
10391
10174
10190
10287
10270
10257
10326
10314
10242
10631
10409
10280
10237
10323
10303
10276
10558
10264
10404
10421
10375
10367
10266
10248
10514
10275
10400
10528
10126
10414
10411
10486
10410
10372
10549
10491
10288
10413
10377
10359
10482
10313
10403
10155
10305
10193
10474
10228
10503
10601
10547
10453
10283
10427
10456
10395
10342
10337
10460
10466
10350
10389
10336
10392
10415
10412
10518
10575
10473
10193
10411
10372
10323
10446
10304
10455
10507
10404
10222
10321
10428
10495
10332
10226
10579
10438
10475
10388
10377
10264
10232
10448
10426
10499
10460
10375
10370
10365
10312
10506
10273
10298
10306
10356
10356
10118
10207
10325
10281
10443
10319
10329
10443
10235
10410
10404
10254
10252
10389
10431
10128
10147
10284
10236
10165
10340
10213
10082
10194
10076
10102
10037
9951
9986
9863
9901
9733
9627
9315
9150
8950
8748
8607
8279
8240
8085
7897
7936
8008
7692
7769
7583
7606
7599
7637
7688
7729
7664
7766
7971
8046
7871
8171
8079
8368
8283
8292
8429
8627
8833
8854
9079
9049
9100
9306
9343
9485
9584
9534
9865
9736
9736
9524
9842
10135
10014
9985
10154
9964
9966
10065
10287
10223
10016
10221
10071
10188
9908
10109
10083
10131
10115
10152
9967
9981
10066
9975
10010
9927
9890
9744
9659
9328
9273
9103
8905
8602
8477
8287
8050
8067
7940
7728
7898
7812
7783
7758
7820
7891
8005
8253
7996
8307
8453
8636
8794
8892
8930
9047
9221
9335
9254
9523
9781
9808
9681
9914
9858
9986
9967
10103
10129
10079
10229
10203
10136
10299
10212
10041
10224
10134
10447
10135
10013
10275
10291
10303
10152
10140
10293
10002
10356
10372
10172
10003
10140
10161
10052
9948
9970
9964
9892
9912
9769
9801
9613
9416
9236
8882
8843
8597
8644
8595
8418
8100
8239
8257
8468
8392
8672
8807
9092
9078
9233
9569
9415
9641
9790
9743
10037
10197
10054
9918
10267
10178
10200
10057
9923
10197
10210
10093
10374
10272
10088
10196
10147
10081
10227
9911
10217
10310
10157
10132
10010
9953
9935
9895
9646
9611
9524
9420
8863
8854
8819
8591
8608
8408
8287
8341
8277
8407
8473
8662
8611
8940
9086
9142
9311
9697
9663
9774
9971
9927
10075
9907
9908
10121
10151
10307
10136
10148
10112
10159
10307
10178
10252
10252
10229
10235
10324
10149
10170
10215
10485
10134
10352
10134
10201
10186
10263
10022
10156
9912
9999
9922
9779
9877
9552
9692
9513
9633
9403
9358
9222
9260
9054
8970
8825
8509
8481
8479
8420
8173
8212
8093
8177
8051
7801
7926
7815
7691
7754
7983
8015
8124
8256
8477
8627
8932
9192
9314
9257
9673
9576
9743
9771
10082
10007
9958
10093
9958
9929
9960
10078
10080
10091
10075
9876
10019
10007
10186
9995
9950
9883
9994
9892
9926
9828
9891
9696
9759
9486
9531
9392
9467
9409
9422
9291
9140
9134
8853
8751
8974
8799
8540
8571
8527
8337
8306
8225
8088
7890
7855
7878
8015
7950
7823
7761
7741
7709
7644
7777
7733
7631
7747
7833
7897
8067
8018
8252
8439
8596
8561
8986
8894
9009
9312
9436
9682
9624
9755
9967
9861
9908
9822
10104
10115
10092
10287
10266
10394
10271
10188
10280
10288
10332
10426
10096
10475
10254
10264
10361
10503
10248
10350
10330
10162
10264
10409
10146
10268
10445
10292
10351
10483
10301
10302
10348
10360
10429
10439
10308
10303
10374
10298
10442
10464
10346
10295
10461
10439
10342
10374
10236
10511
10347
10291
10430
10310
10355
