11934
11868
11997
11938
11936
11855
11729
11932
11946
11934
11834
12045
11836
12004
11935
12020
11919
11865
11925
11807
11950
11670
11774
11936
11807
11885
12207
11998
11851
11791
12054
11952
11824
11565
11806
12000
11953
11880
11846
11882
11898
11976
11914
11864
11705
11865
11676
11861
11730
11648
11726
11695
11636
11788
11648
11597
11558
11682
11473
11554
11542
11165
10994
10556
10440
10230
9876
9735
9707
9544
9290
9176
9340
9216
9188
9023
8942
8798
8800
9095
8876
8861
9045
9026
9028
9237
9072
9240
9356
9325
9561
9590
9477
9942
9659
9910
10202
10135
10024
10418
10403
10553
10557
10734
10913
11013
11220
11182
11511
11162
11398
11468
11203
11506
11500
11483
11340
11524
11800
11657
11817
11535
11576
11559
11782
11395
11797
11556
11516
11652
11478
11503
11434
11533
11499
11283
11327
10925
10603
10545
10185
10007
9685
9643
9394
9336
9206
9092
9119
8997
9093
9125
9230
9099
9282
9555
9455
9610
9544
9965
10008
10023
10291
10504
10598
10658
10609
10830
11003
11174
11237
11145
11240
11536
11414
11485
11630
11745
11544
11676
11627
11904
11660
11554
11811
11791
11817
11954
11966
11553
11640
11642
11677
11591
11688
11623
11832
11556
11802
11715
11608
11681
11815
11587
11677
11731
11423
11326
11293
11339
11172
11004
10500
10453
10303
9901
9759
9778
9593
9729
9585
9661
9599
9737
9915
10114
10177
10400
10612
10946
11019
10906
11209
11308
11401
11537
11507
11495
11589
11693
11587
11597
11728
11780
11889
11590
11759
11865
11615
11688
11839
11992
11679
11823
11758
11619
11758
11633
11504
11535
11400
11422
11276
11180
10957
10857
10683
10431
10096
10098
9873
9574
9667
9407
9534
9578
9559
9958
9986
10095
10378
10538
10786
11173
11172
11138
11369
11676
11386
11623
11626
11402
11662
11600
11696
11721
11732
11923
11723
11965
11827
11755
11889
11792
11782
11772
11907
11861
11595
11715
11642
11798
11739
11703
11821
11689
11640
11686
11406
11436
11492
11503
11324
11617
11476
11330
10993
11059
10941
10838
10490
10426
10322
10193
9955
9865
9953
9642
9550
9296
9126
9237
9076
9081
8977
9060
9152
9067
9271
9365
9678
9584
9874
10242
10410
10668
10807
10988
11208
11284
11391
11627
11431
11448
11629
11678
11684
11578
11631
11650
11655
11705
11795
11840
11692
11800
11596
11611
11605
11506
11692
11624
11497
11365
11508
11589
11317
11316
11256
11024
10852
11121
10695
10781
10739
10617
10474
10305
10175
10173
9915
10013
9705
9635
9521
9467
9275
9342
9101
9114
8960
8988
8847
8867
8837
8864
8775
8891
8741
8873
9045
8903
9050
9225
9445
9615
9685
10028
10346
10531
10620
10876
11012
11015
11264
11351
11371
11547
11510
11831
11787
11668
11907
11690
11670
11860
11734
11827
11762
11708
11819
11638
11824
11946
11716
11761
11858
11822
11885
11899
11880
11811
12188
11935
11888
11784
11924
11838
11853
12132
11878
11972
11990
11923
11940
11836
11793
12013
11825
11950
12123
11652
11971
11975
12067
11957
11908
12092
12076
11837
12012
12016
11912
12022
11900
11961
11714
11811
11767
12066
11744
12015
12155
12064
12065
11796
11990
12080
11985
11965
11879
12047
11976
11905
11923
11930
11975
12033
11906
12072
12112
11990
11775
11954
11951
11862
11984
11920
12033
12070
11991
11854
11863
11974
12049
11859
11731
12083
12010
12061
11946
11872
11849
11858
12055
11930
12040
12020
11905
11960
11902
11823
12107
11784
11897
11875
11890
11937
11728
11735
11960
11814
11975
11852
11852
12003
11756
11965
12002
11780
11837
11941
11963
11713
11718
11868
11842
11693
11900
11763
11582
11719
11633
11649
11588
11506
11485
11371
11406
11237
11059
10744
10541
10297
10094
9866
9613
9504
9298
9054
9143
9166
8907
8914
8730
8770
8730
8818
8818
8899
8874
8955
9129
9248
9093
9380
9384
9644
9510
9608
9705
9963
10148
10170
10414
10438
10483
10707
10712
10860
11039
10979
11338
11222
11196
11011
11326
11593
11564
11456
11637
11542
11461
11589
11791
11712
11583
11772
11570
11680
11510
11592
11532
11708
11684
11691
11441
11473
11547
11509
11484
11451
11397
11257
11123
10738
10682
10461
10172
9809
9798
9571
9278
9213
9131
8904
9091
9016
8935
8953
9019
9116
9258
9496
9216
9537
9692
9940
10115
10195
10192
10402
10557
10707
10637
10921
11228
11270
11241
11451
11418
11511
11499
11599
11661
11564
11691
11716
11691
11873
11647
11578
11812
11666
11964
11626
11535
11854
11819
11855
11717
11665
11840
11512
11839
11966
11628
11500
11663
11719
11542
11508
11501
11536
11359
11359
11244
11263
11082
10844
10656
10292
10148
9837
9922
9838
9672
9376
9538
9520
9732
9684
9973
10161
10457
10437
10564
10986
10922
11193
11305
11229
11579
11785
11594
11476
11843
11662
11782
11593
11489
11755
11787
11592
11890
11840
11606
11730
11758
11602
11787
11450
11744
11788
11727
11613
11548
11438
11433
11442
11144
11075
10978
10776
10199
10204
10143
9871
9894
9645
9550
9555
9538
9736
9724
9960
9913
10307
10517
10532
10744
11177
11140
11302
11470
11387
11556
11427
11425
11628
11624
11851
11695
11685
11646
11697
11763
11706
11765
11818
11790
11803
11860
11700
11764
11806
12005
11659
11847
11691
11704
11855
11805
11521
11642
11463
11511
11449
11277
11365
11031
11111
10886
11082
10805
10664
10591
10627
10449
10296
10085
9791
9784
9739
9690
9413
9404
9339
9353
9292
9008
9102
8983
8842
8917
9194
9278
9372
9454
9737
9861
10296
10574
10741
10739
11155
11084
11302
11307
11616
11462
11438
11650
11395
11421
11500
11595
11590
11619
11604
11324
11512
11576
11682
11494
11458
11370
11382
11336
11427
11295
11356
11121
11257
11022
11066
10865
10937
10817
10793
10715
10514
10500
10228
10093
10257
10140
9807
9805
9806
9601
9579
9432
9308
9110
9030
9061
9183
9156
8977
8975
8911
8892
8890
8947
8933
8830
8892
9025
9101
9347
9174
9495
9676
9909
9877
10366
10303
10451
10722
10863
11129
11107
11256
11457
11362
11443
11368
11631
11652
11569
11886
11848
11995
11796
11713
11835
11802
11901
11971
11594
12018
11790
11813
11932
12044
11809
11879
11856
11795
11803
11994
11633
11854
12043
11893
11840
12109
11802
11883
11891
11893
11972
11982
11902
11798
12023
11800
12056
12003
11927
11855
12058
12015
11878
11988
11837
11997
11954
11924
11952
11862
11945
