1581
1601
1554
1589
1580
1558
1571
1570
1620
1633
1678
1658
1615
1594
1556
1569
1664
1594
1638
1574
1588
1575
1524
1592
1563
1605
1640
1583
1607
1552
1582
1656
1585
1505
1555
1603
1587
1600
1634
1590
1612
1608
1573
1633
1599
1561
1553
1560
1555
1552
1537
1536
1546
1592
1521
1609
1516
1621
1498
1521
1527
1493
1520
1388
1395
1357
1307
1334
1237
1234
1239
1211
1278
1206
1207
1197
1160
1177
1172
1163
1167
1207
1200
1285
1198
1266
1224
1233
1241
1257
1294
1331
1306
1302
1309
1320
1368
1357
1344
1416
1419
1445
1419
1430
1424
1459
1497
1537
1531
1525
1502
1489
1495
1516
1486
1572
1568
1550
1632
1608
1531
1584
1507
1556
1583
1515
1665
1535
1518
1542
1559
1501
1532
1535
1588
1479
1487
1484
1487
1487
1380
1308
1307
1310
1299
1226
1246
1187
1212
1233
1234
1242
1210
1202
1281
1288
1258
1278
1302
1296
1373
1335
1346
1348
1430
1419
1444
1450
1471
1473
1474
1529
1492
1495
1512
1576
1600
1572
1575
1527
1567
1629
1605
1500
1635
1599
1638
1592
1537
1479
1568
1574
1546
1557
1567
1603
1567
1589
1560
1560
1511
1558
1545
1587
1570
1561
1551
1482
1535
1487
1467
1411
1423
1383
1410
1324
1336
1342
1258
1341
1259
1323
1341
1290
1311
1344
1403
1432
1395
1479
1477
1458
1454
1499
1508
1614
1541
1528
1583
1501
1544
1543
1600
1539
1580
1500
1576
1644
1566
1555
1545
1615
1608
1616
1601
1556
1612
1515
1555
1520
1539
1495
1462
1525
1489
1512
1385
1371
1335
1323
1252
1274
1293
1282
1246
1304
1287
1387
1410
1390
1365
1423
1464
1506
1498
1487
1544
1538
1479
1506
1577
1526
1589
1544
1541
1587
1573
1621
1543
1672
1619
1628
1609
1564
1516
1629
1649
1545
1566
1564
1582
1582
1589
1558
1672
1599
1554
1552
1562
1565
1498
1521
1513
1514
1524
1564
1498
1421
1498
1416
1404
1442
1314
1301
1336
1348
1315
1340
1272
1244
1218
1248
1226
1257
1200
1174
1222
1228
1303
1252
1263
1258
1329
1394
1367
1430
1441
1477
1543
1447
1518
1577
1552
1512
1517
1509
1566
1532
1622
1610
1543
1536
1640
1596
1538
1532
1591
1559
1578
1523
1585
1568
1525
1548
1592
1530
1547
1511
1491
1505
1453
1537
1356
1423
1387
1418
1369
1384
1341
1407
1413
1363
1287
1280
1300
1281
1254
1236
1111
1250
1221
1175
1194
1168
1197
1196
1145
1217
1175
1160
1224
1209
1209
1268
1266
1274
1331
1301
1373
1393
1450
1454
1459
1504
1522
1516
1588
1497
1475
1595
1624
1491
1554
1618
1596
1671
1558
1534
1562
1571
1574
1551
1566
1640
1566
1564
1582
1636
1598
1603
1545
1609
1594
1646
1586
1578
1549
1579
1575
1619
1574
1594
1579
1662
1651
1573
1597
1567
1582
1641
1570
1593
1616
1623
1597
1646
1567
1626
1629
1564
1550
1604
1553
1585
1612
1614
1517
1527
1595
1675
1582
1566
1668
1647
1664
1606
1561
1604
1611
1632
1592
1596
1599
1596
1641
1597
1633
1664
1550
1641
1633
1611
1608
1641
1572
1613
1521
1702
1627
1632
1600
1596
1623
1635
1635
1608
1490
1563
1640
1608
1601
1635
1600
1583
1642
1657
1616
1625
1596
1646
1597
1554
1664
1648
1572
1564
1592
1609
1571
1594
1655
1555
1579
1617
1570
1644
1546
1594
1576
1550
1606
1556
1635
1562
1603
1595
1476
1598
1593
1583
1546
1622
1573
1547
1609
1449
1531
1565
1521
1464
1465
1480
1413
1389
1318
1321
1338
1242
1270
1205
1194
1290
1237
1178
1172
1210
1121
1106
1103
1186
1146
1151
1215
1263
1280
1272
1254
1306
1296
1266
1300
1358
1345
1386
1348
1416
1357
1410
1463
1491
1525
1512
1541
1484
1539
1423
1555
1592
1508
1592
1562
1494
1581
1551
1608
1586
1483
1512
1586
1576
1431
1573
1523
1541
1577
1543
1578
1552
1495
1520
1533
1436
1470
1499
1463
1449
1397
1384
1384
1277
1311
1336
1254
1277
1279
1174
1197
1252
1228
1176
1174
1194
1215
1235
1262
1318
1343
1358
1370
1365
1406
1404
1460
1452
1429
1463
1466
1521
1465
1574
1512
1579
1502
1578
1544
1538
1579
1623
1506
1612
1493
1584
1550
1511
1677
1568
1613
1701
1663
1624
1515
1584
1619
1558
1617
1625
1595
1547
1551
1628
1513
1542
1548
1498
1543
1509
1507
1473
1483
1516
1410
1401
1304
1275
1356
1315
1297
1257
1241
1321
1298
1352
1310
1321
1356
1398
1441
1522
1487
1428
1469
1501
1516
1531
1519
1503
1546
1603
1511
1547
1516
1572
1538
1493
1566
1576
1513
1525
1620
1493
1612
1532
1539
1490
1534
1547
1542
1536
1521
1477
1475
1490
1487
1407
1354
1350
1343
1296
1408
1277
1283
1294
1263
1275
1346
1336
1364
1334
1365
1404
1507
1483
1471
1512
1494
1481
1590
1522
1530
1570
1513
1545
1576
1598
1529
1551
1592
1521
1580
1569
1580
1563
1547
1593
1636
1522
1583
1555
1625
1519
1474
1493
1576
1577
1557
1585
1535
1558
1511
1507
1447
1516
1493
1484
1464
1359
1374
1462
1420
1441
1351
1298
1382
1299
1301
1320
1283
1206
1318
1217
1256
1201
1136
1198
1206
1250
1274
1253
1333
1366
1369
1385
1432
1471
1408
1499
1486
1536
1532
1521
1565
1597
1527
1527
1510
1508
1618
1582
1554
1543
1509
1552
1585
1513
1548
1554
1554
1544
1546
1485
1457
1577
1445
1510
1484
1437
1458
1470
1422
1442
1411
1416
1442
1347
1318
1432
1350
1389
1296
1298
1202
1271
1324
1270
1225
1245
1227
1198
1208
1251
1204
1154
1170
1203
1158
1205
1163
1245
1180
1214
1228
1231
1213
1313
1360
1318
1344
1386
1390
1422
1424
1519
1486
1540
1565
1511
1515
1472
1589
1543
1576
1628
1649
1582
1613
1538
1581
1591
1557
1659
1507
1583
1592
1570
1565
1604
1540
1608
1543
1557
1546
1561
1515
1541
1578
1580
1528
1560
1574
1599
1545
1614
1580
1540
1630
1603
1647
1613
1583
1649
1601
1621
1634
1700
1666
1602
1591
1610
1528
1613
1615
1578
1534
