2515
2531
2541
2509
2480
2507
2468
2505
2544
2592
2579
2607
2562
2538
2448
2608
2554
2549
2555
2477
2489
2523
2412
2523
2476
2507
2594
2576
2527
2487
2548
2602
2504
2373
2514
2548
2508
2508
2543
2447
2561
2566
2510
2619
2535
2510
2438
2481
2456
2499
2479
2509
2483
2503
2419
2475
2448
2519
2390
2379
2431
2377
2340
2225
2176
2169
2066
2094
1957
2019
1933
1953
2007
1920
1933
1878
1891
1873
1837
1854
1854
1911
1884
1942
1895
1999
1897
1960
1969
1945
2026
2026
2065
2072
2057
2074
2167
2183
2152
2221
2199
2272
2224
2264
2290
2356
2373
2415
2428
2390
2438
2335
2363
2392
2409
2425
2445
2471
2539
2442
2429
2468
2398
2459
2474
2412
2566
2432
2383
2463
2483
2381
2419
2391
2509
2410
2413
2358
2287
2291
2224
2119
2050
2100
2035
1948
1934
1876
1943
1909
1944
1952
1948
1938
1978
2006
1954
2006
2044
2050
2154
2156
2161
2152
2252
2251
2270
2307
2327
2343
2359
2421
2385
2435
2392
2514
2552
2499
2527
2458
2494
2540
2509
2399
2589
2544
2589
2509
2506
2421
2469
2484
2427
2444
2486
2545
2480
2485
2479
2474
2429
2484
2469
2498
2512
2491
2454
2404
2429
2375
2320
2228
2266
2198
2197
2095
2124
2150
2018
2057
1984
2088
2063
2036
2054
2133
2185
2210
2257
2319
2352
2300
2364
2356
2425
2466
2444
2386
2477
2409
2476
2436
2457
2494
2542
2438
2437
2527
2439
2453
2488
2561
2544
2534
2510
2462
2533
2423
2473
2424
2450
2365
2375
2466
2385
2378
2214
2192
2110
2083
2033
2039
2036
2006
1978
2074
2039
2170
2209
2202
2146
2235
2364
2338
2353
2336
2490
2433
2345
2427
2487
2451
2501
2466
2455
2481
2470
2505
2453
2582
2530
2557
2545
2496
2436
2553
2613
2477
2493
2535
2510
2468
2466
2503
2548
2512
2447
2455
2456
2426
2433
2461
2389
2431
2394
2432
2360
2327
2387
2247
2263
2264
2088
2090
2109
2141
2114
2094
2024
1972
1932
2004
1960
1992
1893
1869
1929
1914
2034
1983
2008
2030
2136
2156
2233
2235
2287
2335
2416
2335
2399
2506
2465
2433
2432
2434
2448
2415
2495
2513
2430
2447
2522
2529
2458
2444
2492
2464
2466
2469
2515
2515
2460
2458
2518
2432
2403
2423
2427
2415
2214
2411
2184
2304
2196
2218
2188
2204
2180
2219
2159
2163
2060
2070
1994
2014
1944
1969
1816
1920
1905
1852
1868
1907
1829
1867
1853
1913
1849
1860
1896
1869
1889
2020
2030
1997
2088
2065
2178
2239
2270
2328
2321
2399
2385
2370
2469
2433
2370
2496
2492
2381
2465
2525
2550
2574
2486
2450
2506
2480
2474
2403
2460
2600
2480
2470
2498
2593
2508
2523
2523
2515
2561
2607
2528
2584
2453
2463
2541
2542
2501
2570
2495
2663
2532
2534
2479
2517
2526
2558
2526
2437
2595
2541
2494
2548
2459
2616
2558
2516
2515
2509
2482
2554
2553
2544
2471
2479
2540
2634
2476
2492
2640
2604
2606
2529
2514
2535
2588
2544
2516
2534
2528
2506
2595
2545
2580
2555
2515
2607
2569
2508
2566
2565
2455
2521
2473
2605
2519
2580
2538
2495
2547
2567
2598
2500
2453
2521
2575
2542
2524
2590
2486
2515
2596
2594
2596
2567
2550
2598
2550
2494
2619
2549
2511
2503
2551
2538
2500
2517
2593
2442
2506
2542
2482
2591
2441
2505
2511
2483
2533
2509
2530
2477
2547
2481
2429
2538
2473
2482
2442
2542
2495
2453
2528
2386
2477
2459
2422
2326
2335
2344
2254
2153
2154
2104
2026
1981
1973
1918
1883
1978
1904
1884
1833
1880
1821
1806
1801
1911
1837
1848
1941
1967
1974
2047
2013
2068
2099
2005
2081
2127
2171
2210
2152
2241
2193
2248
2297
2321
2365
2360
2430
2340
2375
2288
2433
2506
2411
2434
2477
2397
2426
2465
2509
2485
2344
2458
2488
2415
2296
2449
2439
2390
2470
2527
2516
2475
2395
2436
2489
2363
2375
2381
2288
2279
2234
2182
2190
2084
2074
2072
1953
2019
1964
1841
1908
1947
1951
1883
1861
1911
1933
2005
1964
2085
2124
2127
2144
2199
2207
2237
2260
2302
2251
2343
2367
2379
2342
2466
2386
2505
2428
2427
2499
2481
2524
2549
2464
2516
2413
2531
2469
2388
2595
2486
2540
2618
2601
2536
2390
2506
2508
2512
2566
2573
2470
2449
2459
2572
2428
2410
2477
2400
2436
2399
2378
2417
2334
2332
2255
2175
2091
2092
2102
2102
2056
2005
2001
2034
2037
2100
2108
2127
2172
2248
2273
2411
2313
2303
2396
2353
2449
2485
2410
2386
2512
2525
2408
2452
2387
2502
2443
2355
2504
2456
2459
2443
2527
2422
2541
2421
2508
2443
2429
2454
2403
2422
2445
2301
2304
2341
2349
2245
2199
2134
2149
2120
2173
2028
2007
2058
2029
2030
2129
2120
2134
2121
2206
2182
2341
2330
2347
2416
2393
2346
2490
2491
2396
2425
2490
2450
2511
2498
2440
2475
2517
2478
2531
2477
2502
2525
2551
2486
2571
2456
2507
2459
2553
2457
2353
2384
2493
2489
2488
2476
2422
2463
2398
2399
2357
2397
2358
2375
2320
2172
2213
2294
2196
2195
2155
2096
2137
2053
2067
2032
2022
1959
1994
1933
1944
1923
1829
1887
1854
1994
1967
1981
2071
2148
2155
2188
2258
2314
2226
2366
2363
2385
2451
2436
2525
2488
2451
2472
2437
2349
2502
2447
2454
2462
2418
2412
2504
2459
2466
2452
2426
2388
2368
2412
2324
2456
2337
2417
2342
2272
2277
2329
2288
2249
2255
2241
2296
2166
2132
2243
2150
2141
2085
2061
1999
2015
2072
2007
1958
1936
1887
1919
1973
1933
1934
1830
1885
1876
1811
1909
1833
1936
1883
1924
1960
1962
1952
2068
2127
2106
2176
2182
2222
2212
2263
2408
2361
2432
2410
2417
2441
2342
2489
2486
2484
2576
2585
2522
2574
2459
2447
2507
2496
2625
2409
2505
2515
2509
2525
2536
2481
2544
2454
2429
2420
2529
2435
2470
2516
2494
2433
2541
2537
2470
2483
2600
2525
2517
2590
2513
2578
2554
2549
2552
2540
2567
2562
2651
2648
2507
2485
2515
2503
2551
2519
2515
2497
