16143
16173
16111
16181
16109
16028
15922
16163
16213
16178
16068
16256
16041
16206
16066
16264
16114
16014
16069
16099
16110
15821
15962
16135
16014
16029
16418
16180
16062
15991
16228
16066
16037
15769
16101
16089
16226
16007
16019
16019
16037
16182
16164
16076
15841
16132
15820
16035
16021
15826
15749
15726
15761
15861
15822
15634
15638
15707
15539
15662
15489
15127
14799
14330
14108
13888
13460
13140
13111
12861
12632
12446
12536
12367
12412
12210
12112
11931
12021
12278
12015
11994
12205
12128
12245
12331
12350
12556
12679
12570
12904
12832
12875
13429
13117
13418
13819
13832
13512
14070
13997
14289
14226
14505
14824
15019
15045
15061
15361
15157
15388
15476
15224
15517
15564
15558
15459
15575
15901
15669
15919
15610
15525
15711
15805
15485
15878
15550
15694
15837
15490
15649
15487
15502
15591
15187
15220
14832
14387
14236
13807
13562
13137
12987
12758
12552
12414
12294
12361
12244
12211
12271
12435
12248
12584
12888
12691
12963
12902
13350
13428
13580
13855
14120
14336
14336
14448
14725
14799
15062
15317
15162
15275
15510
15505
15615
15642
15676
15637
15773
15768
15913
15714
15723
15996
15949
15952
16030
16142
15720
15754
15794
15867
15712
15819
15827
15965
15627
15923
15899
15628
15781
15905
15765
15740
15827
15524
15384
15307
15337
15042
14938
14270
14200
14032
13470
13307
13212
13035
13094
12854
13012
12987
13253
13368
13717
13884
14015
14320
14730
14811
14807
15118
15182
15498
15643
15442
15699
15763
15739
15791
15737
15917
15867
16014
15725
15972
15984
15703
15828
15937
16075
15901
15961
15895
15754
15848
15843
15622
15580
15480
15608
15192
15072
14771
14628
14469
14074
13548
13651
13380
13084
13025
12687
13081
12898
12959
13530
13436
13612
14006
14287
14597
15024
15075
15078
15261
15852
15481
15694
15749
15531
15796
15761
15671
15819
15823
16016
15810
16009
15990
16055
16049
16090
15950
15902
16057
15861
15753
15798
15768
16046
15853
15841
15951
15849
15704
15743
15499
15549
15445
15554
15390
15698
15483
15189
14916
14970
14742
14661
14291
14062
14007
13827
13522
13240
13236
12914
12872
12550
12429
12496
12213
12238
12154
12225
12387
12212
12589
12666
13035
12924
13354
13864
14089
14367
14579
14855
15229
15199
15373
15653
15613
15541
15849
15872
15739
15680
15843
15810
15834
15849
16024
15831
15757
15866
15690
15735
15832
15578
15659
15676
15502
15421
15572
15507
15396
15288
15138
14822
14644
14998
14462
14565
14510
14508
14237
13960
13754
13770
13487
13466
13191
13063
12853
12752
12489
12588
12359
12332
12016
12229
11941
12031
11940
11915
11869
12060
11865
11994
12182
12023
12270
12484
12720
13005
13185
13533
13850
14133
14267
14686
15018
14892
15232
15257
15441
15602
15669
15883
15915
15751
15984
15926
15771
15978
15884
16013
15956
15869
15918
15795
16006
16204
15809
15967
16036
15983
16076
16013
16053
16070
16368
16160
15979
15897
16114
15972
15984
16253
16082
16112
16226
16109
16040
16009
15992
16146
16038
16181
16159
15855
16200
16107
16258
16145
16098
16212
16263
15973
16157
16217
16268
16198
16088
16151
15961
15998
16049
16268
15999
16312
16375
16205
16209
16002
16105
16338
16223
16169
16105
16202
16205
16134
16180
16108
16275
16306
16126
16345
16309
16199
15900
16187
16173
15990
16094
16083
16191
16260
16157
16097
16109
16186
16290
16139
15843
16137
16160
16136
16161
16215
15991
16001
16246
16179
16162
16119
16199
16144
16005
16102
16302
16006
16102
16069
16166
16081
15992
15914
16119
16008
16285
15947
16034
16254
15909
16094
16153
15877
15933
16219
16042
15873
15791
16069
16050
15864
16116
15989
15543
15727
15795
15689
15603
15586
15517
15394
15326
15083
14825
14477
14249
13843
13646
13374
13099
12715
12647
12325
12393
12341
12050
11964
11800
11832
11833
11937
11926
11838
11907
12037
12340
12438
12327
12572
12684
12999
12825
13020
13213
13340
13684
13739
14020
14058
14093
14463
14478
14640
14890
14854
15390
15107
15279
14952
15395
15589
15463
15471
15655
15592
15545
15651
15904
15794
15705
15809
15678
15748
15524
15664
15678
15846
15723
15826
15487
15559
15756
15703
15551
15574
15328
15194
14957
14455
14352
14221
13713
13378
13165
12756
12643
12483
12426
12138
12344
12263
12129
12021
12164
12238
12502
12702
12499
12856
13124
13389
13695
13920
13902
14066
14245
14556
14474
14786
15168
15179
15231
15442
15493
15515
15617
15581
15791
15603
15793
15701
15727
15910
15822
15775
15979
15684
16206
15768
15662
16054
15809
16045
15909
15862
16012
15667
15953
16083
15788
15574
15666
15716
15567
15605
15474
15544
15439
15522
15261
15207
14985
14678
14360
14038
13750
13336
13290
13274
13065
12719
12941
12886
13142
13154
13422
13636
13998
14066
14375
14733
14882
15108
15294
15235
15577
15876
15662
15485
15917
15643
15900
15696
15590
15876
16070
15669
16131
15991
15750
15929
15841
15772
15961
15558
15818
15834
15773
15708
15611
15438
15472
15424
15005
14979
14911
14513
13808
13833
13731
13378
13354
13143
13033
12983
13006
13100
13185
13388
13339
13897
14114
14341
14498
15136
15041
15175
15412
15433
15624
15543
15462
15636
15653
15933
15856
15874
15783
15860
16012
15868
15873
16012
15955
16018
16073
15943
15986
15979
16037
15691
16064
15822
15900
16025
15869
15612
15662
15513
15547
15507
15281
15352
15023
14986
14831
14982
14518
14473
14293
14464
14119
13933
13712
13259
13231
13181
13189
12747
12747
12679
12599
12572
12245
12302
12144
11967
12147
12399
12489
12698
12810
13120
13346
13875
14229
14488
14677
15019
14868
15317
15348
15668
15497
15365
15847
15500
15437
15639
15659
15697
15689
15720
15438
15598
15707
15842
15559
15521
15425
15472
15372
15415
15298
15231
15001
15233
15003
14957
14673
14700
14587
14562
14469
14250
14172
13823
13755
13732
13728
13223
13234
13175
13149
13000
12745
12568
12507
12263
12193
12371
12294
12165
12096
11965
12130
12001
12092
12064
12045
12063
12241
12285
12616
12399
12896
13223
13415
13435
14044
13939
14112
14469
14699
14949
15018
15246
15429
15383
15538
15591
15574
15776
15560
16127
15970
16168
15924
15848
15986
15977
15946
16174
15671
16167
16005
16080
16154
16280
15975
16113
15968
15962
15930
16325
15864
16160
16232
16059
15999
16221
16035
16102
16083
16119
16151
16177
16101
16007
16211
15879
16217
16096
16106
15958
16239
16231
16035
16119
15951
16348
16219
16114
15999
16195
16202
