13771
13751
13763
13787
13785
13652
13570
13800
13797
13859
13689
13936
13741
13840
13793
13909
13760
13684
13765
13729
13788
13459
13534
13800
13601
13734
14011
13813
13681
13730
13903
13780
13628
13356
13667
13765
13798
13720
13621
13752
13743
13817
13719
13745
13517
13782
13499
13703
13615
13493
13506
13474
13435
13553
13485
13389
13355
13421
13228
13334
13264
12936
12647
12246
11995
11825
11419
11183
11205
10999
10726
10610
10763
10624
10653
10425
10295
10191
10191
10437
10235
10213
10454
10375
10435
10617
10566
10677
10875
10751
11024
10991
11010
11504
11155
11433
11777
11734
11497
11980
11965
12160
12134
12446
12591
12780
12911
12889
13145
12934
13122
13255
12926
13291
13274
13241
13157
13297
13589
13434
13621
13314
13357
13408
13531
13176
13638
13270
13357
13503
13227
13317
13219
13251
13236
12967
13016
12623
12314
12155
11762
11591
11131
11090
10875
10766
10671
10518
10545
10452
10506
10506
10657
10494
10752
11007
10870
11119
11012
11467
11558
11593
11894
12105
12228
12288
12274
12559
12704
12930
13009
12887
13017
13276
13170
13290
13405
13422
13314
13469
13467
13678
13476
13360
13599
13595
13573
13731
13750
13380
13472
13486
13526
13392
13500
13530
13662
13324
13637
13568
13404
13409
13511
13359
13479
13461
13200
13111
13000
13079
12917
12733
12083
12128
11970
11432
11353
11241
11114
11259
11005
11125
11114
11295
11408
11697
11806
12009
12293
12617
12677
12635
12921
12992
13241
13368
13266
13354
13407
13490
13465
13413
13559
13524
13684
13353
13562
13705
13460
13498
13616
13791
13527
13628
13565
13443
13545
13479
13284
13251
13171
13189
12951
12906
12680
12560
12353
12027
11566
11684
11449
11168
11131
10800
11078
11013
11013
11513
11502
11690
11996
12221
12462
12926
12866
12856
13106
13477
13191
13385
13425
13165
13500
13472
13410
13531
13481
13779
13506
13709
13674
13572
13665
13658
13626
13578
13734
13599
13399
13535
13407
13668
13546
13585
13652
13546
13439
13447
13211
13258
13242
13301
13103
13418
13223
13000
12715
12792
12590
12517
12098
12029
11926
11812
11467
11341
11401
11123
11017
10694
10557
10679
10437
10457
10382
10437
10537
10450
10779
10814
11187
11085
11386
11826
12060
12327
12457
12690
12945
13058
13169
13377
13298
13228
13498
13510
13498
13390
13509
13564
13518
13503
13654
13563
13428
13621
13382
13422
13419
13263
13417
13446
13282
13126
13326
13310
13099
13065
12947
12728
12482
12803
12310
12460
12419
12370
12086
11922
11735
11782
11452
11486
11241
11154
10986
10878
10665
10748
10527
10508
10292
10394
10221
10223
10185
10210
10133
10259
10109
10263
10417
10290
10534
10675
10880
11115
11184
11574
11912
12124
12246
12576
12747
12663
13061
13010
13156
13281
13356
13605
13557
13371
13711
13561
13461
13626
13570
13627
13615
13577
13644
13474
13650
13795
13494
13616
13698
13631
13718
13700
13720
13648
14049
13831
13685
13566
13779
13682
13658
13949
13741
13777
13797
13758
13752
13694
13638
13792
13655
13817
13907
13498
13835
13795
13888
13776
13745
13895
13880
13687
13793
13850
13813
13871
13737
13803
13597
13616
13643
13906
13567
13926
14005
13889
13856
13643
13791
13957
13827
13838
13722
13880
13859
13718
13791
13770
13849
13897
13793
13902
13983
13844
13628
13861
13801
13670
13740
13734
13875
13912
13830
13688
13684
13894
13910
13722
13557
13868
13846
13896
13768
13816
13653
13733
13877
13755
13851
13775
13849
13858
13746
13684
13966
13617
13711
13738
13725
13778
13629
13569
13828
13663
13876
13680
13702
13854
13594
13775
13823
13560
13688
13836
13749
13502
13491
13749
13683
13525
13766
13542
13279
13523
13475
13381
13356
13300
13217
13134
13111
12877
12682
12334
12141
11812
11622
11412
11179
10916
10741
10514
10570
10551
10271
10269
10050
10117
10092
10196
10168
10217
10187
10273
10553
10614
10527
10799
10793
11097
10988
11132
11285
11476
11698
11701
11980
12016
12050
12386
12342
12568
12736
12657
13111
12915
13003
12717
13057
13386
13286
13191
13404
13325
13254
13423
13617
13494
13371
13561
13369
13476
13267
13393
13365
13482
13390
13526
13241
13291
13418
13370
13312
13222
13137
13014
12796
12340
12314
12085
11719
11394
11276
10969
10737
10664
10583
10269
10536
10428
10324
10299
10394
10495
10750
10894
10652
11017
11198
11442
11701
11811
11822
12075
12171
12413
12304
12608
12924
12975
12959
13214
13235
13261
13300
13397
13499
13332
13529
13423
13459
13656
13510
13376
13606
13433
13822
13424
13332
13673
13567
13693
13564
13475
13576
13303
13625
13763
13384
13276
13397
13426
13354
13362
13256
13294
13172
13239
12963
13012
12852
12459
12283
11933
11725
11346
11398
11332
11139
10842
10973
11030
11201
11246
11523
11700
12039
12047
12222
12624
12679
12908
13050
12956
13307
13550
13357
13241
13578
13401
13550
13440
13274
13579
13687
13372
13774
13726
13412
13544
13532
13423
13593
13270
13560
13553
13441
13428
13329
13159
13187
13173
12862
12817
12781
12409
11790
11818
11741
11409
11421
11213
11065
11054
11021
11167
11238
11447
11397
11893
12085
12216
12361
12984
12869
12992
13223
13123
13368
13216
13197
13446
13369
13624
13530
13479
13456
13515
13675
13538
13560
13680
13643
13680
13666
13564
13607
13641
13717
13411
13723
13517
13534
13649
13640
13285
13454
13243
13276
13186
13047
13090
12788
12820
12625
12817
12422
12329
12221
12241
12066
11835
11693
11302
11272
11239
11267
10887
10872
10819
10780
10750
10401
10504
10349
10198
10336
10583
10689
10815
10918
11241
11372
11872
12191
12445
12487
12819
12716
13054
13051
13358
13224
13173
13455
13187
13146
13279
13435
13368
13402
13401
13082
13311
13399
13451
13272
13187
13169
13179
13083
13158
13049
13106
12779
12995
12803
12813
12543
12598
12461
12451
12326
12135
12119
11798
11678
11829
11715
11349
11346
11253
11100
11064
10868
10725
10576
10426
10419
10577
10521
10319
10352
10240
10299
10230
10329
10289
10218
10292
10373
10551
10770
10624
10963
11195
11458
11502
11947
11902
12009
12339
12546
12888
12822
13014
13164
13087
13245
13246
13350
13468
13282
13699
13620
13796
13604
13553
13695
13586
13652
13799
13324
13863
13651
13650
13769
13883
13666
13759
13627
13622
13642
13915
13520
13764
13865
13727
13689
13845
13603
13763
13768
13779
13798
13776
13755
13601
13927
13552
13869
13864
13807
13666
13901
13877
13731
13753
13624
13883
13791
13791
13729
13765
13792
