8020
7959
8036
8055
8033
7959
7864
8032
8022
8081
8016
8067
8051
8046
7972
8057
8028
7873
8065
7925
7931
7894
7838
8002
7950
7903
8304
8024
7960
8008
8165
8035
7896
7696
8009
8058
8054
7887
7936
7970
8031
8054
8049
7992
7816
8044
7813
7909
7843
7868
7850
7944
7803
7925
7809
7793
7702
7870
7740
7751
7754
7442
7341
7159
7000
6796
6680
6541
6419
6392
6242
6103
6308
6169
6265
6059
5966
5945
5942
6049
5986
5984
6069
6068
6047
6158
6116
6167
6248
6270
6436
6492
6420
6685
6476
6739
6789
6885
6860
7056
7001
7080
7036
7221
7387
7515
7560
7504
7736
7490
7648
7696
7503
7717
7645
7666
7594
7744
7966
7839
8035
7757
7671
7828
7836
7653
7996
7775
7573
7804
7700
7689
7702
7691
7724
7557
7656
7358
7062
7124
6899
6749
6456
6498
6348
6170
6171
6117
6065
6022
6153
6139
6193
6142
6310
6440
6373
6413
6468
6686
6767
6768
6936
7024
7122
7235
7183
7320
7455
7553
7581
7520
7555
7768
7712
7789
7786
7977
7793
7905
7840
8034
7882
7677
7992
7933
7884
7961
8025
7764
7799
7862
7776
7763
7855
7829
7957
7717
7897
7885
7724
7907
7874
7779
7912
7881
7768
7602
7551
7636
7433
7348
7110
6985
6930
6682
6596
6540
6374
6531
6436
6586
6506
6602
6674
6771
6886
7020
7162
7321
7420
7386
7559
7657
7699
7769
7686
7600
7853
7804
7797
7710
7886
7964
7996
7813
7894
7987
7793
7887
7979
8019
7902
7948
7890
7825
7956
7775
7849
7709
7643
7681
7569
7473
7398
7282
7214
7024
6793
6718
6565
6480
6398
6317
6417
6446
6395
6659
6726
6849
7014
7100
7256
7516
7481
7539
7614
7838
7644
7790
7831
7687
7812
7854
7786
7873
7895
7950
7867
7982
7964
7847
7967
7940
7872
7925
7957
8002
7779
7866
7838
7945
7842
7903
8015
7893
7766
7859
7675
7766
7770
7809
7646
7825
7645
7596
7483
7415
7416
7319
7009
6992
6900
6814
6736
6604
6723
6477
6360
6238
6154
6179
6132
6036
5992
6073
6136
6111
6199
6310
6482
6388
6631
6838
7055
7117
7291
7317
7521
7513
7655
7826
7668
7715
7793
7760
7889
7814
7856
7787
7841
7846
7889
7845
7894
7866
7703
7764
7804
7736
7863
7851
7803
7705
7722
7733
7646
7596
7558
7365
7254
7459
7090
7233
7127
7157
6989
6899
6784
6875
6658
6746
6588
6452
6301
6372
6284
6277
6031
6128
6047
5971
5925
5994
5921
5985
5971
5988
5827
5954
6028
5966
6009
6245
6354
6310
6497
6721
6950
7038
7167
7279
7415
7437
7550
7674
7609
7769
7757
7929
7985
7803
7921
7824
7865
8029
7887
7872
7951
7860
7982
7783
7961
7989
7900
7831
7920
7972
7835
7990
8043
7982
8214
8101
7950
7900
7872
7997
8013
8166
7945
8033
7969
8087
8059
7947
7943
8090
7991
8074
8109
7852
8079
7975
8083
8008
7972
8136
8115
7984
8016
8005
7932
8036
7970
8024
7903
7935
7918
8140
7875
8083
8163
8102
8104
7967
8130
8084
8015
7989
7972
8063
8041
8065
7984
7999
8037
8032
8004
8097
8215
8152
7915
8044
7950
7986
8077
7945
8059
8121
8103
7900
8013
8061
8104
8041
7957
8199
8069
8052
7966
7958
7960
7901
8083
8104
8121
8087
7959
8044
8017
7945
8098
7941
7999
7940
7995
8001
7815
7906
8001
7977
8037
8026
7996
8092
7974
8024
8028
7945
7942
8090
8084
7822
7881
7859
7976
7889
7950
7852
7842
7857
7818
7805
7746
7687
7665
7579
7676
7424
7457
7266
7147
6952
6778
6628
6500
6386
6241
6088
6120
6191
6059
5992
5889
5928
5811
5875
5898
5958
5935
6015
6189
6269
6109
6328
6258
6525
6393
6401
6529
6631
6908
6897
7009
6998
7014
7249
7255
7356
7396
7394
7631
7524
7569
7364
7619
7904
7807
7753
7788
7656
7717
7714
7904
7880
7638
7896
7898
7837
7663
7838
7803
7739
7831
7843
7665
7752
7760
7716
7720
7623
7674
7511
7456
7223
7105
7009
6884
6647
6611
6498
6244
6272
6070
5972
6162
6074
5998
5970
6068
6122
6164
6342
6185
6425
6515
6682
6667
6887
6940
6999
7077
7145
7138
7363
7565
7522
7517
7643
7634
7716
7777
7780
7845
7823
7920
7889
7904
7956
7891
7734
7843
7789
8055
7812
7735
7988
7967
7918
7793
7802
8002
7735
8009
8111
7875
7730
7827
7856
7766
7718
7699
7645
7651
7684
7567
7532
7369
7322
7200
6862
6832
6622
6685
6640
6518
6258
6376
6367
6514
6518
6708
6818
7066
6994
7169
7437
7294
7428
7608
7541
7782
7896
7697
7718
7888
7888
7919
7768
7684
7935
7927
7757
7971
7882
7782
7847
7840
7732
7906
7622
7870
7990
7918
7800
7761
7687
7779
7613
7414
7506
7369
7235
6854
6861
6788
6609
6659
6480
6385
6451
6466
6500
6573
6677
6714
6904
7056
7046
7255
7466
7411
7510
7614
7666
7824
7714
7691
7742
7776
7929
7820
7877
7803
7878
7974
7793
7986
7950
7921
7895
8000
7939
7832
7875
8124
7829
7941
7846
7840
7847
7949
7747
7878
7626
7733
7686
7559
7662
7390
7464
7388
7415
7299
7186
7152
7119
6999
6915
6846
6543
6515
6568
6508
6312
6313
6222
6262
6196
6046
6125
5964
5913
5947
6279
6158
6314
6373
6533
6661
6935
7151
7190
7182
7442
7514
7572
7550
7862
7745
7720
7817
7771
7662
7630
7835
7818
7798
7808
7629
7738
7765
7876
7734
7771
7709
7771
7589
7676
7533
7730
7504
7610
7327
7295
7206
7341
7310
7257
7163
7066
7040
6835
6796
6903
6808
6626
6592
6630
6460
6495
6300
6271
6131
6060
6070
6198
6129
6031
6008
5916
6007
5898
5919
5924
5885
5970
6066
6121
6247
6302
6345
6564
6650
6599
6885
6852
6965
7201
7237
7537
7428
7553
7711
7648
7625
7609
7836
7802
7807
8008
7997
8026
7947
7879
7942
7947
8040
8118
7752
8170
7997
7926
7983
8131
7935
8004
8000
7863
7952
8087
7854
7995
8014
7944
7956
8141
8014
7967
8030
8091
8093
8058
7997
7946
8027
7993
8039
8036
8040
7978
8157
8066
8067
8008
7980
8142
8003
7990
8117
8026
8107
