7235
7190
7238
7276
7238
7129
7088
7288
7224
7333
7271
7265
7287
7230
7144
7255
7238
7075
7329
7206
7172
7157
7030
7278
7193
7152
7470
7257
7168
7219
7385
7281
7136
6963
7209
7298
7230
7091
7163
7130
7296
7299
7275
7218
7071
7254
7039
7169
7043
7105
7094
7143
7002
7151
7079
7030
6932
7109
6947
7011
6985
6749
6643
6413
6314
6110
6018
5898
5801
5729
5602
5490
5698
5579
5647
5469
5386
5386
5351
5437
5365
5419
5494
5460
5457
5546
5487
5548
5630
5652
5814
5853
5779
6055
5859
6036
6053
6229
6160
6387
6330
6327
6350
6544
6675
6761
6770
6798
6988
6785
6893
6932
6760
6932
6902
6907
6888
6991
7148
7053
7280
6957
6932
7029
7065
6912
7197
7026
6830
7033
6909
6938
6973
6937
6961
6802
6910
6680
6385
6441
6228
6106
5804
5883
5716
5603
5579
5476
5457
5409
5576
5544
5593
5531
5710
5813
5761
5790
5830
6047
6116
6103
6242
6336
6420
6545
6482
6606
6711
6810
6824
6771
6861
6979
6878
7039
7017
7192
7025
7097
7067
7311
7096
6959
7194
7163
7099
7179
7257
6994
7067
7136
7021
6994
7077
7043
7177
6979
7128
7123
6985
7120
7111
6981
7114
7163
7019
6858
6789
6917
6716
6633
6434
6280
6244
6010
5967
5931
5767
5922
5772
5949
5832
5955
6021
6082
6223
6348
6461
6636
6700
6652
6805
6894
6952
6986
6954
6834
7135
7064
7047
6951
7143
7143
7228
7032
7087
7202
6992
7061
7186
7230
7120
7142
7102
7062
7192
7052
7077
6945
6894
6922
6851
6776
6676
6590
6514
6351
6141
6038
5942
5808
5792
5691
5786
5842
5785
6010
6075
6225
6312
6428
6548
6777
6771
6746
6893
7002
6873
7084
7079
6919
7097
7103
7030
7132
7182
7212
7146
7223
7177
7044
7156
7144
7124
7135
7198
7196
7034
7135
7087
7136
7082
7131
7215
7142
6982
7124
6911
7011
6974
7068
6897
7066
6903
6881
6717
6711
6669
6548
6334
6301
6236
6139
6100
5963
6032
5805
5760
5638
5565
5592
5539
5484
5414
5466
5549
5487
5587
5703
5855
5757
5962
6193
6361
6388
6598
6578
6823
6784
6917
7046
6947
6938
7000
7011
7127
7085
7104
7011
7021
7053
7103
7078
7101
7075
6985
6977
7039
7023
7112
7064
7036
6936
7030
7006
6871
6914
6802
6666
6485
6724
6370
6526
6441
6464
6303
6239
6133
6215
6022
6117
5967
5841
5701
5760
5664
5672
5442
5472
5434
5365
5318
5413
5361
5385
5394
5407
5261
5351
5404
5398
5466
5662
5763
5711
5835
6066
6252
6348
6430
6627
6705
6677
6837
6909
6889
7021
6952
7126
7248
6990
7177
7036
7123
7262
7133
7120
7229
7097
7224
7039
7165
7218
7130
7084
7109
7217
7102
7270
7219
7233
7411
7321
7192
7164
7093
7186
7256
7366
7180
7256
7192
7298
7229
7168
7204
7339
7194
7276
7358
7070
7250
7188
7283
7207
7177
7273
7333
7225
7235
7179
7131
7278
7190
7255
7107
7171
7113
7332
7120
7268
7343
7331
7296
7203
7293
7300
7203
7211
7169
7284
7255
7269
7221
7225
7248
7271
7227
7326
7381
7341
7155
7263
7207
7220
7268
7159
7249
7304
7325
7154
7221
7289
7337
7242
7157
7378
7229
7286
7203
7189
7176
7111
7310
7288
7355
7283
7192
7303
7211
7180
7328
7188
7203
7156
7241
7167
7060
7134
7244
7205
7257
7265
7232
7275
7177
7237
7260
7149
7164
7273
7262
7050
7110
7091
7125
7098
7160
7097
7062
7081
7072
7056
6987
6923
6931
6876
6911
6656
6714
6553
6458
6292
6117
5980
5874
5750
5626
5473
5502
5591
5423
5384
5281
5331
5255
5285
5303
5387
5344
5430
5613
5685
5510
5727
5643
5922
5783
5785
5891
6012
6235
6250
6287
6269
6343
6560
6537
6616
6682
6700
6851
6767
6810
6609
6918
7148
7044
7010
7021
6885
6993
6927
7121
7094
6896
7093
7110
7076
6885
7021
7022
6990
7075
7095
6933
6982
6994
6951
7014
6894
6906
6764
6704
6558
6389
6336
6242
5999
5983
5878
5606
5673
5483
5367
5554
5479
5446
5390
5461
5489
5559
5751
5605
5837
5863
6058
6056
6236
6279
6323
6391
6460
6435
6676
6848
6776
6760
6929
6859
6914
7025
6984
7071
7030
7168
7114
7147
7187
7093
7016
7100
7057
7237
7023
6989
7241
7211
7120
6990
7094
7227
6964
7223
7300
7113
7006
7099
7127
7008
7000
6963
6902
6898
6970
6810
6797
6664
6606
6461
6163
6132
5993
6028
5980
5858
5663
5741
5715
5839
5854
6023
6152
6344
6321
6495
6677
6556
6658
6809
6798
7016
7141
6961
7012
7144
7128
7145
7039
6936
7155
7164
6965
7194
7077
7004
7096
7084
6949
7200
6894
7115
7240
7185
7083
6970
6892
7031
6870
6669
6759
6599
6515
6217
6230
6114
5943
6022
5819
5788
5784
5842
5895
5947
6042
6069
6250
6365
6336
6545
6722
6696
6757
6900
6844
7059
6975
6938
6995
7041
7160
7082
7110
7000
7121
7181
7058
7213
7163
7150
7137
7244
7162
7066
7148
7321
7083
7168
7084
7066
7056
7160
7016
7071
6862
6986
6949
6809
6940
6637
6719
6718
6716
6582
6411
6444
6418
6291
6267
6139
5952
5877
5900
5839
5709
5748
5674
5670
5547
5471
5503
5376
5360
5369
5645
5563
5666
5770
5912
6047
6242
6437
6476
6460
6691
6793
6822
6849
7105
6983
6979
7063
7024
6914
6887
7055
7031
7032
7013
6890
7001
7014
7081
6996
7029
6936
7010
6840
6972
6816
6998
6750
6862
6579
6571
6492
6585
6619
6524
6499
6352
6354
6125
6119
6190
6187
5990
5919
5982
5816
5852
5683
5672
5549
5479
5487
5562
5534
5431
5409
5303
5428
5329
5328
5325
5272
5358
5397
5485
5635
5668
5754
5967
5972
5969
6242
6143
6311
6509
6516
6821
6732
6787
6939
6870
6882
6824
7070
7093
7035
7244
7213
7250
7179
7188
7149
7212
7204
7355
6971
7357
7220
7124
7205
7322
7149
7259
7230
7070
7148
7315
7096
7198
7271
7168
7172
7368
7231
7183
7251
7307
7320
7262
7248
7136
7275
7210
7240
7266
7281
7260
7367
7299
7274
7226
7228
7315
7198
7200
7289
7227
7303
