10644
10612
10660
10635
10669
10589
10460
10626
10648
10652
10575
10726
10617
10626
10626
10727
10641
10492
10659
10502
10603
10407
10476
10674
10461
10576
10919
10670
10556
10525
10746
10651
10510
10220
10547
10651
10641
10549
10574
10583
10624
10689
10631
10633
10392
10560
10406
10504
10505
10435
10392
10423
10320
10490
10344
10285
10238
10442
10256
10318
10276
9929
9761
9451
9273
9032
8828
8687
8588
8475
8312
8155
8350
8203
8218
7999
7978
7896
7813
8059
7912
7928
8097
8055
8016
8208
8081
8208
8361
8340
8537
8564
8461
8845
8589
8847
9066
9029
8989
9291
9285
9415
9395
9574
9782
9805
10012
9963
10220
9922
10141
10197
9956
10273
10165
10238
10138
10247
10515
10412
10553
10319
10278
10310
10453
10117
10512
10276
10212
10404
10190
10220
10223
10265
10262
9991
10091
9765
9458
9392
9095
8954
8619
8579
8361
8260
8209
8118
8060
8046
8063
8166
8178
8055
8284
8482
8430
8528
8516
8914
8929
8937
9180
9331
9438
9539
9509
9668
9807
9965
9984
9992
10001
10230
10210
10226
10303
10506
10281
10419
10316
10624
10414
10234
10529
10530
10497
10627
10681
10293
10288
10339
10385
10289
10337
10374
10554
10250
10518
10441
10318
10426
10500
10267
10454
10426
10217
10097
10055
10120
9912
9781
9397
9328
9206
8787
8706
8683
8529
8682
8498
8649
8602
8672
8843
9022
9033
9272
9489
9739
9830
9765
10000
10109
10145
10324
10217
10230
10363
10394
10390
10275
10441
10539
10571
10336
10474
10588
10376
10399
10565
10688
10414
10496
10465
10405
10435
10354
10224
10286
10144
10209
9992
9929
9697
9661
9546
9307
9012
9019
8751
8530
8588
8369
8525
8543
8514
8898
8877
8966
9250
9386
9615
9915
9926
9913
10139
10380
10119
10346
10370
10177
10385
10333
10386
10470
10449
10567
10433
10636
10522
10439
10569
10520
10451
10455
10642
10606
10360
10400
10337
10529
10416
10450
10516
10398
10364
10395
10206
10233
10300
10275
10098
10374
10183
10106
9829
9818
9767
9678
9337
9325
9211
9077
8922
8821
8904
8611
8519
8290
8159
8232
8062
8041
7988
8047
8086
8095
8303
8301
8595
8510
8779
9087
9281
9473
9635
9785
9996
10055
10121
10364
10183
10234
10363
10365
10416
10314
10363
10320
10358
10394
10503
10498
10518
10494
10331
10363
10360
10273
10398
10365
10305
10123
10239
10349
10092
10049
9985
9799
9616
9899
9526
9595
9555
9490
9330
9161
9038
9044
8811
8958
8659
8570
8450
8478
8244
8353
8077
8113
7991
7952
7851
7883
7877
7918
7817
7951
7797
7907
8032
7963
8011
8236
8415
8558
8585
8927
9187
9370
9450
9687
9824
9856
10010
10131
10105
10254
10210
10530
10505
10362
10578
10396
10400
10577
10465
10549
10557
10459
10488
10326
10581
10615
10417
10436
10562
10534
10522
10584
10568
10497
10906
10661
10536
10469
10606
10552
10526
10801
10539
10677
10694
10638
10635
10530
10510
10744
10528
10657
10765
10369
10676
10676
10759
10676
10627
10821
10777
10534
10671
10676
10621
10739
10581
10676
10411
10546
10451
10717
10499
10774
10870
10793
10731
10529
10690
10741
10638
10608
10603
10737
10715
10579
10643
10604
10682
10677
10675
10775
10837
10729
10438
10685
10622
10576
10703
10572
10711
10799
10692
10482
10561
10681
10746
10613
10480
10833
10742
10722
10657
10636
10515
10505
10717
10698
10753
10726
10615
10602
10625
10591
10771
10512
10565
10569
10607
10624
10377
10449
10597
10541
10701
10580
10606
10669
10484
10652
10667
10475
10525
10654
10697
10390
10407
10567
10503
10420
10592
10463
10331
10461
10335
10348
10284
10215
10223
10133
10144
9967
9872
9542
9376
9190
8982
8842
8489
8451
8280
8110
8127
8196
7892
7963
7780
7811
7768
7828
7876
7926
7856
7953
8173
8242
8068
8348
8287
8567
8497
8523
8638
8865
9070
9085
9297
9267
9335
9534
9546
9695
9826
9782
10132
9980
9994
9761
10061
10370
10249
10215
10405
10213
10227
10325
10526
10470
10274
10466
10286
10446
10172
10364
10329
10394
10378
10416
10182
10215
10321
10223
10262
10191
10116
10014
9895
9555
9509
9330
9125
8795
8683
8487
8241
8262
8131
7936
8076
8001
7957
7974
8036
8098
8199
8439
8211
8526
8678
8862
9015
9100
9120
9274
9427
9584
9477
9741
10009
10038
9944
10155
10100
10268
10225
10334
10389
10305
10448
10440
10399
10570
10413
10332
10497
10382
10689
10390
10289
10560
10562
10566
10393
10405
10585
10246
10603
10644
10394
10242
10424
10413
10294
10195
10211
10212
10132
10129
10017
10048
9849
9633
9473
9136
9068
8808
8840
8794
8619
8314
8478
8476
8690
8597
8882
9019
9285
9309
9458
9802
9642
9906
10042
10011
10299
10453
10317
10177
10548
10418
10460
10315
10194
10471
10471
10351
10635
10529
10328
10441
10411
10360
10459
10169
10476
10564
10415
10369
10274
10199
10193
10162
9881
9849
9773
9631
9093
9100
9044
8808
8815
8624
8484
8544
8484
8640
8661
8863
8839
9159
9332
9389
9532
9947
9936
10013
10228
10152
10324
10136
10172
10367
10362
10566
10397
10431
10377
10399
10560
10427
10504
10506
10465
10487
10570
10403
10417
10462
10749
10397
10582
10385
10456
10474
10527
10258
10387
10185
10254
10160
10044
10110
9816
9942
9736
9882
9643
9566
9459
9496
9297
9199
9044
8703
8675
8698
8623
8379
8419
8310
8394
8232
7987
8116
8012
7886
7963
8181
8219
8319
8435
8668
8834
9173
9418
9562
9490
9909
9823
10006
10050
10360
10236
10210
10367
10204
10197
10225
10340
10344
10324
10286
10103
10279
10290
10434
10238
10188
10098
10241
10117
10168
10072
10129
9910
10010
9742
9787
9618
9731
9631
9657
9529
9380
9372
9077
8942
9167
9006
8751
8776
8740
8559
8514
8430
8277
8100
8040
8047
8199
8124
7986
7999
7933
7914
7846
7958
7944
7833
7917
7998
8087
8282
8215
8483
8637
8821
8768
9227
9141
9250
9551
9670
9956
9893
10013
10219
10112
10145
10084
10352
10358
10329
10540
10526
10664
10532
10428
10547
10505
10576
10668
10341
10720
10516
10520
10616
10732
10535
10628
10559
10428
10507
10634
10411
10516
10736
10556
10583
10756
10526
10568
10574
10612
10705
10687
10597
10551
10655
10560
10704
10721
10593
10541
10732
10668
10595
10644
10501
10744
10620
10533
10697
10571
10606
