10128
10092
10123
10142
10155
10036
9936
10132
10090
10135
10065
10202
10119
10125
10085
10189
10121
9928
10139
9985
10070
9937
9932
10132
9946
10064
10392
10150
10021
10044
10248
10143
9972
9710
10025
10138
10106
10042
10071
10043
10096
10170
10091
10073
9895
10056
9868
9979
9976
9885
9871
9924
9819
9949
9836
9797
9710
9891
9745
9787
9815
9450
9287
8978
8800
8602
8383
8264
8156
8038
7900
7722
7899
7799
7820
7588
7598
7507
7409
7646
7540
7570
7719
7658
7593
7812
7704
7790
7955
7909
8108
8172
8039
8443
8175
8418
8591
8615
8567
8818
8833
8937
8919
9083
9316
9370
9489
9484
9726
9442
9619
9685
9489
9793
9685
9768
9629
9750
9986
9895
10066
9821
9751
9874
9928
9621
10046
9792
9697
9899
9658
9714
9719
9756
9777
9539
9615
9312
8975
8951
8646
8525
8183
8149
7939
7821
7800
7725
7596
7608
7693
7765
7793
7646
7856
8063
8027
8137
8081
8458
8492
8505
8753
8864
8989
9081
9058
9221
9368
9466
9532
9495
9494
9720
9693
9751
9798
9980
9777
9933
9804
10091
9902
9745
10035
10005
9995
10100
10103
9779
9788
9835
9827
9779
9831
9876
10044
9752
9999
9971
9805
9950
9977
9770
9970
9919
9690
9631
9538
9638
9425
9293
8916
8827
8749
8339
8284
8240
8085
8248
8076
8221
8154
8266
8434
8572
8634
8832
9012
9223
9337
9260
9555
9597
9695
9822
9715
9747
9888
9883
9883
9776
9941
10042
10028
9815
9930
10093
9867
9888
10006
10171
9891
9989
9957
9925
10000
9849
9765
9790
9634
9689
9498
9449
9250
9201
9047
8860
8574
8541
8268
8130
8157
7969
8109
8122
8100
8441
8449
8551
8787
8901
9161
9419
9442
9460
9633
9868
9650
9862
9886
9717
9874
9854
9858
9967
9961
10025
9941
10128
9973
9931
10033
9985
9946
9953
10105
10068
9851
9917
9855
10010
9902
9931
10002
9879
9861
9905
9715
9746
9797
9773
9593
9862
9684
9627
9361
9344
9288
9207
8859
8880
8747
8598
8477
8402
8480
8178
8100
7882
7743
7837
7661
7664
7592
7657
7675
7695
7902
7895
8134
8076
8369
8623
8827
8970
9175
9279
9493
9592
9620
9841
9706
9755
9849
9860
9935
9803
9871
9815
9831
9868
10011
10001
10006
9935
9803
9852
9838
9790
9899
9860
9830
9628
9725
9899
9628
9601
9480
9309
9121
9423
9026
9115
9077
9033
8855
8713
8595
8616
8388
8528
8255
8148
8005
8022
7835
7938
7686
7721
7616
7556
7467
7498
7450
7551
7452
7577
7396
7515
7626
7570
7625
7840
7983
8108
8139
8464
8732
8894
8985
9183
9372
9381
9540
9671
9620
9772
9729
10007
9968
9861
10050
9881
9882
10060
9925
9951
10060
9918
10000
9810
10088
10129
9926
9906
10018
10000
9964
10079
10030
9998
10372
10160
10015
9985
10019
10072
10014
10270
10015
10140
10166
10115
10115
10018
10017
10254
10021
10121
10246
9882
10129
10136
10222
10146
10101
10310
10231
10038
10186
10077
10069
10227
10045
10127
9915
10057
9969
10211
9961
10234
10332
10275
10199
10043
10163
10193
10098
10098
10091
10213
10179
10093
10126
10059
10148
10176
10129
10276
10318
10219
9933
10144
10105
10069
10187
10048
10177
10258
10160
9976
10087
10144
10227
10068
9986
10329
10186
10208
10134
10095
10010
9968
10193
10166
10255
10175
10131
10118
10105
10042
10262
9996
10055
10035
10085
10089
9850
9964
10079
10030
10176
10062
10064
10200
9991
10181
10142
9994
10005
10130
10162
9859
9919
9996
9992
9914
10085
9975
9833
9936
9816
9844
9796
9705
9726
9617
9661
9476
9389
9047
8915
8766
8532
8383
8091
8030
7870
7713
7744
7797
7522
7551
7391
7418
7396
7422
7464
7548
7462
7581
7770
7850
7676
7984
7884
8153
8090
8076
8208
8423
8609
8640
8877
8817
8848
9096
9112
9258
9327
9300
9594
9495
9495
9284
9579
9885
9784
9743
9891
9738
9734
9802
10037
9961
9767
9956
9829
9937
9661
9862
9833
9835
9844
9897
9719
9733
9800
9734
9747
9707
9634
9490
9442
9107
9013
8872
8663
8392
8276
8093
7846
7875
7731
7535
7708
7615
7586
7560
7609
7716
7800
8048
7803
8109
8237
8404
8546
8662
8723
8825
8981
9087
9026
9296
9524
9559
9444
9661
9629
9746
9735
9832
9873
9830
9982
9933
9869
10060
9956
9780
9951
9893
10173
9885
9785
10049
10023
10035
9893
9860
10066
9773
10077
10106
9916
9747
9881
9916
9799
9685
9704
9728
9643
9679
9534
9561
9371
9184
9033
8656
8638
8375
8424
8369
8217
7884
8012
8073
8265
8193
8437
8596
8858
8858
9017
9358
9176
9379
9531
9539
9796
9944
9798
9667
9992
9927
9944
9761
9674
9957
9921
9858
10109
9991
9825
9916
9888
9831
9958
9674
9942
10051
9911
9853
9739
9687
9704
9652
9387
9385
9280
9182
8655
8624
8573
8390
8373
8180
8088
8104
8076
8188
8243
8457
8406
8710
8858
8908
9082
9472
9434
9523
9708
9653
9813
9659
9655
9834
9916
10052
9912
9906
9856
9904
10046
9914
9997
10010
9959
9956
10072
9915
9914
9958
10226
9898
10100
9873
9944
9931
10026
9732
9888
9661
9760
9674
9517
9632
9315
9441
9292
9398
9162
9124
8977
9037
8788
8720
8592
8296
8271
8278
8215
7982
8002
7868
7978
7851
7613
7739
7584
7478
7548
7789
7796
7907
8062
8244
8403
8722
8973
9087
9024
9428
9336
9517
9529
9857
9766
9725
9860
9746
9675
9708
9835
9815
9847
9831
9649
9788
9751
9936
9750
9713
9629
9752
9649
9666
9595
9658
9431
9520
9244
9289
9160
9238
9184
9157
9052
8920
8916
8633
8516
8743
8573
8354
8380
8324
8094
8097
7994
7888
7698
7654
7677
7790
7730
7621
7560
7541
7527
7449
7560
7529
7433
7542
7634
7722
7877
7812
8033
8225
8396
8334
8761
8666
8790
9068
9192
9448
9362
9519
9702
9629
9686
9581
9855
9887
9824
10018
9992
10125
10015
9903
10000
10037
10096
10166
9850
10206
10031
10002
10107
10229
9985
10114
10058
9882
9986
10154
9882
10033
10164
10016
10090
10225
10049
10035
10095
10104
10159
10174
10070
10069
10107
10034
10170
10207
10104
10004
10185
10174
10095
10105
9957
10241
10063
10044
10171
10076
10118
