17981
17955
17999
18049
17924
17810
17735
18041
18092
18053
17887
18070
17902
17942
17879
18036
17898
17789
17857
17920
17876
17672
17785
18007
17888
17848
18269
18012
17877
17840
18000
17892
17872
17622
17948
17938
17979
17873
17813
17809
17840
18068
18023
17853
17640
17964
17657
17815
17849
17638
17593
17564
17548
17685
17615
17438
17383
17471
17278
17415
17190
16875
16441
15977
15657
15464
15045
14603
14576
14363
14018
13907
13897
13777
13811
13651
13504
13286
13339
13630
13417
13392
13527
13519
13687
13730
13761
13909
14084
13980
14412
14265
14344
14901
14633
14987
15386
15345
15119
15636
15558
15861
15882
16131
16469
16669
16644
16744
17051
16857
17089
17265
16929
17325
17353
17290
17241
17350
17720
17470
17661
17401
17299
17510
17619
17252
17635
17311
17423
17533
17266
17406
17322
17328
17294
16858
16863
16492
16013
15834
15342
15126
14585
14461
14220
13977
13849
13734
13767
13668
13658
13652
13762
13629
13968
14358
14195
14475
14354
14867
15017
15149
15406
15654
15937
15990
16045
16358
16498
16755
16940
16906
17014
17205
17266
17418
17438
17424
17391
17569
17571
17741
17543
17541
17821
17721
17748
17871
17893
17488
17563
17648
17631
17507
17565
17636
17820
17387
17660
17764
17400
17594
17731
17588
17510
17571
17368
17163
17066
17019
16699
16571
15950
15887
15635
15013
14794
14685
14460
14552
14298
14487
14392
14704
14875
15280
15466
15651
15847
16325
16521
16577
16849
16904
17260
17427
17263
17474
17578
17511
17576
17502
17659
17588
17731
17477
17718
17851
17462
17592
17784
17869
17731
17667
17743
17507
17665
17578
17400
17396
17214
17355
16875
16795
16365
16253
16097
15648
15137
15227
14900
14551
14498
14126
14526
14306
14400
14998
14969
15189
15595
15920
16232
16705
16787
16870
16966
17624
17264
17481
17482
17303
17659
17606
17434
17624
17603
17873
17534
17870
17807
17844
17784
17886
17748
17739
17829
17623
17663
17666
17532
17821
17704
17593
17764
17704
17490
17567
17355
17320
17207
17349
17124
17416
17251
16882
16625
16644
16387
16378
15860
15666
15629
15333
15095
14828
14747
14374
14348
13989
13846
13851
13576
13602
13540
13569
13785
13576
14031
14088
14525
14385
14896
15428
15669
16020
16239
16592
16913
16944
17106
17412
17363
17315
17600
17602
17502
17459
17538
17613
17691
17683
17788
17659
17542
17621
17492
17522
17651
17348
17342
17383
17306
17099
17331
17301
17102
17066
16797
16531
16277
16679
16203
16250
16160
16143
15887
15474
15336
15342
15039
14931
14637
14588
14267
14179
13938
14023
13687
13696
13358
13626
13352
13416
13301
13259
13185
13413
13146
13369
13527
13371
13626
13961
14161
14499
14698
15057
15325
15672
15887
16408
16715
16675
17003
17014
17185
17363
17398
17663
17673
17522
17763
17773
17609
17776
17623
17779
17790
17698
17710
17638
17766
17990
17594
17797
17904
17837
17819
17783
17928
17857
18161
17945
17804
17698
17969
17837
17777
18057
17872
17966
18040
17967
17848
17873
17871
18011
17827
17995
18023
17736
17947
17904
18066
17907
17917
18043
18121
17800
17988
17952
18129
17989
17888
18071
17657
17770
17861
18087
17791
18189
18164
18003
18068
17869
17928
18124
18136
17959
17967
18086
18061
17969
18058
17906
18111
18080
18028
18188
18108
17982
17686
18071
18055
17823
17931
17941
17987
18080
17930
17877
17915
18003
18075
17905
17669
17979
17996
17968
17976
18023
17765
17940
18170
18082
18046
17968
18049
17979
17819
17900
18098
17825
17915
17885
17971
17890
17759
17753
17973
17830
18080
17719
17862
18056
17716
17814
17971
17727
17833
18113
17867
17680
17532
17873
17888
17624
17942
17811
17357
17526
17543
17462
17323
17333
17264
17216
17093
16792
16630
16142
15850
15423
15202
14954
14564
14148
14040
13709
13785
13713
13409
13292
13175
13205
13200
13307
13256
13212
13205
13391
13707
13847
13731
14052
14142
14462
14295
14525
14687
14833
15222
15357
15565
15671
15764
16150
16079
16287
16585
16484
17149
16820
17067
16691
17180
17358
17211
17262
17370
17426
17348
17384
17687
17662
17517
17632
17506
17461
17287
17401
17458
17543
17461
17630
17247
17306
17517
17479
17287
17338
17014
16957
16716
16159
15993
15838
15229
14884
14668
14201
14176
13920
13864
13605
13669
13610
13508
13403
13551
13606
13880
14174
13920
14309
14629
14898
15278
15492
15489
15743
15881
16186
16210
16470
16813
16941
16889
17191
17244
17370
17345
17319
17550
17381
17612
17430
17500
17698
17543
17572
17739
17482
18101
17604
17427
17867
17615
17806
17723
17625
17822
17443
17733
17863
17616
17319
17494
17579
17436
17417
17247
17328
17127
17372
16998
16898
16594
16371
15961
15717
15292
14950
14825
14743
14570
14132
14468
14275
14621
14580
14862
15182
15643
15613
16011
16372
16579
16838
16962
17027
17316
17574
17434
17224
17715
17506
17710
17455
17397
17712
17854
17469
17871
17766
17571
17709
17667
17479
17788
17336
17614
17596
17551
17464
17352
17129
17247
17127
16676
16611
16572
16171
15459
15384
15260
14866
14863
14669
14499
14472
14439
14584
14641
14881
14882
15443
15736
16008
16175
16790
16776
16961
17223
17184
17393
17295
17181
17357
17428
17713
17587
17676
17646
17674
17804
17670
17701
17769
17792
17838
17910
17680
17827
17786
17848
17482
17831
17608
17671
17795
17588
17417
17403
17331
17315
17293
17009
17125
16766
16672
16523
16594
16110
16087
15959
16018
15720
15493
15277
14863
14709
14594
14642
14161
14143
14128
14070
14038
13603
13689
13493
13404
13481
13734
13907
14120
14279
14540
14903
15412
15835
15984
16317
16709
16610
17100
17063
17372
17269
17117
17577
17162
17163
17428
17424
17508
17403
17539
17203
17426
17410
17546
17325
17339
17197
17257
17111
17150
17010
16965
16721
16902
16725
16564
16308
16339
16247
16184
16106
15841
15804
15396
15311
15267
15244
14768
14786
14593
14599
14450
14144
13958
13933
13700
13576
13784
13660
13521
13488
13335
13548
13342
13388
13440
13438
13419
13621
13690
13907
13781
14347
14669
14951
14928
15596
15516
15685
16136
16383
16656
16658
16936
17167
17174
17299
17429
17324
17554
17331
17957
17753
18007
17719
17656
17869
17742
17707
17940
17452
17944
17742
17903
17968
18051
17770
17930
17746
17762
17737
18132
17625
18012
18070
17863
17755
18056
17819
17919
18004
17868
17964
18012
17978
17819
18069
17674
18013
17892
18001
17795
18066
18045
17890
17935
17804
18204
18042
17964
17805
17986
18062
