560
583
558
554
546
565
565
559
540
599
562
580
553
548
510
529
567
552
585
530
573
559
518
533
554
540
546
543
573
558
574
563
516
540
516
537
549
555
551
577
563
551
544
544
528
521
554
543
553
535
545
531
555
577
505
606
505
596
509
535
528
541
514
475
506
459
438
449
410
438
413
399
469
397
418
407
409
422
399
388
396
409
446
457
402
445
423
443
422
446
455
460
467
440
468
443
489
477
479
501
504
494
489
493
491
523
495
552
515
518
535
535
539
503
544
585
519
570
578
546
548
542
527
538
558
500
551
570
536
542
532
527
544
546
544
525
489
502
537
541
448
436
450
443
441
429
438
401
423
422
439
454
436
424
449
422
461
448
436
456
456
454
479
485
476
479
513
484
519
536
538
551
516
504
537
573
579
554
533
530
537
585
547
546
526
548
551
521
531
557
546
550
546
575
572
544
537
545
545
551
528
569
555
576
524
545
558
502
532
488
495
489
484
467
490
452
457
489
423
489
459
442
474
437
477
483
463
458
485
515
520
492
487
521
496
510
499
534
567
536
524
508
540
559
534
513
570
598
541
545
555
550
554
541
562
550
552
523
532
493
526
521
511
534
486
543
491
492
479
446
408
446
446
433
443
445
421
470
530
501
494
474
518
557
509
516
540
547
504
514
573
537
589
525
528
552
585
557
511
586
549
583
576
534
546
580
593
533
529
568
569
557
556
554
570
542
549
541
532
533
518
523
539
502
547
519
517
466
527
498
477
489
437
435
453
458
452
455
452
416
429
446
414
460
419
419
434
390
455
480
437
426
461
461
471
478
491
505
506
529
538
556
562
552
507
519
568
540
540
547
515
533
538
561
547
508
576
554
566
556
565
556
513
560
524
519
539
505
526
528
503
533
467
510
501
452
498
478
472
484
461
496
460
428
438
440
424
452
386
440
405
412
419
390
402
413
398
396
410
374
437
446
404
441
424
456
469
453
520
454
499
537
507
501
526
542
597
506
534
539
547
513
526
579
560
563
552
551
555
531
523
511
524
566
557
557
549
572
572
564
533
562
552
544
572
558
520
556
516
570
563
525
572
590
562
547
598
553
571
546
545
560
572
570
592
557
521
568
587
543
538
587
548
551
529
557
506
535
592
555
538
530
589
521
576
548
574
595
578
571
539
570
602
553
541
592
584
562
543
598
527
526
548
565
521
552
527
617
583
566
546
549
574
578
534
540
543
543
609
570
545
580
563
522
609
573
564
590
541
579
530
547
586
575
546
574
530
556
523
583
589
560
551
575
547
558
505
555
539
532
561
537
568
540
594
547
478
567
538
579
518
583
545
568
549
520
515
505
542
516
493
491
505
500
452
486
499
439
432
448
420
470
436
413
419
410
394
367
375
421
390
413
406
408
472
451
438
431
440
420
435
456
477
436
480
482
472
483
522
546
548
543
485
524
526
453
532
544
491
556
559
542
550
537
578
537
521
507
541
534
517
540
499
510
552
557
541
566
517
533
531
527
503
516
500
494
478
482
507
441
441
472
433
470
466
395
416
438
428
416
385
431
432
438
461
425
454
435
460
482
480
488
498
503
521
486
512
512
493
569
545
558
537
552
536
559
521
565
543
552
508
566
530
514
610
525
562
592
586
569
495
546
544
534
540
578
565
535
532
534
512
484
555
491
554
535
550
503
527
532
526
491
416
455
491
444
468
436
418
429
448
495
488
453
471
471
473
537
502
470
521
535
526
545
529
522
554
558
516
536
543
616
556
563
557
516
527
520
582
491
574
528
519
538
554
557
508
513
500
521
534
489
538
478
475
484
486
453
528
445
469
473
442
427
498
469
446
496
507
484
513
497
506
539
501
526
530
527
532
523
504
541
537
590
537
529
590
506
562
552
546
558
542
569
581
536
532
521
546
537
504
512
548
537
504
552
522
555
507
501
490
536
507
499
519
454
476
495
485
510
463
444
473
452
439
453
444
384
447
417
429
394
374
424
412
434
412
470
485
458
475
500
493
504
504
546
542
530
539
541
557
568
543
525
539
538
578
541
564
501
522
548
541
523
534
502
532
570
544
510
528
515
496
530
507
490
510
516
519
490
470
480
497
496
491
487
468
487
454
459
422
432
464
444
435
458
417
410
447
417
429
391
401
414
406
405
442
459
423
422
433
422
437
473
469
474
493
505
483
495
496
507
546
538
543
523
548
515
546
552
546
569
598
579
570
549
553
558
535
576
527
542
564
540
566
551
557
542
540
539
514
519
513
532
551
541
554
531
508
546
534
562
542
534
567
543
537
578
527
577
543
581
582
614
589
560
533
527
524
534
562
513
550
