14045
14027
14048
14061
14045
13921
13836
14054
14066
14090
13950
14182
14002
14071
14044
14179
14026
13947
14029
14026
14028
13751
13817
14053
13854
13975
14301
14073
13948
13988
14159
14022
13905
13633
13947
14019
14050
13991
13876
13999
14023
14102
14008
14012
13755
14037
13739
13938
13891
13754
13748
13730
13715
13812
13742
13647
13601
13670
13468
13592
13509
13160
12863
12471
12224
12031
11640
11437
11403
11200
10926
10820
10930
10825
10867
10629
10475
10362
10396
10652
10428
10406
10658
10563
10646
10838
10759
10885
11073
10951
11224
11215
11207
11716
11388
11651
12000
11964
11699
12240
12204
12408
12384
12684
12868
13044
13139
13116
13395
13176
13369
13541
13157
13519
13520
13480
13400
13529
13857
13688
13888
13561
13608
13642
13793
13463
13871
13529
13641
13742
13485
13570
13482
13498
13506
13178
13247
12847
12541
12391
11996
11794
11384
11290
11093
10972
10838
10726
10721
10641
10699
10719
10862
10665
10941
11216
11064
11294
11226
11687
11751
11810
12121
12341
12479
12511
12509
12839
12927
13152
13295
13145
13296
13523
13447
13553
13620
13666
13572
13700
13725
13924
13712
13606
13840
13848
13813
13993
14005
13636
13723
13747
13780
13638
13767
13792
13913
13567
13870
13844
13650
13681
13794
13621
13748
13728
13457
13360
13241
13353
13131
12962
12337
12364
12184
11655
11578
11472
11337
11444
11204
11327
11322
11518
11625
11927
12027
12223
12499
12870
12900
12867
13183
13235
13488
13618
13487
13636
13683
13753
13730
13658
13796
13789
13936
13630
13822
13958
13679
13735
13860
14044
13798
13884
13862
13702
13771
13725
13536
13513
13438
13449
13200
13144
12925
12795
12588
12251
11773
11905
11645
11372
11311
11003
11311
11211
11218
11714
11684
11890
12205
12439
12685
13157
13117
13096
13353
13766
13439
13618
13685
13430
13733
13719
13666
13791
13730
14023
13744
13971
13926
13859
13919
13929
13889
13845
13977
13840
13667
13809
13660
13938
13784
13820
13887
13820
13693
13702
13448
13521
13460
13541
13380
13668
13447
13239
12955
13018
12815
12760
12347
12233
12151
12028
11670
11539
11620
11306
11225
10896
10791
10883
10624
10633
10595
10631
10745
10669
10984
11002
11375
11280
11618
12053
12284
12548
12703
12949
13209
13299
13414
13631
13533
13502
13799
13771
13739
13649
13778
13821
13767
13776
13904
13829
13659
13883
13623
13695
13706
13525
13671
13698
13530
13382
13572
13543
13348
13307
13203
12960
12699
13045
12565
12708
12638
12596
12311
12166
11978
12025
11660
11715
11453
11339
11178
11080
10866
10967
10736
10716
10492
10609
10424
10426
10381
10396
10333
10454
10294
10464
10624
10499
10712
10865
11067
11311
11418
11786
12146
12368
12477
12808
12997
12916
13288
13238
13384
13556
13577
13845
13826
13649
13946
13834
13727
13907
13815
13903
13889
13809
13919
13729
13915
14059
13740
13880
13929
13881
13982
13941
13971
13909
14313
14075
13932
13860
14030
13933
13906
14211
13993
14008
14063
14003
14004
13935
13923
14080
13926
14074
14187
13769
14096
14053
14146
14032
14013
14166
14135
13939
14077
14142
14099
14115
13993
14074
13874
13896
13904
14172
13827
14174
14260
14131
14118
13910
14033
14214
14090
14089
13989
14150
14115
14000
14054
14047
14112
14141
14052
14171
14245
14123
13869
14104
14069
13919
14005
13975
14137
14163
14095
13977
13957
14157
14170
13982
13807
14124
14128
14147
14027
14058
13900
13988
14143
14043
14104
14038
14089
14118
14005
13950
14220
13904
13964
14002
14013
14036
13906
13807
14079
13908
14136
13934
13975
14103
13837
14033
14091
13811
13959
14106
13984
13756
13738
14012
13957
13770
14026
13814
13537
13753
13716
13627
13639
13592
13488
13394
13346
13118
12917
12563
12361
12042
11840
11628
11412
11127
10934
10704
10778
10754
10495
10450
10234
10329
10304
10374
10344
10398
10378
10456
10757
10813
10727
11028
10986
11289
11211
11354
11521
11690
11906
11947
12193
12232
12305
12620
12564
12810
12975
12899
13344
13157
13240
12935
13306
13623
13535
13466
13650
13564
13523
13657
13872
13729
13625
13822
13619
13736
13511
13629
13637
13746
13642
13764
13479
13528
13662
13638
13548
13499
13418
13276
13023
12580
12537
12302
11941
11615
11506
11174
10951
10881
10791
10443
10774
10599
10529
10493
10575
10705
10920
11099
10854
11237
11417
11668
11941
12045
12078
12259
12413
12616
12544
12853
13168
13209
13205
13450
13487
13523
13582
13674
13754
13587
13782
13643
13721
13925
13759
13645
13894
13672
14080
13692
13592
13933
13831
13939
13805
13741
13853
13547
13891
14017
13657
13518
13638
13683
13595
13614
13508
13545
13426
13463
13217
13249
13088
12725
12515
12140
11930
11564
11602
11543
11343
11060
11176
11228
11416
11465
11743
11932
12264
12284
12480
12839
12928
13129
13317
13220
13549
13803
13600
13467
13842
13661
13805
13692
13513
13844
13961
13632
14050
13976
13702
13838
13786
13651
13845
13518
13823
13797
13677
13693
13615
13421
13456
13428
13111
13043
13006
12650
12027
12053
11952
11655
11620
11425
11267
11247
11263
11402
11442
11683
11610
12111
12320
12440
12574
13234
13104
13241
13451
13388
13614
13484
13426
13689
13643
13884
13768
13761
13706
13793
13943
13819
13801
13927
13909
13942
13906
13816
13860
13877
13975
13660
13963
13772
13808
13899
13874
13564
13684
13489
13530
13409
13283
13322
13027
13027
12873
13062
12654
12538
12458
12488
12295
12068
11919
11515
11469
11443
11478
11086
11089
11013
10989
10949
10595
10701
10554
10404
10539
10783
10871
11022
11147
11435
11610
12091
12416
12672
12728
13050
12955
13301
13300
13622
13482
13402
13723
13425
13398
13531
13659
13628
13640
13669
13335
13567
13659
13713
13540
13482
13384
13433
13333
13387
13308
13356
13028
13271
13035
13053
12782
12832
12692
12696
12562
12366
12351
11994
11925
12032
11939
11552
11558
11460
11342
11306
11059
10952
10796
10635
10604
10784
10691
10502
10545
10425
10508
10412
10521
10493
10426
10475
10582
10725
10954
10800
11166
11417
11664
11736
12181
12117
12226
12590
12770
13107
13071
13255
13427
13336
13532
13495
13598
13722
13524
13984
13871
14032
13869
13794
13939
13840
13921
14062
13609
14112
13938
13901
14017
14126
13933
13990
13883
13887
13876
14174
13773
14042
14131
13993
13951
14112
13876
14035
14031
14039
14062
14020
14005
13854
14197
13806
14108
14106
14053
13917
14147
14172
13962
14013
13880
14177
14080
14045
13976
14049
14069
