8550
8452
8600
8591
8558
8438
8377
8551
8561
8574
8536
8624
8558
8567
8482
8599
8563
8412
8587
8407
8477
8445
8336
8520
8469
8439
8830
8574
8446
8501
8669
8552
8440
8160
8526
8575
8592
8430
8466
8483
8513
8616
8561
8525
8325
8587
8324
8410
8361
8337
8350
8454
8312
8429
8332
8293
8216
8370
8232
8273
8282
7920
7810
7609
7488
7247
7096
6993
6838
6787
6638
6502
6696
6571
6667
6426
6383
6353
6311
6421
6385
6370
6478
6454
6426
6549
6508
6597
6670
6689
6851
6900
6837
7120
6928
7119
7228
7302
7284
7460
7454
7549
7495
7732
7872
8002
8061
7998
8239
7998
8137
8219
7988
8246
8152
8198
8099
8217
8457
8342
8551
8291
8203
8352
8352
8151
8487
8299
8092
8310
8189
8186
8191
8227
8243
8056
8104
7868
7505
7567
7348
7197
6896
6906
6697
6560
6576
6540
6433
6390
6553
6540
6605
6521
6692
6886
6811
6862
6879
7099
7213
7200
7374
7484
7605
7707
7660
7812
7945
7995
8051
8050
8046
8253
8201
8306
8284
8476
8289
8438
8313
8591
8347
8219
8520
8467
8400
8494
8526
8263
8277
8349
8291
8254
8355
8313
8471
8243
8408
8398
8240
8409
8391
8280
8406
8395
8250
8105
8039
8170
7935
7816
7579
7455
7413
7064
7029
6971
6822
6962
6852
7003
6938
7030
7115
7216
7345
7474
7597
7813
7923
7846
8067
8158
8210
8316
8210
8113
8325
8343
8324
8224
8424
8453
8491
8296
8384
8516
8338
8416
8481
8605
8398
8473
8382
8369
8480
8331
8332
8222
8129
8182
8078
7966
7861
7754
7711
7465
7247
7176
6989
6886
6831
6750
6870
6867
6835
7110
7147
7269
7474
7547
7763
7982
7961
8018
8125
8334
8158
8295
8336
8216
8355
8345
8320
8426
8414
8498
8385
8503
8427
8399
8502
8487
8415
8442
8519
8506
8335
8406
8341
8470
8357
8388
8484
8393
8260
8382
8198
8255
8267
8294
8137
8337
8140
8090
7973
7886
7891
7786
7476
7450
7366
7256
7190
7021
7161
6913
6792
6673
6558
6603
6509
6433
6403
6490
6527
6508
6643
6703
6917
6802
7043
7266
7484
7608
7760
7790
8008
8041
8124
8323
8158
8185
8312
8290
8403
8317
8388
8319
8333
8327
8385
8408
8449
8371
8224
8305
8309
8245
8375
8372
8305
8203
8250
8293
8107
8089
8044
7840
7715
7962
7553
7685
7608
7600
7442
7344
7232
7315
7085
7185
6998
6881
6724
6753
6669
6692
6438
6519
6462
6417
6276
6367
6267
6399
6344
6392
6270
6342
6451
6361
6419
6598
6746
6765
6925
7146
7353
7509
7605
7744
7953
7900
8029
8153
8145
8311
8267
8434
8469
8322
8441
8355
8369
8518
8405
8381
8484
8366
8465
8284
8493
8518
8413
8328
8427
8505
8345
8509
8556
8493
8763
8629
8475
8412
8382
8508
8518
8635
8434
8543
8526
8615
8577
8485
8442
8622
8483
8543
8634
8365
8597
8527
8629
8551
8506
8687
8659
8476
8562
8540
8441
8560
8488
8571
8409
8468
8412
8662
8366
8608
8711
8654
8621
8464
8651
8604
8519
8495
8512
8605
8519
8590
8534
8540
8569
8571
8516
8618
8756
8667
8462
8590
8476
8511
8565
8458
8576
8681
8638
8416
8523
8592
8623
8538
8453
8739
8604
8588
8483
8504
8507
8377
8571
8585
8678
8610
8536
8590
8539
8490
8630
8460
8525
8451
8508
8518
8301
8435
8551
8507
8567
8526
8523
8611
8487
8544
8599
8448
8452
8622
8622
8346
8373
8387
8482
8398
8469
8415
8371
8370
8306
8321
8280
8177
8136
8069
8220
7931
7935
7711
7601
7414
7208
7075
6900
6812
6621
6499
6534
6586
6455
6381
6259
6325
6219
6264
6297
6384
6331
6411
6583
6678
6515
6741
6678
6893
6806
6784
6946
7082
7335
7345
7462
7436
7481
7689
7727
7842
7863
7846
8086
8027
8075
7851
8105
8396
8284
8270
8278
8158
8244
8272
8444
8407
8167
8426
8390
8328
8192
8324
8340
8289
8368
8356
8185
8243
8301
8232
8240
8154
8194
7988
7959
7727
7572
7482
7319
7056
7024
6875
6638
6666
6510
6348
6560
6445
6394
6366
6456
6537
6584
6746
6605
6819
6985
7101
7149
7340
7389
7470
7537
7609
7599
7826
8067
8010
8010
8177
8107
8232
8273
8298
8342
8332
8432
8358
8405
8470
8423
8243
8385
8326
8540
8356
8252
8506
8477
8426
8299
8354
8514
8249
8541
8571
8384
8225
8338
8404
8295
8220
8185
8186
8150
8169
8054
8021
7869
7802
7652
7294
7292
7047
7140
7096
6939
6689
6785
6768
6959
6929
7158
7264
7519
7430
7664
7895
7789
7900
8078
8051
8285
8379
8214
8247
8428
8380
8434
8283
8184
8487
8430
8282
8493
8393
8287
8343
8360
8203
8453
8132
8388
8480
8392
8323
8249
8195
8254
8143
7941
7967
7831
7712
7314
7316
7210
7058
7067
6914
6824
6874
6887
6884
6993
7113
7116
7354
7519
7541
7696
7949
7914
8001
8167
8173
8306
8205
8201
8257
8305
8476
8313
8393
8325
8362
8488
8351
8469
8509
8432
8398
8485
8452
8360
8398
8630
8363
8460
8353
8358
8361
8510
8278
8376
8155
8233
8167
8049
8173
7898
7964
7891
7884
7764
7670
7580
7586
7465
7402
7283
6997
6980
7004
6946
6729
6755
6661
6684
6595
6440
6515
6362
6303
6351
6656
6535
6710
6782
6981
7121
7379
7599
7675
7632
7945
7954
8056
8028
8343
8236
8200
8332
8262
8149
8140
8331
8327
8286
8297
8145
8236
8279
8370
8233
8285
8193
8261
8090
8163
8025
8231
8005
8087
7792
7813
7725
7822
7766
7752
7627
7518
7500
7335
7260
7391
7272
7079
7016
7046
6885
6925
6723
6638
6525
6471
6491
6586
6522
6428
6373
6324
6360
6309
6332
6331
6294
6367
6456
6485
6635
6704
6786
6969
7060
7023
7338
7311
7459
7678
7744
8023
7904
8068
8229
8107
8112
8088
8339
8325
8288
8511
8482
8580
8488
8376
8416
8439
8537
8638
8307
8657
8473
8453
8501
8652
8445
8534
8505
8414
8457
8612
8379
8529
8524
8466
8460
8699
8523
8496
8522
8601
8632
8565
8465
8466
8550
8486
8550
8599
8552
8513
8676
8555
8612
8528
8473
8665
8519
8494
8657
8548
8619
