2293
2309
2226
2358
2282
2318
2379
2186
2371
2304
2364
2284
2257
2303
2331
2299
2342
2311
2334
2356
2298
2355
2422
2270
2338
2241
2274
2354
2359
2284
2347
2296
2312
2286
2308
2296
2358
2325
2282
2346
2214
2286
2339
2301
2239
2283
2304
2314
2279
2352
2341
2256
2289
2300
2223
2232
2286
2215
2210
2254
2184
2198
2122
2158
2095
2002
1989
1959
1845
1814
1895
1794
1866
1783
1792
1819
1794
1707
1698
1734
1685
1676
1730
1776
1764
1767
1806
1756
1832
1809
1759
1889
1907
1826
1894
1925
1944
1939
2041
2043
1994
2037
2113
2086
2157
2106
2175
2122
2047
2203
2137
2078
2176
2172
2170
2254
2166
2147
2213
2236
2172
2161
2207
2234
2240
2317
2213
2269
2230
2199
2253
2207
2143
2241
2228
2116
2151
2127
2046
1992
1922
1990
1887
1895
1815
1820
1855
1818
1634
1711
1761
1713
1790
1811
1779
1815
1887
1823
1884
1845
1935
1988
1898
1894
2002
2098
2130
2083
2134
2144
2093
2123
2132
2183
2261
2198
2179
2228
2185
2255
2238
2224
2213
2180
2327
2182
2293
2243
2312
2287
2217
2231
2206
2265
2255
2230
2269
2198
2205
2239
2235
2325
2239
2252
2212
2288
2181
2162
2153
2138
2175
2146
2091
2061
1973
2049
1888
1895
1872
1883
1823
1774
1835
1816
1901
1895
1945
1891
2027
2102
2150
2118
2127
2127
2220
2236
2234
2130
2238
2221
2305
2262
2333
2202
2306
2300
2289
2201
2332
2296
2378
2242
2256
2289
2312
2348
2287
2329
2298
2165
2236
2240
2109
2098
2086
2122
2047
1996
1951
1960
1911
1903
1945
1845
1836
1920
1901
1920
1934
1933
2055
2014
2094
2059
2152
2154
2153
2191
2186
2164
2224
2302
2317
2252
2158
2388
2284
2298
2296
2237
2318
2353
2278
2249
2244
2240
2304
2210
2303
2287
2253
2282
2292
2224
2236
2290
2275
2262
2313
2154
2261
2168
2216
2190
2190
2151
2081
2096
2143
2078
2019
1977
2016
1949
1891
1865
1801
1790
1795
1801
1779
1789
1748
1741
1798
1766
1824
1759
1760
1889
1938
1927
2041
2030
2026
2131
2111
2199
2204
2170
2209
2223
2103
2196
2247
2242
2249
2104
2326
2240
2237
2228
2217
2267
2235
2208
2230
2305
2172
2218
2167
2160
2247
2160
2135
2151
2167
2085
2088
2099
2038
2115
2078
2027
2051
2010
1976
2012
1889
1869
1856
1902
1930
1948
1812
1772
1789
1756
1742
1685
1772
1701
1784
1703
1749
1754
1688
1770
1720
1760
1776
1782
1852
1849
1997
1970
1950
1932
1999
2085
2072
2123
2209
2122
2229
2120
2311
2355
2294
2284
2273
2229
2347
2315
2189
2370
2304
2248
2289
2263
2351
2314
2353
2341
2326
2222
2313
2276
2317
2318
2285
2238
2183
2321
2235
2372
2246
2354
2405
2292
2250
2259
2297
2290
2372
2236
2369
2328
2288
2296
2239
2345
2365
2299
2291
2320
2261
2439
2356
2291
2297
2199
2382
2374
2328
2271
2353
2266
2304
2302
2270
2269
2285
2348
2234
2274
2393
2308
2251
2284
2245
2311
2296
2459
2282
2350
2323
2339
2357
2351
2247
2333
2313
2332
2283
2316
2261
2341
2306
2266
2322
2246
2333
2329
2316
2352
2369
2375
2249
2275
2302
2336
2265
2298
2251
2346
2276
2319
2332
2296
2246
2308
2368
2326
2352
2312
2314
2327
2295
2353
2351
2284
2307
2353
2341
2204
2278
2351
2320
2260
2318
2301
2268
2286
2300
2297
2386
2304
2224
2222
2223
2200
2236
2270
2241
2288
2200
2157
2213
2159
2114
2169
2163
2097
2062
1918
1899
1847
1866
1796
1781
1731
1767
1734
1760
1753
1726
1720
1739
1687
1706
1806
1690
1737
1723
1767
1808
1787
1797
1861
1856
1871
1898
1944
1979
1975
2007
1961
1996
2115
2057
2160
2144
2140
2125
2206
2210
2150
2186
2228
2211
2251
2252
2259
2218
2289
2243
2223
2244
2303
2243
2190
2230
2233
2208
2254
2165
2207
2268
2217
2165
2259
2198
2114
2181
2133
2041
2073
2044
1950
1925
1868
1826
1816
1759
1772
1733
1686
1772
1751
1742
1786
1721
1811
1844
1897
1885
1878
1911
2002
1927
2044
2058
2020
2086
2037
2102
2170
2092
2143
2155
2094
2263
2226
2196
2180
2272
2231
2281
2272
2242
2305
2227
2187
2240
2322
2309
2248
2233
2239
2235
2273
2296
2258
2221
2283
2294
2322
2245
2288
2371
2228
2196
2221
2211
2181
2208
2245
2119
2058
2073
2001
1935
1997
1957
1901
1905
1830
1768
1834
1810
1855
1887
1932
2000
2107
2065
2028
2082
2179
2168
2169
2228
2233
2240
2237
2338
2289
2266
2274
2279
2220
2214
2255
2244
2309
2231
2266
2274
2172
2364
2216
2276
2187
2250
2178
2194
2144
2102
2061
2128
2145
2061
2124
2025
1978
1981
1866
1921
1856
1855
1925
1848
1880
1857
1834
1905
1938
2041
2132
2185
2105
2221
2106
2186
2159
2281
2201
2174
2237
2294
2247
2210
2210
2225
2205
2287
2292
2192
2215
2187
2226
2241
2189
2261
2283
2247
2219
2444
2258
2297
2279
2274
2214
2145
2131
2240
2187
2192
2222
2168
2142
2121
2092
2099
2068
2080
2019
1951
1965
1886
1989
1877
1850
1746
1961
1764
1766
1738
1751
1781
1790
1913
1815
1809
1723
1751
1764
1815
1881
1868
1939
1962
2088
2133
2164
2179
2065
2270
2115
2268
2199
2325
2249
2284
2219
2227
2179
2204
2184
2275
2200
2181
2244
2219
2162
2148
2265
2131
2158
2101
2088
2116
2156
2115
2089
2083
2066
2077
2029
2083
1950
1968
1995
1912
1913
1880
1864
1919
1829
1826
1824
1743
1765
1793
1809
1741
1779
1694
1732
1731
1720
1735
1710
1739
1788
1723
1700
1833
1719
1880
1794
1886
1844
1996
1986
1972
2002
2159
2031
2230
2229
2222
2190
2187
2283
2249
2173
2211
2265
2220
2354
2320
2291
2244
2287
2266
2296
2330
2292
2232
2286
2275
2246
2341
2368
2319
2291
2293
2345
2352
2311
2316
2372
2362
2216
2272
2377
2299
2354
2296
2303
2377
2238
2352
2278
2294
2286
2273
2409
2279
2404
2268
2305
2312
2284
2319
2405
2219
2314
2303
2321
2177
