2540
2532
2525
2567
2537
2553
2399
2608
2519
2481
2418
2494
2555
2510
2566
2517
2458
2537
2477
2558
2554
2372
2490
2529
2483
2572
2505
2577
2556
2433
2555
2453
2462
2550
2511
2547
2416
2483
2491
2463
2487
2517
2499
2569
2521
2499
2486
2536
2451
2466
2491
2539
2458
2511
2529
2555
2466
2567
2532
2488
2569
2529
2654
2408
2456
2572
2469
2462
2479
2576
2515
2407
2431
2426
2609
2554
2512
2566
2517
2551
2495
2442
2487
2541
2575
2508
2490
2535
2372
2523
2501
2548
2492
2492
2559
2470
2521
2531
2448
2506
2533
2506
2480
2526
2526
2497
2491
2470
2594
2494
2574
2527
2570
2492
2508
2455
2543
2481
2639
2465
2462
2451
2486
2482
2519
2446
2609
2511
2465
2436
2413
2489
2589
2512
2573
2475
2531
2563
2565
2460
2507
2567
2543
2572
2459
2503
2493
2458
2534
2577
2532
2579
2470
2501
2548
2488
2449
2596
2537
2567
2490
2496
2527
2568
2438
2495
2426
2539
2465
2475
2488
2502
2508
2449
2509
2437
2553
2560
2441
2466
2389
2586
2496
2548
2529
2525
2495
2520
2458
2474
2502
2495
2523
2462
2519
2491
2457
2448
2505
2462
2468
2426
2439
2434
2481
2464
2498
2465
2383
2481
2423
2362
2427
2408
2333
2327
2300
2355
2369
2302
2324
2360
2277
2154
2215
2194
2039
2055
2008
1887
1886
1909
1764
1691
1761
1623
1675
1654
1635
1594
1645
1586
1694
1626
1668
1754
1674
1743
1764
1754
1733
1671
1616
1654
1673
1670
1625
1734
1695
1704
1723
1692
1704
1845
1855
1921
1997
2106
2083
2114
2130
2135
2244
2214
2250
2353
2301
2338
2337
2351
2321
2365
2443
2391
2398
2347
2494
2406
2452
2547
2496
2430
2498
2455
2448
2469
2401
2485
2441
2579
2445
2396
2590
2468
2430
2493
2489
2505
2431
2392
2374
2470
2422
2505
2486
2464
2464
2370
2478
2538
2542
2517
2466
2543
2475
2422
2479
2466
2494
2514
2492
2509
2451
2512
2506
2497
2560
2525
2553
2371
2440
2417
2467
2530
2442
2528
2520
2593
2550
2505
2514
2472
2564
2363
2395
2512
2529
2488
2439
2502
2504
2569
2460
2384
2535
2481
2463
2507
2392
2474
2473
2461
2617
2573
2414
2536
2418
2537
2467
2554
2512
2459
2476
2563
2533
2445
2486
2590
2486
2491
2531
2557
2493
2513
2567
2494
2554
2473
2534
2500
2538
2557
2559
2532
2477
2607
2552
2558
2541
2539
2457
2515
2550
2543
2457
2483
2555
2437
2443
2504
2465
2530
2444
2511
2518
2524
2526
2467
2591
2551
2541
2474
2545
2520
2435
2467
2531
2497
2465
2538
2527
2400
2496
2565
2541
2480
2551
2492
2431
2465
2498
2524
2370
2394
2601
2462
2490
2497
2540
2498
2530
2466
2490
2523
2491
2506
2474
2508
2585
2518
2586
2551
2551
2575
2553
2557
2448
2498
2414
2577
2557
2510
2472
2486
2516
2621
2513
2516
2568
2503
2481
2510
2527
2497
2494
2530
2580
2546
2557
2424
2512
2517
2494
2533
2543
2475
2550
2516
2543
2491
2469
2545
2462
2477
2444
2595
2517
2528
2545
2497
2450
2513
2472
2573
2488
2482
2474
2534
2576
2545
2564
2556
2466
2498
2545
2505
2485
2568
2434
2463
2477
2621
2476
2535
2505
2477
2525
2576
2435
2541
2478
2482
2495
2478
2551
2405
2502
2516
2496
2544
2443
2445
2559
2479
2550
2472
2528
2485
2481
2551
2527
2459
2460
2557
2571
2513
2468
2404
2514
2479
2433
2469
2514
2513
2526
2609
2548
2589
2540
2457
2541
2501
2447
2531
2473
2546
2531
2525
2420
2559
2478
2467
2477
2473
2488
2533
2465
2519
2440
2511
2506
2574
2471
2527
2461
2579
2577
2441
2396
2418
2446
2470
2503
2510
2483
2477
2506
2512
2378
2437
2564
2418
2509
2511
2543
2539
2592
2506
2495
2544
2479
2552
2586
2555
2528
2482
2529
2510
2543
2482
2464
2533
2526
2415
2564
2478
2469
2446
2515
2547
2376
2519
2386
2475
2392
2500
2461
2436
2507
2522
2487
2475
2438
2521
2517
2506
2551
2469
2420
2422
2508
2426
2519
2516
2393
2577
2498
2446
2506
2533
2550
2516
2547
2415
2441
2438
2529
2460
2493
2563
2479
2491
2480
2456
2415
2490
2454
2573
2528
2532
2502
2517
2441
2501
2466
2463
2492
2447
2539
2416
2476
2511
2468
2395
2432
2363
2358
2434
2465
2483
2449
2401
2470
2358
2348
2350
2437
2423
2360
2389
2329
2372
2415
2362
2352
2372
2245
2215
2234
2241
2208
2193
2113
2123
2115
1967
2009
1965
1773
1793
1649
1723
1674
1653
1687
1667
1692
1533
1620
1612
1603
1685
1649
1669
1799
1741
1755
1588
1665
1601
1581
1590
1540
1613
1594
1714
1612
1684
1721
1811
1870
1868
1958
1976
2038
2071
2245
2189
2204
2220
2247
2287
2274
2380
2302
2328
2398
2431
2312
2449
2464
2405
2455
2365
2413
2420
2451
2383
2425
2396
2452
2409
2466
2455
2450
2418
2553
2386
2415
2449
2483
2378
2397
2417
2451
2527
2409
2455
2489
2426
2466
2548
2516
2476
2531
2513
2436
2476
2526
2540
2543
2536
2458
2464
2406
2520
2463
2505
2559
2531
2492
2460
2466
2490
2438
2481
2546
2488
2513
2421
2541
2447
2425
2467
2464
2357
2446
2458
2372
2540
2495
2582
2451
2547
2437
2489
2465
2559
2480
2518
2498
2494
2483
2546
2578
2527
2566
2450
2548
2467
2508
2455
2484
2425
2480
2457
2514
2436
2514
2542
2592
2508
2502
2459
2467
2459
2610
2569
2437
2553
2534
2435
2460
2431
2515
2481
2545
2498
2516
2515
2449
2479
2569
2540
2513
2550
2510
2534
2520
2507
2577
2502
2491
2437
2513
2520
2570
2579
2514
2495
2502
2460
2489
2590
2505
2551
2455
2523
2584
2517
2528
2513
2580
2420
2526
2549
2533
2459
2547
2530
2456
2592
2490
2573
2510
2464
2468
2513
2600
2521
2566
2514
2521
2523
2533
2517
2444
2488
2555
2644
2555
2443
2532
2505
2524
2525
2478
2614
2523
2479
2520
2536
2478
2516
2461
2526
2557
2501
2518
2502
2537
2501
2517
2581
2454
2466
2559
2595
2484
2537
2420
2478
2542
