2529
2553
2542
2508
2514
2537
2450
2556
2404
2457
2450
2511
2550
2628
2512
2466
2479
2524
2452
2463
2446
2515
2583
2558
2554
2567
2468
2468
2532
2375
2482
2506
2543
2583
2542
2447
2558
2534
2487
2541
2598
2417
2484
2562
2475
2448
2471
2486
2512
2578
2526
2527
2494
2564
2509
2552
2548
2501
2556
2517
2486
2527
2505
2561
2479
2545
2577
2476
2549
2494
2490
2513
2557
2570
2487
2483
2559
2513
2504
2479
2521
2464
2545
2493
2589
2507
2524
2505
2504
2528
2594
2570
2581
2542
2457
2587
2545
2468
2532
2457
2465
2494
2578
2523
2508
2555
2555
2543
2505
2598
2458
2566
2423
2571
2432
2525
2427
2499
2505
2485
2560
2464
2516
2426
2474
2506
2473
2486
2514
2504
2445
2529
2417
2495
2493
2434
2512
2504
2504
2394
2580
2434
2587
2402
2540
2552
2464
2559
2598
2510
2357
2558
2534
2431
2456
2490
2482
2564
2563
2452
2519
2421
2513
2516
2481
2530
2443
2460
2541
2458
2555
2556
2455
2490
2480
2506
2540
2524
2438
2477
2385
2474
2469
2516
2589
2454
2512
2532
2479
2518
2478
2547
2488
2503
2477
2494
2449
2528
2539
2391
2382
2471
2448
2351
2470
2474
2460
2466
2415
2501
2373
2325
2345
2321
2358
2395
2424
2431
2354
2373
2257
2255
2259
2165
2256
2243
2127
2058
2028
1961
1861
1905
1798
1750
1758
1746
1707
1685
1644
1580
1596
1663
1665
1675
1664
1678
1710
1763
1763
1596
1734
1619
1601
1626
1595
1669
1637
1671
1625
1723
1647
1732
1731
1920
1893
1935
1951
2021
2093
2173
2261
2170
2222
2194
2300
2358
2320
2338
2422
2304
2302
2400
2321
2409
2378
2481
2469
2408
2446
2429
2475
2418
2429
2463
2391
2432
2427
2454
2411
2400
2473
2363
2485
2585
2459
2448
2496
2484
2463
2453
2415
2484
2317
2463
2508
2432
2507
2529
2469
2477
2500
2434
2541
2487
2470
2440
2344
2437
2498
2497
2491
2503
2504
2518
2521
2559
2496
2402
2477
2530
2538
2444
2568
2474
2522
2476
2526
2482
2580
2538
2455
2524
2512
2547
2462
2516
2616
2582
2558
2537
2467
2537
2517
2508
2432
2530
2535
2501
2499
2501
2448
2630
2592
2499
2524
2484
2593
2467
2439
2583
2487
2476
2453
2474
2535
2502
2496
2487
2506
2499
2502
2537
2494
2594
2564
2542
2541
2453
2498
2543
2458
2513
2456
2490
2616
2559
2533
2496
2572
2505
2472
2455
2485
2604
2582
2525
2564
2496
2517
2494
2599
2527
2517
2535
2518
2511
2538
2500
2506
2526
2566
2479
2669
2435
2474
2449
2470
2484
2568
2564
2471
2605
2532
2451
2581
2470
2522
2522
2488
2530
2579
2508
2530
2538
2583
2469
2385
2547
2451
2500
2418
2488
2552
2513
2507
2508
2473
2530
2553
2495
2481
2397
2386
2542
2533
2477
2538
2517
2536
2559
2549
2543
2512
2508
2460
2593
2452
2499
2478
2534
2465
2524
2535
2450
2506
2559
2460
2520
2554
2418
2576
2508
2526
2549
2573
2611
2580
2446
2521
2479
2548
2503
2477
2460
2497
2534
2580
2418
2501
2603
2540
2576
2517
2521
2600
2446
2517
2573
2495
2503
2507
2580
2517
2518
2498
2547
2504
2539
2456
2459
2456
2503
2483
2558
2439
2580
2487
2417
2544
2560
2538
2512
2529
2471
2544
2422
2487
2536
2538
2449
2536
2468
2525
2555
2516
2536
2579
2464
2594
2499
2525
2510
2506
2514
2489
2595
2470
2533
2462
2409
2509
2525
2520
2556
2421
2527
2493
2550
2495
2532
2507
2453
2531
2560
2587
2529
2413
2502
2524
2561
2538
2507
2563
2473
2494
2530
2564
2500
2544
2475
2559
2559
2453
2571
2522
2507
2549
2580
2577
2522
2473
2487
2524
2547
2525
2587
2530
2491
2533
2520
2637
2509
2457
2428
2626
2509
2565
2522
2535
2545
2624
2557
2580
2556
2537
2574
2472
2487
2568
2521
2512
2491
2518
2466
2472
2546
2553
2528
2546
2567
2515
2498
2543
2494
2541
2446
2532
2533
2446
2535
2477
2565
2541
2530
2481
2487
2404
2548
2526
2515
2471
2403
2485
2504
2508
2511
2639
2524
2442
2439
2524
2609
2494
2468
2468
2468
2491
2450
2508
2537
2477
2528
2536
2481
2495
2526
2525
2518
2412
2466
2396
2438
2529
2460
2519
2464
2490
2469
2423
2461
2507
2473
2385
2476
2511
2415
2485
2512
2494
2437
2506
2524
2501
2494
2435
2431
2277
2371
2361
2349
2312
2403
2408
2465
2338
2393
2345
2330
2248
2186
2216
2242
2193
2021
2028
1994
1837
1819
1855
1747
1810
1704
1693
1649
1616
1604
1594
1685
1584
1601
1640
1696
1761
1745
1734
1730
1733
1646
1704
1604
1593
1591
1625
1612
1627
1673
1668
1733
1797
1879
1784
1949
1938
2042
2039
2052
2087
2198
2201
2260
2151
2280
2329
2339
2312
2350
2386
2334
2312
2397
2375
2391
2392
2433
2400
2418
2420
2381
2499
2466
2527
2540
2434
2475
2334
2411
2527
2402
2456
2451
2510
2406
2467
2402
2431
2508
2545
2493
2469
2419
2471
2490
2457
2470
2492
2426
2550
2502
2459
2481
2404
2475
2427
2473
2553
2523
2524
2446
2532
2493
2511
2480
2476
2423
2431
2431
2528
2535
2481
2413
2561
2545
2496
2435
2510
2519
2529
2574
2528
2469
2508
2494
2522
2485
2562
2484
2389
2455
2587
2530
2447
2508
2586
2516
2442
2486
2525
2525
2423
2471
2583
2567
2516
2457
2543
2613
2505
2463
2548
2476
2584
2512
2492
2534
2416
2524
2514
2538
2460
2588
2588
2468
2541
2597
2362
2570
2525
2491
2514
2528
2504
2473
2516
2502
2520
2482
2497
2587
2587
2533
2499
2523
2466
2506
2421
2538
2523
2435
2492
2527
2537
2532
2512
2518
2638
2527
2495
2497
2481
2587
2484
2511
2654
2520
2467
2619
2534
2590
2500
2599
2579
2439
2445
2556
2472
2519
2513
2545
2510
2448
2542
2532
2474
2526
2595
2535
2412
2555
2475
2587
2447
2445
2443
2558
2482
2501
2480
2570
2471
2461
2527
2514
2481
2375
2563
2457
2518
2562
2517
2574
2493
2479
2551
2542
2547
2524
2537
2491
2517
2595
2489
2528
2524
