2515
2494
2543
2532
2494
2557
2512
2500
2591
2474
2489
2613
2571
2542
2537
2549
2496
2540
2512
2529
2552
2533
2456
2512
2550
2578
2552
2528
2447
2436
2575
2502
2481
2455
2468
2551
2503
2559
2549
2474
2552
2453
2555
2461
2439
2540
2477
2468
2514
2582
2496
2533
2540
2553
2566
2509
2518
2475
2500
2439
2491
2452
2443
2538
2432
2487
2447
2549
2495
2414
2542
2531
2582
2449
2607
2516
2432
2551
2563
2530
2433
2541
2470
2432
2526
2585
2460
2559
2597
2563
2506
2442
2550
2488
2453
2597
2556
2569
2459
2542
2522
2538
2497
2537
2440
2435
2515
2466
2562
2520
2525
2522
2492
2543
2475
2482
2593
2436
2535
2425
2545
2474
2550
2519
2495
2446
2462
2521
2488
2494
2475
2536
2401
2518
2566
2493
2491
2518
2548
2510
2463
2592
2505
2483
2449
2554
2493
2485
2476
2540
2520
2529
2559
2533
2473
2491
2619
2552
2581
2519
2626
2501
2503
2425
2509
2450
2438
2500
2481
2394
2387
2468
2493
2493
2497
2568
2411
2487
2456
2538
2543
2546
2495
2511
2491
2487
2489
2443
2562
2471
2483
2495
2522
2449
2425
2500
2526
2472
2538
2555
2364
2393
2472
2474
2479
2393
2406
2419
2356
2335
2475
2401
2337
2404
2350
2311
2461
2371
2384
2356
2288
2340
2199
2267
2177
2152
2080
2017
2030
1988
2034
1834
1889
1796
1716
1727
1763
1661
1623
1704
1608
1623
1627
1705
1715
1735
1760
1767
1718
1748
1755
1651
1618
1629
1624
1601
1605
1682
1676
1771
1677
1703
1765
1811
1853
1865
1929
2080
2113
2074
2160
2245
2165
2284
2299
2337
2268
2289
2412
2423
2352
2314
2387
2411
2435
2448
2378
2403
2451
2351
2434
2389
2479
2440
2429
2448
2446
2324
2506
2510
2477
2491
2532
2404
2448
2435
2437
2459
2558
2462
2491
2447
2554
2415
2474
2468
2491
2603
2416
2492
2472
2442
2478
2562
2466
2524
2583
2615
2494
2595
2530
2515
2500
2597
2434
2522
2532
2489
2401
2497
2527
2477
2495
2499
2455
2461
2543
2448
2558
2439
2452
2599
2548
2561
2547
2433
2456
2529
2496
2455
2453
2480
2521
2453
2504
2528
2549
2445
2540
2616
2440
2551
2465
2521
2553
2611
2434
2540
2526
2590
2503
2569
2500
2538
2488
2503
2482
2517
2511
2493
2411
2550
2442
2404
2481
2489
2562
2505
2562
2469
2575
2510
2526
2546
2588
2463
2558
2578
2437
2397
2464
2478
2521
2551
2504
2528
2519
2570
2524
2505
2559
2551
2476
2504
2500
2412
2597
2504
2516
2431
2585
2533
2517
2483
2566
2520
2539
2498
2431
2561
2497
2547
2475
2561
2485
2475
2559
2567
2465
2476
2541
2555
2487
2513
2461
2445
2531
2580
2515
2488
2630
2520
2440
2518
2568
2497
2503
2557
2508
2446
2508
2499
2381
2495
2534
2517
2523
2538
2440
2518
2489
2581
2483
2499
2508
2491
2515
2478
2449
2529
2517
2572
2466
2577
2558
2505
2481
2487
2406
2536
2498
2421
2588
2559
2584
2441
2501
2460
2527
2491
2552
2571
2566
2448
2410
2516
2551
2437
2580
2516
2490
2483
2524
2511
2550
2506
2595
2548
2521
2503
2553
2557
2551
2523
2573
2507
2431
2539
2531
2555
2508
2562
2558
2599
2523
2518
2466
2548
2499
2501
2492
2505
2424
2485
2490
2465
2443
2574
2439
2595
2518
2535
2481
2512
2442
2496
2622
2517
2591
2502
2526
2527
2462
2455
2620
2570
2531
2470
2481
2482
2552
2561
2398
2428
2569
2407
2559
2570
2577
2502
2469
2499
2555
2534
2499
2481
2456
2512
2496
2526
2438
2493
2567
2527
2498
2492
2521
2583
2447
2532
2503
2560
2418
2376
2519
2461
2526
2493
2487
2539
2559
2484
2516
2411
2454
2466
2583
2527
2387
2507
2531
2508
2489
2494
2489
2447
2536
2462
2451
2481
2457
2495
2475
2506
2447
2529
2413
2547
2543
2562
2420
2543
2531
2565
2519
2439
2495
2530
2543
2450
2649
2440
2411
2492
2548
2482
2514
2533
2433
2515
2499
2521
2528
2547
2482
2485
2540
2505
2541
2552
2498
2502
2504
2448
2481
2414
2451
2452
2491
2489
2522
2569
2480
2517
2515
2417
2550
2478
2450
2539
2465
2554
2474
2439
2533
2462
2477
2433
2446
2433
2465
2461
2469
2601
2450
2508
2510
2474
2558
2511
2404
2463
2475
2396
2414
2467
2515
2414
2459
2407
2367
2326
2402
2402
2409
2407
2337
2383
2327
2347
2390
2343
2373
2427
2404
2284
2308
2279
2231
2244
2213
2208
2146
2085
2056
1945
1937
1900
1844
1749
1789
1728
1736
1597
1689
1604
1645
1626
1679
1582
1712
1678
1734
1762
1733
1723
1724
1685
1646
1624
1631
1631
1670
1560
1617
1629
1733
1742
1675
1781
1842
1916
1955
2014
2041
2047
2119
2141
2295
2211
2304
2277
2368
2302
2358
2416
2297
2272
2387
2261
2364
2403
2372
2409
2509
2359
2354
2422
2471
2449
2537
2456
2443
2388
2396
2502
2461
2444
2435
2323
2481
2414
2483
2527
2525
2510
2562
2441
2512
2503
2478
2557
2434
2530
2378
2445
2436
2539
2449
2502
2470
2478
2531
2415
2529
2509
2481
2504
2436
2521
2521
2466
2396
2374
2534
2421
2464
2482
2525
2446
2498
2501
2440
2490
2587
2471
2506
2525
2608
2474
2520
2518
2578
2551
2543
2506
2521
2458
2567
2545
2532
2509
2517
2480
2475
2592
2447
2416
2549
2498
2496
2486
2500
2607
2552
2464
2495
2460
2471
2459
2577
2545
2517
2493
2575
2485
2400
2516
2580
2437
2458
2475
2517
2425
2553
2536
2512
2464
2518
2565
2536
2517
2539
2542
2513
2572
2430
2545
2460
2479
2544
2574
2585
2508
2546
2497
2464
2527
2429
2545
2427
2508
2515
2445
2483
2515
2495
2454
2544
2489
2567
2408
2490
2514
2519
2434
2447
2570
2556
2556
2433
2508
2575
2518
2535
2564
2630
2513
2550
2467
2471
2466
2495
2513
2494
2549
2523
2543
2556
2499
2558
2499
2526
2496
2437
2572
2519
2481
2511
2487
2600
2517
2460
2553
2505
2565
2476
2442
2498
2599
2562
2479
2442
2529
2521
2551
2556
2550
2466
2557
2541
2503
2469
