3091
3081
3144
3083
3056
3070
3056
3034
3105
3102
3203
3086
3133
3126
3115
3094
3013
3077
3107
3072
2975
3027
3139
3000
3083
3061
3084
3129
3073
3070
3079
3134
3068
3130
3076
3088
3093
3177
3106
3131
3043
3056
3086
3080
3078
3151
3172
3095
3008
3137
3063
3050
3071
3104
3084
3089
3098
3068
3183
3046
3171
3135
3105
3000
3115
3144
3069
3085
3232
3077
3096
3071
3062
3048
3181
3145
3103
3045
3000
3119
2992
3025
3002
3019
3057
3132
3088
3062
3041
3127
3118
3068
3090
3170
3122
2992
3132
3095
3144
3053
3113
3060
3037
3128
3134
3064
2987
3172
3106
3084
3140
3103
3138
3008
3013
2997
3018
3142
3062
3115
3095
3057
3021
3044
3055
3062
3079
3095
3134
3004
3146
3002
3112
3154
3065
3252
3050
3159
3032
3055
3138
3079
3057
3062
3142
3047
3136
2997
3059
3198
3123
3070
3095
3124
3119
3083
3038
3145
3085
3142
3100
3101
3128
3007
3065
3051
3051
3053
3091
3074
3077
3058
3132
3155
3086
2986
3149
3066
3121
3053
3112
3043
3059
3010
3085
2984
3022
3038
3050
3067
3084
2997
3031
3091
3096
2984
3010
3000
2984
2940
3003
2946
3016
3082
2964
2970
3084
2883
2821
2959
2961
2993
2937
2909
2935
2984
2873
2860
2791
2808
2769
2790
2800
2757
2708
2645
2622
2572
2572
2457
2447
2350
2206
2223
2183
2038
2031
2012
2014
1938
1919
1992
1981
1990
2102
2075
2163
2108
2107
2104
2113
2007
1963
1964
2007
2017
1974
1993
2007
2098
2082
2217
2161
2237
2284
2299
2487
2459
2425
2660
2689
2700
2725
2831
2796
2892
2912
2832
2948
2915
2879
2937
2984
2945
2940
2995
2987
2978
2902
3066
2989
3029
2923
3019
3017
2993
2979
3012
3034
2985
3128
3004
3020
3080
3080
3064
2991
3014
2974
3104
3067
3021
3041
3132
3041
3180
3133
2976
2987
2981
3062
2985
3021
3016
3147
3007
3059
3082
3051
3117
3040
3019
3086
3025
3053
3048
3086
3079
3075
3037
3047
3203
3082
3028
3072
3046
3078
3059
3078
3051
3053
3126
3097
3043
3068
3139
3118
3088
3188
3046
3072
3121
3025
3037
3049
3108
3139
3102
3066
3074
3164
3184
3187
3157
3070
3137
3137
3014
3064
2966
3048
3092
3127
3170
3144
3045
3120
3203
3198
3128
3127
3153
3106
3046
3112
3058
3019
3104
3086
3075
3124
2907
3063
3180
3076
3064
3134
3087
3127
3077
3153
3079
3057
3096
3094
3156
3111
3173
3245
3081
2991
3009
3115
3153
3147
3098
3141
3089
3140
3030
3184
3081
3126
3026
3137
2965
3056
3027
3115
3070
3055
3026
3062
3067
3124
3069
3104
3067
3051
3061
3061
3101
3138
3026
2998
3063
3091
3148
3147
3038
3148
3066
3044
3062
3101
3036
3116
3082
3108
3177
3181
3052
3102
3104
3089
3137
3036
3025
3017
3022
3167
3219
3022
3129
2993
3165
3111
3019
3071
3108
3164
3067
3054
3110
3124
3100
3052
3001
3083
3114
3042
3134
3055
2963
3046
3026
3055
3219
3168
3104
3170
3117
3142
3151
3109
3010
3143
3074
3106
3147
3096
3074
3050
2994
3050
3083
3035
3106
3202
3074
3047
3050
3062
2993
3112
3067
3131
3019
3111
3030
3043
3016
3150
3043
3121
3039
3034
3080
3082
3036
3126
3042
3084
3107
3178
3112
3080
3111
3050
3072
3117
3070
3062
3062
3083
3086
3089
3091
3037
3075
3102
3110
2967
3031
3118
3037
3065
3098
3084
3159
3232
3069
2994
3078
3104
3138
3126
3154
3145
3006
3159
3098
3132
3061
3142
3152
2999
3105
3087
3136
3169
3108
3148
3097
3123
3084
3080
3057
3098
3163
3148
3115
3098
3037
3032
3127
3231
3105
3041
3135
3065
3134
3094
3011
3052
3069
3007
3052
3195
3086
3101
3081
3177
3117
2963
3137
3164
2946
3134
3125
3108
2997
3059
3172
3045
3126
3150
3091
3061
3009
3098
2915
3086
3015
3106
3122
3006
3063
3118
3130
2984
3134
3054
3138
3042
3139
3137
3020
3174
2985
3036
3133
3031
3013
3096
3110
2971
3046
3102
2995
3155
3040
2994
2991
3183
3028
3069
2952
3094
3029
3043
3074
3094
3048
3017
3082
3019
3089
3086
3116
3091
3040
3092
3002
3127
3021
3052
3009
3042
3080
3087
3039
3099
3010
3054
3042
3068
3089
3057
3066
3007
3036
3015
3024
3070
3099
3061
3044
2979
2940
2988
2976
2981
2918
2935
2906
2950
2944
2811
3002
2849
2865
2963
2930
2806
2814
2787
2911
2741
2841
2717
2723
2673
2536
2566
2428
2371
2351
2165
2212
2197
2126
2105
2086
2041
2002
2000
2028
2012
1963
2028
2037
2021
2126
2082
2148
2061
2100
2070
1907
2021
2007
2013
2040
2024
2010
2062
2025
2191
2249
2292
2316
2493
2490
2450
2686
2616
2665
2744
2761
2714
2775
2829
2770
2889
2808
2908
2872
2940
2888
2884
2958
2957
2916
2985
3064
3026
2976
3017
3006
3042
2954
3045
2960
2993
2989
3154
3012
3009
3013
3090
2915
3070
3106
2999
3086
3121
3136
3035
2971
3066
3107
3041
3092
2988
3067
3102
3009
3089
3097
3052
3045
3052
2999
3064
3042
3094
3072
2974
2944
3002
3054
3158
3108
3165
2964
3070
3128
3108
3121
3016
3038
3164
3115
3084
2999
3049
3027
3030
3116
3018
3081
3131
3051
3068
3042
3061
3051
3008
3203
3058
2981
2980
3224
3001
3071
3102
3128
3138
3051
3025
3131
3103
3069
3027
2981
3072
3034
3047
3097
3074
3087
3186
3087
3078
3216
3091
3014
3104
3038
3049
3075
3075
3037
3063
3051
3147
3147
3009
3154
3164
2953
3156
2964
3080
3072
2979
3162
3019
3042
3059
3133
3079
3069
3180
3090
3070
3066
2992
2965
3101
3072
3061
3137
3088
3018
3076
2969
3091
3022
3133
3086
2980
3091
3034
3153
3099
3130
3125
3028
3126
2986
3142
3126
3073
3191
3128
3087
3144
3089
3083
3160
3075
3164
3142
3041
3086
3174
3151
3101
2996
3084
3152
3055
3097
3143
3044
2959
3003
3156
3035
3088
3142
3072
3061
3073
3130
3158
3038
3174
3164
3029
3123
3104
3189
3043
3036
3141
3080
3089
3127
3132
2986
