2953
2927
2999
2988
2900
2944
2975
2926
2975
2965
2988
2981
3013
2921
3060
2993
3021
2969
2922
2973
2960
3025
3027
2963
2953
2918
2946
3003
2998
2992
2929
3010
2880
2980
3039
3036
2889
3043
2888
2918
2999
2965
3030
2922
3047
2900
2985
2925
2915
2935
2993
3040
2940
2948
2987
2944
3062
2966
2920
3000
3034
2927
3024
2933
3036
2978
3041
2938
2924
2869
2964
3011
2909
2877
3012
2933
3006
2961
2925
2914
2935
2952
2940
2911
2873
2928
2988
3020
3026
2937
2980
2856
2902
2975
2966
2866
2952
2891
2977
3051
3044
2915
2981
2886
2906
2975
2994
2936
2859
2983
2993
2945
3025
2861
2850
2946
2951
3005
2952
2954
2897
2945
2900
2953
2883
2966
2995
2971
2894
2952
2926
2947
3055
2997
2938
2988
2926
3040
2969
2912
3010
2889
3057
2988
2931
3024
2896
2973
2983
2936
3005
2896
2941
3022
2870
2960
2955
2883
2907
2928
2904
2982
2919
2970
2921
2928
2852
2930
2986
2919
2914
2931
2935
2891
2948
2902
2881
2896
2973
2948
2926
2956
2886
2994
2909
2909
2912
2956
2916
2864
2940
2895
2861
2875
2983
2896
2918
2958
2912
2907
2868
2977
2865
2916
2960
2852
2891
2878
2924
2845
2887
2913
2894
2913
2793
2792
2906
2801
2799
2710
2694
2698
2696
2594
2530
2532
2514
2428
2346
2413
2320
2211
2201
2097
2054
2026
2006
1929
1908
2008
1894
1929
1911
2019
2095
2000
2068
2016
2005
2095
1960
1920
2011
1982
1900
1949
1970
1867
1972
2113
2055
2002
2047
2230
2206
2271
2296
2393
2469
2541
2606
2615
2691
2619
2628
2778
2685
2772
2833
2827
2816
2789
2893
2894
2746
2857
2866
2917
2908
2937
2733
2868
2886
2951
2858
2899
2883
2875
2871
3011
2920
2939
2851
2886
2859
2900
2998
2908
2865
2869
2924
2939
2983
2868
2975
2862
2893
2913
2840
3055
2931
2892
2941
3075
2938
2866
2849
2925
2913
2903
2913
2965
2877
2985
2927
2891
2870
2976
2984
3028
2911
3028
2922
2936
2958
2866
2863
2938
2996
2971
3001
2924
2873
2944
3009
2919
2964
2928
2897
2830
2939
3063
2892
2880
3073
2983
2902
2891
2928
2948
2955
2934
2961
3000
2953
2954
3042
2878
2919
2960
2907
2843
3026
2964
2896
2981
2995
2926
2916
2896
2988
3030
2986
2954
2954
2884
3006
2995
2953
2925
2907
2934
2994
2912
2955
2928
2976
2961
2893
2949
3013
2862
2935
2892
2979
2989
2978
2936
2994
2951
3015
2890
3056
2963
3053
2999
2959
2946
2953
3018
2939
2946
2907
2916
2963
2904
2898
3008
2957
3015
2915
2969
3039
2929
2964
2918
2988
3018
2971
2984
2951
2964
2869
2982
3010
2905
2891
2944
2907
3037
3006
2925
2948
2946
2984
2940
2864
3007
2933
2904
2855
3046
3024
3009
2972
3012
2863
3002
2948
2890
2945
2998
2940
3056
2866
2975
2964
2844
2968
2945
2893
3007
2922
2922
3046
2982
2871
2912
2864
2937
2979
2918
2920
2909
3020
3025
2956
3025
2942
2973
2964
2966
2854
2926
3002
2860
2939
2956
2989
2964
2996
2974
2928
2975
2943
2936
2921
2853
2956
2983
2827
3024
2961
2949
2995
2917
3020
2899
3001
2950
2815
2917
3008
3005
3050
2932
2803
2994
2919
2916
2889
2910
3021
2953
3044
2972
2924
3011
2973
2905
2984
3024
2971
3002
2968
2918
2965
2989
2944
2993
2903
2928
2960
3050
2920
3056
2935
2969
2986
3011
2964
2963
2974
2877
2988
2878
2961
2917
2949
2844
3019
3008
3005
2864
3005
3044
2947
3010
2882
2841
3002
3020
2895
2921
3003
3053
3063
2859
2970
2931
2960
2902
3031
2921
2994
2975
2928
3112
2996
2929
2997
2964
3007
2854
2864
2943
2923
2929
2856
2896
2948
2897
2907
2995
3042
2864
2954
2932
2936
3004
3007
2955
2918
2887
2935
2913
2916
2930
2926
2919
2897
2992
2890
2949
2888
2930
2960
2966
2939
2975
2955
3032
2924
2960
2927
3020
2929
2974
2915
2926
3055
2855
2931
2992
2897
2943
2866
2891
2901
2980
2955
3024
2975
2883
3013
2949
2950
2991
2938
2955
2945
2890
2971
2967
2934
2887
2982
2836
2924
2846
3047
2913
2884
2829
2812
2825
2916
2890
2893
2898
2895
2874
2868
2995
2884
2954
2881
2989
2934
2940
2819
2904
2899
2944
2833
2905
2928
2963
2938
2912
2860
2907
2846
2891
2875
2955
2899
2770
2811
2710
2781
2728
2742
2890
2761
2732
2732
2723
2699
2643
2630
2591
2541
2487
2420
2333
2284
2256
2193
2128
2071
2028
2018
1942
1986
1906
1935
1900
1940
1885
1960
1936
2110
1966
2100
2026
2057
2082
1972
1848
1891
1853
1978
1922
1996
1973
1951
1995
1973
2055
2231
2222
2274
2382
2439
2455
2575
2547
2531
2693
2741
2674
2713
2779
2765
2643
2787
2821
2823
2811
2828
2772
2810
2925
2921
2857
2882
2844
2834
2850
2859
2788
2956
2836
2856
2969
2942
2864
2936
2955
2884
2902
2865
3024
3089
2900
2838
2815
2918
2876
2946
2909
2862
2957
2903
2989
2887
2932
2995
2918
2874
3014
2897
2946
2966
2879
2926
2881
2949
2976
2906
2953
2986
2949
2905
2974
2973
3024
3006
2860
2920
2884
2934
2959
2901
2927
2946
3003
2954
3057
2986
2962
2945
2810
2932
2999
2849
2826
2964
2879
2926
2883
2953
2779
2918
2931
2941
2954
3019
2976
2831
2972
2986
3032
3009
2917
2919
2965
2926
2919
2970
2974
2987
2969
3044
2967
2858
2985
2889
2988
3035
2925
2834
2955
2927
2924
2960
3010
2977
2907
2908
2898
2896
2915
2946
2986
3061
3035
3001
2935
2929
2931
2971
2993
3003
2977
2909
2964
2968
2932
2849
2928
2969
2916
2995
2982
2900
2928
2915
2956
2920
3031
3022
2859
2996
2977
3000
2947
3053
2925
2974
2897
2880
2998
2990
3035
2881
2926
2955
2949
3016
2979
2910
2947
2907
3009
2973
2937
3013
2886
3015
2929
2933
2995
2974
2932
2999
3005
2935
2951
2902
2901
2922
3029
2949
2936
2996
3002
2931
2952
2916
3038
2999
2930
2960
2940
3058
2988
3005
2987
2915
2923
3016
