2507
2402
2573
2567
2487
2377
2428
2528
2524
2597
2616
2509
2473
2458
2526
2524
2631
2572
2550
2510
2519
2489
2570
2528
2555
2511
2540
2472
2520
2521
2588
2535
2492
2471
2453
2571
2565
2566
2551
2505
2550
2527
2504
2554
2572
2595
2524
2568
2625
2470
2552
2474
2529
2591
2501
2487
2495
2471
2564
2539
2515
2503
2502
2520
2529
2504
2533
2481
2558
2548
2555
2551
2602
2577
2560
2541
2482
2534
2550
2447
2549
2557
2482
2504
2443
2499
2533
2566
2488
2478
2544
2455
2627
2547
2580
2496
2448
2511
2485
2490
2587
2543
2518
2555
2644
2560
2530
2546
2473
2514
2581
2583
2577
2567
2557
2548
2517
2453
2636
2518
2579
2536
2512
2504
2565
2565
2606
2563
2597
2596
2503
2511
2554
2560
2521
2526
2513
2529
2509
2573
2588
2551
2489
2476
2619
2504
2564
2565
2569
2579
2513
2520
2573
2583
2433
2545
2460
2608
2477
2478
2482
2427
2518
2544
2617
2506
2511
2646
2544
2575
2469
2559
2488
2586
2469
2524
2559
2541
2488
2539
2547
2603
2585
2495
2566
2473
2561
2469
2452
2519
2579
2599
2515
2500
2498
2524
2499
2496
2402
2485
2445
2572
2420
2446
2403
2428
2477
2374
2485
2441
2492
2403
2430
2366
2435
2399
2339
2363
2453
2281
2286
2361
2376
2253
2152
2183
2126
2094
2029
1992
1952
1982
1884
1822
1768
1730
1674
1674
1652
1631
1698
1648
1650
1655
1682
1741
1727
1819
1797
1758
1730
1747
1722
1593
1622
1615
1594
1708
1711
1702
1634
1792
1815
1837
2003
1944
2000
1975
2151
2213
2091
2156
2320
2314
2390
2414
2365
2311
2338
2342
2505
2449
2478
2475
2440
2433
2436
2496
2492
2413
2461
2493
2478
2467
2461
2464
2500
2545
2513
2496
2537
2495
2501
2468
2560
2439
2554
2576
2512
2492
2545
2475
2532
2526
2527
2534
2509
2556
2603
2580
2716
2501
2450
2533
2563
2597
2504
2559
2554
2498
2591
2540
2457
2592
2498
2484
2539
2583
2538
2456
2584
2623
2581
2487
2561
2510
2522
2573
2583
2487
2530
2577
2469
2651
2622
2441
2534
2537
2543
2512
2569
2516
2529
2616
2473
2546
2514
2486
2584
2598
2604
2508
2535
2579
2471
2557
2531
2530
2560
2483
2554
2535
2536
2549
2563
2587
2477
2527
2509
2540
2365
2593
2424
2495
2615
2563
2556
2579
2502
2658
2599
2492
2563
2466
2496
2574
2503
2528
2541
2584
2502
2526
2470
2635
2567
2600
2490
2500
2551
2536
2521
2484
2566
2563
2520
2605
2547
2569
2530
2459
2510
2546
2501
2524
2605
2462
2475
2490
2538
2534
2570
2443
2538
2532
2538
2589
2544
2525
2544
2564
2521
2481
2528
2625
2588
2513
2507
2528
2492
2619
2478
2554
2520
2521
2625
2566
2532
2556
2585
2528
2521
2555
2502
2591
2516
2506
2506
2472
2569
2559
2488
2526
2531
2562
2565
2564
2517
2471
2415
2542
2493
2526
2580
2519
2590
2512
2487
2486
2576
2588
2549
2494
2540
2566
2600
2584
2544
2570
2552
2514
2479
2534
2604
2468
2435
2586
2522
2545
2576
2591
2570
2598
2548
2513
2587
2525
2481
2559
2576
2590
2460
2503
2564
2559
2456
2492
2557
2634
2465
2470
2612
2552
2506
2534
2628
2592
2628
2540
2562
2517
2632
2607
2493
2571
2486
2509
2607
2482
2583
2480
2503
2566
2614
2598
2625
2530
2573
2536
2532
2570
2639
2472
2568
2526
2475
2556
2491
2560
2631
2586
2531
2492
2556
2569
2470
2501
2587
2507
2548
2437
2525
2544
2549
2552
2489
2511
2464
2549
2519
2525
2502
2542
2525
2504
2535
2488
2574
2500
2534
2562
2556
2642
2576
2505
2530
2570
2511
2435
2562
2535
2517
2549
2637
2589
2573
2438
2547
2514
2617
2555
2497
2597
2634
2512
2477
2526
2580
2614
2566
2468
2456
2639
2467
2482
2510
2595
2463
2506
2479
2458
2521
2556
2491
2527
2544
2512
2512
2575
2573
2605
2563
2549
2602
2547
2450
2554
2590
2389
2557
2555
2521
2439
2481
2544
2519
2498
2515
2574
2504
2515
2470
2476
2484
2593
2558
2545
2593
2551
2600
2516
2561
2468
2530
2488
2541
2533
2540
2521
2460
2481
2542
2466
2502
2442
2554
2459
2516
2556
2580
2541
2498
2543
2479
2510
2459
2461
2450
2545
2405
2404
2483
2500
2476
2563
2491
2445
2475
2407
2487
2473
2430
2492
2407
2475
2444
2462
2457
2400
2484
2435
2414
2305
2387
2267
2385
2337
2371
2303
2288
2208
2258
2132
2202
2140
2061
2015
2038
1884
1874
1773
1813
1705
1761
1672
1661
1677
1642
1615
1619
1646
1644
1679
1678
1766
1789
1710
1717
1712
1658
1705
1632
1656
1593
1637
1663
1733
1740
1750
1811
1765
1903
1891
1975
2043
2048
2111
2173
2160
2238
2339
2302
2357
2319
2267
2321
2392
2376
2378
2431
2424
2420
2432
2393
2473
2472
2397
2453
2473
2495
2473
2457
2431
2419
2471
2459
2535
2510
2479
2456
2510
2502
2457
2558
2526
2449
2497
2487
2476
2496
2461
2469
2482
2501
2522
2588
2600
2459
2515
2525
2507
2500
2540
2506
2514
2497
2480
2490
2542
2465
2469
2478
2533
2541
2447
2375
2575
2471
2544
2562
2557
2599
2586
2612
2559
2563
2495
2475
2483
2497
2474
2449
2537
2533
2477
2535
2491
2570
2537
2547
2513
2540
2532
2447
2451
2525
2556
2583
2530
2512
2455
2521
2494
2553
2489
2503
2492
2548
2435
2493
2466
2559
2570
2500
2570
2545
2544
2530
2423
2560
2558
2593
2593
2583
2576
2473
2464
2521
2587
2526
2543
2624
2563
2474
2538
2504
2509
2562
2536
2538
2465
2521
2515
2502
2529
2570
2560
2524
2470
2565
2497
2486
2532
2541
2479
2626
2650
2515
2425
2599
2554
2523
2538
2583
2619
2612
2529
2537
2511
2578
2566
2582
2564
2531
2506
2555
2475
2484
2504
2546
2586
2574
2572
2590
2508
2525
2583
2476
2531
2544
2570
2558
2510
2597
2520
2626
2512
2466
2448
2550
2622
2545
2553
2534
2536
2562
2453
2595
2497
2568
2605
2452
2512
2592
2546
2585
2565
2586
2621
2472
2507
2577
2654
2530
