2783
2776
2699
2818
2840
2832
2791
2793
2891
2754
2778
2737
2794
2846
2758
2815
2827
2770
2838
2794
2901
2829
2872
2729
2709
2863
2827
2742
2788
2769
2740
2735
2807
2884
2820
2705
2727
2816
2799
2842
2810
2721
2901
2824
2738
2819
2849
2875
2808
2779
2818
2898
2778
2863
2752
2794
2844
2924
2809
2918
2829
2826
2715
2650
2843
2708
2742
2861
2832
2869
2772
2914
2876
2756
2739
2863
2815
2861
2767
2707
2835
2848
2819
2785
2759
2865
2780
2706
2900
2798
2861
2731
2912
2711
2898
2884
2825
2887
2778
2709
2792
2841
2854
2806
2854
2791
2901
2804
2779
2683
2901
2841
2837
2758
2801
2837
2750
2761
2779
2694
2813
2814
2812
2847
2822
2811
2805
2800
2833
2813
2664
2843
2795
2841
2798
2834
2786
2760
2726
2812
2867
2670
2748
2784
2912
2835
2717
2836
2727
2757
2813
2756
2866
2743
2793
2778
2849
2804
2797
2932
2782
2774
2811
2896
2807
2812
2832
2779
2776
2759
2772
2773
2738
2797
2806
2820
2807
2815
2823
2781
2755
2814
2805
2769
2740
2780
2782
2630
2834
2708
2835
2758
2705
2704
2726
2681
2776
2707
2821
2762
2776
2755
2683
2694
2716
2801
2763
2617
2693
2776
2652
2726
2671
2730
2688
2666
2641
2694
2607
2632
2610
2587
2569
2477
2412
2528
2410
2284
2236
2221
2160
2136
2042
2007
1924
1972
1899
1763
1843
1780
1812
1824
1917
1869
2003
1983
1997
1974
1961
1849
1865
1809
1819
1818
1871
1880
1832
1787
1882
1838
1880
1949
1963
2005
2104
2152
2186
2214
2309
2327
2453
2347
2581
2530
2591
2556
2661
2586
2700
2622
2565
2704
2706
2790
2722
2750
2769
2828
2739
2799
2717
2668
2702
2759
2747
2812
2740
2723
2778
2792
2763
2780
2727
2767
2715
2807
2653
2740
2824
2791
2809
2787
2767
2848
2781
2767
2793
2724
2837
2767
2819
2779
2741
2824
2743
2785
2833
2807
2880
2685
2790
2775
2719
2825
2770
2782
2793
2794
2842
2828
2801
2771
2775
2817
2857
2860
2818
2795
2733
2841
2740
2732
2758
2826
2913
2926
2846
2831
2808
2772
2850
2739
2715
2719
2836
2849
2890
2829
2847
2859
2845
2840
2804
2798
2843
2918
2768
2817
2817
2798
2731
2892
2744
2869
2833
2760
2790
2830
2939
2760
2778
2805
2747
2873
2823
2805
2759
2899
2852
2787
2764
2790
2882
2840
2883
2704
2755
2839
2776
2739
2834
2840
2881
2871
2839
2781
2840
2878
2811
2769
2699
2830
2834
2745
2848
2764
2787
2713
2845
2916
2767
2852
2855
2853
2811
2817
2913
2835
2840
2756
2819
2794
2727
2833
2808
2848
2690
2836
2934
2849
2894
2841
2780
2783
2769
2802
2822
2805
2882
2800
2800
2838
2821
2802
2779
2806
2858
2857
2771
2849
2782
2808
2785
2853
2729
2867
2789
2725
2798
2791
2848
2837
2700
2757
2836
2844
2822
2774
2872
2749
2753
2956
2782
2839
2803
2861
2773
2797
2855
2791
2772
2785
2884
2783
2810
2765
2843
2841
2822
2796
2768
2714
2762
2874
2810
2848
2832
2856
2925
2931
2937
2794
2738
2786
2806
2924
2775
2783
2769
2784
2866
2792
2772
2786
2763
2809
2769
2727
2721
2786
2743
2881
2790
2877
2765
2823
2791
2761
2806
2802
2852
2853
2781
2897
2759
2813
2856
2824
2778
2743
2839
2775
2805
2822
2797
2819
2748
2805
2754
2817
2754
2886
2827
2763
2790
2771
2853
2844
2843
2755
2836
2724
2819
2856
2795
2799
2892
2792
2800
2843
2795
2775
2867
2727
2899
2767
2875
2840
2854
2899
2810
2822
2831
2842
2699
2808
2813
2822
2807
2762
2831
2852
2861
2820
2801
2806
2822
2747
2776
2800
2805
2804
2779
2719
2768
2832
2765
2829
2789
2793
2853
2739
2759
2876
2782
2878
2812
2809
2783
2862
2810
2838
2700
2784
2789
2796
2786
2812
2747
2825
2776
2791
2829
2815
2851
2770
2772
2819
2805
2869
2790
2810
2819
2773
2815
2863
2759
2808
2804
2913
2785
2804
2720
2787
2834
2789
2737
2836
2885
2802
2854
2914
2775
2800
2846
2817
2781
2800
2817
2776
2785
2832
2788
2717
2833
2738
2683
2755
2766
2772
2799
2781
2813
2760
2814
2821
2765
2771
2765
2801
2731
2848
2788
2804
2726
2768
2761
2796
2834
2732
2760
2730
2740
2788
2723
2685
2780
2690
2675
2723
2797
2774
2707
2732
2738
2739
2661
2628
2680
2699
2633
2601
2612
2623
2663
2606
2602
2544
2509
2604
2464
2478
2517
2334
2331
2261
2217
2175
2070
2062
1970
1942
1881
1970
1864
1808
1786
1853
1822
1790
1780
1889
1908
1911
1911
1917
1971
1934
1801
1877
1780
1833
1806
1795
1862
1840
1876
1903
1837
2133
1979
2137
2063
2220
2358
2331
2402
2540
2474
2432
2611
2545
2582
2624
2715
2641
2643
2723
2644
2708
2653
2744
2625
2637
2676
2765
2663
2659
2711
2787
2668
2743
2696
2744
2679
2728
2750
2742
2855
2787
2705
2754
2837
2790
2767
2793
2856
2704
2812
2660
2783
2613
2815
2704
2760
2788
2747
2705
2762
2744
2800
2742
2723
2729
2789
2819
2821
2827
2804
2830
2781
2771
2787
2747
2750
2774
2822
2815
2671
2784
2767
2865
2786
2784
2780
2748
2733
2752
2756
2784
2830
2767
2896
2788
2877
2840
2798
2836
2757
2814
2762
2778
2821
2862
2794
2828
2789
2853
2714
2800
2792
2726
2792
2744
2819
2849
2702
2768
2809
2798
2851
2854
2705
2749
2779
2870
2860
2783
2794
2803
2817
2810
2736
2793
2823
2804
2831
2816
2805
2757
2758
2792
2761
2768
2822
2803
2838
2807
2717
2757
2812
2778
2839
2811
2839
2940
2869
2866
2805
2741
2794
2898
2813
2789
2888
2819
2744
2885
2796
2747
2835
2868
2777
2756
2721
2980
2784
2812
2858
2861
2794
2719
2822
2805
2809
2845
2746
2746
2843
2889
2794
2896
2709
2825
2872
2884
2838
2774
2913
2869
2803
2726
2819
2825
2810
2740
2858
2752
2807
2745
2860
2838
2774
2851
2831
2764
2855
2768
2836
2787
2836
2833
2855
2835
2918
2808
2813
2794
2803
2883
2757
2862
2810
