2498
2529
2490
2453
2522
2571
2487
2500
2458
2539
2506
2527
2545
2503
2486
2522
2429
2511
2531
2509
2472
2497
2549
2529
2559
2581
2475
2589
2549
2475
2521
2412
2461
2581
2510
2535
2556
2585
2408
2481
2512
2479
2548
2546
2567
2502
2524
2508
2590
2574
2436
2625
2527
2523
2490
2558
2580
2571
2529
2475
2520
2486
2600
2580
2461
2447
2457
2464
2497
2542
2541
2594
2469
2518
2572
2544
2540
2450
2558
2574
2505
2509
2466
2459
2620
2533
2547
2504
2470
2477
2539
2526
2460
2523
2454
2409
2502
2518
2521
2570
2481
2578
2566
2507
2543
2478
2509
2460
2533
2543
2453
2536
2526
2451
2405
2516
2525
2474
2521
2475
2433
2424
2480
2439
2450
2531
2500
2535
2538
2534
2513
2499
2480
2489
2432
2479
2549
2624
2480
2420
2438
2506
2528
2486
2552
2552
2492
2548
2466
2503
2557
2464
2556
2478
2508
2478
2569
2496
2557
2500
2479
2554
2467
2540
2487
2537
2400
2553
2479
2541
2579
2510
2462
2386
2494
2417
2393
2449
2552
2586
2404
2462
2547
2430
2525
2477
2453
2504
2493
2520
2416
2486
2532
2376
2436
2498
2498
2448
2509
2390
2494
2471
2530
2469
2364
2484
2424
2439
2446
2405
2375
2469
2417
2525
2388
2292
2351
2338
2416
2324
2381
2233
2259
2293
2232
2172
2167
2157
2073
2014
1937
1891
1842
1753
1691
1737
1688
1697
1649
1598
1645
1583
1675
1671
1754
1626
1706
1689
1782
1735
1712
1735
1640
1552
1639
1553
1647
1614
1653
1686
1710
1833
1753
1855
1865
1919
1955
2038
2005
2124
2152
2195
2238
2238
2256
2280
2231
2361
2327
2337
2435
2424
2442
2542
2408
2424
2413
2455
2453
2451
2470
2396
2499
2451
2475
2497
2425
2466
2486
2523
2554
2450
2479
2509
2500
2518
2462
2395
2435
2460
2529
2628
2520
2456
2481
2469
2461
2547
2466
2494
2541
2490
2435
2416
2576
2525
2498
2473
2505
2526
2384
2538
2513
2521
2485
2488
2453
2465
2543
2527
2616
2499
2516
2528
2477
2475
2487
2541
2446
2565
2494
2518
2540
2507
2484
2541
2455
2536
2490
2495
2486
2506
2512
2512
2530
2425
2513
2553
2532
2502
2529
2586
2573
2529
2436
2520
2499
2555
2530
2399
2548
2498
2535
2501
2639
2544
2533
2518
2462
2491
2541
2480
2565
2541
2508
2483
2398
2505
2649
2476
2516
2536
2485
2484
2505
2477
2581
2591
2494
2542
2518
2553
2535
2550
2493
2588
2631
2454
2594
2491
2540
2476
2565
2459
2487
2562
2525
2528
2462
2601
2494
2489
2590
2426
2505
2493
2469
2451
2429
2552
2551
2512
2609
2554
2531
2568
2548
2518
2551
2554
2551
2551
2468
2579
2456
2523
2505
2430
2492
2451
2572
2469
2538
2466
2562
2547
2574
2487
2481
2511
2538
2512
2539
2532
2446
2528
2564
2492
2569
2472
2498
2598
2438
2553
2523
2497
2503
2518
2515
2526
2528
2530
2530
2512
2608
2541
2484
2498
2583
2430
2530
2454
2532
2446
2562
2485
2552
2488
2547
2449
2479
2528
2513
2534
2485
2525
2500
2538
2526
2507
2510
2501
2499
2525
2518
2485
2634
2492
2499
2561
2513
2520
2562
2496
2521
2551
2520
2496
2511
2473
2584
2563
2649
2476
2492
2533
2559
2490
2438
2502
2545
2482
2503
2573
2556
2625
2467
2526
2505
2450
2504
2562
2510
2565
2574
2539
2501
2531
2514
2524
2432
2501
2439
2597
2537
2480
2518
2483
2496
2461
2460
2428
2506
2398
2575
2460
2499
2561
2462
2548
2469
2590
2490
2579
2449
2453
2481
2581
2480
2443
2577
2562
2547
2432
2494
2451
2481
2574
2505
2520
2494
2582
2482
2552
2472
2486
2600
2489
2497
2475
2553
2551
2480
2450
2453
2551
2523
2486
2529
2516
2572
2481
2475
2494
2526
2489
2598
2450
2421
2433
2511
2553
2471
2550
2452
2538
2562
2517
2483
2477
2539
2497
2445
2546
2482
2498
2449
2564
2426
2492
2529
2534
2504
2546
2564
2500
2463
2514
2507
2396
2598
2494
2545
2395
2490
2392
2468
2501
2573
2548
2531
2432
2577
2480
2511
2497
2530
2456
2446
2578
2489
2485
2514
2450
2514
2535
2472
2449
2472
2497
2553
2574
2399
2401
2513
2415
2522
2561
2460
2526
2456
2464
2498
2473
2486
2510
2563
2449
2527
2462
2410
2432
2461
2472
2489
2436
2459
2438
2489
2467
2413
2459
2524
2406
2375
2418
2433
2349
2369
2375
2397
2390
2435
2266
2348
2285
2281
2319
2299
2265
2239
2177
2202
2110
2008
2011
1910
1847
1860
1751
1805
1647
1636
1747
1628
1675
1673
1719
1711
1609
1690
1641
1689
1771
1814
1797
1747
1629
1647
1615
1573
1620
1636
1656
1609
1680
1715
1674
1753
1801
1826
1933
2002
2005
2041
2182
2159
2167
2175
2321
2219
2372
2219
2330
2240
2346
2436
2366
2371
2329
2401
2401
2382
2408
2349
2422
2440
2497
2444
2412
2418
2443
2481
2450
2401
2489
2489
2472
2353
2445
2474
2465
2494
2451
2469
2486
2431
2402
2477
2477
2450
2493
2462
2483
2466
2484
2474
2484
2486
2473
2486
2509
2472
2521
2434
2512
2451
2558
2445
2454
2507
2557
2531
2460
2516
2525
2464
2444
2446
2509
2513
2533
2478
2535
2618
2472
2528
2548
2458
2379
2492
2553
2485
2423
2582
2542
2558
2514
2530
2456
2475
2545
2447
2498
2552
2470
2503
2527
2496
2491
2456
2581
2480
2445
2495
2540
2464
2440
2494
2482
2514
2541
2495
2483
2545
2432
2517
2496
2567
2500
2472
2511
2515
2470
2540
2497
2466
2562
2527
2444
2574
2506
2535
2484
2518
2540
2445
2548
2430
2605
2500
2370
2474
2585
2583
2555
2497
2442
2505
2594
2531
2460
2472
2518
2439
2545
2471
2569
2497
2458
2556
2473
2560
2523
2460
2450
2526
2610
2501
2569
2538
2465
2541
2559
2468
2551
2547
2506
2530
2502
2423
2518
2405
2472
2486
2432
2563
2548
2598
2498
2451
2525
2568
2496
2492
2495
2495
2555
2498
2568
2549
2513
2592
2557
2430
2540
2564
2501
2526
2415
2547
2408
2487
2472
2489
2571
2488
2518
2536
2516
2513
2513
2542
