2964
2997
2988
2905
2967
2973
2938
2962
2965
2975
3012
3022
2982
2862
2998
3005
2917
2919
2923
3009
3000
2951
2996
2925
2987
2999
2926
3035
2952
2996
3032
2921
2942
2984
3021
2991
2989
2909
2857
2959
2926
2961
2864
3061
2931
2893
2958
2950
2864
2969
2852
2904
2985
2867
2905
2903
2938
2947
3021
2960
2970
2934
2889
2993
2949
2915
2953
2867
2911
2922
3022
2935
2915
2844
2973
3044
2964
2982
2939
2983
2947
2922
2996
2914
2972
2871
3004
2936
2900
2891
2963
3040
2970
3021
3055
2992
3030
2974
2962
2911
2894
3001
2932
2969
2861
2993
2941
2910
2928
2895
2910
2961
2979
3090
2938
2905
2942
2923
3019
2905
2958
2935
3054
2967
2956
2912
2918
2953
2844
2925
2987
2835
2984
2872
2873
2950
2926
2968
2964
2919
3038
2972
2882
2892
2925
2970
2870
2954
2907
2953
2868
2904
2951
2949
3020
2927
2894
2890
2961
2970
3012
2960
2926
2963
2919
2944
2883
2953
2889
2893
2929
3021
2922
2956
2930
2944
2963
2962
3022
2984
2947
2927
2879
2913
2773
2987
2928
2859
2836
2909
2793
2935
2976
2869
2932
2896
2934
2928
2936
2888
2888
2877
2854
2829
2917
2878
2907
2882
2803
2932
2919
2799
2812
2627
2812
2714
2829
2698
2788
2661
2656
2650
2690
2695
2591
2536
2540
2422
2368
2394
2337
2204
2171
2102
1923
1929
1972
1861
1956
1921
1927
1873
1904
1930
2025
2006
1984
2098
2013
2024
1944
2029
2043
1931
1955
1849
1877
1928
1978
1926
2027
2021
2096
2119
2225
2301
2257
2345
2393
2508
2489
2560
2516
2648
2738
2688
2690
2775
2828
2844
2802
2794
2807
2841
2887
2909
2732
2793
2958
2784
2882
2883
2906
2848
2764
2855
2857
2977
2878
2897
2885
2875
2888
2788
2874
2873
2957
2862
2925
2915
2991
2906
2853
3037
2916
2982
2867
2768
2960
2995
2942
2851
2841
2922
2933
2911
2912
2885
2919
2959
2889
2876
2823
2933
2905
2959
2956
2984
2948
3023
2953
2934
2942
2986
2894
2911
2981
2925
2970
2993
2925
2961
2867
2889
2906
2853
2910
3017
2986
2867
2910
2931
2820
3074
2969
2944
2990
2856
2972
2898
2931
2948
2806
2822
2941
2937
2992
2931
2951
3001
2977
2910
2987
2955
2949
2982
2988
2912
2996
2915
2914
2955
3090
2910
2986
2804
2953
2973
3077
2954
3047
2949
2921
3047
2962
2963
3036
2895
2994
2984
2902
3032
2862
2970
3013
2941
2990
2956
2956
2911
2936
2998
2982
3027
2973
2879
3019
3005
2977
2895
2917
3045
2962
2867
2928
2899
2974
2945
2953
3015
3066
2944
2866
2930
2928
2981
2985
3033
2907
3029
2967
2979
2901
2918
2900
2987
2979
2960
3050
2952
2998
2910
2911
2935
2892
2911
2994
3048
3040
2996
2858
2957
2951
2970
2942
3039
2881
2913
2957
2956
2952
2953
3000
3045
2947
2956
2987
2915
2884
2930
2922
3015
2905
2988
2935
2919
3034
3007
2976
2999
2940
2970
2989
3040
3002
2991
2961
2961
2944
3014
3008
3007
3045
2920
2880
2947
2981
2879
3022
3016
2903
2789
2919
2901
2962
3065
2901
2950
2903
2891
2860
2996
2946
2852
2994
2938
2954
2999
2958
2955
2997
2911
2943
2928
2952
2952
2936
2929
2942
2957
2927
2920
2899
2859
2974
3020
3004
2963
2933
3023
2929
2927
2888
2964
3035
2972
2945
2932
2979
2909
2950
2916
2880
2902
2862
2885
2969
2930
2920
2967
2970
2917
2892
2991
2933
2824
2924
2954
2839
2934
2901
2970
2885
2930
2907
2992
2858
3023
2928
2929
2886
2900
2879
2942
2897
2992
2984
2958
2883
2910
2963
2896
3011
2976
2907
2883
2928
3014
2929
3057
2976
2930
2887
2976
2934
3023
2836
2936
2977
2881
2970
3025
2902
2987
2951
2938
3030
3008
2920
2921
2911
2919
3032
2975
2878
2832
3003
2990
2852
2960
3018
2920
2883
2990
2845
2966
2933
2926
3056
3037
2996
2891
3019
2933
2850
2984
2921
2961
2884
2933
2858
2956
2944
2956
2858
2984
2993
2920
2902
2939
2968
2971
2896
3031
2987
2949
2912
2966
2898
2953
2949
2996
2897
2846
2912
2966
2865
2830
2861
2954
2875
2872
2908
2939
2869
2867
2995
2855
2881
2914
2910
2922
2873
2827
2942
2984
2830
2881
2844
2831
2860
2824
2765
2911
2900
2870
2857
2815
2852
2912
2917
2917
2845
2857
2918
2812
2786
2935
2865
2748
2835
2834
2840
2717
2704
2628
2667
2700
2614
2651
2581
2559
2492
2452
2462
2262
2265
2170
2258
2088
2065
2067
2040
1974
2041
1878
1923
1846
1951
1938
1969
2032
1997
1988
1967
2020
1977
1988
2020
1978
1900
1898
1912
1951
1855
1978
1955
1940
2104
2091
2192
2196
2288
2376
2419
2384
2474
2528
2674
2715
2747
2760
2669
2619
2610
2778
2764
2713
2814
2801
2898
2886
2867
2937
2936
2902
2900
2867
2836
2846
2967
2964
2876
2852
2866
2929
2805
2823
2759
2913
2924
2841
2893
2886
3044
2894
2836
2918
2926
2899
2950
2881
2890
2895
2885
2958
2917
2924
2950
2859
2905
2833
2923
2912
2982
2916
3049
2930
2939
2989
2888
2985
2929
2960
2935
2940
2921
2950
2959
2947
2886
3015
2979
2882
2955
2916
3016
2864
2912
2878
2955
2980
2887
3015
2948
2902
2934
3024
2888
2954
2907
2942
2983
2925
2910
2855
2985
3042
2899
2999
2971
2906
2985
2888
2922
2990
2870
3034
2938
3004
2859
2871
3001
2902
2883
2910
3047
2998
2963
2932
2898
2908
3003
2875
2971
2956
2959
2944
3084
3015
2914
2962
3050
2996
3026
2959
2924
2926
2917
2885
3017
3019
2981
2985
3015
2881
2875
3020
2850
3030
2979
2922
2962
2887
3045
2887
2953
3013
2943
2947
3003
2978
2932
2973
2958
3019
2973
2950
2974
2934
2967
3011
2915
3016
2914
2967
2893
2994
2966
2886
2885
3032
2932
2952
2823
3030
2885
3021
2980
3010
3000
2822
2823
2898
2926
2969
2990
2940
2902
2877
2955
2970
2931
2869
2999
2969
3028
3047
2907
3024
3023
3008
2972
3019
2978
2952
2912
2901
2863
2838
2885
2906
3008
