2796
2803
2802
2766
2815
2868
2786
2842
2874
2809
2792
2799
2697
2960
2723
2884
2827
2772
2874
2919
2820
2874
2861
2823
2801
2768
2749
2825
2807
2745
2826
2823
2914
2795
2776
2874
2815
2819
2778
2741
2786
2843
2771
2794
2675
2762
2815
2773
2798
2888
2790
2804
2831
2881
2729
2882
2759
2807
2868
2881
2823
2808
2831
2851
2821
2751
2820
2736
2748
2858
2874
2799
2818
2703
2840
2786
2803
2771
2768
2799
2761
2810
2847
2840
2771
2888
2770
2878
2814
2881
2738
2846
2801
2763
2890
2873
2852
2849
2816
2760
2829
2857
2850
2847
2802
2739
2811
2826
2728
2731
2747
2813
2833
2763
2778
2816
2854
2812
2889
2809
2829
2788
2830
2832
2761
2715
2691
2898
2826
2733
2931
2821
2899
2794
2736
2746
2788
2757
2829
2798
2775
2827
2796
2795
2840
2798
2809
2825
2739
2774
2819
2804
2789
2841
2827
2807
2785
2822
2733
2815
2747
2751
2730
2811
2872
2699
2836
2861
2750
2770
2803
2803
2713
2863
2756
2749
2724
2814
2727
2755
2806
2805
2686
2779
2813
2812
2736
2785
2874
2799
2726
2680
2741
2719
2700
2853
2823
2746
2770
2691
2749
2856
2697
2666
2813
2645
2716
2756
2786
2644
2726
2744
2667
2660
2599
2585
2600
2622
2586
2685
2540
2541
2578
2504
2511
2309
2418
2326
2326
2256
2239
2064
2072
1986
1898
1888
1915
1817
1812
1852
1837
1782
1870
1896
1974
1877
1953
1910
1936
1954
1843
1800
1942
1854
1857
1798
1891
1791
1860
1866
1951
1914
2005
2002
2092
2053
2294
2324
2298
2348
2362
2370
2530
2549
2616
2596
2617
2556
2594
2689
2719
2638
2586
2710
2687
2627
2748
2690
2729
2697
2684
2663
2755
2847
2680
2813
2698
2802
2717
2709
2766
2804
2698
2744
2745
2744
2729
2695
2810
2896
2817
2747
2802
2700
2867
2700
2825
2736
2776
2797
2801
2769
2696
2789
2756
2733
2729
2851
2730
2737
2853
2770
2868
2792
2773
2740
2818
2725
2801
2841
2786
2851
2826
2778
2880
2832
2768
2861
2758
2717
2757
2813
2713
2785
2723
2842
2841
2846
2802
2790
2783
2896
2829
2771
2831
2881
2863
2718
2807
2762
2878
2863
2817
2815
2836
2753
2902
2886
2797
2769
2748
2833
2766
2823
2819
2835
2734
2809
2759
2778
2849
2732
2841
2690
2738
2842
2812
2811
2843
2873
2802
2762
2832
2816
2835
2795
2806
2834
2871
2906
2816
2754
2858
2849
2873
2807
2853
2683
2806
2899
2769
2916
2795
2795
2853
2768
2785
2864
2749
2837
2757
2802
2779
2903
2938
2809
2769
2737
2790
2753
2820
2818
2831
2836
2679
2798
2812
2792
2726
2821
2800
2778
2747
2767
2776
2795
2756
2838
2805
2863
2772
2750
2858
2827
2879
2789
2710
2801
2881
2872
2847
2808
2813
2820
2903
2791
2748
2788
2838
2810
2717
2785
2797
2792
2804
2819
2844
2853
2862
2893
2747
2800
2804
2804
2815
2770
2832
2766
2920
2817
2809
2789
2850
2947
2837
2735
2889
2798
2824
2873
2766
2861
2778
2838
2805
2910
2841
2799
2867
2818
2766
2799
2814
2706
2825
2782
2771
2847
2775
2780
2720
2811
2766
2781
2800
2860
2755
2831
2751
2876
2811
2803
2820
2887
2962
2786
2797
2807
2855
2846
2723
2837
2793
2753
2846
2775
2769
2735
2796
2819
2786
2830
2818
2795
2823
2738
2839
2806
2854
2779
2779
2831
2900
2831
2813
2829
2859
2840
2721
2750
2756
2772
2760
2814
2824
2875
2709
2827
2727
2825
2810
2897
2915
2805
2804
2817
2845
2771
2807
2821
2755
2707
2827
2821
2793
2813
2867
2795
2748
2743
2781
2695
2778
2746
2786
2731
2821
2855
2761
2712
2734
2777
2733
2726
2844
2801
2759
2835
2804
2771
2758
2744
2836
2805
2708
2794
2805
2756
2826
2764
2839
2775
2830
2822
2879
2778
2810
2836
2735
2749
2815
2802
2787
2730
2740
2750
2809
2728
2820
2747
2758
2807
2780
2799
2899
2789
2857
2798
2813
2894
2712
2778
2810
2802
2811
2742
2712
2807
2778
2774
2745
2761
2831
2693
2795
2760
2825
2773
2893
2759
2812
2858
2755
2725
2833
2787
2734
2824
2809
2836
2735
2735
2770
2684
2686
2760
2786
2795
2767
2734
2788
2788
2818
2848
2738
2702
2779
2703
2848
2767
2722
2791
2700
2668
2593
2728
2638
2707
2723
2780
2803
2748
2647
2744
2771
2766
2720
2636
2775
2621
2593
2729
2640
2629
2584
2657
2630
2477
2487
2490
2467
2516
2329
2328
2223
2245
2231
2095
2111
1972
1887
1945
1953
1935
1877
1761
1855
1873
1840
1809
1826
1926
1881
1883
1854
1985
1968
1867
1859
1879
1921
1960
1846
1810
1833
1819
1959
1944
1904
1948
2051
2075
2178
2222
2328
2300
2298
2450
2432
2615
2525
2625
2567
2600
2583
2669
2615
2639
2702
2711
2621
2656
2721
2763
2743
2673
2707
2698
2724
2754
2665
2758
2658
2729
2689
2775
2747
2788
2699
2752
2739
2779
2723
2763
2789
2732
2745
2865
2669
2783
2753
2813
2924
2818
2669
2839
2846
2706
2690
2792
2868
2804
2776
2760
2709
2778
2809
2730
2783
2754
2807
2827
2864
2858
2761
2778
2754
2770
2835
2839
2855
2855
2856
2797
2819
2773
2751
2783
2767
2749
2750
2719
2800
2761
2876
2793
2777
2843
2857
2722
2771
2759
2774
2748
2851
2776
2793
2877
2817
2824
2841
2812
2802
2795
2823
2803
2686
2823
2762
2773
2843
2771
2779
2735
2696
2886
2812
2810
2861
2837
2789
2776
2877
2782
2822
2761
2796
2803
2826
2711
2795
2804
2702
2802
2860
2730
2868
2862
2843
2763
2789
2833
2655
2716
2820
2764
2869
2885
2769
2832
2822
2844
2732
2750
2876
2647
2809
2802
2718
2832
2831
2835
2810
2795
2857
2835
2828
2818
2881
2848
2764
2724
2800
2772
2879
2843
2795
2859
2732
2821
2853
2778
2712
2822
2776
2712
2820
2743
2828
2888
2782
2807
2874
2809
2807
2837
2747
2862
2762
2790
2742
2758
2730
2761
2872
2835
2815
2850
2781
2858
2820
2726
2834
2782
2720
2853
2753
2764
2770
2825
2755
2848
2871
