2344
2292
2347
2347
2390
2292
2309
2281
2309
2247
2319
2340
2341
2290
2276
2240
2246
2313
2430
2273
2280
2446
2304
2348
2315
2405
2361
2287
2398
2265
2344
2324
2222
2296
2348
2246
2326
2328
2395
2331
2335
2373
2360
2367
2343
2368
2297
2255
2386
2305
2313
2321
2224
2233
2310
2268
2306
2213
2305
2279
2189
2165
2141
2062
2211
2107
1916
1951
1884
1888
1880
1794
1795
1806
1771
1796
1753
1704
1738
1763
1749
1826
1718
1719
1748
1786
1772
1777
1772
1783
1822
1849
1802
1867
1889
1831
1893
1937
1884
2007
1971
2013
2067
2120
2077
2016
2140
2113
2030
2206
2117
2124
2187
2209
2156
2232
2230
2179
2216
2229
2175
2213
2168
2229
2201
2232
2318
2228
2291
2273
2224
2242
2182
2193
2175
2217
2162
2248
2115
2074
2029
1958
1908
1945
1840
1789
1774
1830
1807
1744
1719
1704
1714
1755
1783
1788
1852
1830
1805
1922
1907
1916
2014
1925
1965
2029
2013
2086
2093
2137
2177
2131
2083
2165
2214
2266
2158
2299
2310
2206
2257
2233
2196
2228
2331
2270
2231
2301
2260
2311
2316
2261
2293
2261
2231
2248
2247
2326
2340
2298
2240
2234
2197
2312
2268
2263
2254
2209
2181
2122
2079
2102
2067
2091
2093
1934
1880
1911
1874
1857
1921
1839
1920
1863
1970
1938
1976
2030
2021
2036
2106
2164
2210
2158
2217
2182
2169
2222
2302
2229
2297
2238
2296
2248
2313
2245
2256
2267
2308
2258
2320
2280
2246
2224
2218
2195
2290
2229
2177
2250
2211
2125
2123
2141
2149
2024
2025
2061
1978
1893
1837
1877
1875
1874
1890
1835
1869
1979
2005
1976
2011
2071
2129
2149
2141
2207
2225
2220
2316
2253
2284
2256
2261
2262
2290
2255
2181
2327
2343
2264
2351
2229
2240
2276
2226
2306
2254
2295
2255
2194
2275
2258
2397
2270
2306
2223
2176
2114
2214
2156
2213
2233
2240
2228
2134
2089
2216
2066
2056
2044
2022
1899
1912
1941
1916
1873
1884
1801
1799
1814
1794
1766
1742
1829
1712
1792
1752
1732
1805
1821
1969
1947
1958
2016
2081
2108
2087
2134
2184
2197
2240
2220
2222
2179
2289
2211
2322
2281
2313
2185
2172
2272
2172
2269
2196
2169
2220
2210
2218
2271
2169
2222
2184
2258
2191
2053
2137
2161
2244
2114
2145
2070
2047
2033
1998
2022
2017
1953
1983
1850
1982
1867
1836
1851
1820
1773
1763
1739
1733
1774
1721
1691
1661
1749
1669
1753
1663
1742
1780
1815
1744
1800
1810
1839
1870
1866
1916
1998
2061
2066
2088
2185
2115
2160
2149
2251
2177
2147
2262
2207
2426
2298
2258
2269
2285
2258
2278
2321
2393
2198
2272
2384
2305
2301
2371
2246
2250
2334
2322
2248
2305
2310
2411
2257
2332
2349
2321
2325
2324
2402
2288
2200
2442
2322
2307
2287
2268
2325
2402
2247
2268
2322
2272
2355
2283
2336
2259
2247
2380
2274
2356
2316
2293
2285
2375
2253
2310
2324
2260
2292
2253
2365
2325
2355
2311
2423
2226
2274
2335
2314
2328
2318
2207
2278
2330
2329
2326
2425
2319
2245
2269
2316
2284
2307
2370
2319
2265
2339
2366
2250
2280
2315
2270
2284
2290
2271
2283
2262
2350
2278
2323
2304
2369
2290
2274
2374
2359
2284
2368
2260
2260
2274
2317
2220
2306
2262
2310
2228
2299
2353
2320
2274
2322
2273
2306
2292
2343
2254
2359
2282
2331
2305
2200
2311
2325
2220
2349
2243
2285
2242
2239
2204
2288
2234
2277
2206
2128
2178
2199
2225
2101
2121
2074
2095
2025
1946
1949
1866
1800
1813
1820
1807
1810
1733
1679
1691
1783
1674
1746
1697
1755
1693
1704
1754
1731
1654
1831
1901
1880
1801
1818
1834
1899
1943
1907
2011
1975
1977
2103
2079
2034
2139
2144
2123
2111
2176
2150
2155
2249
2194
2270
2247
2216
2224
2227
2167
2283
2211
2234
2189
2261
2228
2218
2258
2226
2202
2238
2261
2142
2283
2244
2121
2237
2197
2104
2228
2151
2105
2000
1945
1958
1860
1847
1757
1855
1783
1877
1691
1758
1697
1758
1719
1725
1792
1832
1825
1834
1964
1907
1878
1949
2020
2079
2069
2053
2069
2212
2196
2155
2156
2293
2131
2132
2295
2205
2238
2244
2172
2342
2306
2202
2176
2263
2253
2268
2305
2316
2339
2294
2274
2305
2245
2276
2227
2280
2242
2320
2261
2244
2309
2190
2177
2209
2253
2193
2162
2224
2222
2207
2192
2032
2045
1967
1980
1942
1990
1845
1930
1836
1781
1874
1865
1928
1924
1955
2011
2105
2059
2126
2141
2180
2121
2227
2218
2179
2159
2272
2272
2270
2318
2286
2179
2233
2246
2296
2255
2286
2242
2296
2251
2285
2261
2206
2257
2317
2196
2157
2260
2167
2144
2144
2023
2078
2057
2021
1998
1932
1943
1864
1833
1864
1828
1823
1917
1933
1965
1825
2015
2064
2024
2041
2124
2098
2184
2185
2217
2240
2218
2274
2270
2215
2286
2238
2232
2289
2253
2172
2331
2327
2317
2274
2245
2283
2257
2357
2245
2232
2236
2325
2214
2236
2247
2264
2241
2224
2174
2185
2156
2169
2214
2135
2108
2181
2104
2130
2027
2051
1940
1962
1990
1931
1896
1903
1842
1823
1748
1769
1694
1794
1866
1779
1788
1705
1771
1843
1818
1805
1849
1858
1911
1959
2013
2060
2162
2147
2144
2217
2222
2139
2297
2188
2214
2233
2186
2204
2131
2317
2180
2249
2276
2303
2252
2321
2206
2175
2198
2111
2298
2244
2180
2130
2179
2188
2108
2122
2071
2081
2051
2104
1993
2015
2038
2051
1957
1994
1932
1968
1892
1892
1884
1859
1801
1817
1776
1719
1767
1771
1751
1743
1738
1783
1694
1738
1675
1690
1743
1764
1725
1784
1755
1860
1861
1856
1901
1947
1948
1960
2027
2093
2082
2197
2139
2231
2239
2152
2158
2278
2360
2244
2315
2254
2316
2292
2197
2331
2303
2303
2391
2189
2365
2252
2358
2241
2322
2297
2392
2190
2315
2258
2304
2277
2245
2259
2310
2341
2348
2283
2277
2295
2369
2229
2253
2302
2272
2239
2266
2298
2324
2353
2236
2484
2301
2292
2279
2314
2148
2329
2322
2231
2318
2446
2379
2312
