2520
2489
2572
2511
2509
2455
2510
2562
2467
2485
2472
2493
2542
2497
2522
2542
2500
2547
2570
2502
2526
2500
2518
2540
2545
2545
2510
2477
2484
2554
2534
2600
2584
2484
2502
2523
2471
2570
2594
2582
2557
2480
2631
2508
2437
2483
2462
2557
2495
2495
2554
2520
2507
2465
2452
2481
2448
2464
2506
2538
2448
2643
2509
2594
2478
2507
2523
2495
2532
2530
2452
2476
2559
2492
2519
2491
2503
2492
2517
2493
2563
2466
2461
2541
2518
2543
2612
2503
2512
2499
2563
2483
2531
2536
2464
2487
2539
2626
2586
2541
2521
2544
2479
2471
2526
2544
2480
2447
2479
2447
2512
2406
2520
2524
2490
2425
2548
2599
2484
2578
2507
2487
2503
2553
2559
2447
2510
2484
2564
2449
2520
2481
2448
2548
2434
2508
2521
2447
2504
2515
2476
2507
2563
2615
2611
2535
2552
2473
2545
2611
2482
2497
2499
2508
2530
2539
2491
2545
2489
2508
2541
2454
2485
2504
2550
2545
2520
2524
2556
2582
2438
2530
2535
2501
2397
2527
2493
2444
2420
2550
2468
2454
2490
2523
2467
2507
2484
2467
2459
2496
2433
2448
2484
2420
2428
2487
2513
2443
2457
2609
2468
2467
2458
2500
2425
2481
2484
2421
2384
2498
2398
2409
2401
2370
2456
2431
2336
2402
2366
2298
2272
2399
2210
2229
2268
2174
2058
2020
1946
2023
1951
1868
1862
1847
1730
1660
1694
1743
1624
1686
1638
1675
1626
1672
1677
1700
1774
1840
1752
1678
1662
1665
1723
1605
1634
1620
1712
1673
1701
1684
1782
1741
1773
1814
1823
1868
1991
2014
2066
2199
2191
2194
2263
2319
2310
2266
2338
2391
2363
2338
2436
2407
2382
2355
2398
2375
2344
2431
2524
2472
2496
2444
2410
2416
2518
2513
2573
2512
2419
2460
2472
2401
2453
2399
2459
2545
2445
2544
2476
2577
2427
2512
2482
2421
2597
2554
2407
2453
2531
2497
2453
2524
2535
2501
2583
2455
2473
2558
2502
2499
2536
2562
2476
2423
2547
2425
2506
2515
2489
2499
2488
2443
2487
2575
2461
2556
2469
2461
2418
2493
2444
2480
2544
2495
2554
2461
2515
2531
2542
2482
2505
2534
2511
2437
2532
2518
2388
2443
2493
2504
2493
2452
2541
2531
2434
2480
2575
2518
2491
2562
2490
2524
2428
2569
2488
2480
2416
2434
2538
2459
2575
2616
2507
2526
2572
2422
2516
2487
2498
2456
2574
2560
2550
2480
2566
2480
2493
2532
2600
2495
2445
2584
2547
2484
2470
2605
2530
2492
2589
2568
2596
2525
2480
2517
2454
2597
2518
2640
2508
2468
2444
2536
2498
2566
2602
2474
2553
2549
2483
2463
2455
2525
2444
2525
2594
2463
2480
2538
2584
2490
2459
2584
2441
2545
2626
2554
2473
2491
2478
2460
2550
2506
2571
2493
2525
2516
2475
2476
2529
2537
2480
2509
2572
2476
2550
2533
2548
2520
2536
2499
2446
2566
2555
2511
2468
2575
2493
2516
2509
2514
2493
2482
2476
2517
2509
2526
2554
2555
2493
2445
2484
2580
2527
2550
2524
2527
2592
2430
2423
2553
2536
2561
2442
2593
2463
2607
2482
2614
2544
2510
2620
2412
2605
2580
2480
2489
2543
2556
2579
2615
2466
2466
2485
2526
2529
2554
2405
2478
2552
2480
2496
2484
2553
2520
2513
2591
2490
2544
2515
2510
2508
2484
2564
2499
2543
2498
2504
2576
2548
2459
2531
2512
2468
2488
2530
2506
2562
2405
2491
2558
2486
2525
2465
2426
2474
2561
2447
2508
2417
2467
2502
2452
2558
2495
2520
2581
2490
2517
2586
2497
2446
2443
2596
2466
2495
2470
2603
2566
2487
2558
2449
2519
2499
2530
2522
2490
2483
2587
2577
2500
2484
2457
2581
2454
2513
2528
2519
2471
2427
2554
2527
2521
2507
2494
2417
2561
2543
2372
2578
2522
2561
2506
2411
2560
2596
2447
2526
2556
2557
2662
2545
2543
2495
2488
2527
2436
2506
2616
2510
2460
2510
2593
2576
2506
2579
2541
2505
2466
2538
2489
2406
2515
2513
2541
2510
2497
2684
2569
2491
2473
2433
2512
2489
2444
2457
2558
2561
2521
2485
2459
2492
2526
2524
2411
2555
2502
2504
2537
2462
2402
2441
2421
2442
2502
2511
2461
2518
2536
2521
2526
2591
2389
2498
2466
2589
2555
2452
2432
2532
2435
2380
2522
2553
2481
2523
2523
2493
2513
2489
2544
2481
2513
2477
2494
2500
2463
2487
2424
2501
2439
2456
2495
2491
2500
2431
2416
2380
2469
2407
2386
2394
2371
2338
2380
2323
2307
2394
2277
2257
2300
2215
2187
2136
2135
2110
2006
1881
1923
1930
1852
1791
1774
1764
1692
1613
1666
1613
1660
1689
1711
1673
1749
1727
1746
1704
1782
1680
1738
1661
1657
1662
1665
1558
1631
1636
1679
1647
1736
1747
1817
1788
1947
1980
1965
2018
2111
2157
2233
2202
2192
2290
2341
2339
2361
2310
2281
2374
2351
2313
2386
2496
2382
2357
2394
2460
2460
2342
2464
2458
2460
2370
2508
2380
2389
2470
2447
2435
2473
2431
2436
2448
2473
2512
2487
2448
2450
2465
2490
2493
2511
2468
2538
2442
2530
2511
2456
2441
2461
2410
2490
2485
2497
2510
2423
2534
2477
2494
2562
2484
2491
2481
2567
2470
2473
2526
2492
2480
2512
2561
2501
2510
2579
2483
2503
2527
2510
2467
2567
2483
2499
2533
2578
2490
2500
2534
2524
2458
2626
2505
2538
2500
2546
2525
2541
2507
2597
2594
2490
2451
2534
2610
2542
2566
2499
2545
2519
2572
2460
2464
2557
2551
2484
2542
2564
2455
2489
2671
2498
2505
2506
2533
2516
2533
2442
2497
2536
2516
2438
2528
2526
2541
2562
2604
2520
2522
2523
2552
2533
2542
2500
2599
2574
2480
2557
2497
2506
2537
2677
2501
2499
2436
2472
2615
2499
2633
2504
2523
2486
2555
2419
2505
2541
2549
2457
2591
2484
2559
2568
2475
2598
2516
2482
2450
2559
2506
2494
2360
2562
2522
2505
2521
2559
2391
2437
2500
2616
2514
2511
2521
2627
2557
2528
2545
2444
2427
2469
2494
2589
2457
2492
2593
2596
2501
2519
2482
2535
2458
2463
2546
2597
2485
2566
2490
2489
2488
2637
2576
2502
2426
2519
2599
2478
2516
