3041
2978
3069
3138
2979
3004
3075
3095
3064
3179
3142
3107
3152
3184
3117
3093
3078
3083
3077
3069
3120
3178
3125
3115
3090
3142
3061
3074
3128
3079
3204
3173
3036
3054
3116
3108
3083
3055
3189
3142
3015
3025
3120
3220
3100
3085
3152
3181
3114
3094
3082
3171
3064
3058
3074
3101
3027
3148
3152
2998
3142
3161
3166
3131
3078
2989
3132
3195
3167
3112
3159
3092
3092
3165
3153
3054
3125
3114
3112
3054
3011
3047
3214
3067
3054
3083
3040
3135
3107
3019
3151
3030
3118
3088
3046
2997
3089
3091
3175
3068
3040
3163
3095
3195
3070
3092
3129
3077
3153
3050
3181
3142
3099
3142
3069
3130
3087
3185
3142
3139
3162
3166
3087
3139
3088
3132
3046
3023
3039
3013
3116
3076
2961
3059
3146
3153
3115
3195
3007
3154
3138
3067
3047
3093
3104
3106
3181
3135
3096
3036
3035
3073
3044
3099
3031
3031
3065
3104
3082
3112
3133
3076
3096
2999
3100
3071
3067
3084
2992
3096
3051
3024
3105
3054
3048
3088
3087
3028
3078
3053
2990
3143
2976
3024
3056
3088
3195
3054
3067
3008
3065
3156
3039
3057
3032
3016
3072
2934
3098
3074
3022
2989
3003
3053
3039
2936
2997
2969
2947
2915
2968
2896
2869
3002
2960
2954
2902
2855
2968
2924
2771
2828
2781
2797
2724
2700
2699
2559
2457
2445
2378
2316
2212
2200
2005
2105
2084
2027
1995
1986
1937
1960
2014
1993
2064
2064
2058
2098
2149
2150
2132
2089
2084
1975
2036
1934
2049
2027
2092
2064
2041
2153
2153
2261
2279
2357
2480
2464
2440
2623
2666
2687
2726
2804
2884
2890
2860
2914
2941
2921
2977
2900
2885
3006
2930
2963
2967
3017
3006
3057
3001
3034
2885
3066
3011
3137
2893
3037
3034
3047
2931
3045
3041
3110
3139
3084
3037
3107
3081
2955
3031
3042
3027
3076
3077
3074
3050
3019
3086
3053
3066
3166
3136
3005
3079
2979
3044
3160
3085
3127
3074
3118
3050
3124
3000
2988
3052
3106
3045
3147
3165
3051
3051
3041
3054
3088
3089
3106
3044
3042
3028
3080
3127
3127
3146
3075
3120
3080
3098
3116
3178
3074
3099
3123
3172
3121
3117
3006
3187
3034
3051
3170
3159
3049
3062
3054
3038
3048
3016
3003
3055
3080
3160
3101
3115
2958
3220
3104
3116
3085
2954
3057
3185
3091
3057
2986
3116
3035
3114
3019
3176
3196
3106
3095
3029
3063
3071
3098
3133
3166
3075
3137
3011
3106
3132
3063
3027
3039
3031
3084
3136
3019
3106
3045
2986
3066
3050
3063
3188
3091
3180
3182
3116
3031
3074
3129
2996
3175
3071
3161
3128
3080
3012
3097
3025
3133
3161
3037
3103
3065
3095
3077
3151
3146
3120
3123
3039
3091
3077
3038
3118
3137
3096
3023
3033
3058
3054
3153
3096
3082
3081
3063
3057
3101
3119
3135
3102
3057
3114
3028
3180
3095
3218
3133
3037
3127
3120
3084
3145
3064
3098
3061
3102
3101
2993
3110
3091
3059
3076
3092
3069
3113
3104
3151
3085
3089
3173
3074
3162
3058
3050
3132
3115
3179
3088
3104
3110
3091
3067
3165
3122
3089
3161
3034
3123
3070
3093
3104
3126
3178
3102
3140
3141
3063
3169
3063
3155
3070
3041
3139
3090
3089
3127
3005
3052
3151
3084
3086
3141
3046
3076
3055
3056
3058
3087
3101
3028
3115
3057
3040
3072
3072
3046
3136
2948
3121
3019
3045
3127
3097
3091
3074
3121
3095
3179
3003
3103
3041
3003
2974
3056
3131
3066
3123
3105
3085
3093
3068
3096
3113
3077
3118
3047
3069
3081
3018
3120
3055
3178
3063
3088
3081
2931
3063
3090
3088
3105
3158
3179
3069
3008
3060
3062
3153
3135
3120
3073
3133
3060
3126
3057
3137
3104
3127
3161
3136
2994
2992
3166
3047
2971
3052
3044
3112
3030
3049
3045
3009
3034
3035
3124
3042
3043
3123
3129
3061
3012
3134
3094
3085
3125
3210
2981
3086
3110
3040
3065
3036
3053
2981
3197
3036
2994
3100
3026
3100
3066
2970
3056
2991
3123
3072
3107
3098
3101
3042
3045
3112
3041
2993
3047
3085
2988
3082
3044
3044
3090
3111
3131
3052
3114
3102
3025
3112
3032
3082
3086
3057
3166
2995
3043
3055
3040
3093
3065
3072
3028
2998
2977
3037
3087
3093
2937
3087
3032
3059
2981
2991
3093
3026
3026
2936
2996
3029
3017
3030
2959
2959
3011
2917
3006
3071
3032
2942
2910
2885
2927
2988
3011
2986
2909
2953
2910
2868
2758
2820
2850
2871
2779
2703
2706
2627
2553
2543
2544
2426
2321
2365
2318
2244
2157
2178
2083
2084
1959
2092
1985
1933
1985
2105
2063
2135
2089
2184
2079
2121
2053
2061
2022
2041
1969
2028
1996
1976
2043
2048
2050
2078
2195
2209
2233
2407
2361
2499
2439
2561
2601
2722
2795
2688
2779
2848
2844
2894
2965
2910
2908
2834
2990
2862
2892
2957
3015
3027
3024
2988
2957
3005
3026
3017
3015
2980
2879
2970
2991
3045
3043
3052
3068
3077
2981
3082
2945
3032
3037
3072
3145
3162
3024
3025
2920
3102
3025
3044
3100
3133
3156
2968
3080
3082
3051
3094
3047
3120
2990
3055
3073
3100
3082
3048
3080
3038
3111
3045
3106
3003
3018
3003
2991
3082
3091
3121
3058
3099
3002
3027
3056
3113
3031
3086
2950
2976
3110
2995
3111
3063
3159
3069
3141
3107
3104
3064
3108
3049
3163
2991
3124
3125
3133
3085
3176
3075
3034
3062
3071
3076
3072
3029
3146
3137
3029
3103
3020
3116
2979
3084
3024
3106
3046
3130
3047
3028
3102
3217
3058
3217
3061
3058
3099
3134
3119
3094
3031
3109
3044
3087
3122
3134
2978
3056
3115
3103
3049
3116
3067
3121
3063
3137
3110
3042
3114
3102
3083
3010
3032
3159
3133
3076
3197
3072
3130
3001
3130
3040
3107
3027
3102
3064
3101
3132
3028
3098
3047
3077
3058
3117
2994
3050
3121
3152
3085
3149
3143
3046
3091
3026
3129
3069
3188
3136
3138
3112
3151
3189
3140
3117
3116
3066
3147
3141
3180
3069
3023
3014
3036
3109
3071
3027
3024
3152
3138
3006
3087
3066
3142
3160
3085
3085
3016
3085
3082
3059
3120
