2536
2486
2567
2571
2523
2514
2490
2540
2485
2518
2454
2508
2488
2471
2483
2487
2525
2596
2542
2482
2503
2553
2551
2614
2515
2514
2542
2485
2450
2568
2539
2599
2522
2476
2534
2621
2517
2482
2546
2397
2508
2490
2412
2562
2520
2550
2418
2461
2454
2500
2550
2580
2526
2538
2547
2574
2443
2513
2567
2457
2499
2495
2531
2504
2497
2550
2463
2600
2517
2544
2481
2504
2551
2477
2474
2448
2459
2660
2488
2471
2560
2500
2538
2463
2487
2569
2551
2502
2592
2542
2615
2536
2415
2482
2413
2517
2448
2498
2628
2486
2508
2537
2529
2499
2538
2650
2536
2472
2456
2621
2580
2514
2482
2517
2504
2510
2516
2509
2536
2542
2559
2609
2533
2601
2560
2516
2538
2522
2466
2557
2510
2505
2423
2578
2418
2524
2558
2474
2513
2499
2551
2543
2496
2504
2433
2487
2463
2523
2447
2508
2567
2454
2494
2418
2437
2488
2479
2535
2497
2448
2540
2500
2572
2503
2500
2581
2510
2493
2536
2479
2576
2561
2462
2578
2477
2531
2448
2501
2564
2502
2574
2430
2434
2445
2493
2507
2522
2426
2505
2482
2511
2470
2458
2502
2479
2502
2455
2414
2481
2492
2491
2481
2425
2382
2579
2469
2426
2451
2446
2320
2388
2466
2464
2367
2435
2382
2379
2377
2370
2372
2278
2315
2261
2262
2187
2182
2108
2138
2041
2009
1891
1940
1803
1840
1753
1698
1708
1689
1642
1651
1587
1642
1631
1612
1667
1723
1696
1761
1760
1724
1689
1594
1728
1564
1584
1551
1690
1542
1602
1731
1685
1687
1790
1801
1799
2023
1988
1977
2080
2184
2208
2234
2210
2288
2309
2331
2347
2249
2419
2389
2344
2449
2401
2456
2368
2419
2385
2408
2387
2494
2413
2414
2431
2474
2446
2432
2492
2468
2464
2434
2539
2478
2483
2508
2503
2456
2474
2461
2406
2437
2401
2434
2487
2539
2442
2541
2503
2416
2436
2493
2459
2496
2479
2490
2463
2589
2412
2499
2551
2525
2458
2579
2560
2515
2445
2585
2541
2473
2487
2451
2472
2523
2592
2506
2474
2501
2523
2535
2559
2568
2494
2540
2552
2508
2519
2531
2436
2590
2544
2509
2526
2469
2498
2455
2472
2553
2561
2509
2524
2588
2570
2513
2498
2492
2455
2464
2500
2471
2577
2408
2513
2522
2448
2535
2557
2560
2576
2517
2449
2482
2604
2514
2572
2508
2424
2455
2520
2483
2524
2571
2536
2591
2529
2514
2493
2469
2444
2532
2440
2497
2546
2463
2545
2534
2496
2546
2564
2403
2567
2474
2444
2428
2442
2611
2487
2556
2448
2453
2555
2495
2564
2514
2535
2567
2561
2558
2506
2483
2625
2470
2532
2572
2534
2529
2560
2547
2572
2508
2531
2522
2543
2466
2423
2507
2573
2516
2556
2408
2474
2511
2563
2502
2507
2524
2530
2459
2535
2528
2614
2520
2446
2561
2518
2537
2483
2587
2434
2582
2576
2521
2514
2440
2558
2499
2535
2536
2511
2562
2452
2484
2548
2570
2525
2529
2425
2541
2513
2528
2458
2489
2526
2532
2575
2601
2595
2534
2577
2541
2451
2553
2556
2443
2477
2403
2526
2403
2538
2505
2569
2499
2519
2574
2464
2499
2557
2502
2480
2469
2526
2384
2606
2454
2425
2513
2611
2595
2583
2559
2489
2548
2518
2565
2458
2505
2495
2396
2505
2472
2538
2544
2553
2524
2466
2515
2462
2528
2548
2566
2539
2535
2573
2532
2514
2648
2508
2565
2523
2565
2503
2422
2534
2412
2522
2598
2563
2553
2500
2497
2529
2473
2403
2491
2504
2470
2518
2539
2470
2486
2390
2601
2478
2594
2622
2424
2518
2555
2473
2489
2529
2528
2494
2416
2408
2579
2508
2499
2507
2521
2541
2487
2456
2577
2475
2531
2478
2520
2594
2354
2578
2515
2513
2481
2591
2448
2510
2573
2444
2588
2557
2538
2478
2498
2421
2482
2569
2568
2597
2574
2608
2503
2521
2491
2563
2498
2472
2514
2536
2484
2534
2457
2500
2499
2534
2458
2560
2399
2422
2540
2475
2441
2502
2479
2560
2472
2503
2515
2460
2543
2535
2524
2488
2513
2455
2478
2512
2478
2484
2546
2448
2542
2397
2500
2519
2525
2535
2436
2394
2493
2452
2465
2464
2456
2601
2565
2470
2473
2546
2416
2497
2502
2516
2497
2499
2504
2553
2492
2514
2417
2534
2465
2422
2595
2504
2398
2398
2470
2482
2471
2400
2431
2411
2497
2413
2561
2508
2419
2480
2443
2450
2443
2442
2474
2417
2423
2362
2364
2418
2414
2447
2321
2411
2334
2454
2329
2368
2356
2299
2404
2292
2184
2126
2205
2096
2080
2080
1948
1878
1881
1909
1762
1740
1654
1689
1698
1695
1614
1607
1601
1688
1605
1664
1724
1653
1694
1761
1725
1720
1758
1679
1698
1620
1611
1571
1617
1688
1718
1637
1692
1692
1783
1851
1935
1929
1990
1989
2118
2177
2238
2302
2285
2251
2230
2253
2359
2328
2385
2353
2393
2397
2490
2447
2499
2377
2461
2436
2412
2376
2462
2417
2429
2552
2519
2399
2427
2524
2462
2456
2406
2467
2445
2469
2508
2494
2519
2417
2493
2499
2559
2534
2519
2455
2530
2477
2365
2470
2476
2577
2528
2432
2517
2450
2453
2456
2495
2511
2479
2504
2472
2568
2392
2563
2629
2534
2502
2497
2577
2491
2461
2521
2599
2508
2535
2490
2471
2493
2448
2592
2523
2531
2529
2510
2501
2485
2494
2536
2511
2410
2456
2488
2540
2488
2548
2461
2481
2504
2484
2481
2473
2446
2476
2510
2493
2431
2556
2364
2521
2486
2511
2518
2563
2468
2476
2437
2501
2534
2596
2591
2472
2434
2535
2497
2512
2552
2590
2498
2506
2550
2485
2520
2579
2486
2569
2537
2503
2486
2397
2576
2488
2514
2502
2428
2630
2498
2414
2522
2489
2573
2551
2495
2512
2493
2477
2699
2466
2469
2513
2565
2593
2497
2452
2537
2546
2482
2534
2479
2481
2526
2624
2498
2529
2535
2523
2470
2402
2517
2456
2551
2530
2607
2464
2550
2593
2524
2555
2530
2557
2448
2512
2557
2501
2477
2497
2510
2422
2444
2544
2495
2535
2515
2554
2491
2639
2523
2583
2510
2435
2509
2561
2500
2528
2546
2530
2562
2511
2534
2465
2524
2559
2497
2490
2567
2535
2493
