2545
2492
2574
2550
2567
2555
2572
2570
2435
2539
2498
2441
2454
2433
2527
2517
2498
2578
2569
2553
2511
2494
2494
2547
2601
2486
2519
2392
2474
2581
2555
2528
2543
2540
2522
2556
2484
2500
2475
2542
2512
2597
2418
2463
2476
2511
2503
2403
2474
2533
2536
2505
2525
2505
2491
2628
2577
2474
2537
2459
2535
2496
2559
2494
2425
2433
2550
2532
2535
2465
2613
2566
2443
2514
2517
2534
2463
2554
2531
2586
2587
2472
2484
2498
2681
2481
2501
2562
2454
2542
2465
2500
2420
2550
2540
2509
2454
2450
2549
2456
2548
2484
2513
2549
2660
2554
2582
2491
2490
2465
2493
2515
2432
2464
2477
2559
2444
2506
2487
2488
2529
2568
2479
2545
2518
2506
2607
2510
2470
2476
2541
2543
2544
2516
2462
2502
2430
2494
2434
2490
2519
2464
2575
2543
2498
2440
2489
2564
2550
2516
2539
2450
2470
2559
2473
2431
2481
2448
2587
2440
2515
2502
2523
2448
2400
2448
2472
2466
2414
2478
2526
2444
2451
2433
2438
2473
2486
2507
2406
2502
2524
2549
2465
2479
2460
2503
2488
2429
2546
2511
2545
2439
2439
2465
2451
2489
2427
2506
2462
2476
2473
2429
2500
2426
2436
2404
2453
2486
2335
2471
2403
2390
2482
2430
2386
2365
2442
2266
2309
2293
2292
2341
2264
2114
2172
2109
2148
2109
2113
1990
1950
1989
1838
1803
1769
1710
1693
1673
1656
1628
1631
1617
1616
1690
1719
1756
1669
1731
1697
1764
1701
1696
1678
1709
1634
1565
1596
1660
1680
1664
1697
1764
1796
1801
1911
1885
1925
2088
2039
2154
2127
2246
2170
2227
2363
2355
2351
2375
2298
2345
2395
2425
2454
2481
2375
2427
2476
2525
2450
2375
2475
2517
2455
2469
2489
2517
2436
2464
2448
2341
2484
2467
2506
2448
2521
2415
2456
2488
2455
2571
2454
2486
2484
2428
2457
2489
2562
2464
2474
2566
2455
2586
2476
2456
2462
2461
2453
2504
2499
2557
2571
2599
2473
2597
2449
2520
2517
2480
2551
2614
2513
2570
2475
2459
2568
2513
2523
2442
2555
2552
2414
2559
2478
2562
2499
2510
2447
2455
2552
2553
2530
2522
2545
2582
2444
2459
2485
2475
2551
2550
2515
2530
2506
2532
2475
2589
2549
2411
2375
2566
2561
2479
2521
2493
2445
2523
2557
2463
2513
2515
2558
2535
2484
2496
2566
2491
2502
2479
2510
2447
2457
2500
2479
2512
2483
2502
2530
2553
2515
2595
2448
2512
2504
2530
2544
2528
2494
2523
2464
2518
2507
2530
2533
2464
2558
2587
2517
2569
2527
2552
2450
2549
2467
2544
2520
2577
2593
2377
2530
2489
2495
2510
2491
2559
2559
2564
2572
2460
2528
2489
2557
2563
2516
2477
2587
2505
2559
2465
2622
2497
2487
2548
2538
2505
2424
2623
2572
2495
2460
2531
2504
2487
2512
2529
2494
2571
2468
2489
2523
2654
2514
2492
2534
2513
2518
2553
2481
2568
2506
2542
2500
2490
2598
2524
2527
2525
2582
2505
2568
2629
2463
2528
2553
2460
2542
2564
2501
2563
2515
2521
2442
2564
2556
2575
2439
2587
2535
2458
2531
2425
2432
2455
2466
2454
2465
2529
2443
2538
2502
2393
2579
2440
2611
2548
2578
2430
2529
2526
2441
2478
2540
2458
2522
2592
2525
2520
2493
2479
2420
2508
2538
2558
2504
2552
2534
2449
2602
2601
2488
2560
2505
2437
2426
2524
2539
2481
2523
2545
2550
2579
2505
2495
2573
2484
2532
2507
2571
2518
2609
2506
2504
2450
2530
2542
2539
2384
2523
2495
2552
2496
2528
2558
2487
2554
2481
2552
2537
2528
2552
2587
2550
2563
2485
2423
2506
2470
2542
2505
2567
2418
2548
2493
2505
2605
2472
2477
2484
2474
2536
2490
2475
2436
2445
2492
2453
2496
2574
2606
2432
2555
2439
2509
2508
2517
2447
2501
2577
2485
2526
2558
2517
2442
2470
2527
2490
2465
2542
2418
2479
2445
2576
2491
2425
2541
2475
2556
2452
2539
2439
2496
2518
2483
2572
2523
2640
2484
2529
2423
2485
2537
2449
2539
2505
2583
2506
2432
2534
2480
2558
2561
2388
2437
2561
2517
2610
2403
2463
2450
2479
2403
2472
2517
2494
2422
2534
2505
2433
2503
2532
2507
2641
2494
2514
2503
2467
2499
2495
2559
2460
2443
2532
2435
2477
2480
2414
2385
2386
2462
2433
2430
2542
2530
2446
2521
2442
2467
2533
2485
2470
2467
2477
2410
2446
2414
2403
2370
2417
2391
2435
2400
2364
2348
2262
2389
2328
2321
2414
2315
2271
2244
2242
2228
2132
2110
1979
2018
1907
1840
1812
1749
1738
1792
1649
1677
1649
1690
1635
1513
1636
1591
1597
1689
1724
1793
1726
1689
1730
1685
1700
1596
1599
1597
1651
1563
1673
1665
1607
1730
1770
1777
1850
1907
1964
2065
2069
2101
2152
2192
2217
2347
2225
2330
2289
2362
2403
2381
2263
2459
2337
2336
2461
2420
2391
2413
2341
2387
2426
2375
2481
2416
2433
2537
2490
2513
2416
2381
2480
2542
2431
2423
2408
2509
2474
2512
2467
2530
2509
2463
2450
2438
2359
2513
2447
2446
2473
2484
2481
2484
2591
2473
2607
2445
2523
2516
2464
2519
2468
2475
2527
2469
2454
2466
2492
2456
2487
2415
2505
2428
2478
2646
2557
2503
2465
2468
2432
2454
2538
2421
2504
2464
2449
2460
2548
2458
2416
2506
2582
2475
2505
2559
2503
2533
2549
2550
2443
2531
2541
2611
2472
2444
2492
2440
2578
2471
2486
2518
2493
2493
2492
2456
2398
2420
2484
2602
2477
2530
2540
2512
2457
2499
2478
2435
2543
2515
2498
2498
2577
2562
2504
2528
2511
2573
2540
2531
2451
2505
2474
2547
2508
2525
2530
2517
2488
2515
2468
2474
2498
2474
2508
2482
2570
2546
2522
2551
2585
2485
2616
2494
2501
2557
2510
2488
2436
2561
2519
2463
2536
2454
2492
2509
2552
2490
2488
2452
2460
2526
2489
2491
2566
2520
2528
2434
2500
2514
2514
2565
2518
2546
2481
2465
2545
2470
2534
2499
2427
2582
2462
2515
2523
2436
2511
2470
2470
2533
2557
2576
2555
2505
2553
2546
2539
2513
2537
2507
2508
2488
2493
2506
2551
2509
2506
2611
2539
