2533
2509
2546
2513
2567
2518
2515
2583
2595
2449
2467
2461
2508
2541
2508
2543
2453
2492
2588
2565
2494
2448
2465
2526
2561
2459
2418
2466
2520
2586
2546
2514
2509
2504
2590
2482
2564
2548
2512
2501
2608
2535
2583
2593
2528
2509
2462
2568
2521
2496
2518
2488
2512
2470
2515
2433
2525
2567
2571
2451
2489
2471
2497
2456
2516
2492
2481
2554
2463
2521
2549
2549
2556
2552
2514
2568
2608
2575
2542
2527
2465
2483
2516
2512
2530
2499
2486
2537
2531
2584
2515
2544
2477
2592
2495
2418
2534
2470
2595
2534
2437
2507
2496
2427
2558
2551
2574
2523
2554
2556
2574
2542
2536
2450
2456
2548
2517
2528
2467
2558
2372
2490
2531
2555
2533
2513
2543
2553
2523
2535
2571
2543
2449
2563
2494
2511
2546
2454
2504
2547
2645
2501
2484
2526
2427
2479
2528
2548
2570
2493
2522
2448
2550
2536
2518
2556
2545
2510
2539
2449
2621
2455
2623
2473
2525
2521
2455
2497
2502
2432
2422
2563
2457
2488
2427
2553
2499
2563
2462
2557
2454
2488
2496
2437
2451
2493
2448
2607
2550
2481
2478
2414
2509
2625
2477
2463
2444
2375
2538
2568
2477
2495
2505
2455
2518
2385
2459
2420
2437
2432
2452
2437
2432
2413
2513
2382
2395
2370
2460
2296
2356
2312
2250
2214
2175
2227
2112
2058
2029
1992
1954
1920
1830
1796
1784
1687
1689
1592
1573
1623
1605
1642
1665
1675
1705
1721
1704
1736
1791
1799
1761
1617
1661
1605
1625
1640
1638
1663
1675
1633
1761
1740
1746
1812
1932
1926
1943
2068
2013
2083
2154
2235
2264
2351
2276
2381
2398
2299
2300
2321
2331
2364
2422
2441
2351
2407
2466
2496
2414
2508
2391
2473
2461
2486
2456
2594
2506
2492
2451
2568
2471
2584
2499
2443
2445
2477
2541
2515
2522
2528
2440
2624
2547
2462
2613
2519
2474
2467
2549
2482
2552
2488
2469
2522
2499
2489
2464
2492
2525
2488
2592
2505
2542
2474
2489
2653
2488
2526
2507
2510
2484
2455
2529
2537
2496
2487
2478
2533
2531
2549
2555
2469
2478
2498
2536
2531
2530
2488
2550
2493
2489
2472
2553
2508
2530
2564
2466
2594
2568
2432
2464
2459
2567
2493
2500
2443
2502
2494
2526
2496
2529
2606
2538
2467
2500
2602
2533
2557
2648
2529
2489
2501
2541
2522
2478
2481
2566
2498
2559
2498
2482
2494
2514
2492
2455
2521
2581
2541
2500
2510
2442
2503
2553
2564
2530
2483
2506
2647
2490
2628
2515
2399
2450
2521
2545
2597
2504
2523
2619
2531
2573
2503
2452
2536
2585
2573
2537
2517
2510
2654
2500
2551
2578
2557
2555
2561
2487
2576
2476
2585
2501
2420
2547
2524
2543
2476
2523
2446
2609
2554
2553
2502
2454
2531
2582
2526
2516
2409
2457
2536
2486
2530
2522
2515
2468
2496
2455
2565
2523
2518
2449
2462
2503
2550
2488
2521
2555
2554
2497
2485
2543
2493
2541
2541
2534
2565
2554
2593
2491
2579
2518
2487
2496
2611
2653
2539
2535
2513
2494
2567
2546
2503
2510
2511
2507
2512
2520
2573
2603
2558
2496
2535
2538
2562
2480
2518
2456
2590
2506
2560
2615
2543
2653
2615
2540
2604
2551
2531
2569
2519
2562
2500
2578
2537
2497
2539
2475
2548
2478
2410
2498
2473
2520
2565
2431
2517
2514
2496
2585
2515
2529
2533
2519
2544
2503
2576
2492
2485
2431
2549
2585
2557
2581
2526
2512
2544
2433
2512
2564
2514
2520
2558
2503
2602
2578
2508
2490
2617
2515
2461
2509
2555
2510
2499
2455
2631
2492
2481
2525
2512
2526
2458
2449
2615
2487
2553
2556
2550
2507
2508
2537
2575
2560
2476
2437
2474
2497
2526
2496
2474
2535
2554
2440
2581
2541
2518
2537
2428
2479
2496
2578
2482
2496
2587
2460
2542
2393
2492
2496
2571
2517
2437
2516
2582
2506
2478
2496
2509
2508
2581
2420
2462
2517
2504
2446
2461
2540
2451
2536
2500
2533
2546
2636
2490
2594
2528
2517
2553
2526
2500
2514
2547
2568
2445
2530
2566
2516
2457
2505
2456
2464
2461
2468
2543
2531
2557
2522
2507
2459
2463
2492
2592
2534
2463
2541
2589
2460
2478
2618
2465
2551
2365
2526
2500
2515
2503
2454
2477
2498
2450
2508
2486
2424
2511
2390
2527
2462
2448
2472
2546
2484
2397
2408
2516
2447
2477
2432
2478
2508
2492
2473
2430
2378
2454
2322
2445
2482
2444
2473
2394
2384
2458
2348
2371
2387
2307
2354
2271
2299
2159
2176
2178
2099
2080
2077
2026
2022
1907
1808
1851
1730
1649
1645
1616
1640
1688
1620
1615
1562
1644
1646
1694
1792
1718
1712
1772
1711
1686
1706
1733
1662
1652
1610
1648
1664
1668
1722
1697
1818
1834
1835
1917
1947
2019
1998
2073
2150
2157
2244
2254
2278
2348
2316
2213
2328
2419
2350
2451
2386
2445
2431
2395
2399
2431
2384
2461
2422
2454
2501
2437
2453
2372
2528
2430
2481
2408
2508
2487
2591
2423
2502
2386
2554
2500
2461
2493
2531
2530
2465
2463
2472
2480
2461
2448
2353
2463
2448
2557
2452
2567
2546
2516
2496
2543
2451
2488
2480
2582
2542
2534
2537
2455
2559
2503
2538
2508
2490
2520
2497
2446
2457
2527
2475
2393
2478
2395
2490
2544
2524
2551
2552
2586
2545
2491
2512
2440
2503
2555
2551
2438
2464
2473
2492
2489
2432
2523
2510
2475
2525
2525
2539
2556
2449
2569
2605
2500
2511
2603
2491
2520
2498
2610
2488
2499
2511
2414
2524
2512
2467
2558
2540
2506
2422
2478
2535
2516
2578
2501
2415
2479
2501
2532
2456
2540
2525
2468
2554
2494
2610
2455
2571
2472
2551
2529
2581
2541
2526
2564
2383
2428
2536
2515
2616
2546
2544
2490
2584
2558
2470
2553
2503
2558
2522
2597
2477
2607
2473
2562
2599
2546
2490
2585
2588
2516
2529
2453
2504
2549
2494
2492
2616
2518
2413
2599
2644
2530
2525
2637
2534
2419
2595
2567
2437
2531
2518
2562
2579
2511
2481
2562
2509
2534
2562
2569
2620
2611
2484
2516
2618
2437
2593
2507
2502
2584
2538
2545
2421
2506
2621
2494
2526
2554
2478
