2446
2420
2466
2479
2421
2550
2459
2388
2464
2496
2511
2553
2474
2551
2476
2442
2357
2453
2439
2421
2483
2476
2453
2461
2452
2540
2472
2466
2467
2469
2474
2484
2498
2423
2448
2461
2466
2421
2444
2520
2440
2452
2411
2489
2545
2452
2467
2382
2483
2470
2474
2529
2429
2405
2545
2429
2497
2565
2450
2441
2491
2429
2482
2438
2489
2500
2456
2424
2398
2510
2455
2506
2467
2445
2485
2463
2432
2447
2490
2405
2454
2482
2447
2560
2431
2360
2506
2540
2469
2525
2528
2455
2504
2431
2428
2422
2467
2412
2469
2523
2512
2425
2491
2461
2516
2518
2474
2430
2446
2490
2378
2451
2408
2458
2403
2322
2486
2496
2497
2450
2420
2458
2435
2509
2445
2584
2477
2435
2425
2471
2481
2514
2572
2482
2495
2555
2387
2446
2445
2463
2493
2460
2422
2450
2468
2448
2442
2439
2441
2536
2440
2430
2450
2490
2476
2470
2361
2458
2451
2397
2487
2418
2507
2427
2495
2443
2434
2532
2492
2376
2422
2465
2430
2547
2477
2433
2444
2402
2442
2377
2386
2451
2394
2330
2440
2469
2489
2420
2416
2455
2376
2477
2368
2493
2486
2359
2378
2408
2374
2362
2367
2476
2428
2474
2370
2338
2446
2436
2352
2351
2402
2305
2410
2419
2396
2329
2324
2283
2329
2311
2261
2299
2202
2215
2260
2034
2088
2009
2016
1938
1888
1875
1858
1702
1722
1669
1641
1661
1643
1635
1600
1642
1600
1576
1654
1644
1674
1773
1712
1635
1782
1714
1650
1578
1660
1622
1597
1577
1639
1604
1735
1721
1710
1698
1826
1930
1941
1942
2084
2092
2126
2162
2162
2176
2247
2285
2371
2305
2440
2301
2414
2290
2250
2376
2410
2282
2403
2392
2355
2419
2376
2377
2353
2317
2435
2385
2418
2504
2353
2387
2295
2463
2423
2448
2459
2439
2375
2432
2385
2429
2401
2438
2509
2523
2551
2444
2499
2420
2405
2402
2446
2557
2489
2539
2530
2427
2491
2477
2552
2428
2438
2527
2330
2394
2450
2419
2460
2399
2441
2396
2449
2504
2411
2429
2368
2419
2535
2511
2495
2471
2465
2409
2479
2402
2535
2408
2464
2473
2468
2489
2415
2435
2492
2400
2501
2555
2572
2468
2483
2499
2523
2454
2561
2528
2565
2472
2473
2491
2542
2455
2444
2511
2293
2485
2533
2462
2527
2529
2482
2361
2535
2445
2502
2472
2574
2378
2442
2525
2431
2420
2494
2481
2454
2451
2541
2448
2368
2491
2467
2470
2498
2413
2457
2502
2485
2471
2477
2485
2445
2488
2504
2442
2509
2531
2551
2429
2432
2449
2463
2552
2436
2392
2501
2480
2499
2452
2439
2440
2387
2482
2501
2492
2493
2399
2512
2479
2444
2455
2454
2467
2458
2489
2478
2462
2530
2483
2459
2444
2466
2516
2359
2417
2438
2400
2594
2458
2573
2585
2502
2517
2454
2469
2455
2483
2418
2499
2466
2490
2459
2426
2431
2549
2407
2453
2531
2358
2484
2584
2506
2426
2488
2504
2484
2535
2498
2433
2501
2472
2458
2555
2461
2510
2443
2450
2378
2489
2561
2472
2412
2519
2400
2461
2466
2535
2379
2480
2403
2468
2443
2413
2431
2526
2453
2494
2401
2518
2501
2406
2492
2470
2404
2545
2522
2384
2485
2534
2443
2453
2538
2505
2492
2504
2364
2423
2471
2495
2430
2469
2440
2417
2465
2518
2574
2428
2428
2512
2409
2478
2443
2441
2445
2477
2406
2470
2463
2493
2422
2473
2398
2480
2396
2504
2531
2465
2488
2455
2424
2574
2563
2392
2360
2470
2388
2373
2468
2567
2461
2496
2488
2526
2482
2428
2413
2446
2458
2536
2452
2419
2457
2500
2465
2533
2323
2473
2522
2470
2491
2474
2399
2508
2457
2466
2509
2420
2544
2532
2510
2479
2480
2499
2509
2516
2405
2476
2473
2512
2370
2445
2446
2530
2481
2442
2373
2532
2402
2481
2447
2448
2445
2417
2441
2447
2424
2458
2500
2458
2517
2407
2429
2373
2458
2422
2461
2568
2499
2471
2408
2534
2477
2428
2401
2416
2491
2522
2544
2451
2400
2499
2398
2436
2433
2451
2404
2461
2407
2480
2276
2436
2449
2373
2473
2370
2578
2429
2463
2432
2419
2409
2424
2377
2500
2459
2432
2418
2477
2461
2427
2486
2468
2481
2473
2444
2495
2389
2422
2351
2529
2473
2394
2442
2486
2428
2403
2451
2352
2427
2436
2451
2478
2401
2403
2435
2415
2446
2385
2519
2324
2434
2374
2332
2411
2418
2453
2404
2442
2373
2415
2351
2429
2377
2373
2312
2387
2295
2321
2361
2097
2251
2231
2225
2188
2176
2085
2024
2025
1991
1889
1894
1829
1758
1734
1719
1627
1600
1642
1641
1572
1557
1622
1583
1662
1693
1703
1722
1771
1655
1681
1633
1672
1571
1605
1627
1567
1598
1571
1623
1622
1713
1646
1700
1765
1856
1940
2042
1980
2093
2130
2171
2180
2139
2275
2266
2278
2259
2312
2266
2272
2390
2250
2345
2382
2351
2404
2293
2381
2312
2382
2464
2412
2388
2415
2370
2387
2378
2377
2466
2372
2397
2398
2411
2469
2369
2465
2495
2466
2438
2504
2373
2483
2416
2442
2465
2421
2374
2479
2499
2519
2421
2465
2408
2388
2423
2494
2409
2462
2483
2341
2401
2441
2450
2551
2549
2399
2366
2443
2582
2426
2458
2459
2459
2475
2473
2408
2465
2465
2475
2493
2423
2378
2457
2377
2430
2406
2496
2486
2465
2546
2452
2429
2419
2499
2503
2357
2415
2459
2433
2392
2496
2527
2438
2516
2516
2476
2491
2478
2500
2559
2473
2545
2452
2378
2460
2482
2424
2422
2464
2461
2531
2526
2477
2465
2423
2452
2401
2431
2463
2401
2389
2504
2485
2381
2456
2349
2438
2491
2484
2430
2368
2450
2495
2455
2463
2455
2484
2389
2418
2397
2489
2429
2378
2479
2503
2453
2476
2485
2595
2453
2421
2443
2460
2455
2416
2440
2513
2518
2468
2383
2446
2523
2478
2403
2492
2424
2445
2473
2538
2557
2418
2411
2462
2391
2496
2563
2463
2478
2490
2432
2493
2482
2459
2463
2481
2510
2456
2538
2423
2515
2400
2498
2415
2506
2489
2408
2454
2574
2516
2475
2518
2490
2390
2440
2493
2532
2509
2406
2418
2582
2468
2450
2461
2458
2447
2377
