2156
2177
2160
2140
2148
2141
2184
2140
2155
2117
2130
2165
2181
2149
2080
2041
2201
2115
2176
2151
2174
2147
2232
2094
2117
2134
2115
2118
2227
2139
2233
2198
2211
2164
2144
2129
2140
2118
2090
2129
2139
2181
2176
2109
2231
2150
2250
2132
2150
2298
2167
2123
2130
2178
2169
2162
2113
2102
2171
2191
2124
2166
2124
2148
2125
2175
2210
2146
2144
2107
2163
2133
2147
2221
2125
2142
2116
2108
2086
2095
2220
2231
2222
2112
2151
2190
2130
2141
2132
2246
2197
2115
2076
2153
2123
2155
2141
2198
2199
2167
2078
2184
2220
2155
2171
2161
2154
2171
2227
2193
2136
2118
2106
2145
2167
2117
2096
2185
2258
2164
2259
2150
2144
2141
2209
2109
2082
2152
2166
2195
2114
2130
2176
2122
2146
2147
2075
2196
2204
2088
2176
2132
2117
2150
2146
2122
2163
2133
2203
2154
2197
2256
2211
2137
2171
2146
2136
2122
2138
2034
2232
2183
2171
2200
2137
2149
2116
2207
2181
2137
2141
2129
2193
2142
2162
2151
2185
2083
2058
2192
2147
2079
2041
2120
2155
2079
2193
2133
2125
2116
2131
2053
2100
2113
2134
2121
2126
2074
2178
2099
2135
2131
2073
2100
2093
2087
2128
2017
2131
2014
2060
2098
2077
2092
2042
2020
2093
2063
1943
2008
1974
1925
1955
1924
1875
1832
1840
1803
1764
1700
1697
1701
1631
1533
1543
1543
1530
1441
1395
1351
1407
1353
1386
1463
1563
1488
1542
1513
1567
1458
1513
1516
1511
1474
1419
1435
1387
1433
1429
1462
1459
1505
1620
1592
1570
1644
1720
1873
1806
1848
1824
1923
1948
1982
1898
2018
1974
1972
2074
2041
2109
2100
2093
1984
2036
2052
2056
2160
2021
2075
2134
2125
2123
2091
2057
2123
2085
2116
2110
2086
2116
2086
2155
2153
2116
2095
2090
2169
2139
2166
2074
2152
2108
2110
2195
2142
2150
2157
2115
2162
2186
2246
2060
2126
2124
2235
2126
2045
2164
2121
2155
2176
2133
2186
2060
2098
2141
2129
2124
2178
2152
2127
2091
2126
2127
2087
2168
2083
2159
2205
2129
2122
2153
2179
2110
2253
2181
2125
2176
2189
2170
2185
2081
2178
2148
2113
2130
2128
2084
2134
2186
2179
2133
2102
2081
2163
2071
2090
2206
2231
2079
2141
2148
2115
2166
2097
2200
2130
2094
2161
2221
2111
2136
2220
2094
2144
2127
2187
2111
2172
2205
2177
2244
2028
2245
2202
2252
2158
2136
2164
2221
2128
2195
2093
2181
2148
2186
2124
2235
2175
2158
2177
2094
2183
2146
2214
2224
2145
2194
2228
2123
2192
2205
2188
2197
2140
2100
2120
2190
2173
2180
2195
2131
2115
2164
2185
2194
2133
2127
2157
2214
2184
2091
2110
2170
2149
2088
2140
2136
2196
2173
2146
2211
2194
2149
2185
2201
2146
2147
2132
2229
2133
2133
2099
2132
2171
2139
2139
2201
2174
2141
2103
2135
2107
2103
2186
2143
2172
2148
2152
2159
2144
2156
2196
2128
2144
2099
2153
2165
2137
2101
2069
2251
2118
2195
2152
2186
2098
2125
2148
2173
2197
2103
2174
2149
2202
2094
2170
2165
2125
2176
2157
2154
2093
2163
2176
2171
2148
2149
2237
2117
2164
2160
2084
2128
2047
2220
2148
2066
2121
2132
2128
2185
2120
2204
2234
2174
2057
2217
2102
2155
2158
2150
2142
2183
2147
2103
2154
2103
2157
2125
2137
2121
2286
2203
2125
2096
2136
2196
2121
2149
2219
2106
2167
2205
2095
2121
2092
2133
2112
2110
2060
2104
2224
2086
2134
2161
2239
2062
2127
2151
2138
2169
2149
2134
2233
2096
2126
2173
2111
2134
2120
2232
2054
2132
2115
2149
2144
2117
2199
2180
2069
2118
2121
2196
2099
2147
2184
2068
2099
2100
2121
2169
2175
2139
2170
2168
2155
2180
2231
2205
2165
2146
2098
2139
2191
2103
2138
2118
2214
2129
2166
2196
2160
2169
2089
2088
2172
2059
2070
2184
2189
2125
2182
2119
2230
2155
2188
2134
2072
2183
2216
2216
2130
2119
2153
2188
2144
2150
2130
2151
2184
2116
2054
2153
2133
2167
2154
2120
2180
2166
2089
2135
2189
2136
2116
2167
2020
2164
2146
2158
2135
2099
2116
2134
2250
2140
2210
2085
2093
2179
2007
2128
2130
2109
2111
2162
2034
2144
2065
2053
2043
2119
2127
2074
2074
2158
2131
2184
2125
2107
2090
2064
2032
2072
2150
1986
2116
2105
2106
2110
2002
2053
2124
2073
2027
2092
2143
2067
2065
2038
2099
1974
1972
1942
1942
1936
1936
1989
1979
1880
1890
1839
1809
1728
1739
1699
1677
1598
1536
1483
1527
1432
1504
1444
1479
1371
1458
1459
1481
1429
1514
1514
1474
1579
1474
1487
1436
1410
1396
1447
1377
1384
1419
1517
1454
1489
1486
1569
1486
1655
1611
1685
1798
1792
1822
1807
1881
1867
1973
1961
1936
2055
1923
2027
2003
2036
2045
2013
2050
2063
2101
2118
2136
2081
2034
2039
2063
2122
2062
2068
2143
2052
2021
2106
2113
2105
2061
2095
2188
2150
2113
2128
2192
2151
2130
2071
2148
2123
2075
2121
2015
2110
2099
2123
2089
2065
2127
2124
2168
2109
2164
2200
2165
2137
2138
2127
2174
2205
2113
2125
2155
2121
2231
2118
2152
2221
2213
2133
2094
2153
2190
2125
2183
2049
2126
2162
2242
2119
2228
2148
2081
2164
2084
2172
2109
2162
2125
2146
2146
2164
2221
2131
2213
2109
2260
2151
2174
2138
2160
2175
2122
2128
2059
2043
2157
2118
2084
2173
2154
2113
2211
2099
2119
2116
2186
2099
2127
2174
2060
2154
2110
2151
2150
2260
2057
2149
2080
2126
2174
2181
2134
2224
2149
2213
2162
2137
2183
2146
2175
2114
2123
2199
2152
2186
2101
2151
2144
2174
2075
2184
2142
2090
2126
2205
2105
2133
2195
2172
2122
2083
2184
2171
2127
2092
2167
2112
2116
2143
2184
2180
2109
2098
2094
2089
2164
2089
2205
2124
2253
2200
2183
2254
2116
2218
2215
2111
2216
2138
2167
2100
2053
2103
2173
2159
2103
2206
2188
2210
2114
2130
2239
2183
2133
2202
2165
2157
2107
2218
2162
2172
2178
2115
2142
2256
2127
2181
2134
2188
2165
2190
2151
2223
