2518
2612
2485
2502
2473
2456
2538
2529
2516
2512
2511
2478
2462
2547
2539
2659
2562
2655
2529
2465
2538
2604
2411
2480
2560
2591
2540
2533
2587
2620
2546
2513
2517
2513
2545
2546
2586
2607
2587
2560
2452
2626
2575
2572
2529
2557
2536
2477
2460
2552
2548
2557
2572
2458
2558
2613
2502
2546
2502
2551
2593
2594
2520
2491
2520
2528
2576
2593
2526
2485
2588
2609
2606
2585
2618
2502
2524
2610
2429
2548
2499
2488
2540
2529
2527
2560
2613
2660
2513
2465
2547
2593
2606
2519
2586
2614
2554
2518
2567
2600
2506
2490
2515
2513
2549
2549
2481
2533
2600
2482
2553
2568
2547
2551
2599
2514
2525
2615
2510
2467
2511
2588
2471
2566
2536
2500
2505
2507
2531
2474
2561
2542
2557
2550
2464
2498
2461
2514
2560
2419
2439
2633
2597
2456
2528
2461
2537
2512
2469
2523
2565
2580
2461
2522
2466
2537
2497
2579
2576
2427
2553
2500
2561
2499
2568
2547
2499
2414
2455
2418
2569
2581
2529
2597
2646
2544
2531
2643
2491
2528
2551
2506
2491
2509
2483
2484
2566
2565
2451
2504
2498
2499
2474
2509
2443
2526
2584
2568
2495
2472
2495
2450
2390
2490
2500
2419
2432
2353
2453
2481
2466
2431
2486
2503
2490
2527
2427
2338
2350
2388
2319
2305
2233
2244
2316
2250
2081
2204
2111
2064
1994
1972
1921
1767
1737
1735
1746
1753
1644
1729
1707
1734
1697
1736
1722
1810
1822
1805
1863
1774
1748
1800
1729
1646
1722
1716
1691
1704
1689
1698
1771
1794
1856
1884
1931
2014
2052
2069
2140
2192
2180
2267
2264
2243
2332
2365
2410
2421
2389
2350
2431
2322
2468
2440
2405
2422
2419
2420
2495
2432
2541
2510
2489
2471
2499
2461
2502
2516
2469
2437
2439
2584
2476
2433
2567
2476
2472
2465
2534
2479
2579
2540
2522
2525
2481
2590
2567
2536
2559
2580
2508
2510
2548
2474
2536
2502
2530
2496
2482
2533
2552
2531
2485
2488
2538
2542
2509
2528
2539
2483
2477
2566
2482
2549
2500
2492
2512
2486
2445
2512
2524
2571
2528
2602
2432
2504
2598
2471
2559
2494
2589
2578
2582
2514
2469
2608
2600
2507
2568
2586
2549
2569
2535
2500
2502
2519
2579
2506
2511
2535
2607
2509
2498
2526
2544
2457
2496
2502
2514
2566
2520
2578
2566
2433
2479
2551
2540
2475
2549
2517
2456
2606
2494
2559
2550
2615
2501
2591
2473
2573
2476
2574
2499
2462
2542
2621
2537
2531
2579
2527
2483
2513
2515
2599
2485
2518
2634
2465
2502
2548
2522
2506
2559
2562
2576
2501
2425
2580
2557
2546
2527
2524
2512
2476
2494
2497
2545
2481
2597
2527
2580
2466
2571
2579
2538
2620
2542
2516
2630
2572
2581
2639
2547
2545
2573
2555
2590
2543
2582
2619
2463
2481
2558
2612
2517
2542
2565
2563
2474
2543
2540
2629
2499
2549
2588
2490
2533
2574
2524
2562
2528
2553
2598
2483
2513
2579
2560
2522
2507
2545
2518
2581
2521
2571
2546
2612
2513
2503
2568
2492
2529
2602
2596
2559
2419
2564
2517
2408
2546
2591
2536
2451
2461
2563
2476
2600
2525
2552
2500
2651
2601
2566
2545
2407
2518
2540
2540
2546
2580
2463
2528
2663
2535
2554
2512
2525
2493
2575
2531
2527
2552
2528
2514
2584
2498
2498
2533
2543
2513
2518
2562
2589
2573
2531
2591
2514
2576
2529
2538
2607
2487
2659
2501
2589
2523
2516
2634
2544
2574
2508
2635
2536
2563
2572
2539
2494
2563
2526
2500
2513
2563
2560
2541
2560
2549
2494
2551
2577
2570
2532
2551
2539
2542
2570
2563
2548
2550
2512
2574
2502
2580
2597
2519
2529
2475
2532
2509
2488
2576
2598
2520
2494
2409
2545
2486
2559
2619
2499
2472
2575
2535
2523
2646
2550
2526
2549
2534
2523
2468
2544
2540
2526
2517
2514
2561
2498
2519
2567
2497
2585
2551
2554
2498
2587
2444
2532
2604
2451
2441
2561
2537
2500
2536
2465
2516
2480
2505
2549
2612
2567
2544
2531
2537
2524
2549
2504
2585
2597
2522
2448
2431
2479
2469
2490
2575
2573
2512
2548
2468
2496
2555
2560
2502
2534
2564
2500
2554
2456
2439
2510
2494
2489
2498
2535
2447
2447
2535
2473
2505
2524
2549
2592
2435
2472
2468
2489
2505
2547
2502
2539
2520
2466
2442
2546
2407
2458
2567
2431
2469
2434
2456
2451
2471
2452
2412
2454
2398
2484
2422
2393
2434
2339
2457
2331
2393
2402
2339
2395
2258
2233
2328
2282
2162
2110
2209
1966
1905
1955
1915
1852
1781
1763
1769
1749
1733
1759
1679
1608
1654
1733
1713
1721
1730
1830
1740
1781
1770
1771
1738
1742
1684
1718
1747
1762
1669
1730
1829
1757
1710
1794
1877
1951
1949
2043
2128
2181
2184
2154
2201
2291
2350
2348
2368
2442
2332
2335
2317
2447
2515
2377
2433
2438
2355
2555
2477
2441
2430
2378
2441
2438
2431
2509
2541
2530
2546
2448
2486
2483
2407
2514
2530
2390
2466
2530
2550
2493
2567
2508
2466
2483
2622
2536
2480
2523
2496
2488
2555
2517
2420
2448
2509
2420
2510
2434
2531
2554
2485
2489
2542
2541
2525
2438
2473
2511
2596
2525
2501
2506
2567
2575
2531
2561
2520
2502
2457
2454
2513
2543
2549
2558
2564
2515
2513
2523
2585
2576
2583
2588
2553
2577
2530
2528
2453
2575
2471
2510
2503
2562
2513
2504
2540
2501
2568
2544
2487
2536
2496
2569
2502
2523
2504
2493
2599
2540
2546
2427
2562
2484
2580
2577
2530
2534
2627
2517
2570
2527
2588
2525
2492
2548
2589
2532
2548
2603
2510
2587
2444
2512
2482
2535
2656
2588
2430
2640
2519
2609
2458
2517
2611
2472
2596
2542
2554
2461
2547
2616
2494
2575
2527
2577
2510
2451
2550
2629
2559
2496
2497
2527
2557
2476
2573
2512
2469
2466
2576
2514
2532
2533
2524
2541
2606
2535
2477
2617
2443
2537
2590
2476
2605
2606
2540
2524
2553
2566
2453
2464
2561
2547
2498
2513
2596
2516
2587
2497
2559
2597
2569
2533
2576
2484
2544
2543
2507
2481
2512
2513
2538
2573
2525
2652
2484
2543
2611
