2371
2306
2401
2390
2387
2443
2386
2437
2423
2357
2393
2421
2404
2418
2442
2521
2375
2420
2404
2400
2472
2360
2510
2506
2454
2347
2355
2344
2380
2469
2370
2358
2329
2423
2513
2394
2401
2401
2432
2468
2462
2407
2452
2392
2322
2361
2435
2345
2379
2456
2389
2366
2437
2523
2344
2367
2428
2486
2420
2412
2409
2421
2429
2438
2508
2382
2330
2537
2305
2393
2440
2462
2475
2384
2447
2388
2361
2428
2455
2369
2434
2427
2391
2377
2414
2478
2366
2344
2458
2399
2425
2383
2407
2452
2423
2398
2429
2369
2353
2378
2558
2394
2459
2400
2426
2324
2402
2448
2431
2490
2509
2407
2354
2445
2437
2402
2403
2468
2402
2341
2378
2366
2370
2363
2330
2424
2318
2422
2370
2387
2396
2444
2307
2382
2434
2386
2390
2453
2437
2338
2414
2477
2391
2331
2382
2347
2463
2348
2354
2418
2374
2363
2375
2421
2423
2407
2426
2347
2461
2525
2367
2499
2452
2462
2400
2363
2412
2392
2391
2384
2341
2400
2340
2393
2497
2410
2340
2304
2351
2335
2468
2381
2402
2376
2313
2329
2388
2391
2336
2340
2367
2408
2297
2438
2328
2357
2301
2325
2292
2360
2344
2432
2309
2402
2302
2381
2366
2316
2281
2342
2230
2351
2373
2354
2195
2347
2274
2297
2278
2234
2207
2189
2154
2199
2127
2150
2093
2038
1908
1965
1837
1846
1730
1663
1778
1744
1677
1618
1576
1546
1579
1593
1653
1607
1698
1752
1701
1716
1754
1654
1647
1715
1638
1604
1623
1633
1578
1651
1576
1665
1687
1694
1808
1766
1777
1869
1970
1928
2034
2014
2111
2090
2159
2123
2148
2253
2290
2290
2376
2227
2291
2268
2259
2306
2286
2361
2339
2322
2306
2262
2325
2529
2292
2397
2429
2416
2393
2339
2345
2346
2378
2303
2321
2259
2481
2271
2415
2505
2396
2372
2336
2333
2332
2345
2392
2346
2375
2348
2488
2330
2354
2354
2423
2371
2412
2425
2332
2384
2377
2462
2375
2328
2314
2347
2407
2410
2357
2397
2357
2455
2445
2428
2376
2487
2382
2383
2381
2373
2402
2377
2435
2334
2419
2405
2363
2446
2409
2396
2414
2417
2389
2328
2402
2393
2383
2367
2397
2427
2389
2364
2464
2456
2348
2415
2314
2424
2436
2415
2324
2397
2348
2437
2393
2416
2440
2351
2378
2424
2340
2405
2409
2414
2356
2387
2364
2421
2475
2347
2434
2407
2350
2363
2488
2368
2347
2374
2476
2412
2435
2427
2417
2334
2368
2415
2518
2343
2494
2363
2450
2470
2368
2313
2367
2415
2451
2419
2450
2334
2393
2404
2482
2389
2414
2437
2413
2472
2408
2448
2505
2439
2409
2394
2453
2427
2419
2525
2347
2395
2425
2366
2456
2353
2334
2387
2377
2495
2387
2400
2371
2441
2421
2392
2359
2424
2425
2357
2436
2433
2392
2462
2308
2449
2397
2500
2414
2452
2407
2377
2407
2346
2431
2433
2370
2356
2454
2456
2322
2403
2425
2314
2374
2331
2427
2409
2468
2360
2440
2405
2361
2399
2413
2460
2385
2330
2462
2442
2437
2415
2406
2395
2469
2435
2416
2423
2365
2337
2492
2506
2370
2383
2372
2358
2468
2393
2423
2369
2392
2344
2430
2384
2414
2419
2460
2516
2424
2528
2384
2377
2380
2385
2402
2423
2351
2387
2406
2470
2332
2432
2364
2370
2347
2383
2364
2407
2358
2438
2348
2466
2410
2389
2404
2411
2372
2450
2427
2378
2367
2383
2440
2360
2342
2358
2431
2279
2364
2428
2335
2416
2444
2420
2482
2446
2434
2520
2414
2374
2344
2359
2441
2410
2498
2381
2360
2422
2370
2406
2448
2430
2491
2337
2398
2414
2417
2411
2418
2406
2260
2343
2377
2397
2393
2429
2427
2463
2447
2373
2353
2459
2458
2394
2457
2386
2364
2388
2440
2483
2410
2320
2346
2456
2386
2383
2372
2442
2441
2444
2380
2338
2392
2360
2429
2450
2379
2342
2385
2446
2357
2404
2427
2312
2394
2396
2404
2442
2376
2384
2424
2461
2396
2415
2473
2347
2332
2454
2317
2337
2337
2431
2376
2349
2416
2406
2365
2332
2399
2422
2387
2414
2337
2371
2439
2334
2334
2324
2395
2435
2304
2331
2472
2364
2453
2421
2402
2415
2430
2384
2435
2318
2421
2385
2364
2360
2363
2345
2434
2488
2445
2295
2428
2287
2441
2401
2363
2382
2427
2335
2309
2401
2339
2299
2397
2347
2380
2368
2340
2329
2322
2433
2313
2351
2324
2401
2392
2443
2379
2324
2224
2256
2256
2392
2295
2272
2279
2229
2336
2173
2244
2225
2177
2148
2227
2044
1982
2056
2025
1933
1908
1819
1725
1764
1735
1681
1641
1697
1633
1567
1595
1661
1614
1636
1601
1685
1703
1688
1793
1661
1687
1744
1630
1660
1633
1563
1593
1613
1632
1635
1612
1676
1699
1740
1870
1942
1916
1935
2053
2043
2048
2097
2093
2261
2181
2145
2261
2238
2231
2363
2249
2243
2294
2396
2411
2301
2242
2354
2319
2286
2349
2311
2314
2335
2332
2344
2270
2396
2283
2390
2274
2382
2330
2396
2380
2395
2336
2397
2278
2345
2366
2272
2411
2311
2414
2395
2435
2422
2336
2339
2444
2447
2314
2352
2344
2389
2383
2402
2378
2388
2399
2477
2276
2395
2400
2390
2444
2310
2418
2291
2433
2414
2427
2366
2463
2397
2309
2358
2399
2342
2447
2471
2439
2345
2383
2383
2334
2317
2439
2481
2406
2436
2351
2381
2344
2381
2422
2385
2374
2366
2487
2462
2430
2410
2431
2431
2386
2456
2398
2341
2422
2442
2396
2373
2344
2333
2339
2502
2413
2464
2326
2395
2487
2416
2380
2324
2400
2416
2417
2489
2437
2386
2328
2460
2352
2386
2405
2418
2327
2358
2317
2508
2334
2482
2432
2396
2434
2367
2426
2311
2403
2442
2385
2325
2419
2418
2421
2423
2539
2417
2423
2380
2537
2377
2391
2372
2473
2343
2460
2454
2446
2461
2437
2363
2377
2448
2443
2430
2403
2428
2427
2459
2411
2471
2419
2428
2324
2400
2358
2341
2452
2434
2434
2451
2299
2467
2423
2384
2412
2398
2457
2444
2444
2509
2345
2420
2368
2421
2352
2351
2460
2419
2431
2387
2391
2382
2424
2431
2447
2425
2316
2361
2391
2449
2548
2360
2483
