2153
2071
2191
2210
2140
2110
2078
2167
2126
2120
2115
2182
2159
2132
2183
2149
2156
2141
2198
2127
2161
2232
2174
2169
2144
2174
2216
2141
2111
2173
2250
2121
2113
2106
2195
2178
2096
2194
2127
2184
2167
2214
2230
2137
2224
2079
2186
2098
2201
2148
2187
2147
2083
2115
2138
2118
2171
2175
2146
2202
2128
2099
2131
2112
2141
2104
2173
2227
2071
2141
2163
2138
2182
2195
2180
2161
2103
2036
2198
2161
2101
2199
2248
2182
2189
2263
2142
2163
2180
2176
2225
2168
2058
2169
2125
2134
2112
2179
2211
2181
2093
2176
2173
2164
2077
2126
2100
2171
2170
2205
2171
2131
2139
2071
2146
2230
2160
2109
2183
2217
2177
2147
2136
2159
2211
2151
2135
2214
2181
2103
2179
2067
2158
2172
2122
2118
2106
2058
2201
2093
2180
2171
2104
2153
2196
2181
2132
2154
2098
2197
2152
2170
2112
2140
2173
2075
2162
2152
2138
2193
2252
2099
2123
2100
2204
2148
2160
2121
2088
2109
2178
2188
2036
2146
2114
2118
2151
2189
2041
2164
2176
2081
2168
2162
2141
2082
2170
2119
1999
2199
2175
2141
2095
2179
2120
2150
2095
2108
2152
2106
2114
2130
2136
2052
2020
2064
2071
2061
2016
2139
2026
2070
2040
2058
2040
2050
2100
2112
2046
1958
2029
2018
2041
1907
2001
1834
1831
1879
1821
1729
1739
1681
1498
1573
1564
1474
1501
1521
1409
1440
1437
1489
1475
1472
1443
1517
1547
1634
1592
1506
1474
1493
1367
1425
1457
1405
1389
1434
1437
1478
1474
1512
1506
1632
1576
1693
1650
1789
1818
1863
1817
1888
1932
1918
1921
1957
2113
2084
1944
2092
2113
1967
2027
2133
2009
2132
2018
2131
2124
2079
1979
2003
2119
2145
2052
2151
2039
2136
2068
2196
2177
2151
2118
2141
2159
2108
2060
2133
2081
2135
2092
2141
2097
2233
2204
2074
2149
2094
2036
2143
2096
2238
2142
2186
2191
2183
2116
2106
2106
2167
2130
2136
2128
2130
2161
2211
2105
2132
2160
2143
2110
2093
2201
2199
2233
2082
2153
2151
2158
2063
2182
2123
2133
2175
2176
2172
2187
2061
2159
2166
2135
2110
2268
2130
2219
2135
2076
2117
2177
2125
2237
2198
2092
2138
2124
2271
2137
2165
2176
2190
2086
2183
2142
2139
2073
2170
2144
2220
2165
2214
2221
2166
2148
2167
2152
2152
2243
2087
2158
2222
2152
2177
2163
2077
2149
2077
2211
2106
2204
2124
2140
2165
2116
2198
2175
2178
2056
2208
2014
2173
2205
2123
2113
2105
2176
2120
2160
2089
2106
2082
2171
2121
2069
2168
2191
2179
2089
2129
2131
2188
2119
2174
2217
2186
2211
2260
2208
2133
2159
2145
2147
2030
2146
2245
2137
2123
2188
2184
2239
2214
2179
2121
2195
2114
2186
2187
2190
2117
2173
2143
2184
2146
2161
2174
2175
2195
2137
2135
2159
2189
2219
2123
2051
2213
2123
2212
2211
2247
2143
2192
2094
2149
2197
2115
2131
2196
2141
2238
2099
2264
2226
2175
2150
2141
2156
2170
2174
2130
2165
2262
2211
2129
2101
2170
2155
2129
2194
2145
2158
2196
2154
2085
2155
2102
2152
2198
2144
2172
2218
2159
2149
2152
2163
2190
2209
2161
2136
2163
2143
2145
2177
2217
2166
2167
2105
2155
2100
2144
2119
2169
2190
2099
2148
2220
2122
2136
2155
2099
2164
2211
2131
2151
2158
2151
2182
2220
2091
2216
2239
2187
2131
2122
2241
2180
2181
2051
2168
2160
2177
2097
2208
2130
2143
2163
2207
2043
2195
2069
2128
2203
2203
2193
2129
2183
2139
2087
2220
2133
2245
2197
2148
2191
2111
2217
2072
2095
2172
2214
2142
2121
2160
2200
2119
2190
2102
2101
2218
2105
2146
2220
2181
2090
2133
2193
2158
2151
2133
2104
2253
2112
2144
2126
2145
2166
2121
2170
2166
2182
2235
2260
2234
2124
2180
2111
2130
2188
2028
2132
2188
2182
2177
2178
2116
2147
2154
2136
2058
2161
2215
2192
2188
2111
2224
2083
2185
2135
2173
2104
2121
2206
2214
2136
2099
2102
2114
2135
2146
2112
2160
2173
2203
2155
2153
2117
2147
2114
2133
2183
2105
2188
2157
2119
2087
2092
2123
2161
2062
2106
2201
2062
2098
2065
2155
2101
2083
2139
2122
2135
2143
2131
2158
2172
2134
2133
2170
2187
2104
2127
2129
2115
2169
2134
2143
2054
2047
2123
2075
2122
2073
2140
2062
2143
2053
2094
2109
2004
2083
2028
2127
2087
1952
2025
2095
1955
2041
2080
2016
2002
1933
1873
1902
1886
1875
1848
1806
1648
1613
1672
1634
1521
1585
1510
1434
1431
1481
1502
1499
1434
1444
1448
1430
1444
1555
1555
1554
1451
1559
1504
1482
1375
1475
1489
1399
1401
1400
1546
1512
1501
1464
1640
1600
1641
1664
1799
1751
1837
1907
1871
1804
1870
1966
1941
2052
1949
2010
2014
2087
2061
2029
2069
2028
2095
2071
2121
2125
2071
2062
2165
2053
2117
2093
2073
2040
2171
2113
2160
2060
2132
2191
2109
2101
2111
2053
2129
2130
2072
2098
2131
2177
2078
2061
2135
2116
2123
2080
2136
2082
2244
2235
2120
2162
2138
2135
2184
2064
2124
2094
2117
2140
2113
2075
2198
2161
2124
2146
2087
2066
2191
2093
2189
2125
2129
2113
2192
2132
2213
2165
2238
2085
2174
2127
2213
2175
2102
2159
2166
2131
2148
2171
2167
2162
2126
2104
2213
2207
2164
2178
2287
2151
2231
2145
2104
2085
2125
2142
2090
2151
2161
2153
2166
2115
2087
2199
2114
2193
2056
2188
2152
2171
2151
2196
2186
2200
2039
2084
2133
2090
2234
2140
2230
2125
2134
2208
2132
2102
2131
2066
2143
2128
2187
2257
2135
2169
2151
2163
2124
2221
2171
2058
2157
2160
2203
2126
2100
2145
2202
2088
2109
2191
2180
2209
2224
2142
2214
2181
2168
2098
2182
2077
2069
2155
2267
2143
2181
2190
2130
2159
2160
2158
2055
2146
2210
2124
2206
2201
2192
2096
2110
2214
2159
2204
2214
2163
2253
2233
2199
2136
2236
2186
2160
2157
2160
2118
2062
2165
2135
2203
2131
2089
2243
2149
2184
2135
2139
2176
2121
2188
2178
2153
2205
2223
2118
2131
