2249
2288
2222
2261
2226
2252
2318
2270
2292
2341
2236
2281
2226
2216
2179
2283
2194
2214
2232
2180
2322
2196
2229
2226
2219
2195
2304
2273
2260
2286
2237
2260
2214
2251
2151
2163
2257
2288
2240
2148
2199
2302
2223
2267
2234
2164
2158
2270
2116
2324
2227
2201
2257
2229
2183
2210
2255
2241
2198
2160
2141
2087
2067
2009
2000
2028
1944
1877
1926
1864
1736
1807
1781
1725
1822
1725
1743
1721
1717
1721
1678
1665
1692
1673
1674
1661
1722
1674
1712
1741
1719
1866
1807
1881
1867
1883
1905
1871
1847
1886
1892
1998
2005
1984
1984
1943
1965
2015
2037
2047
2083
2028
2077
2131
2124
2073
2181
2167
2132
2130
2170
2208
2150
2053
2162
2173
2214
2167
2086
2154
2162
2223
2234
2088
2074
2218
2136
2077
2083
1978
2012
1987
1877
1876
1819
1732
1692
1854
1652
1704
1742
1792
1715
1679
1769
1749
1684
1794
1805
1823
1885
1901
1812
1931
1916
1846
2039
2095
1981
2046
2079
2104
2038
2203
2104
2164
2219
2165
2164
2076
2182
2219
2144
2169
2240
2171
2263
2141
2201
2352
2204
2222
2259
2261
2248
2249
2297
2162
2197
2201
2189
2171
2215
2225
2134
2151
2188
2131
2093
2105
2073
2028
1992
1994
1902
1947
1862
1846
1816
1843
1860
1776
1766
1877
1813
1970
1819
1980
1929
1949
2064
2123
2113
2174
2143
2217
2211
2168
2181
2272
2190
2193
2269
2299
2279
2244
2220
2196
2226
2173
2188
2172
2209
2158
2252
2155
2137
2202
2179
2215
2215
2115
2139
2094
2023
1972
1969
1965
1901
1856
1799
1861
1824
1811
1782
1855
1850
1878
1960
1907
1976
1968
2009
2055
2096
2072
2109
2141
2185
2246
2149
2222
2188
2224
2269
2165
2190
2202
2182
2156
2163
2230
2231
2202
2228
2174
2242
2300
2254
2208
2153
2173
2193
2187
2132
2162
2089
2158
2194
2189
2204
2091
2119
2048
2091
2161
2044
2029
1976
2025
1931
1963
1856
1843
1868
1842
1757
1773
1795
1685
1636
1742
1777
1719
1702
1727
1748
1751
1759
1758
1901
1852
1919
1948
2029
2023
2068
2082
2186
2103
2072
2145
2162
2143
2253
2160
2231
2124
2212
2251
2183
2233
2215
2071
2152
2230
2190
2117
2137
2154
2218
2123
2156
2220
2050
2098
2152
2102
2047
2026
2036
2027
1986
1912
2013
1911
1981
1874
1961
1820
1813
1809
1724
1797
1798
1804
1749
1709
1768
1726
1625
1635
1704
1645
1668
1622
1612
1643
1716
1750
1693
1739
1795
1808
1807
1891
1909
2000
1977
1964
2020
2084
2101
2171
2085
2147
2137
2190
2233
2215
2224
2163
2146
2157
2241
2208
2304
2255
2279
2211
2185
2251
2292
2200
2269
2225
2241
2190
2173
2274
2284
2234
2228
2296
2259
2306
2230
2311
2230
2250
2229
2219
2267
2241
2233
2241
2194
2337
2184
2258
2316
2314
2264
2277
2238
2298
2254
2242
2235
2235
2362
2216
2253
2375
2191
2252
2257
2275
2256
2265
2229
2202
2207
2253
2185
2243
2235
2228
2189
2328
2242
2230
2324
2291
2299
2206
2218
2298
2214
2282
2151
2226
2216
2295
2225
2218
2330
2164
2218
2298
2288
2231
2233
2223
2314
2297
2349
2265
2275
2209
2213
2179
2259
2257
2218
2192
2309
2276
2150
2208
2262
2204
2212
2224
2208
2200
2260
2243
2286
2165
2223
2260
2118
2292
2245
2259
2360
2240
2227
2197
2339
2175
2255
2270
2207
2165
2264
2167
2253
2246
2292
2242
2171
2173
2298
2242
2190
2124
2156
2200
2174
2101
2035
2027
1830
2001
1859
1896
1803
1747
1784
1787
1689
1714
1730
1643
1654
1640
1627
1709
1718
1727
1716
1683
1684
1716
1752
1721
1767
1803
1751
1833
1849
1905
1888
1960
1859
1917
2013
1955
2016
1958
1982
2065
2066
2134
2051
2033
2157
2131
2146
2168
2159
2201
2214
2154
2001
2201
2140
2155
2143
2264
2166
2064
2167
2180
2103
2150
2272
2123
2141
2069
2146
2086
2095
2132
2037
2047
1952
1891
1903
1849
1818
1770
1760
1711
1798
1658
1724
1739
1686
1737
1803
1754
1829
1776
1831
1735
1888
1813
1939
1935
1895
2046
2040
1944
2076
2037
2030
2050
2142
2194
2178
2121
2156
2179
2231
2204
2264
2136
2237
2185
2229
2253
2208
2186
2257
2122
2175
2232
2286
2260
2201
2198
2220
2197
2214
2200
2195
2209
2188
2192
2173
2206
2136
2103
2060
2216
2022
2064
1980
1951
1997
1897
1987
1889
1803
1817
1780
1804
1776
1800
1853
1845
1938
1945
2039
1994
2030
2028
2118
2158
2202
2168
2193
2256
2128
2218
2253
2213
2188
2295
2277
2291
2204
2173
2161
2274
2205
2237
2193
2249
2184
2133
2212
2220
2095
2070
2146
2126
1960
2027
2081
2018
2064
1923
1846
1852
1774
1884
1714
1888
1823
1721
1838
1896
1950
1936
1909
2088
2026
2076
2050
2106
2140
2204
2189
2244
2165
2220
2263
2184
2199
2200
2279
2232
2163
2187
2173
2227
2176
2129
2248
2124
2186
2228
2213
2144
2184
2148
2328
2152
2084
2112
2154
2159
2132
2087
2159
2139
2089
2013
2021
2094
1966
1954
1907
1958
1918
1912
1950
1879
1856
1801
1821
1850
1752
1744
1744
1755
1646
1702
1762
1801
1726
1722
1865
1831
1819
1934
1862
1975
2069
2000
2080
2052
2080
2138
2124
2135
2188
2090
2184
2206
2201
2246
2162
2221
2155
2154
2152
2179
2216
2154
2106
2151
2127
2273
2132
2011
2044
2125
2060
2047
2049
2021
2035
2043
1950
1953
1948
1908
1923
1871
1872
1894
1870
1869
1801
1813
1741
1734
1740
1743
1711
1700
1665
1746
1611
1683
1653
1645
1668
1649
1682
1700
1703
1819
1689
1708
1757
1805
1884
1878
1887
1949
2063
1980
2046
2000
2075
2131
2120
2235
2221
2124
2190
2131
2210
2175
2278
2225
2168
2164
2218
2228
2216
2230
2211
2228
2146
2145
2090
2227
2218
2221
2216
2247
2287
2196
2249
2347
2236
2253
2235
2223
2225
2240
2231
2225
2284
2245
2218
2275
2101
2203
2274
2212
2307
2239
2231
2238
2262
2266
2205
2265
2193
2283
2261
2204
2213
2291
2242
