2121
2138
2105
2133
2111
2146
2122
2120
2157
2185
2221
2109
2199
2160
2162
2155
2167
2049
2169
2145
2135
2201
2119
2226
2181
2115
2165
2186
2194
2191
2160
2218
2133
2175
2099
2138
2135
2190
2124
2250
2145
2152
2106
2097
2115
2194
2101
2137
2140
2123
2096
2162
2108
2137
2063
2055
2060
2163
2137
2132
2214
2137
2176
2209
2165
2151
2170
2189
2143
2175
2120
2161
2215
2228
2148
2099
2218
2182
2147
2222
2131
2054
2123
2251
2194
2111
2099
2149
2107
2154
2199
2093
2084
2156
2146
2131
2192
2221
2149
2191
2120
2169
2187
2172
2103
2215
2073
2161
2160
2149
2245
2099
2213
2118
2146
2108
2184
2143
2175
2172
2203
2014
2156
2148
2151
2147
2275
2169
2165
2217
2063
2096
2163
2103
2148
2084
2144
2198
2213
2190
2075
2223
2151
2080
2190
2174
2142
2190
2087
2194
2137
2119
2165
2128
2167
2150
2156
2112
2060
2044
2092
2149
2148
2171
2120
2067
2072
2124
2064
2177
2123
2104
2100
2168
2158
2132
2107
2137
2048
2089
2063
2153
2229
2115
2081
2058
2173
2142
2196
2072
2107
2117
2120
2115
2010
2117
2121
2076
2135
2127
2154
2071
2089
2118
2097
2074
2060
2103
2095
2191
2013
2106
1994
2055
2058
2171
2073
2024
2076
2020
1963
1927
1933
1948
1915
1855
1926
1738
1793
1754
1700
1642
1629
1540
1515
1517
1560
1478
1430
1403
1451
1446
1445
1427
1415
1483
1463
1608
1586
1549
1504
1449
1488
1444
1438
1442
1439
1423
1458
1400
1523
1515
1578
1639
1678
1589
1655
1755
1850
1833
1892
1919
1961
1941
1959
2011
2085
2013
1926
2058
1987
2065
2076
2106
2015
2094
2072
2117
2159
2072
2095
2071
2108
2111
2035
2118
2144
2026
2134
2092
2116
2107
2140
2146
2100
2050
2176
2124
2094
2050
2122
2195
2144
2148
2114
2176
2062
2184
2057
2037
2177
2144
2097
2167
2171
2124
2104
2137
2069
2192
2114
2127
2098
2135
2080
2158
2152
2115
2103
2095
2056
2088
2121
2199
2142
2195
2151
2062
2060
2105
2156
2133
2127
2117
2150
2180
2143
2099
2116
2104
2191
2168
2121
2136
2130
2102
2177
2127
2271
2055
2098
2139
2205
2116
2207
2113
2095
2149
2146
2089
2135
2157
2129
2138
2116
2234
2234
2219
2158
2176
2145
2073
2173
2191
2149
2154
2101
2197
2170
2138
2133
2137
2127
2224
2101
2197
2190
2222
2180
2160
2175
2145
2116
2070
2183
2106
2140
2176
2264
2156
2038
2153
2158
2112
2190
2080
2182
2166
2148
2149
2100
2156
2149
2218
2140
2173
2216
2190
2169
2241
2070
2151
2129
2181
2194
2152
2125
2164
2151
2152
2139
2108
2112
2116
2165
2195
2186
2236
2156
2116
2212
2134
2148
2105
2130
2122
2127
2169
2184
2134
2169
2165
2196
2139
2200
2055
2196
2116
2167
2103
2099
2103
2127
2102
2263
2204
2094
2113
2169
2182
2153
2190
2126
2174
2202
2135
2112
2214
2175
2166
2232
2154
2227
2124
2178
2057
2233
2186
2168
2099
2156
2200
2149
2093
2217
2141
2153
2112
2195
2164
2102
2172
2202
2168
2206
2148
2189
2124
2143
2174
2223
2119
2125
2146
2114
2150
2109
2194
2232
2097
2060
2210
2176
2126
2143
2221
2115
2058
2173
2219
2197
2137
2197
2054
2252
2087
2156
2132
2109
2171
2090
2174
2082
2158
2126
2163
2175
2114
2149
2238
2106
2089
2226
2091
2131
2143
2062
2168
2128
2161
2127
2094
2053
2144
2184
2156
2148
2149
2073
2219
2196
2126
2245
2133
2166
2119
2078
2092
2065
2162
2146
2181
2169
2194
2160
2130
2065
2125
2174
2131
2151
2209
2169
2090
2155
2119
2092
2134
2111
2240
2192
2150
2110
2139
2206
2199
2119
2150
2206
2113
2206
2138
2127
2249
2171
2161
2074
2093
2183
2224
2096
2245
2195
2183
2175
2048
2144
2147
2133
2127
2112
2060
2095
2119
2129
2133
2112
2178
2122
2120
2183
2167
2139
2092
2124
2155
2214
2116
2146
2224
2179
2147
2122
2083
2101
2123
2134
2193
2117
2182
2152
2144
2159
2083
2139
2129
2111
2108
2114
2098
2144
2111
2150
2127
2132
2146
2091
2120
2108
2132
2078
2164
2114
2069
2047
2157
2199
2109
2130
2138
2185
2100
2004
2123
2149
2052
2144
2140
2075
2117
2163
2066
2090
2056
2075
2130
2031
2134
2126
2061
2014
2089
2073
2123
2076
2102
2047
2004
1972
2028
2036
2047
1996
2038
1928
2011
1979
2070
1845
1911
1888
1922
1862
1877
1811
1749
1644
1649
1669
1548
1513
1447
1457
1470
1398
1397
1504
1456
1450
1408
1413
1446
1476
1624
1553
1481
1528
1465
1389
1415
1483
1485
1440
1415
1433
1476
1438
1528
1605
1588
1636
1687
1711
1821
1786
1846
1791
1887
1956
1983
1947
2104
2043
2029
1992
2031
1995
2017
1996
2120
2091
2115
2133
2030
2138
2125
2121
2097
2110
2099
1981
2052
2110
2091
2088
2077
2117
2065
2085
2118
2038
2159
2151
2060
2122
2125
2092
2118
2148
2168
2119
2136
2101
2200
2089
2075
2166
2041
2145
2114
2064
2133
2129
2135
2199
2114
2139
2172
2174
2128
2143
2164
2161
2139
2083
2197
2159
2074
2122
2072
2106
2173
2106
2132
2124
2174
2213
2234
2120
2189
2198
2119
2086
2083
2145
1985
2168
2120
2138
2086
2210
2096
2136
2188
2194
2188
2182
2219
2065
2123
2184
2157
2145
2114
2208
2083
2085
2188
2113
2120
2178
2130
2116
2092
2123
2191
2158
2164
2109
2145
2231
2144
2167
2154
2181
2151
2041
2114
2036
2080
2117
2163
2158
2108
2133
2030
2115
2088
2186
2124
2145
2163
2157
2280
2103
2169
2142
2208
2088
2156
2175
2138
2176
2162
2188
2184
2149
2223
2121
2214
2205
2147
2182
2222
2079
2101
2160
2089
2158
2065
2103
2135
2155
2160
2144
2157
2120
2147
2132
2182
2119
2121
2133
2195
2077
2166
2124
2165
2143
2124
2049
2135
2198
2189
2126
2132
2181
2142
2223
2192
2179
2071
2098
2152
2142
2203
2146
2190
2092
2115
2157
2183
2149
2209
2109
2186
2264
2080
2166
2030
2234
2148
2111
