2624
2625
2700
2594
2580
2693
2682
2619
2611
2784
2688
2699
2654
2627
2596
2710
2629
2650
2614
2756
2589
2687
2516
2718
2679
2602
2603
2606
2605
2628
2674
2687
2666
2669
2712
2730
2650
2722
2641
2691
2652
2620
2689
2600
2686
2549
2643
2606
2576
2663
2608
2550
2765
2706
2558
2676
2730
2561
2565
2632
2646
2666
2701
2650
2671
2492
2724
2615
2628
2610
2638
2652
2667
2625
2618
2651
2639
2670
2635
2585
2580
2609
2608
2595
2621
2655
2700
2661
2712
2660
2705
2604
2755
2677
2722
2669
2757
2617
2609
2623
2640
2644
2696
2655
2645
2548
2570
2595
2664
2680
2679
2618
2611
2744
2674
2681
2689
2722
2674
2656
2655
2619
2657
2668
2681
2607
2591
2558
2611
2633
2711
2597
2645
2666
2721
2712
2609
2607
2607
2628
2663
2640
2561
2691
2654
2585
2586
2603
2661
2638
2569
2630
2547
2607
2676
2659
2678
2631
2621
2648
2606
2669
2592
2686
2565
2591
2605
2679
2649
2543
2704
2636
2623
2625
2580
2647
2668
2582
2656
2658
2684
2605
2669
2568
2628
2689
2602
2559
2640
2656
2643
2629
2681
2654
2594
2588
2592
2573
2590
2501
2602
2555
2578
2630
2720
2567
2505
2522
2588
2532
2551
2578
2572
2558
2520
2496
2408
2534
2470
2463
2412
2486
2459
2482
2326
2285
2313
2277
2251
2095
2035
1958
1935
1953
1862
1806
1822
1853
1793
1660
1798
1670
1811
1804
1804
1851
1827
1834
1928
1883
1782
1737
1785
1735
1829
1787
1692
1807
1767
1794
1894
1837
1940
1953
2001
2001
2147
2148
2168
2209
2255
2304
2374
2380
2366
2548
2479
2437
2493
2466
2538
2563
2477
2425
2558
2550
2620
2542
2571
2496
2476
2558
2493
2574
2592
2603
2569
2584
2618
2539
2636
2607
2576
2550
2663
2619
2536
2655
2599
2616
2644
2704
2606
2590
2591
2562
2592
2616
2637
2678
2743
2594
2699
2569
2658
2703
2596
2608
2692
2653
2610
2624
2609
2557
2702
2692
2589
2617
2613
2728
2666
2584
2632
2615
2720
2676
2579
2612
2684
2638
2659
2621
2704
2658
2635
2526
2625
2645
2630
2650
2641
2591
2663
2554
2601
2625
2592
2646
2679
2611
2654
2710
2629
2563
2579
2671
2648
2638
2706
2653
2663
2653
2657
2620
2701
2662
2692
2594
2602
2665
2641
2702
2669
2588
2646
2624
2614
2725
2584
2618
2681
2639
2657
2634
2572
2637
2625
2637
2488
2635
2689
2678
2651
2589
2728
2682
2681
2692
2631
2566
2659
2635
2683
2574
2762
2602
2686
2660
2682
2698
2660
2664
2635
2617
2675
2579
2633
2589
2758
2643
2613
2626
2593
2712
2729
2752
2670
2665
2633
2660
2656
2572
2591
2661
2589
2573
2666
2672
2588
2551
2612
2666
2644
2692
2570
2753
2618
2609
2560
2662
2644
2641
2544
2584
2614
2700
2658
2666
2663
2672
2618
2628
2593
2613
2609
2571
2660
2660
2655
2704
2654
2616
2714
2700
2643
2721
2667
2681
2568
2786
2752
2630
2670
2640
2639
2643
2693
2629
2622
2524
2674
2657
2687
2701
2663
2583
2698
2653
2643
2613
2680
2654
2670
2693
2627
2597
2662
2660
2750
2662
2651
2677
2694
2518
2561
2600
2661
2586
2630
2741
2646
2670
2632
2499
2625
2662
2583
2586
2603
2574
2518
2644
2536
2680
2665
2605
2651
2604
2644
2659
2590
2609
2613
2646
2625
2611
2672
2617
2622
2554
2613
2645
2695
2663
2607
2621
2685
2615
2712
2626
2590
2620
2656
2622
2536
2560
2699
2615
2650
2601
2667
2644
2596
2612
2626
2677
2628
2629
2648
2639
2663
2681
2619
2672
2667
2688
2661
2576
2571
2635
2575
2613
2587
2550
2729
2586
2695
2576
2591
2672
2610
2633
2631
2585
2590
2605
2647
2694
2677
2576
2680
2620
2601
2701
2602
2647
2553
2644
2679
2564
2622
2670
2652
2575
2726
2639
2725
2693
2651
2702
2564
2593
2550
2603
2657
2617
2632
2707
2599
2648
2693
2562
2665
2615
2577
2617
2641
2694
2605
2633
2590
2582
2694
2670
2623
2658
2701
2607
2637
2662
2617
2587
2694
2729
2614
2628
2681
2636
2678
2685
2596
2634
2667
2662
2632
2560
2629
2691
2544
2680
2654
2623
2566
2621
2640
2542
2751
2683
2585
2589
2571
2590
2626
2611
2544
2593
2611
2627
2751
2661
2626
2553
2615
2676
2513
2603
2601
2586
2565
2578
2482
2491
2562
2564
2597
2561
2509
2523
2643
2499
2450
2485
2504
2508
2544
2424
2394
2449
2306
2378
2386
2274
2294
2223
2118
2109
2125
1980
2059
1868
1882
1766
1793
1711
1797
1770
1744
1727
1835
1753
1829
1785
1854
1917
1874
1838
1835
1801
1797
1802
1851
1744
1760
1749
1716
1811
1844
1926
1917
1866
1930
2009
2086
2118
2129
2202
2242
2359
2286
2407
2441
2372
2416
2455
2428
2495
2461
2460
2482
2553
2513
2575
2617
2641
2584
2600
2532
2537
2609
2566
2487
2617
2632
2603
2609
2646
2566
2511
2571
2576
2562
2657
2594
2677
2598
2630
2512
2641
2511
2511
2615
2608
2598
2543
2590
2671
2678
2637
2681
2600
2587
2640
2684
2664
2558
2593
2592
2605
2586
2560
2592
2585
2640
2582
2625
2664
2644
2617
2549
2587
2666
2664
2575
2667
2616
2649
2680
2651
2564
2589
2694
2596
2557
2642
2678
2724
2632
2663
2696
2571
2709
2597
2582
2598
2744
2631
2594
2615
2625
2657
2678
2665
2590
2610
2520
2581
2676
2618
2600
2574
2640
2716
2719
2684
2616
2690
2595
2557
2534
2585
2603
2608
2552
2574
2646
2716
2575
2616
2543
2729
2595
2656
2593
2696
2622
2663
2612
2653
2573
2594
2640
2637
2683
2657
2659
2639
2617
2707
2646
2603
2619
2594
2683
2545
2596
2659
2662
2711
2673
2654
2611
2646
2615
2637
2627
2627
2521
2655
2610
2649
2725
2644
2749
2617
2676
2650
2747
2702
2655
2639
2660
2664
2640
2590
2685
2667
2707
2668
2668
2690
2562
2688
2653
2716
2610
2595
2664
2832
2649
2708
2648
2683
2632
2722
2707
2711
2621
2591
2657
2730
2644
2642
2669
2662
2611
2682
2591
2573
2637
2751
2709
2644
2584
