2174
2125
2151
2222
2198
2102
2138
2158
2147
2167
2103
2108
2174
2094
2097
2188
2142
2151
2190
2122
2108
2108
2111
2115
2139
2073
2100
2226
2187
2238
2227
2177
2186
2157
2106
2111
2302
2164
2188
2212
2145
2157
2233
2162
2153
2186
2264
2109
2151
2082
2168
2219
2138
2085
2119
2177
2113
2142
2157
2165
2151
2094
2114
2218
2145
2182
2195
2144
2193
2116
2077
2083
2214
2160
2149
2089
2146
2092
2156
2111
2150
2121
2180
2249
2141
2067
2181
2160
2119
2148
2203
2173
2126
2098
2145
2129
2174
2169
2112
2110
2038
2208
2184
2113
2123
2126
2110
2093
2153
2140
2133
2133
2144
2133
2159
2159
2114
2113
2159
2234
2128
2178
2106
2174
2194
2171
2179
2133
2106
2192
2140
2163
2118
2116
2185
2072
2160
2117
2125
2192
2117
2178
2139
2179
2247
2065
2185
2170
2173
2190
2101
2124
2124
2167
2105
2204
2112
2063
2145
2136
2137
2179
2190
2149
2148
2147
2125
2143
2161
2013
2098
2120
2094
2213
2013
2224
2183
2151
2183
2137
2168
2055
2088
2162
2060
2101
2159
2174
2205
2064
2114
2051
2109
2142
2082
2059
2048
2057
2077
2073
2135
2091
2084
2146
2090
2118
2121
2106
2015
2035
2052
2062
1989
2143
2016
2057
2098
2016
2012
2013
2008
1967
1956
1997
1909
1789
1830
1876
1759
1768
1659
1682
1602
1597
1565
1472
1484
1412
1492
1478
1463
1425
1384
1501
1489
1469
1477
1524
1527
1539
1530
1490
1429
1423
1383
1395
1384
1450
1497
1469
1453
1554
1587
1624
1573
1667
1778
1869
1787
1901
1886
1887
1868
1971
2049
1862
1986
2028
1991
2111
2161
2029
2030
2073
2086
2102
2052
2074
2107
2134
2118
2124
2095
2051
2150
1996
2070
2149
2139
2101
2132
2244
2125
2052
2116
2127
2147
2050
2130
2135
2112
2163
2198
2157
2144
2158
2163
2196
2120
2073
2178
2126
2112
2093
2186
2274
2168
2042
2185
2082
2091
2184
2082
2198
2127
2145
2168
2123
2148
2113
2086
2166
2213
2201
2134
2134
2120
2126
2072
2204
2202
2158
2138
2107
2146
2109
2172
2085
2089
2194
2131
2184
2184
2223
2162
2162
2206
2045
2149
2107
2162
2091
2145
2160
2099
2168
2115
2218
2164
2079
2206
2190
2221
2236
2170
2189
2165
2117
2119
2239
2152
2099
2140
2126
2210
2117
2070
2147
2097
2122
2158
2157
2140
2122
2152
2232
2144
2104
2135
2159
2125
2207
2211
2200
2191
2141
2220
2121
2185
2125
2161
2155
2158
2229
2095
2184
2111
2118
2097
2194
2121
2103
2164
2132
2172
2166
2094
2082
2170
2151
2215
2193
2180
2156
2214
2167
2201
2147
2177
2143
2116
2206
2170
2121
2207
2182
2192
2169
2157
2238
2137
2117
2147
2143
2155
2148
2132
2148
2152
2118
2239
2133
2186
2171
2039
2109
2157
2176
2108
2161
2072
2159
2187
2174
2129
2130
2123
2154
2191
2111
2144
2076
2202
2138
2113
2116
2096
2095
2165
2140
2084
2180
2159
2146
2200
2137
2104
2260
2122
2217
2138
2005
2141
2179
2147
2095
2109
2129
2264
2117
2098
2217
2209
2210
2217
2199
2115
2156
2173
2232
2118
2127
2203
2088
2203
2211
2192
2117
2185
2193
2171
2241
2124
2140
2125
2207
2097
2113
2243
2141
2146
2163
2155
2165
2071
2127
2083
2148
2192
2172
2191
2105
2130
2148
2177
2171
2192
2080
2112
2140
2140
2105
2158
2136
2127
2179
2155
2193
2131
2180
2167
2109
2194
2143
2233
2180
2081
2184
2110
2203
2119
2096
2192
2134
2150
2197
2137
2200
2119
2142
2167
2145
2140
2129
2131
2191
2155
2210
2159
2163
2211
2167
2203
2060
2153
2191
2229
2173
2162
2172
2113
2191
2140
2081
2167
2142
2187
2212
2138
2073
2125
2161
2191
2093
2142
2156
2175
2119
2154
2139
2164
2208
2087
2028
2157
2190
2087
2117
2163
2150
2105
2179
2156
2227
2118
2075
2203
2062
2212
2104
2121
2260
2214
2064
2151
2111
2190
2156
2092
2112
2146
2170
2110
2104
2093
2167
2216
2154
2224
2154
2155
2128
2163
2098
2133
2171
2213
2161
2129
2128
2178
2159
2099
2125
2127
2075
2185
2167
2118
2118
2206
2111
2169
2198
2137
2126
2149
2080
2151
2087
2098
2085
2091
2187
2103
2140
2229
2159
2098
2089
2140
2146
2115
2110
2088
2068
2046
2103
2100
2082
2236
2058
2138
2137
2071
1995
2006
2070
2064
1985
1969
2066
1990
2078
1984
2004
1900
1943
1919
1975
1937
1896
1829
1805
1837
1754
1692
1635
1662
1653
1486
1536
1493
1455
1464
1423
1470
1434
1501
1425
1459
1468
1520
1531
1543
1494
1578
1457
1529
1416
1405
1442
1431
1389
1523
1420
1473
1480
1566
1564
1533
1705
1680
1761
1804
1822
1857
1937
1883
1888
1958
2002
2074
2038
1994
1972
2088
1994
2091
2081
2154
2137
2106
2039
2013
2041
2129
2002
2049
2075
2108
2070
2120
2077
2131
2051
2202
2060
2072
2086
2135
2101
2174
2163
2210
2128
2116
2180
2191
2062
2145
2101
2132
2142
2103
2173
2124
2091
2184
2162
2140
2098
2191
2143
2147
2206
2178
2162
2194
2139
2177
2118
2149
2117
2117
2078
2247
2120
2105
2128
2079
2139
2159
2114
2149
2224
2111
2145
2091
2128
2138
2132
2064
2071
2150
2122
2148
2207
2121
2141
2137
2163
2071
2152
2232
2100
2135
2116
2175
2104
2146
2120
2099
2107
2164
2065
2124
2060
2132
2221
2137
2138
2100
2175
2181
2114
2168
2199
2185
2160
2216
2228
2127
2144
2085
2168
2105
2218
2095
2147
2072
2113
2153
2092
2146
2170
2178
2183
2186
2177
2144
2114
2176
2202
2138
2180
2088
2175
2140
2096
2213
2186
2130
2172
2196
2138
2083
2192
2173
2205
2207
2176
2159
2131
2146
2173
2091
2188
2214
2156
2073
2140
2196
2196
2113
2068
2179
2242
2096
2105
2061
2152
2166
2199
2166
2208
2288
2135
2208
2114
2178
2167
2152
2123
2194
2134
2215
2150
2080
2127
2085
2224
2148
2134
2140
2140
2195
2244
2214
2090
2198
2179
2182
2201
2082
2181
2097
2141
2144
2174
2196
2126
2094
