2165
2099
2195
2250
2119
2084
2128
2173
2238
2183
2136
2076
2158
2108
2183
2081
2149
2145
2050
2172
2062
2106
2056
2132
2197
2106
2159
2134
2080
2146
2188
2105
2147
2187
2109
2124
2248
2146
2198
2157
2241
2251
2193
2147
2188
2177
2140
2088
2154
2194
2184
2067
2194
2097
2168
2181
2260
2181
2160
2135
2158
2164
2222
2198
2219
2095
2111
2204
2177
2112
2128
2195
2125
2217
2193
2199
2194
2157
2169
2067
2224
2089
2143
2134
2180
2166
2171
2122
2234
2200
2119
2139
2215
2088
2137
2190
2166
2056
2143
2129
2195
2132
2147
2111
2171
2083
2140
2155
2121
2062
2134
2205
2161
2158
2138
2157
2140
2100
2050
2067
2140
2177
2142
2132
2180
2210
2178
2159
2169
2115
2243
2157
2040
2157
2087
2133
2106
2151
2215
2114
2231
2156
2139
2152
2107
2063
2110
2075
2105
2163
2113
2121
2134
2139
2105
2199
2098
2178
2052
2136
2182
2111
2110
2075
2188
2131
2175
2110
2171
2099
2122
2081
2055
2163
2066
2154
2168
2151
2128
2055
2143
2173
2092
2094
2112
2136
2002
2058
2132
2138
2106
2128
2101
2103
2071
2126
2154
2101
2109
2187
2152
2050
2145
2066
2158
2122
2134
2064
2108
2124
2023
2051
2106
2062
2039
2070
2057
1997
2081
1924
2028
2024
2047
1904
1957
1838
1890
1872
1734
1733
1674
1709
1634
1580
1542
1557
1472
1427
1471
1469
1420
1450
1501
1448
1499
1483
1565
1568
1486
1550
1518
1446
1418
1409
1450
1516
1448
1412
1486
1448
1507
1520
1613
1495
1701
1696
1675
1707
1818
1908
1803
1869
1904
1965
1990
1952
2047
2062
2055
2039
2099
2021
2004
2060
2190
2060
2072
2096
2071
2138
2050
2093
2072
2139
2127
2082
2070
2129
2083
2127
2074
2193
2128
2107
2175
2111
2089
2108
2203
2074
2172
2172
2103
2120
2151
2135
2110
2201
2108
2152
2218
2200
2096
2128
2072
2141
2147
2169
2088
2123
2138
2203
2105
2082
2224
2174
2193
2176
2141
2133
2099
2175
2116
2094
2135
2151
2161
2168
2181
2158
2097
2163
2161
2170
2217
2124
2064
2142
2130
2153
2204
2143
2177
2128
2197
2084
2215
2231
2104
2151
2141
2156
2162
2116
2192
2123
2148
2119
2097
2237
2179
2175
2133
2172
2257
2135
2154
2193
2162
2208
2145
2139
2164
2140
2106
2159
2119
2162
2179
2155
2104
2138
2153
2101
2062
2163
2203
2177
2177
2168
2127
2101
2100
2197
2017
2027
2126
2158
2121
2178
2107
2136
2254
2153
2144
2183
2170
2129
2222
2077
2152
2169
2098
2194
2180
2173
2133
2163
2112
2177
2153
2228
2062
2130
2195
2209
2150
2131
2100
2180
2226
2106
2166
2195
2115
2119
2110
2178
2213
2181
2181
2209
2197
2201
2114
2109
2172
2100
2135
2156
2170
2166
2099
2119
2209
2119
2144
2169
2246
2085
2089
2129
2165
2156
2167
2226
2130
2196
2118
2193
2202
2201
2172
2108
2142
2208
2217
2163
2102
2067
2171
2070
2175
2129
2164
2147
2143
2137
2178
2158
2150
2159
2147
2139
2134
2133
2106
2194
2131
2211
2153
2085
2162
2163
2185
2116
2133
2194
2129
2146
2289
2072
2245
2219
2171
2074
2167
2113
2169
2130
2111
2144
2151
2086
2191
2158
2195
2208
2237
2099
2162
2153
2148
2183
2132
2136
2123
2124
2115
2086
2170
2090
2128
2115
2122
2109
2175
2161
2077
2088
2153
2152
2101
2204
2205
2134
2159
2131
2087
2175
2056
2092
2045
2101
2172
2229
2269
2140
2250
2078
2129
2190
2121
2150
2164
2102
2201
2182
2155
2231
2133
2140
2118
2140
2089
2153
2126
2087
2104
2161
2128
2152
2103
2130
2114
2140
2085
2236
2191
2182
2084
2098
2101
2109
2246
2150
2106
2163
2105
2126
2096
2214
2130
2226
2063
2157
2085
2221
2100
2129
2195
2156
2151
2179
2091
2058
2131
2164
2186
2245
2180
2170
2093
2107
2171
2140
2128
2020
2157
2215
2163
2153
2163
2129
2209
2074
2189
2137
2139
2193
2161
2081
2203
2106
2110
2154
2230
2114
2120
2157
2183
2088
2137
2110
2162
2107
2143
2148
2137
2203
2147
2143
2187
2224
2110
2151
2128
2129
2094
2058
2112
2144
2149
2066
2128
2153
2094
2035
2058
2079
2138
2116
2179
2069
2049
2160
2098
2103
2130
2090
2114
2133
2102
2163
2123
2175
2123
2090
2122
2106
2002
2145
2063
2118
2082
2087
2052
2005
2026
2055
1987
2052
2081
2061
2071
1989
2021
2014
2018
1925
1955
1891
1927
1862
1772
1759
1707
1632
1591
1506
1555
1476
1538
1429
1473
1438
1447
1445
1464
1486
1433
1476
1453
1549
1555
1514
1480
1472
1507
1464
1454
1409
1426
1470
1474
1554
1419
1479
1511
1542
1670
1640
1769
1788
1748
1873
1836
1835
1907
1992
2042
2008
2001
1994
2036
2050
2034
1972
2064
2078
2000
2050
2103
2031
2050
2071
2072
2042
2106
2062
2134
2133
2110
2052
2083
1989
2148
2145
2025
2140
2111
2056
2133
2093
2078
2091
2050
2096
2120
2054
2144
2197
2042
2216
2136
2158
2051
2124
2063
2227
2152
2134
2034
2090
2178
2126
2129
2113
2055
2106
2187
2158
2254
2176
2165
2132
2132
2144
2132
2113
2061
2239
2120
2205
2100
2129
2140
2200
2159
2151
2146
2210
2174
2176
2170
2143
2104
2133
2149
2094
2203
2110
2159
2172
2195
2192
2180
2161
2140
2170
2123
2121
2148
2136
2102
2057
2128
2112
2155
2177
2161
2158
2163
2109
2137
2158
2151
2142
2119
2142
2089
2276
2210
2142
2201
2095
2157
2199
2179
2190
2092
2244
2185
2107
2090
2182
2039
2264
2151
2091
2124
2196
2166
2124
2121
2178
2182
2229
2135
2189
2118
2279
2148
2178
2194
2134
2129
2118
2189
2163
2222
2101
2151
2143
2150
2118
2250
2091
2134
2204
2159
2141
2094
2120
2130
2183
2146
2107
2211
2049
2214
2160
2053
2090
2167
2196
2138
2105
2071
2150
2196
2187
2162
2203
2185
2222
2169
2276
2139
2117
2106
2188
2198
2224
2191
2058
2110
2168
2134
2085
2105
2156
2076
2165
2113
2136
2080
2156
2117
2232
2110
2183
2144
