2095
2053
2113
2145
2071
2137
2164
2211
2132
2144
2084
2174
2152
2289
2114
2198
2098
2213
2185
2170
2189
2124
2136
2111
2196
2149
2104
2170
2220
2065
2173
2097
2124
2156
2157
2110
2152
2108
2131
2211
2156
2163
2177
2062
2144
2191
2100
2101
2198
2271
2094
2209
2113
2149
2139
2175
2180
2098
2109
2084
2125
2154
2124
2125
2149
2238
2129
2146
2147
2151
2163
2138
2182
2233
2167
2166
2167
2135
2133
2192
2129
2081
2128
2087
2141
2129
2114
2157
2211
2094
2265
2189
2152
2130
2145
2225
2189
2216
2185
2068
2186
2108
2105
2149
2127
2136
2237
2129
2181
2159
2182
2045
2147
2157
2166
2137
2093
2111
2142
2188
2047
2149
2146
2173
2204
2194
2241
2162
2074
2101
2108
2165
2212
2152
2119
2047
2199
2231
2217
2085
2145
2116
2065
2092
2187
2142
2167
2076
2192
2213
2161
2116
2139
2148
2236
2149
2163
2141
2182
2172
2115
2218
2193
2130
2155
2181
2108
2147
2105
2183
2218
2080
2166
2043
2139
2118
2116
2161
2207
2215
2163
2180
2128
2078
2162
2173
2200
2076
2122
2164
2049
2104
2055
2076
2054
2057
2148
2097
2132
2108
2129
2069
2142
2179
2040
2066
2042
2145
1995
2131
2188
2086
2139
2069
1982
2003
2048
1948
1985
2018
1860
2025
1924
1981
1981
1883
1831
1752
1769
1725
1697
1661
1646
1535
1541
1449
1481
1497
1449
1462
1455
1465
1408
1428
1534
1504
1541
1481
1517
1529
1557
1553
1476
1407
1440
1422
1423
1491
1518
1418
1473
1490
1500
1568
1659
1654
1757
1736
1866
1835
1872
1929
1965
1915
1965
1993
2063
2019
1972
2038
1989
2019
2099
2071
2105
2074
1977
2043
2004
2182
2114
2142
2094
2038
2099
2189
2052
2080
2171
2160
2193
2091
2127
2144
2114
2139
2050
2148
2157
2091
2117
2091
2125
2172
2134
2121
2114
2171
2110
2164
2250
2200
2196
2147
2185
2122
2239
2163
2106
2196
2124
2148
2083
2231
2169
2233
2106
2176
2121
2094
2148
2154
2155
2258
2163
2211
2105
2176
2199
2186
2104
2093
2052
2108
2177
2119
2128
2140
2061
2107
2149
2242
2180
2235
2165
2106
2179
2251
2111
2181
2128
2114
2129
2130
2143
2176
2177
2118
2158
2161
2094
2154
2148
2203
2117
2185
2052
2209
2143
2169
2154
2197
2099
2101
2231
2194
2150
2106
2169
2159
2121
2121
2170
2196
2223
2179
2260
2199
2112
2123
2152
2118
2129
2283
2118
2122
2158
2185
2079
2159
2121
2158
2232
2111
2158
2127
2113
2134
2153
2097
2130
2122
2153
2147
2184
2214
2093
2177
2160
2209
2160
2193
2147
2188
2169
2146
2158
2239
2177
2179
2059
2199
2073
2154
2118
2066
2197
2079
2155
2131
2112
2194
2146
2089
2146
2163
2099
2120
2162
2130
2231
2135
2166
2146
2085
2115
2174
2085
2169
2109
2116
2110
2191
2225
2058
2134
2201
2177
2105
2185
2199
2163
2182
2158
2154
2092
2138
2180
2180
2153
2263
2144
2180
2097
2088
2125
2165
2130
2130
2169
2100
2057
2142
2170
2152
2116
2135
2204
2167
2132
2167
2064
2210
2138
2235
2182
2082
2160
2140
2151
2147
2175
2176
2173
2138
2116
2099
2155
2159
2092
2141
2185
2177
2130
2147
2194
2160
2144
2057
2225
2167
2194
2156
2147
2139
2107
2112
2166
2158
2186
2169
2167
2082
2150
2117
2083
2089
2188
2134
2136
2111
2171
2103
2194
2116
2136
2055
2172
2209
2185
2168
2169
2102
2104
2119
2157
2121
2110
2210
2120
2137
2100
2138
2116
2089
2099
2065
2200
2172
2075
2183
2195
2137
2120
2142
2180
2150
2110
2118
2133
2178
2112
2141
2113
2300
2100
2132
2120
2141
2189
2192
2192
2108
2184
2151
2128
2109
2200
2088
2159
2169
2168
2049
2236
2188
2113
2183
2180
2134
2092
2114
2165
2164
2115
2203
2128
2096
2103
2150
2092
2086
2175
2167
2162
2138
2177
2212
2098
2166
2085
2150
2193
2164
2104
2169
2128
2112
2160
2180
2076
2112
2126
2220
2036
2099
2154
2150
2102
2149
2131
2213
2193
2129
2173
2081
2127
2115
2144
2160
2116
2079
2168
2209
2096
2156
2055
2142
2100
2085
2122
2139
2093
2119
2126
2142
2083
2192
2119
2042
2085
2083
2138
2105
2151
2113
2120
2104
2080
2069
2053
2076
2146
2101
2051
2102
2080
2155
2080
2048
2100
2107
2195
2070
2048
1969
2009
2046
2061
2075
2034
2075
2048
2039
2051
2028
1988
1929
1909
1973
1922
1817
1886
1847
1816
1804
1655
1688
1643
1615
1579
1527
1546
1400
1500
1496
1366
1459
1374
1415
1427
1477
1567
1466
1460
1512
1503
1537
1541
1401
1423
1457
1549
1347
1416
1487
1457
1433
1470
1481
1584
1603
1674
1693
1764
1861
1878
1875
1943
1934
1957
1941
2013
1924
1951
2035
2015
2021
2112
2052
2025
2136
1994
2021
2104
2148
2083
2015
2085
2014
2010
2150
2194
2238
2068
2123
2121
2066
2067
2134
2125
2102
2140
2175
2217
2107
2096
2153
2088
2094
1994
2148
2111
2125
2136
2063
2151
2143
2093
2166
2136
2184
2132
2188
2174
2130
2096
2098
2146
2116
2157
2158
2156
2162
2101
2219
2185
2221
2181
2129
2205
2189
2170
2115
2097
2102
2135
2188
2065
2139
2179
2169
2092
2128
2169
2128
2058
2217
2160
2128
2119
2135
2176
2161
2138
2132
2108
2182
2105
2107
2065
2125
2136
2134
2122
2157
2139
2106
2274
2274
2095
2132
2100
2084
2166
2113
2193
2198
2103
2126
2089
2130
2130
2017
2104
2158
2220
2137
2216
2191
2211
2151
2169
2174
2143
2068
2102
2197
2124
2065
2124
2137
2168
2098
2164
2193
2123
2199
2168
2120
2124
2073
2138
2167
2099
2071
2185
2179
2190
2084
2180
2095
2111
2136
2174
2146
2132
2189
2190
2082
2139
2133
2143
2138
2135
2171
2136
2266
2156
2073
2171
2122
2188
2173
2209
2149
2238
2158
2177
2136
2116
2077
2182
2154
2125
2145
2098
2108
2143
2159
2164
2106
2126
2169
2095
2163
2203
2128
2255
2139
2217
2150
2007
2104
2038
2178
2229
2119
2106
2104
2096
2130
2234
2117
