2139
2157
2090
2168
2144
2192
2132
2178
2155
2153
2172
2130
2105
2152
2165
2042
2171
2131
2151
2129
2110
2121
2144
2191
2100
2132
2148
2111
2147
2187
2149
2144
2210
2115
2157
2124
2095
2153
2199
2099
2156
2174
2100
2065
2163
2186
2148
2080
2238
2077
2132
2137
2171
2118
2141
2150
2176
2155
2104
2203
2130
2121
2159
2167
2141
2065
2152
2103
2126
2154
2077
2219
2183
2137
2118
2176
2106
2174
2132
2227
2164
2153
2138
2089
2164
2134
2140
2128
2253
2073
2177
2195
2252
2125
2230
2107
2107
2145
2174
2101
2119
2204
2080
2074
2128
2147
2092
2106
2146
2133
2169
2088
2141
2228
2148
2091
2101
2124
2198
2165
2179
2122
2124
2103
2171
2055
2118
2084
2178
2145
2103
2198
2066
2123
2224
2146
2078
2221
2138
2199
2160
2158
2183
2214
2114
2174
2184
2156
2038
2159
2134
2137
2072
2188
2159
2147
2107
2204
2049
2080
2150
2074
2150
2113
2115
2133
2156
2131
2183
2137
2129
2110
2127
2105
2165
2104
2093
2101
2136
2066
2174
2090
2098
2103
2118
2161
2139
2153
2022
2081
2181
2125
2054
2117
2115
2112
2083
2059
2068
2149
2135
2044
2083
2065
2055
2153
2027
2145
2171
2042
2124
2116
2097
2075
2057
1996
2006
2035
1966
2061
2051
1981
2006
1938
1969
1822
1807
1917
1864
1741
1697
1653
1612
1528
1531
1439
1487
1434
1412
1496
1484
1488
1522
1478
1512
1495
1477
1570
1517
1494
1542
1490
1535
1412
1453
1408
1460
1449
1447
1504
1462
1575
1495
1504
1663
1662
1742
1686
1835
1794
1869
1904
1952
1915
1962
1984
2028
1936
2035
2066
2115
2040
2012
2099
2056
2136
1981
2082
2029
2069
2086
2125
2060
2122
2080
2186
2023
2054
2077
2105
2115
2132
2024
2108
2075
2138
2144
2203
2120
2082
2094
2108
2096
2292
2151
2103
2187
2104
2087
2132
2080
2149
2047
2171
2054
2090
2206
2078
2217
2109
2146
2095
2132
2102
2134
2133
2184
2080
2183
2185
2152
2167
2173
2067
2062
2196
2176
2185
2117
2097
2106
2189
2111
2109
2132
2062
2163
2144
2100
2168
2153
2152
2169
2197
2213
2134
2156
2137
2134
2141
2170
2092
2189
2130
2191
2148
2225
2155
2220
2128
2108
2208
2123
2209
2181
2163
2115
2180
2154
2195
2132
2106
2149
2138
2193
2201
2098
2061
2147
2110
2112
2110
2093
2051
2198
2141
2177
2123
2165
2191
2163
2132
2242
2217
2099
2118
2174
2249
2102
2087
2191
2120
2146
2141
2199
2177
2141
2113
2127
2132
2166
2099
2115
2020
2110
2134
2211
2120
2141
2100
2209
2191
2169
2136
2163
2210
2120
2101
2122
2121
2134
2081
2173
2119
2220
2120
2209
2111
2267
2159
2188
2099
2219
2149
2097
2201
2203
2068
2098
2106
2181
2145
2077
2124
2184
2164
2203
2134
2052
2198
2134
2154
2159
2205
2211
2057
2219
2128
2122
2125
2201
2143
2103
2154
2183
2142
2224
2131
2143
2169
2227
2204
2119
2148
2297
2210
2095
2158
2148
2116
2098
2159
2166
2136
2141
2138
2174
2145
2212
2199
2093
2084
2132
2163
2141
2111
2097
2177
2186
2129
2142
2143
2108
2167
2209
2071
2170
2103
2216
2146
2145
2230
2131
2112
2105
2203
2131
2168
2180
2138
2222
2114
2086
2115
2149
2094
2221
2152
2107
2091
2124
2186
2160
2101
2147
2170
2133
2188
2190
2166
2193
2088
2196
2195
2214
2092
2104
2153
2217
2107
2196
2171
2135
2160
2055
2193
2166
2105
2104
2145
2176
2182
2155
2115
2193
2187
2147
2173
2139
2101
2166
2175
2197
2155
2138
2111
2127
2162
2040
2116
2162
2161
2139
2154
2088
2100
2142
2137
2107
2209
2185
2193
2120
2135
2142
2197
2174
2116
2146
2175
2210
2120
2149
2195
2083
2187
2241
2194
2126
2248
2201
2181
2173
2152
2186
2188
2132
2228
2201
2145
2191
2084
2134
2202
2185
2105
2105
2103
2155
2150
2160
2181
2180
2072
2136
2095
2157
2236
2073
2112
2195
2053
2162
2100
2129
2176
2104
2156
2144
2122
2179
2176
2171
2130
2245
2129
2089
2080
2136
2168
2188
2135
2213
2124
2101
2170
2119
2051
2113
2121
2103
2119
2220
2077
2086
2104
2112
2172
2039
2071
2118
2113
2140
2082
2124
2099
2131
2163
2085
2047
2136
2051
2082
2067
2144
2058
2128
2051
2040
2124
2140
2063
2035
2072
2065
2000
2103
2050
2022
2060
2018
1978
2004
2001
1958
1983
1942
1922
1905
1897
2008
1853
1830
1763
1768
1778
1637
1698
1565
1575
1563
1552
1499
1435
1394
1419
1458
1429
1411
1399
1468
1520
1557
1544
1624
1567
1482
1490
1459
1489
1492
1424
1375
1489
1475
1522
1469
1507
1469
1542
1613
1672
1720
1771
1791
1816
1792
1885
1879
1907
1967
1962
1941
2034
2039
1995
1989
2051
2047
1952
1994
2094
2072
2116
2099
2102
2135
2013
2161
2058
2053
2137
2122
1981
2083
2136
2164
2088
2100
2088
2088
2079
2160
2095
2116
2180
2068
2168
2158
2107
2113
2124
2043
2063
2175
2159
2121
2071
2225
2106
2177
2120
2109
2089
2199
2073
2075
2151
2095
2141
2166
2087
2088
2063
2132
2185
2131
2142
2110
2153
2152
2098
2118
2175
2121
2160
2210
2146
2139
2073
2122
2177
2134
2153
2090
2135
2177
2087
2195
2135
2084
2189
2111
2131
2170
2167
2148
2185
2107
2101
2116
2143
2212
2176
2182
2132
2100
2147
2168
2214
2061
2247
2202
2105
2156
2076
2142
2100
2064
2211
2104
2204
2210
2181
2134
2182
2210
2073
2161
2117
2167
2170
2202
2157
2216
2142
2187
2111
2160
2254
2173
2107
2148
2075
2155
2171
2217
2233
2073
2139
2175
2102
2143
2172
2103
2080
2177
2125
2071
2107
2085
2134
2135
2143
2196
2076
2148
2140
2086
2158
2206
2199
2135
2212
2148
2142
2101
2095
2101
2137
2091
2311
2155
2120
2176
2177
2145
2116
2139
2262
2187
2094
2096
2039
2119
2119
2229
2212
2106
2097
2234
2148
2191
2194
2212
2204
2131
2205
2120
2133
2160
2132
2059
2170
2098
2134
2114
2123
2189
2160
2223
2131
2123
