2130
2116
2130
2129
2148
2150
2184
2167
2226
2108
2220
2149
2166
2080
2192
2218
2140
2132
2218
2170
2158
2203
2188
2170
2105
2043
2155
2188
2065
2130
2106
2189
2182
2171
2111
2180
2167
2124
2073
2150
2204
2070
2165
2167
2159
2214
2184
2198
2300
2172
2222
2050
2122
2172
2180
2140
2211
2228
2123
2120
2105
2161
2165
2128
2160
2136
2162
2090
2194
2145
2145
2095
2151
2088
2205
2218
2189
2163
2222
2168
2084
2176
2176
2126
2201
2225
2199
2190
2098
2219
2174
2192
2160
2156
2116
2144
2218
2214
2143
2212
2236
2146
2202
2077
2198
2121
2234
2149
2187
2183
2183
2187
2170
2095
2138
2140
2161
2169
2165
2126
2105
2108
2245
2133
2179
2155
2109
2084
2161
2198
2181
2188
2126
2149
2189
2200
2203
2076
2154
2123
2065
2117
2178
2134
2181
2165
2119
2222
2118
2157
2170
2158
2068
2137
2148
2090
2109
2118
2232
2155
2160
2143
2122
2199
2125
2169
2113
2133
2173
2133
2245
2147
2175
2182
2177
2107
2152
2055
2135
2118
2174
2246
2166
2113
2125
2181
2123
2121
2155
2081
2153
2168
2182
2035
2120
2079
2064
2124
2161
2137
2081
2096
2189
2095
2118
2178
2071
2047
2079
2092
2058
2090
2056
2076
2045
2069
2101
2031
1992
1884
1990
1987
1971
1931
1968
1821
1834
1809
1848
1780
1742
1615
1622
1588
1597
1403
1467
1467
1504
1448
1441
1465
1398
1419
1486
1501
1521
1563
1549
1528
1510
1481
1461
1418
1459
1452
1483
1490
1430
1551
1458
1544
1538
1618
1650
1704
1714
1708
1767
1859
1854
1834
2013
1892
1956
1951
1977
2080
1989
2070
2042
2055
2109
2126
2037
2037
2147
2046
2104
2009
2143
2084
2197
2074
2151
2080
2138
2147
2119
2135
2091
2124
2153
2157
2170
2134
2153
2198
2126
2141
2150
2038
2095
2116
2154
2082
2157
2076
2196
2110
2152
2124
2133
2224
2139
2150
2159
2142
2141
2130
2149
2167
2130
2179
2182
2171
2203
2174
2177
2152
2051
2123
2195
2077
2163
2125
2177
2110
2179
2111
2184
2250
2134
2172
2105
2144
2202
2148
2206
2198
2113
2169
2178
2160
2171
2134
2219
2137
2164
2189
2081
2091
2219
2221
2105
2196
2244
2271
2119
2127
2108
2231
2230
2148
2163
2071
2114
2148
2149
2174
2163
2152
2104
2223
2191
2189
2138
2215
2123
2136
2138
2115
2148
2202
2203
2176
2133
2099
2135
2128
2173
2154
2169
2254
2116
2133
2236
2160
2105
2172
2122
2169
2180
2084
2197
2226
2234
2229
2185
2177
2084
2146
2128
2142
2229
2171
2106
2191
2134
2124
2142
2148
2181
2172
2178
2074
2148
2263
2162
2139
2125
2118
2140
2262
2172
2135
2144
2177
2188
2112
2069
2163
2114
2187
2117
2212
2167
2208
2113
2218
2165
2206
2171
2180
2182
2150
2206
2127
2190
2117
2271
2245
2211
2205
2134
2158
2135
2181
2103
2155
2164
2120
2150
2145
2220
2064
2227
2246
2120
2110
2207
2150
2206
2187
2203
2132
2123
2185
2119
2073
2191
2173
2141
2100
2157
2103
2155
2191
2194
2198
2223
2128
2125
2140
2197
2282
2158
2134
2160
2083
2103
2073
2183
2143
2138
2132
2145
2128
2099
2178
2207
2236
2190
2208
2198
2167
2108
2112
2129
2162
2181
2137
2139
2140
2084
2222
2203
2214
2158
2131
2154
2194
2143
2180
2160
2191
2136
2151
2226
2148
2120
2135
2151
2195
2212
2135
2186
2165
2123
2115
2246
2126
2132
2169
2102
2140
2189
2110
2202
2126
2143
2140
2196
2188
2088
2259
2198
2131
2183
2141
2142
2137
2133
2138
2159
2211
2173
2140
2195
2189
2193
2124
2176
2062
2150
2156
2155
2075
2089
2124
2132
2132
2169
2189
2063
2171
2156
2190
2140
2225
2096
2042
2162
2112
2139
2115
2177
2175
2074
2197
2140
2208
2176
2187
2162
2205
2110
2101
2049
2166
2181
2092
2152
2121
2206
2175
2151
2151
2226
2166
2115
2142
2063
2236
2174
2122
2172
2109
2179
2124
2156
2210
2194
2155
2229
2207
2194
2081
2159
2246
2072
2108
2141
2093
2146
2159
2125
2155
2142
2152
2108
2156
2170
2218
2059
2152
2135
2129
2136
2115
2177
2155
2161
2148
2192
2153
2107
2118
2196
2119
2196
2127
2163
2134
2154
2141
2107
2185
2100
2104
2160
2069
2124
2133
2163
2103
2148
2112
1991
2180
2070
2133
2138
2083
2095
2072
2060
2044
2137
2141
2068
2067
2073
2119
2024
2050
2075
1958
2014
1880
1887
1922
1835
1841
1826
1712
1679
1661
1571
1589
1521
1514
1464
1511
1431
1432
1395
1478
1397
1419
1488
1478
1443
1543
1538
1444
1523
1549
1517
1423
1424
1415
1465
1449
1492
1479
1517
1595
1549
1561
1536
1600
1735
1759
1782
1918
1927
1894
1882
2001
2014
1967
1993
1935
2022
2030
2105
2054
2073
1935
2034
2032
2089
2048
2018
2177
2169
2090
2021
2148
2112
2079
2131
2114
2109
2118
2155
2094
2086
2192
2171
2126
2097
2164
2125
2140
2062
2134
2123
2116
2076
2119
2121
2118
2137
2081
2157
2186
2084
2150
2059
2162
2182
2116
2093
2187
2175
2134
2079
2102
2144
2198
2115
2218
2098
2127
2116
2171
2100
2140
2171
2077
2079
2194
2128
2136
2140
2186
2201
2139
2091
2179
2169
2115
2085
2104
2133
2161
2149
2211
2193
2123
2181
2143
2200
2173
2183
2105
2074
2227
2139
2140
2295
2187
2164
2121
2154
2159
2144
2193
2193
2221
2208
2186
2159
2164
2201
2136
2185
2128
2174
2147
2154
2180
2202
2121
2154
2123
2173
2186
2168
2130
2126
2124
2241
2193
2163
2181
2179
2077
2133
2160
2176
2139
2185
2190
2125
2243
2104
2121
2210
2081
2172
2209
2213
2144
2209
2172
2206
2220
2162
2175
2203
2204
2292
2261
2090
2170
2130
2186
2188
2148
2129
2113
2181
2154
2110
2266
2144
2220
2164
2129
2171
2209
2180
2144
2137
2155
2135
2215
2129
2167
2150
2179
2119
2152
2146
2132
2124
2248
2153
2099
2176
2197
2139
2122
2116
2157
2120
2193
2079
2155
2129
2121
2152
2090
2136
2158
2171
2161
2135
2286
2100
