2208
2196
2141
2240
2255
2150
2081
2190
2220
2092
2131
2075
2137
2183
2119
2147
2134
2111
2086
2141
2190
2176
2192
2136
2062
2098
2124
2226
2119
2217
2188
2148
2155
2125
2114
2153
2123
2175
2105
2116
2112
2170
2198
2174
2121
2153
2191
2192
2102
2182
2229
2113
2145
2178
2133
2216
2181
2145
2162
2067
2180
2159
2105
2176
2111
2258
2226
2136
2158
2171
2107
2152
2185
2195
2134
2112
2187
2159
2129
2172
2096
2120
2038
2168
2124
2230
2115
2097
2165
2190
2160
2117
2075
2175
2241
2194
2091
2093
2175
2071
2161
2092
2121
2111
2157
2073
2168
2124
2089
2162
2051
2202
2214
2062
2170
2121
2153
2172
2183
2127
2130
2102
2043
2070
2169
2119
2138
2158
2152
2184
2154
2158
2181
2201
2128
2145
2230
2205
2108
2180
2128
2096
2148
2195
2150
2059
2154
2076
2131
2093
2197
2078
2162
2205
2184
2155
2115
2115
2061
2141
2211
2166
2130
2132
2224
2118
2118
2164
2154
2155
2171
2123
2089
2210
2140
2118
2213
2228
2106
2134
2176
2135
2254
2134
2167
2163
2190
2060
2191
2088
2121
2024
2153
2136
2178
2131
2147
2164
2136
2177
1985
2157
2081
2067
2184
2088
2066
2152
2081
2067
2035
1993
2067
2066
1988
2077
2019
2080
2104
2056
1992
2044
1971
1952
1842
1837
1855
1811
1667
1704
1670
1700
1668
1582
1551
1550
1531
1383
1455
1452
1440
1439
1400
1521
1451
1458
1540
1542
1580
1485
1529
1449
1431
1436
1412
1407
1513
1442
1465
1515
1560
1506
1599
1627
1649
1695
1711
1657
1785
1889
1927
1938
1869
1930
1986
2030
1944
2011
1992
2094
1971
2100
2102
2044
2062
2071
1997
2028
2200
2058
2101
2048
2117
2167
2062
2124
2059
2146
2128
2099
2113
2078
2146
2070
2085
2188
2061
2078
2090
2085
2149
2034
2146
2102
2084
2156
2136
2073
2161
2177
2126
2144
2142
2229
2147
2167
2156
2070
2048
2097
2139
2133
2124
2254
2152
2136
2151
2064
2126
2185
2174
2141
2170
2115
2229
2105
2129
2146
2177
2137
2141
2183
2135
2086
2168
2161
2192
2177
2008
2164
2102
2169
2161
2048
2075
2136
2164
2129
2191
2162
2181
2231
2148
2118
2118
2189
2200
2125
2210
2138
2153
2157
2076
2184
2167
2149
2121
2075
2167
2190
2147
2167
2181
2191
2210
2159
2103
2132
2112
2210
2115
2118
2091
2146
2208
2075
2128
2169
2122
2188
2225
2116
2116
2210
2253
2101
2141
2203
2208
2106
2131
2134
2203
2181
2064
2092
2179
2182
2064
2162
2164
2198
2188
2174
2090
2082
2123
2177
2178
2180
2118
2140
2147
2123
2163
2169
2226
2087
2164
2160
2128
2102
2186
2159
2104
2124
2127
2146
2179
2116
2114
2141
2177
2042
2181
2166
2121
2039
2155
2191
2160
2160
2200
2151
2217
2151
2005
2118
2219
2103
2105
2101
2126
2207
2229
2214
2166
2097
2140
2149
2178
2162
2185
2208
2163
2103
2096
2235
2145
2153
2158
2137
2166
2153
2112
2162
2214
2219
2145
2124
2162
2179
2118
2148
2147
2158
2135
2192
2158
2110
2138
2130
2169
2082
2151
2153
2179
2148
2237
2178
2112
2105
2054
2191
2202
2181
2179
2157
2251
2153
2106
2111
2151
2188
2178
2146
2177
2107
2084
2188
2107
2236
2155
2119
2120
2137
2164
2152
2134
2182
2180
2147
2187
2160
2160
2084
2153
2221
2046
2136
2152
2106
2156
2147
2114
2163
2226
2175
2184
2184
2253
2073
2166
2168
2150
2157
2149
2144
2163
2174
2134
2143
2217
2134
2144
2123
2174
2179
2129
2115
2156
2158
2143
2105
2137
2073
2131
2145
2150
2117
2192
2065
2155
2178
2151
2137
2184
2151
2119
2196
2212
2223
2157
2144
2155
2143
2152
2064
2239
2256
2139
2113
2133
2097
2174
2150
2206
2076
2170
2172
2173
2121
2081
2086
2092
2197
2136
2135
2142
2237
2119
2164
2209
2239
2145
2152
2244
2097
2101
2099
2113
2085
2258
2113
1965
2169
2075
2123
2079
2121
2100
2085
2150
2148
2103
2211
2090
2038
2094
2107
2210
2190
2165
2105
2054
2171
2171
2128
2095
2147
2170
2109
2112
2207
2128
2128
2067
2120
2150
2140
2113
2031
2171
2130
2055
2162
2137
2128
2122
2118
2173
2139
2086
2183
2140
2145
2145
2211
2129
2155
2110
2169
2109
2168
2156
2139
2066
2140
2042
2116
2082
2048
2024
2032
2062
2036
2022
2051
2054
2119
1944
2123
2117
2019
1978
2042
1891
1954
1939
1944
1866
1934
1880
1816
1770
1710
1648
1662
1693
1590
1516
1504
1491
1478
1425
1438
1446
1422
1487
1434
1437
1443
1553
1524
1556
1552
1422
1518
1483
1496
1428
1395
1413
1330
1531
1480
1495
1538
1497
1638
1757
1527
1636
1711
1781
1814
1856
1898
1922
1899
2017
2036
2011
2006
2007
2014
2031
2037
2071
2074
2086
2089
2064
2085
2036
2134
2078
2030
1989
2159
2094
2108
2146
2103
2096
2091
2087
2117
2100
2116
2135
2171
2140
2115
2091
2176
2105
2097
2078
2109
2206
2205
2117
2070
2091
2089
2099
2079
2157
2122
2121
2095
2095
2135
2142
2119
2130
2158
2119
2166
2005
2090
2178
2199
2073
2167
2147
2130
2173
2209
2075
2114
2200
2141
2183
2121
2097
2047
2177
2085
2126
2118
2213
2189
2146
2091
2178
2152
2087
2097
2109
2103
2111
2181
2180
2134
2120
2070
2195
2062
2166
2095
2183
2169
2179
2080
2101
2123
2178
2094
2091
2171
2167
2147
2105
2118
2144
2155
2156
2147
2120
2183
2132
2121
2152
2151
2140
2069
2216
2141
2088
2144
2206
2104
2128
2101
2150
2107
2162
2091
2158
2184
2169
2084
2191
2063
2153
2102
2206
2172
2177
2161
2171
2158
2209
2105
2155
2152
2256
2179
2185
2136
2133
2138
2242
2094
2142
2149
2080
2181
2159
2163
2139
2115
2114
2104
2136
2242
2160
2011
2230
2139
2054
2016
2212
2131
2042
2128
2183
2064
2095
2120
2166
2157
2147
2153
2217
2113
2199
2150
2226
2204
2166
2120
2090
2107
2163
2125
2101
2131
2194
2164
2112
2170
2116
2213
2195
2126
2153
2151
2081
2174
2208
