2150
2127
2128
2167
2178
2070
2097
2130
2124
2058
2037
2095
2081
2133
2164
2166
2124
2126
2129
2105
2114
2059
2119
2082
2057
2067
2180
2062
2244
2197
2147
2044
2112
2127
2133
2159
2097
2151
2171
2194
2096
2203
2171
2144
2164
2090
2092
2141
2140
2157
2113
2128
2203
2138
2168
2087
2126
2128
2117
2074
2175
2189
2140
2132
2094
2233
2127
2038
2158
2095
2133
2160
2095
2116
2202
2076
2114
2145
2055
2135
2165
2177
2075
2081
2129
2207
2098
2204
2044
2186
2075
2099
2084
2187
2120
2175
2075
2171
2119
2158
2049
2132
2096
2093
2077
2098
2106
2184
2130
2149
2156
2122
2175
2121
2116
2116
2122
2157
2120
2167
2179
2166
2115
2104
2173
2151
2076
2141
2170
2147
2189
2051
2182
2188
2056
2019
2120
2146
2167
2129
2103
2144
2043
2136
2088
2075
2103
2085
2118
2097
2123
2155
2079
2104
2120
2155
2073
2094
2040
2003
2001
2073
2095
2143
2029
2104
2134
2182
2115
2046
2070
2069
2051
2093
2160
2127
2081
2173
2086
2054
2092
2170
2104
2098
2132
2128
2104
2041
2151
2106
2037
2125
2090
2121
2093
2145
2076
2131
2070
2070
2044
2034
2088
2157
2038
2008
2000
2066
2047
2045
2002
2068
2020
2001
2024
1993
1990
2005
1937
2004
2047
1964
1892
1921
1892
1833
1867
1821
1737
1804
1737
1576
1564
1502
1569
1530
1472
1497
1404
1431
1425
1423
1389
1495
1454
1485
1462
1492
1526
1523
1491
1434
1441
1407
1479
1410
1409
1395
1455
1428
1462
1511
1514
1546
1698
1647
1684
1709
1742
1816
1852
1872
1952
1865
1925
1986
1927
2054
2064
2008
2043
1973
2069
2106
1982
2075
2061
2086
2090
2121
2071
2056
2135
2090
2064
2069
2076
2070
2096
2098
2100
2033
2101
2085
2062
2094
2075
2130
2108
2100
2093
2207
2102
2071
2097
2152
2060
2117
2069
2128
2095
2105
2114
2061
2157
2055
2048
2115
2111
2086
2141
2167
2069
2158
2119
2090
2180
2140
2105
2111
2138
2170
2079
2020
2107
2219
2133
2120
2099
2106
2058
2131
2138
2133
2151
2120
2081
2110
2127
2154
2104
2129
2170
2144
2099
2087
2137
2173
2103
2152
2103
2113
2118
2093
2102
2185
2108
2191
2064
2133
2068
2082
2144
2180
2039
2132
2083
2119
2054
2252
2053
2004
2162
2170
2137
2193
2097
2125
2071
2206
2132
2098
2014
2078
2150
2204
2088
2147
2120
2185
2233
2041
2184
2070
2186
2078
2046
2158
2088
2198
2195
2166
2116
2092
2047
2085
2114
2138
2145
2177
2052
2141
2098
2088
2216
2127
2171
2167
2098
2143
2084
2054
2143
2064
2173
2149
2138
2094
2143
2068
2231
2159
2156
2156
2119
2154
2105
2141
2101
2142
2153
2099
2186
2173
2181
2029
2168
2144
2214
2066
2153
2139
2190
2071
2153
2157
2153
2053
2172
2113
2041
2139
2130
2170
2133
2097
2168
2148
2165
2132
2123
2089
2131
2084
2112
2157
2099
2211
2094
2083
2169
2180
2052
2149
2113
2153
2096
2101
2158
2138
2162
2148
2046
2166
2200
2120
2114
2072
2032
2190
2112
2113
2044
2093
2168
2126
2181
2087
2100
2066
2147
2193
2021
2130
2254
2134
2142
2144
2103
2114
2047
2071
2087
2130
2188
2013
2146
2132
2117
2054
2154
2071
2177
2158
2128
2148
2080
2164
2070
2113
2146
2113
2082
2133
2132
2112
2134
2121
2152
2127
2156
2103
2127
2132
2145
2108
2119
2039
2036
2138
2142
2142
2175
2118
2157
2122
2101
2089
2163
2135
2132
2089
2172
2095
2108
2132
2141
2048
2155
2063
2077
2082
2170
2171
2101
2113
2181
2079
2055
2093
2156
2148
2024
2152
2059
2062
2101
2164
2126
2091
2124
2097
2099
2061
2080
2104
2078
2126
2142
2132
2124
2070
2154
2063
2070
2133
2096
2119
2063
2122
2136
2066
2076
2149
2120
2097
2095
2006
2023
2105
2139
2146
2084
2014
2080
2055
2078
2097
2088
2182
2153
2134
2015
2063
2062
2093
2110
2119
1977
2119
2140
2137
2059
2257
1994
2039
2085
2146
2072
2085
2091
2074
2163
2066
2107
2090
2161
2127
2129
2007
2091
2076
2118
2112
2093
2106
2213
2051
2140
2151
2142
2043
2135
2150
2141
2057
2112
2079
2068
2110
2012
2125
2144
2108
2034
2151
2151
2076
2079
2127
2084
2035
2017
2058
2100
2128
2044
1987
2042
2005
2074
2027
2013
2033
2069
1980
2009
1996
2058
1997
2063
1965
2038
1927
2070
2015
2015
1991
1939
1920
1958
1859
1839
1807
1816
1722
1693
1576
1595
1589
1543
1452
1439
1540
1422
1444
1431
1449
1423
1394
1437
1411
1495
1506
1472
1527
1427
1450
1477
1448
1447
1377
1475
1415
1379
1386
1486
1510
1547
1560
1664
1589
1676
1680
1773
1756
1834
1867
1984
1855
1890
1899
1991
2049
2061
2054
2049
2047
2060
2082
1988
2005
2103
2057
1984
2031
2151
2089
2035
2075
2183
2025
2060
2007
2075
2021
2141
2182
2026
2064
2089
2114
2051
2054
2029
2097
2057
2185
2090
2088
2029
2119
2042
2097
2184
2158
2140
2226
2120
2098
2046
2016
2154
2089
2143
2147
2122
2075
2089
2181
2055
2043
2103
2124
2124
2109
2152
2105
2091
2094
2135
2207
2110
2041
2160
2104
2075
2110
2150
2161
1990
2104
2096
2093
2026
2049
2158
2176
2102
2176
2046
2132
2070
2114
2125
2086
2118
2118
2224
2102
2121
2121
2161
2058
2064
2097
2161
2122
2147
2137
2094
2113
2074
2176
2184
2083
2112
2172
2016
2073
2141
2061
2147
2117
2074
2102
2206
2044
2126
2008
2154
2123
2158
2090
2095
2146
2054
2100
2127
2135
2121
2135
2157
2148
2095
2124
2177
2129
2109
2111
2202
2035
2032
2081
2133
2090
2028
2139
2129
2077
2093
2037
2121
2181
2169
2196
2122
2068
2147
2072
2149
2108
2085
2117
2133
2165
2149
2074
2110
2054
2185
2087
2047
2099
2105
2122
2123
2182
2063
2082
2070
2160
2207
2051
2059
2154
2133
2142
2129
2164
2118
2158
2113
2138
2147
2095
2121
2074
2159
2105
2050
2070
2113
2105
2084
2073
2156
2225
2161
2164
2077
2170
2072
