2132
2130
2191
2091
2116
2117
2144
2116
2095
2140
2130
2098
2025
2082
2151
2064
2136
2080
2123
2137
2073
2124
2062
2126
2116
2146
2085
2142
2065
2160
2118
2095
2178
2235
2141
2089
2083
2093
2105
2122
2101
2063
2080
2201
2157
2112
2134
2061
2012
2048
2086
2203
2142
2154
2138
2118
2090
2193
2062
2209
2126
2175
2057
2054
2121
2094
2036
2151
2060
2139
2073
2133
2113
2056
2127
2118
2085
2154
2149
2178
2127
2093
2083
2125
2123
2108
2061
2149
2036
2143
2157
2164
2088
2232
2110
2148
2098
2139
2106
2116
2105
2084
2162
2145
2196
2012
2031
2155
2028
2056
2115
2026
2178
2115
2125
2119
2156
2043
2105
2175
2081
2128
2212
2110
2052
2089
2129
2125
2151
2058
2179
2032
2130
2121
2114
2166
2215
2135
2095
2079
2111
2125
2075
2074
2153
2106
2107
2150
2110
2099
2054
2148
2149
1988
2175
2107
2091
2058
2128
2067
2117
2139
2084
2076
2070
2054
2114
2114
2083
2012
2138
2098
2165
2122
2005
2017
2085
2046
2046
2126
2168
2103
2179
2093
2177
2123
2159
2141
2116
2177
2091
2035
2078
2126
2070
2245
2109
2066
2085
2029
2103
2114
2039
2107
2021
2043
1984
1981
2057
2116
2034
2016
1970
2067
2026
2007
2073
2079
1970
2006
1948
1965
1895
1957
1850
1832
1834
1783
1721
1751
1610
1555
1620
1575
1507
1520
1361
1418
1447
1396
1448
1390
1358
1463
1432
1448
1532
1571
1503
1477
1505
1454
1441
1393
1470
1469
1426
1435
1494
1477
1532
1431
1571
1542
1669
1655
1662
1718
1779
1862
1757
1872
1938
1884
1981
1908
2040
1945
2023
1975
1989
2093
1998
2079
1952
1999
2057
1997
1986
2118
1966
2080
2031
2141
2018
2070
2084
2115
2078
2060
2011
2099
2056
2109
2038
2070
2122
2091
2056
2091
2125
2116
2142
2039
2021
2047
2126
2128
2044
2100
2042
2066
2075
2134
2139
2127
2083
2049
2133
2094
2193
2007
2117
2182
2114
2044
2106
2156
2104
2080
2063
2038
2043
2159
2196
2109
2087
2086
2140
2089
2092
2175
2175
2108
2143
2101
2080
2070
2143
2174
2069
2110
2109
2165
2132
2158
2108
2168
2043
2151
2062
2135
2139
2150
2112
2137
2143
2126
2150
2118
2089
2064
2166
2111
2123
2108
2103
2149
2104
2057
2153
2061
2102
2168
2084
2076
2178
2094
2117
2110
2090
2035
2158
2083
2130
2159
2052
2047
2096
2126
2127
2086
2085
2077
2143
2195
2114
2128
2134
2137
2013
2063
2167
2209
2138
2202
2093
2179
2161
2123
2181
2089
2182
2078
2090
2111
2052
2144
2164
2056
2103
2114
2120
2137
2152
2049
2154
2129
2188
2163
2070
2096
2119
2109
2163
2100
2133
2089
2182
2092
2093
2029
2177
2052
2095
2120
2155
2120
2102
2166
2116
2099
2144
2148
2116
2070
2119
2089
2067
2128
2134
2111
2190
2083
2129
2162
2112
2118
2117
2026
2056
2087
2138
2118
2108
2133
2100
2161
2124
2043
2110
2191
2122
2116
2080
2017
2103
2102
2190
2149
2064
2110
2076
2129
2153
2018
2127
2086
2095
2169
1980
2142
2048
2049
2034
2166
2063
2097
2112
2148
2123
2158
2024
2020
2153
2078
2159
2186
2053
2118
2081
2133
2178
2103
2188
2147
2013
2101
2129
2121
2107
2193
2221
2066
2016
2100
2145
2093
2133
2112
2130
2111
2057
2089
2112
2076
2031
2122
2116
2164
2173
2100
2126
2147
2078
2149
2102
2141
2077
2173
2127
2068
2114
2217
2148
2089
2181
2105
2125
2099
2148
2194
2168
2126
2131
2101
2153
2080
2178
2143
2131
2089
2117
2121
2007
2104
2155
2090
2101
2128
2057
2097
2066
2103
2203
2153
2101
2056
2147
2122
2043
2050
2111
2092
2147
2127
2129
2114
2129
2176
2155
2095
2124
2146
2073
2112
2090
2156
2053
2092
2179
2113
2096
2058
2076
2135
2147
2066
2120
2135
2172
2114
2080
2166
2174
2109
2144
2130
2114
2058
2130
2119
2179
2101
2074
2117
2086
2064
2076
2131
2142
2053
2066
2063
2143
2058
2067
2114
2190
2132
2068
2208
2170
2078
2120
2081
2083
2063
2099
2153
2053
2147
2078
2084
2093
2052
2142
2072
2141
2061
1993
2122
2117
2088
2088
2102
1996
2104
2056
2123
2085
2113
2003
2065
2058
2019
2019
2152
2173
2042
2108
2123
2070
2036
2156
2010
2003
2156
2019
2084
2022
1968
2135
2087
2009
1958
2076
2065
2053
2006
1928
1970
2015
2048
1988
2009
1900
1936
1921
1903
1874
1843
1784
1813
1745
1692
1672
1636
1589
1543
1524
1459
1407
1512
1436
1387
1433
1366
1407
1377
1494
1469
1495
1493
1474
1501
1460
1448
1428
1435
1437
1437
1432
1394
1498
1472
1426
1449
1508
1562
1636
1619
1696
1750
1717
1801
1836
1875
1872
1823
1877
1914
1991
1962
1969
2040
1980
1966
2086
2054
1969
1965
2045
2145
2050
2021
2131
2079
2001
2066
2135
2019
2038
2116
2033
2105
2105
2104
2114
2139
2133
1968
2067
2051
2056
2108
2101
2136
2002
2112
2049
2077
2137
2135
2133
2099
2053
2095
2169
2160
2061
2085
2105
2089
2118
2038
2174
2113
2068
2039
2094
2146
2069
2203
2029
2052
2118
2031
2055
2065
2081
2090
2114
2148
2090
2123
2060
2110
2096
2088
2046
2104
2087
2140
2173
2089
2072
2087
2070
2057
2126
2108
2134
2156
2126
2064
2101
2225
2057
2141
2076
2050
2116
2017
2120
2181
2113
2095
2044
2094
2172
2183
2147
2210
2123
2072
2144
2129
2080
2095
2133
2123
2105
2110
2081
2135
2083
2083
2173
2123
2059
2182
2062
2096
2105
2097
2130
2180
2146
2086
2167
2136
2139
2065
2014
2085
2184
2058
2117
2065
2120
2074
2195
2132
2072
2087
2134
2107
2056
2090
2155
2125
2084
2136
2118
2158
2087
2052
2099
2076
2143
2162
2147
2116
2147
2142
2131
2096
2163
2061
2151
2078
2105
2099
2131
2111
2071
2158
2127
2099
2106
2113
2111
2157
2097
2065
2084
2110
2214
2115
2118
2109
2220
2250
2123
2117
2111
2071
2095
2064
2145
2026
2156
2043
2122
2089
2131
2186
2100
2080
2167
2173
2178
