2604
2593
2584
2665
2577
2550
2593
2605
2524
2561
2604
2643
2532
2615
2602
2533
2544
2577
2543
2631
2533
2517
2558
2647
2587
2605
2656
2529
2522
2557
2589
2563
2669
2628
2559
2568
2516
2652
2597
2588
2651
2613
2584
2553
2541
2711
2505
2421
2572
2532
2624
2568
2501
2650
2463
2510
2498
2505
2615
2461
2476
2468
2380
2385
2403
2201
2264
2171
2130
2011
2067
2087
1999
1923
1954
1923
1960
1994
1922
1947
2025
2007
1898
1953
1927
1952
1927
1919
2005
2015
2131
2022
2044
2092
2055
2123
2076
2106
2193
2178
2177
2164
2187
2191
2304
2428
2267
2399
2315
2452
2297
2404
2399
2399
2393
2417
2522
2505
2472
2456
2438
2426
2555
2508
2531
2454
2587
2402
2533
2460
2544
2483
2474
2407
2560
2384
2376
2421
2364
2241
2321
2199
2131
2123
2098
2063
2039
1942
1947
1939
1971
1991
1917
1991
1958
1984
1969
1974
2048
2077
2131
2065
2073
2231
2238
2282
2299
2283
2304
2307
2371
2390
2411
2393
2363
2391
2454
2416
2486
2594
2486
2413
2530
2506
2505
2500
2490
2562
2507
2540
2513
2513
2504
2601
2530
2546
2475
2570
2456
2502
2550
2501
2484
2577
2543
2546
2434
2433
2402
2332
2418
2340
2347
2270
2227
2173
2181
2152
2050
2106
2112
2045
2119
2193
2178
2131
2134
2339
2247
2403
2321
2376
2423
2406
2461
2501
2463
2436
2482
2492
2480
2469
2534
2498
2488
2555
2543
2557
2546
2538
2559
2529
2619
2518
2494
2503
2461
2464
2483
2388
2512
2364
2431
2341
2303
2263
2229
2224
2136
2121
2126
2113
2071
2035
2136
2037
2084
2139
2181
2174
2359
2274
2361
2398
2409
2590
2448
2464
2561
2509
2472
2609
2451
2589
2531
2555
2524
2629
2593
2624
2612
2550
2548
2515
2572
2524
2534
2546
2501
2538
2380
2498
2500
2508
2421
2498
2443
2548
2496
2514
2506
2480
2294
2351
2316
2366
2426
2352
2247
2210
2254
2192
2090
2121
2049
2066
2115
2065
2037
1955
1898
1982
1914
1957
2046
1942
1976
1994
2048
2071
2136
2157
2215
2250
2254
2307
2308
2314
2403
2435
2518
2514
2455
2535
2523
2563
2479
2580
2456
2504
2441
2502
2540
2480
2508
2381
2487
2414
2580
2490
2471
2414
2508
2423
2385
2387
2410
2435
2410
2371
2255
2318
2266
2302
2224
2186
2257
2152
2105
2198
2132
2053
2039
2014
2009
2018
1900
1933
1861
1925
1922
1915
1893
1923
1890
1905
1946
1956
1975
2012
1993
2006
2126
2058
2065
2176
2137
2233
2343
2286
2317
2450
2414
2464
2449
2438
2516
2527
2492
2573
2547
2597
2558
2432
2473
2460
2590
2556
2621
2556
2640
2528
2597
2548
2540
2588
2627
2562
2515
2636
2463
2559
2544
2619
2591
2591
2582
2485
2561
2565
2532
2644
2651
2676
2598
2471
2583
2633
2590
2571
2544
2614
2481
2570
2602
2544
2556
2552
2641
2432
2586
2524
2740
2648
2630
2641
2542
2667
2586
2568
2641
2553
2567
2543
2507
2599
2559
2583
2591
2592
2546
2444
2568
2578
2564
2594
2608
2575
2571
2506
2503
2576
2589
2621
2681
2564
2519
2533
2669
2658
2619
2637
2582
2486
2520
2544
2547
2542
2572
2667
2537
2686
2585
2617
2531
2623
2592
2642
2529
2592
2690
2548
2590
2494
2606
2609
2573
2532
2556
2562
2582
2566
2630
2543
2542
2585
2454
2606
2651
2503
2508
2600
2604
2527
2506
2469
2542
2528
2445
2453
2484
2527
2474
2602
2469
2540
2579
2462
2449
2412
2435
2452
2360
2384
2314
2261
2184
2161
2029
1998
2021
2039
2004
1901
1918
1882
1941
1908
1920
1891
1887
1885
1903
1894
1908
1980
1912
2028
2026
2058
2098
2106
2031
2086
2154
2082
2160
2166
2238
2257
2278
2287
2290
2433
2366
2382
2354
2426
2401
2483
2460
2393
2402
2445
2509
2447
2438
2498
2492
2509
2424
2525
2397
2458
2520
2470
2522
2561
2465
2440
2483
2548
2450
2484
2397
2308
2351
2287
2176
2235
2224
2114
2097
2092
2086
2059
1919
2029
1903
1950
1863
1985
1920
2037
2001
2078
2075
2117
2101
2176
2190
2288
2206
2259
2316
2357
2364
2358
2444
2437
2432
2487
2368
2417
2370
2521
2389
2474
2533
2525
2551
2545
2479
2489
2534
2519
2489
2539
2530
2517
2486
2492
2539
2589
2530
2572
2540
2613
2537
2562
2525
2505
2529
2503
2384
2434
2348
2335
2301
2354
2339
2289
2263
2238
2116
2156
2069
2075
1925
2151
2121
2062
2176
2181
2238
2237
2296
2317
2346
2433
2361
2431
2364
2434
2456
2477
2469
2474
2509
2467
2546
2458
2498
2457
2549
2430
2556
2499
2538
2537
2498
2491
2575
2554
2396
2473
2474
2442
2369
2386
2301
2332
2336
2286
2261
2177
2166
2179
2096
2054
2052
2067
2042
2153
2084
2167
2140
2213
2213
2234
2378
2404
2445
2342
2428
2376
2569
2474
2474
2446
2469
2463
2510
2507
2476
2526
2544
2507
2594
2464
2442
2507
2593
2618
2498
2546
2526
2506
2496
2498
2552
2473
2502
2445
2419
2435
2417
2549
2425
2481
2293
2323
2443
2374
2217
2329
2236
2188
2159
2093
2182
2120
2096
1969
2004
2002
2045
1987
1995
1877
1961
1978
1967
1935
2019
2008
2085
2116
2052
2186
2225
2234
2298
2311
2352
2386
2394
2476
2392
2461
2523
2463
2402
2539
2428
2447
2518
2457
2439
2420
2486
2514
2522
2462
2498
2449
2477
2430
2408
2346
2391
2380
2350
2411
2322
2200
2349
2297
2234
2252
2234
2181
2203
2157
2087
2024
2126
2121
2035
2059
2057
1991
1941
1974
1921
1929
1952
1981
1867
1937
1886
1930
1939
1980
1964
1970
1947
2023
1968
1962
2011
2046
2164
2171
2198
2289
2221
2331
2340
2376
2457
2505
2410
2443
2424
2483
2509
2453
2561
2534
2586
2524
2634
2483
2559
2532
2548
2499
2475
2506
2650
2589
2566
2521
2599
2596
2560
2579
2651
2516
2522
2625
2600
2481
2575
2585
2528
2510
2572
2496
2611
2542
2563
2506
2517
2566
2533
2560
2537
2552
2541
2638
2563
2563
2543
2632
2561
2539
2476
2650
2618
2637
2635
