2112
2134
2120
2113
2084
2185
2170
2114
2142
2158
2172
2189
2109
2093
2037
2195
2157
2155
2107
2121
2037
2127
2210
2174
2073
2181
2190
2087
2106
2128
2091
2230
2054
2115
2095
2197
2115
2098
2149
2091
2151
2131
2014
2116
2103
2130
2179
2157
2202
2110
2237
2012
2100
2042
2255
2119
2085
2218
2120
2130
2175
2075
2077
2127
2200
2080
2171
2109
2123
2190
2164
2244
2204
2114
2201
2223
2138
2098
2174
2014
2077
2084
2074
2075
2080
2142
2110
2164
2224
2160
2081
2155
2166
2214
2106
2099
2238
2096
2083
2122
2129
2083
2040
2147
2106
2108
2084
2150
2090
2159
2204
2126
2069
2133
2145
2147
2172
2177
2140
2051
2179
2118
2198
2196
2161
2120
2165
2102
2153
2186
2172
2135
2099
2086
2153
2176
2072
2143
2068
2107
2181
2202
2136
2129
2007
2104
2128
2075
2112
2139
2132
2158
2193
2139
2142
2121
2127
2159
2122
2152
2069
2065
2192
2133
2072
2180
2099
2162
2099
2080
2122
2127
2105
2147
2133
2105
2111
2112
2089
2167
2090
2104
2052
2178
2134
2162
2097
2010
2093
1992
2192
2035
2035
2096
2055
2060
2095
2051
2036
2056
2192
2060
2109
2031
2125
2016
2049
2117
2039
2110
2071
2070
2056
2008
2049
1961
2008
2003
1982
1974
2005
1952
1949
1993
1907
1839
1889
1809
1749
1731
1709
1630
1542
1564
1530
1480
1463
1453
1444
1486
1419
1410
1451
1384
1470
1491
1509
1460
1530
1450
1536
1452
1482
1386
1428
1396
1388
1453
1514
1432
1466
1515
1568
1570
1613
1669
1745
1736
1715
1769
1869
1870
1937
1891
2029
2011
1942
1955
1989
1960
2032
2026
1970
2035
2027
2073
2005
2058
2036
2038
2064
2080
2106
2065
2090
2112
2125
2102
2072
2152
2073
2211
2083
2105
2060
2168
2036
2118
2181
2185
2134
2056
2093
2101
2124
2084
2149
2055
2155
2126
2065
2075
2135
2152
2062
2128
2139
2139
2115
2189
2085
2142
2144
2101
2094
2162
2131
2161
2051
2135
2087
2195
2134
2116
2181
2107
2116
2196
2113
2146
2206
2072
2145
2132
2119
2093
2115
2099
2132
2108
2124
2060
2086
2229
2133
2124
2067
2112
2154
2088
2132
2082
2109
2087
2086
2143
2089
2125
2137
2158
2171
2153
2145
2073
2147
2121
2214
2112
2134
2085
2114
2160
2095
2098
2161
2179
2157
2148
2154
2148
2158
2133
2145
2104
2107
2171
2029
2093
2148
2110
2174
2086
2082
2101
2175
2166
2220
2126
2151
2088
2142
2155
2197
2122
2143
2165
2100
2093
2151
2156
2137
2083
2144
2095
2148
2282
2063
2115
2120
2108
2152
2106
2136
2112
2120
2100
2203
2130
2141
2174
2205
2139
2159
2119
2082
2070
2055
2100
2118
2167
2143
2044
2101
2132
2088
2123
2182
2085
2067
2121
2108
2154
2165
2118
2176
2092
2070
2126
2134
2210
2199
2125
2141
2148
2158
2157
2119
2149
2169
2175
2150
2187
2159
2188
2078
2197
2098
2094
2101
2124
2084
2163
2094
2158
2074
2249
2171
2074
2183
2058
2074
2108
2159
2176
2066
2098
2084
2137
2081
2043
2172
2123
2171
2163
2061
2113
2109
2107
2141
2073
2151
2145
2174
2166
2115
2172
2111
2056
2115
2092
2098
2036
2172
2252
2198
2177
2114
2096
2191
2133
2115
2182
2106
2153
2123
2206
2210
2189
2230
2114
2097
2092
2129
2147
2073
2191
2128
2155
2206
2078
2023
2167
2156
2120
2165
2050
2160
2202
2131
2061
2096
2109
2125
2128
2241
2111
2063
2116
2168
2207
2156
2126
2151
2070
2187
2165
2173
2112
2128
2099
2107
2131
2130
2195
2078
2104
2078
2053
2159
2130
2172
2159
2199
2237
2163
2097
2039
2114
2073
2207
2160
2132
2107
2244
2081
2069
2157
2121
2153
2165
2165
2086
2123
2042
2148
2129
2074
2130
2136
2131
2161
2067
2094
2060
2128
2127
2085
2080
2120
2188
2116
2138
2162
2117
2063
2141
2114
2075
2082
2066
2167
2143
2084
2096
2112
2080
2185
2070
2235
2133
2018
2100
2079
2108
2077
2136
2106
2213
2119
2148
2150
2149
2054
2106
2146
2136
2092
2118
2138
2067
2125
2116
2136
2132
2135
2075
2029
2049
2188
2155
2075
2092
2118
2046
2081
2158
2110
2080
2115
2135
2051
2148
2091
2077
2116
2060
2082
2109
2024
2110
2073
2035
2126
2022
2021
2114
2091
2029
2072
2047
2035
2079
2044
2107
2189
2066
2085
1970
2109
2049
2061
1989
1989
2024
2047
1885
1894
1958
1948
1913
1937
1887
1874
1812
1801
1722
1681
1633
1668
1558
1548
1463
1442
1458
1437
1528
1462
1379
1386
1471
1449
1446
1537
1610
1510
1494
1491
1546
1467
1433
1446
1414
1409
1431
1404
1435
1432
1545
1574
1598
1665
1679
1700
1719
1792
1837
1783
1914
1934
1959
1944
1926
1938
1964
1991
1970
2015
2004
2074
1963
2038
2057
2050
2009
2087
2058
2051
2060
2016
2134
2040
2035
2063
2002
2032
2048
2039
2068
2107
2036
1979
2060
2194
2162
2120
2097
2146
2070
2116
2089
2095
2117
2169
2084
2074
2115
2141
2074
2108
2049
2068
2143
2155
2145
1989
2112
2110
2122
2131
2150
2089
2150
2117
2117
2053
2205
2161
2054
2127
2110
2116
2073
2169
2111
2152
2042
2195
2073
2172
2071
2131
2096
2059
2044
2149
2160
2197
2108
2195
2171
2151
2076
2149
2141
2182
2168
2129
2115
2123
2124
2148
2127
2161
2173
2202
2036
2058
2123
2164
2160
2111
2106
2118
2141
2133
2167
2068
2152
2006
2095
2167
2113
2183
2125
2111
2082
2134
2169
2183
2163
2095
2102
2054
2145
2173
2122
2122
2147
2078
2236
2111
2127
2106
2070
2136
2135
2080
2146
2149
2117
2147
2021
2110
2052
2107
2154
2205
2083
2149
2190
2115
2064
2175
2049
2143
2117
2013
2097
2161
2139
2210
2177
2114
2145
2133
2171
2111
2117
2123
2185
2062
2098
2086
2066
2185
2066
2074
2098
2175
2082
2098
2124
2045
2111
2102
2085
2094
2137
2095
2091
2076
2163
2137
2048
2084
2172
2159
2254
2143
2174
2130
2050
2120
2081
2185
2207
2067
2101
2245
2095
2168
2227
2137
