2128
2160
2111
2114
2130
2143
2170
2091
2176
2128
2179
2120
2075
2146
2150
2131
2131
2092
2105
2101
2171
2046
2090
2140
2153
2104
2114
2143
2063
2028
2138
2051
2101
2176
2191
2068
2068
2109
2153
2079
2105
2140
2095
2148
2162
2155
2083
2141
2063
2149
2158
2130
2053
2153
2113
2087
2126
2136
2118
2101
2110
2082
2127
2122
2150
2138
2109
2119
2091
2108
2083
2120
2134
2132
2073
2095
2181
2105
2237
2138
2136
2074
2188
2135
2039
2106
2072
2150
2179
2123
2107
2053
2118
2267
2122
2134
2128
2100
2110
2087
2140
2074
2118
2057
2130
2102
2140
2179
2107
2085
2085
2188
2115
2152
2116
2073
2123
2066
2140
2159
2130
2161
2151
2013
2171
2212
2093
2125
2073
2150
2098
2130
2117
2206
2092
2158
2159
2105
2150
2185
2142
2152
2088
2173
2159
2159
2047
2137
2094
2161
2142
2099
2084
2186
2115
2167
2099
2223
2094
2032
2059
2126
2083
2111
2237
2058
2095
2171
2061
2068
2132
2138
2086
2183
2106
2096
2110
2096
2081
2060
2119
2138
2204
2102
2113
2056
2065
2125
2141
2031
2107
2066
2130
2151
2020
2026
2098
2107
2111
2087
2061
2082
2057
2084
2063
2112
2032
2140
2063
2108
2137
2008
1954
2030
1999
1932
2047
2070
1980
1998
1976
1977
1988
1971
1864
1873
1772
1789
1821
1698
1682
1627
1542
1505
1564
1534
1399
1395
1450
1425
1411
1401
1443
1447
1478
1454
1514
1522
1588
1457
1474
1442
1439
1467
1462
1395
1355
1378
1448
1471
1505
1451
1574
1559
1666
1616
1620
1756
1824
1789
1895
1919
1974
1951
1871
1941
1959
1988
1897
2062
1973
1985
1957
2039
2031
2044
2022
2035
2062
2115
2046
2074
2064
2010
2082
2099
2112
2063
2135
2160
2083
2104
2079
2074
2123
2102
2102
2036
2149
2001
2009
2141
2113
2166
2100
2167
2152
2091
2031
2176
2087
2042
2095
2096
2063
2125
2153
2063
2121
2084
2107
2062
2045
2117
2106
2178
2149
2108
2108
2138
2056
2185
2125
2049
2160
2233
2131
2119
2083
2122
2080
2083
2126
2083
2103
2141
2106
2162
2204
2058
2150
2104
2007
2016
2137
2110
2150
2158
2111
2116
2148
2104
2135
2017
2092
2092
2135
2143
2084
2075
2124
2118
2128
2111
2070
2095
2122
2106
2153
2051
2120
2118
2182
2110
2150
2060
2087
2054
2147
2104
2060
2148
2079
2057
2075
2152
2180
2182
2143
2140
2138
2162
2083
2168
2237
2120
2103
2125
2099
2159
2042
2118
2153
2098
2106
2146
2116
2076
2131
2092
2115
2048
2015
2104
2039
2178
2125
2085
1988
2138
2133
2149
2104
2089
2130
2109
2172
2159
2192
2129
2104
2090
2199
2074
2087
2134
2046
2143
2102
2186
2152
2078
2054
2134
2128
2102
2123
2151
2149
2160
2087
2067
2082
2091
2166
2100
2152
2156
2121
2163
2205
2176
2075
2110
2093
2082
2158
2157
2142
2124
2090
2176
2115
2092
2147
2084
2113
2147
2183
2133
2246
2110
2197
2088
2082
2125
2147
2049
2088
2181
2164
2044
2074
2104
2112
2083
2075
2198
2130
2165
2090
2116
2157
2149
2104
2134
2203
2016
2132
2196
2273
2094
2096
2091
2126
2140
2095
2113
2055
2115
2131
2054
2122
2156
2115
2132
2127
2141
2114
2144
2092
2125
2139
2116
2087
2151
2186
2132
2142
2153
2146
2125
2126
2114
2073
2199
2256
2114
2087
2024
2107
2131
2103
2094
2026
2159
2155
2111
2091
2085
2141
2187
2110
2144
2129
2143
2213
2060
2123
2198
2123
2174
2057
2130
2148
2116
2086
2182
2109
2097
2151
2126
2070
2061
2173
2092
2047
2116
2143
2132
2111
2158
2068
2152
2048
2086
2083
2151
2145
2136
2121
2031
2114
2126
2098
2103
2088
2171
2138
2158
2068
2120
2091
2048
2069
2165
2147
2088
2123
2108
2048
2113
2099
2159
2211
2128
2057
2144
2158
2111
2095
2119
2147
2020
2164
2131
2097
2110
2006
2044
2095
2026
2123
2173
2137
2191
2174
2112
2082
2157
2136
2137
2145
2126
2147
2143
2155
2050
2115
2088
2183
2134
2130
2107
2137
2118
2081
2154
2102
2123
2111
2050
2154
2079
2041
2106
2197
2020
2082
2068
2048
2086
2157
2181
2125
2119
2065
2112
2184
2023
2117
2055
2100
2051
2173
2086
2180
2040
2101
2139
2076
2010
2122
2115
2112
2138
2012
2071
2084
2062
2013
2105
2001
2056
2101
2065
2034
2102
1999
1988
2069
1972
2071
1925
1969
1993
2052
1988
1990
1922
1848
1805
1810
1809
1738
1734
1737
1668
1684
1518
1484
1514
1430
1389
1406
1435
1398
1440
1463
1370
1412
1460
1563
1535
1552
1509
1459
1422
1391
1417
1457
1414
1396
1477
1432
1425
1480
1500
1544
1586
1600
1723
1621
1754
1737
1822
1882
1838
1929
1928
1952
1882
2048
1976
1991
1999
2001
2053
1965
2082
1997
2010
2045
1990
2123
1982
2150
2021
2055
2058
2097
2100
2109
2063
2133
2122
2127
2058
2120
2106
2131
2120
2094
2097
2098
2132
2055
2110
2059
2105
2120
2104
2107
2111
2119
2028
2115
2054
2120
2080
2066
2142
2194
2018
2036
2048
2140
2136
2052
2117
2100
2091
2099
2114
2092
2102
2044
2172
2101
2152
2086
2033
2062
2160
2146
2107
2084
2121
2155
2064
2122
1976
2127
2145
2122
2155
2071
2104
2131
2149
2096
2178
2136
2134
2110
2186
2114
2123
2164
2139
2038
2119
2066
2128
2176
2212
2097
2201
2117
2212
2108
2125
2124
2136
2149
2122
2078
2090
2053
2050
2068
2087
2129
2148
2239
2068
2117
2093
2113
2071
2148
2094
2089
2114
2181
2139
2142
2118
2167
2073
2245
2166
2063
2121
2157
2131
2096
2122
2053
2115
2152
2150
2161
2064
2114
2095
2104
2191
2062
2148
2145
2094
2112
2061
2141
2136
2099
2110
2169
2162
2131
2112
2116
2142
2133
2119
2079
2090
2027
2149
2136
2120
2084
2089
2233
2103
2155
2188
2158
2109
2078
2163
2141
2199
2129
2105
2118
2072
2074
2115
2168
2120
2143
2115
2069
2141
2120
2131
2066
2100
2061
2042
2133
2197
2071
2151
2106
2108
2077
2125
2186
2120
2146
