2177
2199
2204
2175
2133
2231
2190
2135
2127
2146
2094
2138
2122
2185
2104
2185
2158
2167
2085
2130
2107
2076
2165
2112
2126
2137
2186
2197
2100
2265
2063
2110
2066
2206
2153
2169
2127
2197
2173
2160
2174
2107
2136
2131
2178
2155
2262
2208
2133
2120
2193
2132
2095
2094
2198
2147
2241
2143
2213
2159
2268
2144
2064
2177
2149
2211
2179
2111
2194
2100
2082
2153
2165
2160
2219
2158
2183
2142
2083
2121
2153
2167
2115
2133
2156
2095
2095
2183
2157
2116
2130
2127
2151
2084
2149
2133
2274
2193
2214
2086
2173
2174
2212
2220
2188
2044
2118
2125
2204
2209
2188
2162
2177
2118
2124
2113
2209
2214
2184
2087
2125
2134
2128
2126
2129
2220
2150
2139
2190
2078
2141
2217
2160
2199
2136
2108
2153
2151
2219
2118
2169
2139
2191
2177
2201
2118
2173
2207
2147
2199
2147
2197
2180
2216
2090
2119
2290
2162
2064
2154
2136
2176
2111
2145
2124
2143
2101
2127
2134
2142
2156
2106
2142
2146
2088
2144
2187
2119
2136
2088
2068
2075
2231
2155
2137
2156
2140
2118
2139
2169
2126
2146
2060
2121
2126
2131
2067
2103
2059
2145
2152
2059
2111
2071
2161
2030
2058
2051
2091
2098
2034
2058
2079
2021
2058
2086
2002
2021
2033
2025
2003
1999
2006
1924
1834
1888
1880
1800
1748
1757
1671
1590
1635
1535
1490
1486
1453
1506
1487
1471
1448
1504
1490
1445
1437
1523
1535
1561
1550
1473
1543
1459
1457
1423
1509
1401
1451
1471
1471
1468
1473
1524
1583
1618
1649
1702
1759
1710
1786
1924
1835
1845
1987
1907
2091
1943
2009
2090
2005
2020
2057
2030
1994
2058
2051
2074
2068
2056
2060
2086
2116
2160
2146
2135
2118
2071
2123
2060
2176
2180
2126
2155
2149
2096
2109
2167
2119
2176
2179
2195
2036
2124
2106
2132
2085
2198
2137
2080
2109
2143
2201
2183
2163
2186
2258
2142
2146
2144
2093
2146
2104
2164
2126
2162
2172
2165
2101
2138
2176
2213
2183
2128
2128
2081
2131
2169
2205
2162
2067
2135
2172
2137
2196
2086
2111
2076
2129
2092
2207
2131
2065
2180
2100
2075
2106
2145
2084
2187
2203
2112
2123
2210
2125
2070
2165
2167
2102
2203
2164
2140
2130
2229
2163
2153
2188
2192
2118
2238
2207
2253
2130
2183
2221
2202
2118
2167
2168
2262
2135
2183
2127
2156
2138
2188
2215
2180
2190
2153
2159
2200
2197
2144
2067
2150
2131
2166
2167
2162
2125
2157
2204
2153
2064
2201
2088
2195
2043
2074
2159
2225
2153
2235
2205
2131
2171
2126
2066
2172
2150
2154
2114
2141
2115
2124
2164
2294
2240
2223
2120
2152
2227
2149
2138
2106
2224
2127
2170
2158
2119
2194
2142
2132
2160
2161
2152
2165
2212
2118
2156
2214
2204
2099
2099
2121
2208
2214
2218
2064
2100
2128
2084
2170
2147
2218
2168
2208
2083
2096
2137
2164
2153
2161
2113
2109
2234
2174
2200
2182
2217
2175
2272
2142
2227
2141
2066
2154
2153
2119
2221
2080
2233
2152
2154
2199
2155
2192
2269
2165
2107
2142
2223
2118
2152
2194
2177
2142
2105
2065
2156
2170
2180
2171
2101
2133
2080
2241
2116
2140
2179
2164
2141
2139
2075
2089
2125
2123
2159
2172
2179
2135
2151
2154
2199
2113
2165
2104
2132
2182
2161
2078
2118
2149
2146
2140
2111
2143
2197
2144
2260
2155
2190
2165
2137
2257
2116
2089
2109
2151
2079
2168
2146
2172
2159
2198
2174
2170
2135
2175
2098
2226
2167
2126
2156
2223
2205
2097
2085
2115
2197
2135
2076
2192
2068
2094
2119
2175
2217
2108
2184
2126
2146
2216
2219
2165
2111
2156
2170
2116
2127
2178
2168
2160
2191
2128
2153
2113
2092
2137
2114
2079
2047
2193
2272
2144
2161
2034
2116
2190
2126
2162
2179
2221
2187
2213
2148
2107
2147
2200
2204
2139
2197
2108
2222
2172
2114
2133
2102
2131
2141
2111
2136
2180
2086
2111
2096
2125
2250
2180
2056
2101
2136
2210
2068
2116
2184
2067
2166
2143
2092
2144
2136
2184
2126
2169
2204
2140
2179
2070
2106
2152
2130
2165
2090
2087
2097
2222
2126
2097
2098
2063
2112
2186
2181
2191
2096
2076
2043
2140
2131
2153
2177
2149
2145
2096
2157
2127
2119
2080
2080
2138
2150
2077
2121
2090
2103
2100
2141
2118
2136
2127
2085
2139
2105
2086
2076
2119
2058
2115
2068
2034
2052
2021
1918
2030
2034
2031
1949
1997
2018
1987
1912
1913
1796
1786
1795
1796
1724
1598
1643
1615
1573
1462
1489
1507
1443
1409
1422
1425
1463
1418
1414
1495
1470
1588
1608
1531
1555
1427
1483
1369
1429
1422
1419
1482
1461
1488
1529
1494
1546
1574
1640
1650
1770
1740
1858
1843
1881
1908
1930
1976
1987
2038
1951
2033
1991
2008
1978
2088
2014
2120
2065
2114
2082
2117
2112
2058
2112
2083
2034
2095
2106
2093
2083
2115
2116
2088
2066
2101
2160
2175
2169
2172
2085
2129
2163
2156
2140
2112
2098
2159
2134
2090
2154
2111
2166
2068
2112
2176
2139
2181
2102
2109
2135
2167
2086
2040
2189
2085
2169
2136
2140
2099
2072
2137
2195
2132
2214
2133
2169
2187
2187
2135
2109
2098
2145
2075
2124
2109
2167
2174
2184
2113
2175
2145
2205
2157
2096
2222
2122
2147
2130
2108
2166
2194
2108
2160
2105
2212
2183
2139
2185
2057
2152
2183
2126
2123
2094
2131
2163
2211
2152
2165
2106
2168
2099
2089
2146
2053
2247
2142
2123
2111
2105
2123
2170
2151
2149
2198
2256
2108
2134
2177
2099
2193
2137
2187
2131
2182
2228
2149
2157
2093
2053
2156
2155
2099
2108
2171
2091
2062
2137
2161
2160
2129
2143
2132
2092
2148
2256
2099
2156
2156
2152
2180
2134
2224
2146
2114
2147
2107
2171
2178
2173
2153
2121
2095
2186
2165
2169
2233
2170
2128
2190
2168
2208
2158
2121
2148
2141
2192
2103
2127
2107
2187
2115
2186
2165
2163
2143
2120
2225
2087
2110
2167
2128
2205
2195
2193
2130
2211
2132
2217
2136
2137
2167
2143
2100
2216
2158
2159
2184
2109
2133
