2129
2106
2178
2122
2110
2083
2130
2183
2156
2162
2159
2201
2151
2109
2181
2106
2195
2210
2183
2044
2148
2172
2165
2112
2112
2190
2173
2132
2137
2079
2058
2108
2123
2123
2175
2139
2056
2070
2168
2172
2211
2075
2098
2140
2141
2145
2123
2204
2146
2139
2072
2161
2087
2190
2109
2047
2164
2150
2137
2229
2147
2151
2125
2163
2183
2023
2057
2120
2118
2138
2102
2099
2143
2132
2126
2109
2037
2161
2139
2067
2066
2200
2092
2132
2154
2022
2075
2171
2094
2081
2053
2137
2088
2191
2102
2125
2137
2054
2073
2092
2119
2135
2125
2086
2122
2182
2120
2085
2185
2054
2113
2130
2146
2053
2102
2088
2102
2114
2126
2147
2201
2161
2207
2151
2112
2062
2125
2119
2109
2165
2134
2098
2077
2152
2100
2162
2048
2100
2139
2146
2083
2126
2108
2155
2166
2116
2058
2169
2118
2164
2108
2065
2132
2072
2086
2149
2076
2094
2221
2129
2100
2110
2146
2089
2041
2068
2069
2094
2106
2074
2135
2104
2168
2145
2165
2124
2065
2092
2052
2053
2063
2155
2034
2073
2070
2089
2032
2072
2048
2141
2074
2134
2112
2128
2054
2108
2125
2107
2090
2036
2127
2065
2034
2095
2027
2120
2027
2041
2005
2148
2032
2071
2039
2028
2033
2040
2131
1997
2037
2008
2042
1963
1955
1926
1885
1804
1864
1819
1686
1694
1734
1678
1606
1554
1482
1462
1449
1524
1486
1435
1410
1359
1443
1442
1462
1554
1506
1612
1570
1529
1520
1478
1454
1449
1487
1404
1493
1466
1370
1426
1481
1537
1635
1607
1628
1712
1744
1739
1766
1822
1819
1879
1896
1915
2015
2010
2028
2089
1966
1977
2045
2024
2032
2038
2025
2034
2045
2055
2018
2074
2062
2078
2006
2076
2011
2114
2047
2097
2091
2120
2050
2128
2097
2101
2105
2124
2043
2068
2134
2153
2114
2062
2092
2109
2129
2225
2070
2116
2130
2111
2061
1982
2161
2102
2072
2148
2094
2102
2130
2129
2162
2126
2132
2125
2105
2046
2124
2118
2155
2179
2084
2082
2084
2125
2125
2079
2122
2219
2077
2167
2093
2112
2139
2135
2106
2163
2175
2124
2137
2111
2143
2190
2037
2075
2145
2151
2168
2103
2077
2029
2202
2148
2146
2154
2074
2152
2068
2154
2237
2123
2089
2063
2106
2126
2186
2154
2216
2099
2143
2115
2098
2176
2129
2131
2057
2126
2074
2153
2193
2094
2082
2167
2084
2105
2165
2091
2073
2122
2171
2134
2048
2119
2190
2113
2079
2183
2229
2076
2100
2027
2184
2145
2085
2061
2140
2052
2167
2018
2082
2059
1965
2134
2179
2131
2065
2121
2091
2075
2089
2173
2137
2151
2081
2119
2141
2122
2190
2086
2177
2041
2197
2048
2071
2063
2150
2163
2162
2059
2215
2115
2137
2185
2126
2100
2157
2135
2085
2078
2044
2147
2139
2090
2180
2150
2079
2207
2153
2096
2168
2152
2165
2105
2164
2097
2096
2150
2153
2138
2213
2168
2144
2100
2103
2151
2076
2060
2201
2089
2201
2176
2120
2139
2144
2173
2198
2131
2097
2094
2125
2083
2122
2203
2120
2102
2161
2069
2141
2140
2036
2179
2107
2146
2120
2221
2151
2085
2132
2116
2173
2073
2129
2145
2180
2166
2088
2113
2127
2118
2109
2069
2154
2044
2059
2092
2207
2051
2130
2044
2104
2136
2141
2108
2105
2140
2096
2111
2049
2138
2139
2133
2138
2022
2071
2021
2133
2036
2189
2097
2103
2145
2131
2175
2185
2122
2126
2119
2214
2138
2083
2140
2221
2090
2163
2111
2109
2147
2147
2078
2038
2093
2141
2142
2123
2172
2157
2139
2183
2123
2142
2126
2096
2095
2148
2134
2144
2107
2084
2065
2123
2063
2152
2156
2043
2076
2188
2164
2133
2095
2106
2118
2112
2182
2133
2150
2196
2062
2108
2196
2085
2049
2064
2063
2142
2181
2148
2107
2082
2078
2122
2122
2091
2111
2182
2130
2069
2180
2131
2128
2164
2174
2040
2067
2130
2122
2122
2143
2053
2143
2069
2083
2202
2159
2080
2072
2051
2151
2073
2126
2184
2066
2117
2155
2135
2092
2074
2047
2102
2078
2171
2092
2153
2113
2051
2118
2107
1990
2108
2174
2069
2126
2132
2042
2145
2008
2118
2134
2143
2140
2116
2162
2094
2073
2092
2023
2103
2156
2094
2132
2047
2069
2156
2112
2050
2100
2068
2072
2117
2052
2142
2062
2059
2112
2023
2073
2065
2059
2102
1973
2092
2053
2044
2049
2051
2078
2025
2090
2021
1972
2037
1973
2024
1995
1975
1983
1977
2011
1939
2001
1886
1858
1865
1922
1901
1762
1697
1685
1665
1618
1601
1620
1608
1448
1495
1436
1452
1342
1468
1397
1417
1434
1495
1492
1432
1432
1508
1476
1511
1584
1466
1382
1448
1438
1384
1431
1369
1506
1456
1442
1465
1513
1576
1706
1660
1690
1785
1835
1853
1966
1916
1906
1948
1911
1999
1999
2000
2051
1983
2031
2036
2009
2012
2066
2012
2052
2093
2047
2037
2125
2078
2070
2057
2075
2084
2050
2050
2073
2188
2112
2059
2107
2054
2113
2072
2068
2000
2070
2048
2034
2123
2033
2133
2153
2107
2118
2091
1997
2068
2094
2070
2126
2084
2112
2104
2082
2129
2075
2037
2181
2101
2189
2055
2141
2091
2067
2205
2097
2059
2160
2077
2095
2263
2052
2141
2205
2098
2048
2122
2101
2136
2122
2111
2079
2133
2112
2024
2169
2216
2143
2050
2098
2129
2065
2102
2105
2204
2156
2039
2164
2062
2163
2141
2123
2094
2183
2091
2167
2055
2141
2059
2060
2087
2084
2150
2155
2205
2163
2081
2121
2208
2120
2063
2132
2159
2109
2131
2185
2097
2141
2114
2170
2143
2106
2082
2155
2068
2154
2123
2119
2150
2123
2092
2039
2117
2062
2096
2095
2091
2083
2154
2100
2141
2117
2098
2168
2230
2047
2073
2024
2053
2176
2163
2132
2118
2113
2098
2060
2136
2022
2109
2081
2120
2070
2160
2051
2194
2057
2211
2146
2118
2178
2203
2152
2031
2089
2052
2150
2212
2146
2133
2124
2172
2092
2154
2079
2247
2202
2168
2141
2085
2044
2068
2086
2197
2125
2146
2136
2138
2113
2182
2111
2140
2072
2098
2148
2130
2046
2104
2123
2161
2121
2183
2235
2158
