2165
2139
2184
2190
2150
2187
2125
2206
2126
2171
2188
2132
2128
2117
2135
2171
2120
2088
2173
2088
2128
2142
2108
2066
2114
2162
2117
2087
2119
2129
2138
2109
2112
2173
2129
2200
2133
2255
2170
2155
2132
2108
2173
2147
2061
2154
2031
2078
2102
2196
2167
2112
2147
2134
2122
2163
2128
2223
2158
2191
2123
2165
2141
2127
2065
2042
2122
2061
2244
2160
2136
2225
2149
2145
2145
2056
2135
2150
2094
2182
2206
2212
2121
2145
2124
2105
2166
2133
2112
2160
2161
2023
2155
2170
2069
2168
2153
2207
2041
2061
2153
2190
2185
2006
2208
2097
2193
2113
2098
2172
2104
2206
2110
2176
2053
2198
2158
2176
2092
2144
2047
2105
2127
2231
2114
2193
2193
2051
2095
2143
2146
2146
2115
2195
2124
2119
2097
2176
2101
2110
2204
2072
2078
2109
2102
2139
2132
2113
2130
2118
2183
2133
2123
2129
2171
2135
2092
2108
2018
2177
2098
2213
2125
2152
2128
2063
2043
2104
2113
2058
2184
2129
2145
2094
2110
2124
2100
2181
2136
2089
2074
2082
2154
2130
2128
2143
2128
2195
2070
2092
2108
2046
2086
2106
1978
2083
2031
2071
2113
2115
2082
2072
2165
2039
2104
2043
1988
2124
2072
2109
2034
2045
2008
1985
2064
2050
2040
2019
2036
1951
1937
2017
1926
1926
1872
1851
1827
1782
1726
1745
1584
1637
1600
1591
1469
1517
1414
1420
1429
1424
1448
1472
1503
1441
1491
1474
1460
1516
1527
1599
1466
1477
1430
1451
1463
1377
1439
1432
1440
1465
1467
1403
1582
1521
1609
1703
1699
1719
1828
1923
1832
1884
1892
1968
1969
1951
1955
1974
2012
2027
2050
2100
2025
2053
2049
2024
2028
2010
1990
2039
2148
1916
2067
2095
2110
2122
2086
2094
2083
2099
2130
2050
2030
2112
2143
2163
2139
2098
2115
2188
2155
2139
2050
2117
2109
2152
2094
2129
2097
2052
2076
2085
2110
2123
2112
2067
2084
2108
2169
2140
2097
2156
2096
2094
2169
2162
2114
2161
2125
2132
2131
2165
2195
2125
2098
2096
2212
2037
2134
2170
2184
2156
2059
2074
2111
2035
2084
2113
2115
2202
2079
2128
2105
2093
2144
2094
2083
2087
2165
2162
2192
2086
2172
2138
2141
2082
2090
2164
2209
2129
2122
2120
2104
2086
2120
2164
2147
2116
2158
2182
2172
2132
2226
2064
2212
2104
2099
2089
2075
2198
2184
2074
2179
2112
2191
2073
2069
2137
2133
2115
2125
2145
2039
2147
2121
2067
2140
2108
2239
2114
2101
2147
2106
2163
2127
2143
2051
2156
2126
2120
2150
2200
2165
2128
2140
2054
2135
2110
2146
2232
2138
2169
2077
2169
2219
2166
2171
2150
2134
2252
2125
2048
2164
2109
2142
2150
2141
2158
2160
2196
2083
2077
2190
2074
2136
2120
2129
2263
2197
2151
2146
2132
2148
2181
2125
2188
2120
2169
2104
2142
2139
2108
2126
2114
2052
2173
2145
2013
2099
2102
2165
2173
2132
2049
2171
2120
2033
2113
2155
2173
2076
2069
2221
2084
2131
2179
2214
2167
2106
2099
2188
2175
2217
2084
2089
2126
2184
2144
2098
2191
2136
2112
2194
2091
2178
2152
2090
2166
2105
2174
2075
2138
2156
2131
2169
2176
2188
2139
2093
2152
2133
2133
2103
2163
2116
2074
2212
2051
2141
2145
2107
2074
2164
2129
2154
2109
2098
2151
2067
2227
2194
2130
2113
2148
2197
2107
2180
2052
2071
2130
2104
2136
2104
2172
2184
2116
2164
2074
2087
2096
2132
2054
2141
2228
2085
2116
2125
2113
2060
2190
2071
2190
2090
2261
2125
2136
2136
2117
2138
2140
2145
2153
2157
2030
2202
2136
2181
2118
2149
2077
2100
2127
2181
2096
2143
2150
2027
2168
2164
2192
2137
2092
2137
2140
2155
2125
2078
2160
2168
2160
2107
2111
2121
2136
2147
2047
2127
2118
2080
2138
2212
2076
2042
2091
2110
2164
2128
2190
2082
2108
2095
2144
2150
2134
2108
2066
2184
2123
2174
2117
2166
2050
2148
2052
2174
2152
2134
2108
2094
2190
2031
2127
2063
2182
2043
2026
2085
2143
2082
2170
2047
2108
2155
2189
2156
2144
2052
2081
2114
2096
2170
2193
2136
2156
2177
2020
2153
2166
2079
2108
2118
2084
2149
2122
2078
2079
2098
2130
2110
2129
2108
2120
2063
2157
2145
2173
2054
2071
2050
2069
2149
2070
2102
2082
1980
2055
2030
2089
2034
2028
2090
2146
2036
2014
2026
2049
2050
2101
2056
2076
2029
2047
2002
1959
1986
1969
1879
1989
1931
1956
1870
1886
1884
1787
1731
1777
1683
1674
1618
1551
1509
1501
1439
1453
1409
1480
1481
1432
1467
1402
1486
1454
1522
1510
1527
1586
1509
1497
1426
1431
1393
1463
1433
1494
1466
1432
1464
1519
1558
1540
1637
1728
1684
1796
1828
1780
1812
1869
1926
1960
1950
2018
1913
1960
1989
1999
1940
2062
2071
2028
2084
2091
2038
1940
2090
2112
2117
2138
2144
2070
2014
2102
2096
2101
2046
1928
2057
2103
2125
2110
2125
2133
2052
2084
2042
2140
2071
2069
2004
2116
2158
2069
2112
2093
2108
2087
2139
2105
2216
2141
2062
2097
2074
2099
2088
2080
2143
2171
2245
2121
2044
2111
2170
2199
2140
2026
2134
2140
2044
2071
2101
2078
2021
2196
2095
2104
2088
2105
2109
2141
2144
2152
2044
2102
2120
2192
2174
2122
2122
2100
2097
2156
2136
2207
2142
2137
2135
2219
2074
2141
2177
2119
2155
2112
2025
2153
2122
2124
2153
2115
2099
2122
2121
2049
2115
2132
2153
2106
2179
2139
2068
2142
2169
2219
2127
2064
2085
2098
2115
2138
2135
2148
2116
2096
2204
2096
2088
2216
2186
2056
2154
2157
2118
2110
2092
2135
2108
2079
2137
2123
2172
2184
2132
2083
2149
2120
2141
2132
2135
2102
2108
2176
2091
2140
2207
2080
2093
2139
2143
2110
2123
2072
2100
2118
2103
2117
2084
2119
2102
2144
2096
2146
2145
2105
2152
2190
2160
2181
2094
2117
2134
2163
2022
2137
2161
2153
2138
2114
2088
2136
2045
2142
2177
2176
2168
2121
2134
2156
2096
2170
2078
2198
2165
2210
2196
2159
2155
2128
2177
2208
2074
2142
2170
