2145
2151
2104
2153
2173
2131
2200
2184
2190
2143
2137
2149
2087
2133
2145
2183
2113
2199
2162
2180
2078
2142
2168
2094
2135
2150
2104
2146
2145
2086
2072
2151
2121
2026
2117
2101
2094
2155
2080
2164
2090
2198
2043
2231
2160
2067
2111
2109
2155
2195
2092
2188
2145
2085
2093
2157
2127
2092
2135
2150
2129
2182
2118
2116
2139
2079
2154
2103
2124
2042
2045
2046
2145
2072
2178
2115
2065
2152
2093
2121
2138
2051
2192
2021
2069
2151
2069
2169
2123
2156
2159
2116
2164
2163
2096
2083
2149
2055
2185
2112
2066
2110
2134
2123
2257
2085
2102
2108
2130
2149
2084
2111
2004
2148
2172
2155
2147
2157
2126
2179
2130
2083
2138
2141
2137
2072
2131
2172
2056
2125
2166
2112
2096
2083
2112
2189
2138
2213
2136
2125
2004
2122
2149
2170
2070
2078
2135
2133
2127
2150
2055
2094
2134
2005
2065
2173
2138
2100
2162
2132
2134
2103
2127
2106
2030
2083
2123
2089
2098
2109
2127
2112
2077
2112
2157
2165
2163
2123
2124
2093
2125
2069
2043
2097
2105
2009
2120
2092
1999
2142
2107
2085
2060
2117
2113
2112
2114
2207
2072
2107
2047
2072
2156
2076
2091
2065
2087
2110
2098
2038
2051
2084
2039
2106
2038
1909
1980
2116
1946
2018
1955
2045
1887
2018
1914
1828
1877
1798
1705
1749
1687
1575
1600
1531
1582
1503
1488
1406
1451
1436
1404
1410
1390
1456
1472
1502
1513
1564
1586
1564
1492
1400
1394
1417
1457
1422
1364
1477
1376
1422
1516
1385
1545
1542
1629
1685
1723
1751
1826
1897
1854
1903
1890
1853
1979
1935
1955
2015
1985
2066
1975
1986
2004
2078
2115
2019
2068
2000
2034
2004
2044
2061
2021
2083
2026
2101
2100
2071
2070
2098
2160
2042
2126
2103
2164
2070
1983
2121
2103
2032
2118
2140
1995
2073
2150
2163
2085
2071
2201
2084
2068
2050
2062
2143
2147
2140
2086
2091
2056
2061
2100
2090
2143
2113
2112
2112
2175
2083
2160
2148
2115
2158
2100
2109
2127
2167
2144
2180
2130
2118
2095
2090
2149
2116
2102
2126
2151
2128
2189
2239
2159
2070
2072
2127
2043
2105
2190
2119
2134
2152
2071
2181
2163
2124
2156
2085
2080
2134
2182
2154
2102
2086
2180
2105
2019
2180
2140
2131
2141
2178
2222
2164
2175
2160
2120
2132
2132
2103
2037
2147
2190
2157
2126
2159
2084
2114
2147
2101
2158
2212
2129
2122
2086
2085
2174
2142
2044
2037
2187
2148
2220
2114
2144
2072
2111
2163
2115
2052
2182
2172
2126
2121
2137
2168
2125
2097
2145
2117
2102
2072
2150
2114
2132
2136
2136
2145
2129
2162
2154
2179
2124
2136
2165
2102
2142
2044
2203
2062
2085
2205
2198
2050
2170
2160
2114
2080
2095
2178
2177
2100
2094
2083
2215
2110
2180
2049
2051
2071
2133
2166
2162
2099
2085
2108
2053
2157
2175
2187
2129
2141
2127
2098
2094
2066
2042
2160
2098
2138
2160
2242
2039
2084
2160
2172
2158
2077
2114
2082
2154
2150
2132
2092
2147
2120
2158
2119
2069
2056
2186
2169
2127
2120
2115
2169
2160
2157
2121
2092
2114
2142
2130
2209
2138
2053
2137
2179
2144
2134
2055
2125
2133
2144
2096
2145
2143
2137
2058
2154
2126
2116
2178
2123
2176
2074
2101
2100
2089
2159
2117
2119
2042
2220
2145
2191
2130
2106
2024
2098
2109
2112
2112
2077
2176
2105
2079
2094
2244
2124
2093
2143
2097
2144
2103
2050
2105
2169
2124
2135
2138
2165
2146
2138
2175
2159
2101
2148
2159
2155
2146
2104
2119
2112
2049
2174
2195
2180
2126
2139
2148
2154
2141
2138
2071
2088
2048
2073
2117
2102
2117
2158
2157
2075
2134
2209
2132
2165
2098
2143
2122
2172
2128
2064
2180
2179
2127
2151
2190
2075
2140
2159
2189
2122
2020
2126
2133
2159
2096
2124
2054
2167
2179
2092
2079
2072
2101
2093
2099
2109
2150
2223
2140
2171
2116
2087
2093
2153
2081
2091
2103
2079
2062
2110
2099
2139
2120
2068
2134
2081
2067
2078
2122
2117
2140
2149
2063
2130
2095
2027
2059
2069
2170
2174
2080
2156
2100
2023
2100
2076
2191
2020
2080
2076
2146
2126
2143
2206
2092
2013
2107
2062
2063
2112
2062
2163
2103
2082
2105
2144
2138
2003
2091
2069
2043
2046
1997
2105
2067
2001
2126
2019
2122
2157
2015
2082
2067
2054
2013
2070
2049
2006
2060
2010
2148
2025
2005
1951
2043
1971
1932
1932
1947
1890
1761
1782
1799
1680
1682
1638
1535
1526
1412
1501
1456
1490
1400
1373
1402
1446
1420
1430
1426
1444
1511
1511
1532
1527
1509
1512
1518
1488
1391
1447
1383
1481
1404
1468
1394
1522
1582
1536
1670
1682
1659
1783
1672
1778
1899
1799
1897
1879
1951
1888
1962
1983
2000
2011
2015
1982
2039
2005
2006
2058
2021
2075
1988
2048
2028
2063
2079
2044
2126
1980
2075
2096
2051
2140
2152
2034
2118
2140
2162
2122
2121
2016
2090
2094
2138
2134
2110
2110
2099
2036
2111
2086
2128
2067
2119
2172
2127
2108
2086
2108
2077
2008
2097
2106
2127
2034
2144
2075
2068
2037
2004
2107
2079
2091
2002
2040
2066
2126
2141
2099
2061
2103
2155
2103
2135
2150
2160
2113
2126
2069
2120
2168
2135
2113
2185
2095
2142
2087
2068
2137
2083
1975
2166
2157
2173
2104
2082
2127
2132
2028
2111
2092
2048
2168
2184
2113
2109
2068
2137
2117
2226
2150
2134
2155
2110
2096
2208
2087
2105
2155
2157
2158
2091
2044
2175
2134
2070
2126
2198
2127
2034
2123
2153
2148
2096
2124
2170
2187
2076
2089
2082
2085
2085
2103
2099
2121
2077
2151
2088
2137
2014
2064
2144
2142
2109
2048
2096
2094
2167
2090
2119
2184
2163
2137
2216
2085
2011
2094
2297
2132
2145
2204
2151
2103
2148
2216
2159
2143
2207
2218
2155
2154
2155
2104
2176
2210
2219
2065
2103
2095
2097
2103
2170
2142
2121
2148
2157
2132
2141
2154
2110
2088
2138
2131
2144
2095
1996
2109
2102
2115
2117
2143
2128
2096
2065
2101
2135
2081
2107
2094
2122
