2176
2135
2247
2194
2130
2110
2199
2112
2140
2198
2117
2165
2107
2238
2092
2139
2216
2104
2181
2085
2076
2179
2195
2100
2217
2192
2149
2140
2199
2186
2174
2182
2169
2151
2123
2097
2159
2183
2129
2136
2141
2127
2224
2181
2179
2121
2198
2210
2200
2108
2192
2188
2131
2152
2053
2236
2179
2130
2123
2146
2054
2089
2154
2204
2141
2145
2085
2203
2179
2138
2153
2085
2145
2119
2168
2198
2197
2241
2140
2167
2176
2136
2189
2174
2110
2138
2195
2132
2200
2153
2179
2132
2173
2078
2186
2238
2138
2249
2063
2143
2148
2126
2148
2133
2052
2162
2148
2134
2174
2167
2135
2136
2217
2111
2173
2117
2083
2080
2118
2171
2122
2072
2219
2133
2170
2092
2183
2153
2127
2147
2154
2128
2248
2125
2177
2207
2207
2111
2143
2207
2152
2185
2144
2160
2281
2122
2157
2187
2131
2115
2142
2203
2165
2072
2125
2206
2074
2081
2120
2164
2053
2186
2088
2113
2121
2139
2127
2115
2042
2153
2114
2161
2141
2168
2240
2209
2141
2077
2108
2128
2191
2182
2089
2083
2176
2062
2138
2126
2148
2066
2123
2126
2109
2097
2097
2076
2114
2137
2108
2149
2088
2119
2143
1993
2145
2061
2102
2087
2037
2063
1936
2174
2071
1993
2107
2022
2032
1963
1964
2011
2004
1923
1978
1944
1960
1932
1904
1863
1810
1783
1757
1679
1576
1628
1424
1569
1564
1491
1500
1380
1438
1451
1412
1482
1509
1449
1548
1585
1530
1533
1500
1525
1505
1494
1474
1472
1440
1419
1492
1505
1495
1469
1572
1588
1661
1636
1742
1768
1797
1897
1826
1887
1850
1929
2017
1971
2074
1912
2004
2112
2039
2056
2095
2064
2014
2048
2086
1994
2148
2033
2124
2037
2119
2100
2114
2069
2095
2042
2077
2034
2070
2123
2221
2187
2106
2100
2158
2170
2105
2176
2045
2042
2137
2105
2177
2199
2117
2149
2112
2124
2084
2164
2096
2143
2125
2089
2124
2098
2160
2186
2106
2126
2210
2171
2133
2178
2095
2101
2176
2150
2074
2120
2188
2198
2158
2116
2161
2102
2154
2163
2127
2147
2158
2104
2182
2154
2194
2076
2133
2092
2172
2118
2187
2149
2158
2131
2211
2124
2185
2157
2136
2126
2106
2257
2090
2147
2113
2080
2076
2153
2232
2125
2163
2143
2068
2216
2134
2134
2201
2169
2277
2174
2059
2112
2080
2140
2114
2106
2195
2162
2116
2187
2160
2154
2148
2147
2149
2123
2103
2155
2128
2097
2103
2131
2166
2138
2272
2180
2216
2151
2157
2130
2156
2161
2138
2204
2204
2154
2144
2140
2092
2069
2229
2138
2158
2096
2161
2096
2186
2199
2133
2147
2212
2223
2200
2195
2142
2104
2125
2131
2102
2190
2150
2141
2173
2233
2184
2140
2131
2236
2146
2071
2200
2284
2150
2191
2078
2141
2186
2149
2062
2163
2178
2030
2219
2168
2157
2115
2116
2147
2151
2237
2152
2223
2171
2121
2141
2126
2187
2089
2188
2177
2125
2146
2116
2157
2126
2107
2179
2130
2139
2093
2131
2100
2181
2164
2075
2143
2159
2122
2114
2087
2138
2077
2272
2098
2202
2126
2232
2157
2159
2141
2206
2153
2061
2153
2153
2185
2182
2071
2166
2099
2224
2194
2145
2054
2152
2162
2157
2144
2102
2098
2150
2183
2202
2177
2185
2100
2195
2110
2044
2198
2041
2162
2200
2101
2095
2191
2105
2231
2146
2201
2123
2136
2203
2101
2117
2095
2094
2140
2075
2130
2144
2151
2192
2200
2140
2231
2141
2171
2304
2193
2185
2130
2156
2134
2179
2147
2171
2187
2210
2162
2143
2092
2169
2179
2103
2138
2086
2257
2200
2115
2143
2174
2159
2180
2160
2154
2193
2149
2029
2112
2157
2094
2235
2143
2122
2177
2172
2172
2127
2182
2125
2221
2138
2112
2155
2217
2208
2178
2204
2110
2201
2115
2167
2193
2137
2151
2037
2175
2177
2226
2112
2123
2166
2101
2094
2050
2198
2149
2131
2129
2134
2172
2124
2122
2117
2147
2144
2190
2138
2195
2159
2129
2160
2130
2127
2153
2170
2105
2284
2124
2164
2142
2165
2072
2154
2123
2103
2164
2150
2200
2139
2191
2088
2118
2154
2056
2135
2156
1996
2048
2172
2195
2068
2075
2091
2148
2056
2098
2211
2170
2075
2139
2108
2120
2091
2117
2098
2166
2124
2088
2076
2089
2056
2165
2187
2173
2086
2146
2126
2211
2087
2074
2109
2183
2036
2031
2084
2151
2069
2169
2066
2104
2028
2059
2060
2139
2012
1996
2052
2072
2069
2010
1955
2063
1905
2041
1983
2021
1950
1845
1805
1849
1752
1751
1709
1625
1607
1638
1606
1528
1489
1492
1425
1430
1418
1481
1459
1431
1482
1550
1505
1538
1577
1532
1484
1521
1473
1419
1433
1440
1468
1444
1518
1449
1554
1586
1608
1574
1660
1646
1711
1748
1790
1829
1827
1921
1957
1987
1951
1925
2040
2023
1952
2057
2156
2056
2060
2022
2000
2100
2086
2042
2071
2042
2195
2062
2062
2124
2042
2045
2076
2146
2076
2089
2136
2102
2051
2087
2164
2117
2118
2120
2140
2105
2186
2117
2182
2067
2077
2104
2094
2128
2096
2180
2159
2063
2181
2158
2232
2136
2164
2052
2089
2163
2108
2071
2194
2098
2117
2162
2170
2146
2102
2225
2191
2125
2112
2109
2052
2206
2148
2268
2185
2055
2123
2117
2102
2092
2121
2206
2175
2093
2218
2124
2252
2093
2166
2221
2161
2179
2233
2122
2088
2118
2133
2091
2170
2211
2151
2189
2261
2144
2140
2112
2126
2192
2106
2096
2149
2086
2111
2160
2137
2215
2045
2159
2097
2178
2195
2206
2167
2150
2185
2209
2142
2157
2154
2155
2208
2171
2090
2148
2134
2138
2171
2065
2178
2209
2130
2165
2098
2224
2239
2140
2180
2157
2118
2133
2198
2191
2199
2212
2231
2019
2137
2073
2115
2158
2125
2166
2162
2148
2163
2157
2125
2187
2190
2165
2131
2165
2137
2075
2134
2124
2137
2176
2087
2138
2198
2205
2202
2053
2126
2259
2129
2227
2150
2219
2166
2129
2122
2198
2163
2138
2108
2087
2114
2203
2195
2166
2158
2096
2206
2126
2173
2211
2177
2179
2105
2146
2126
2117
2237
2181
2227
2138
2192
2193
2200
2211
2124
