2391
2478
2370
2364
2353
2424
2449
2294
2402
2361
2363
2369
2475
2378
2412
2365
2427
2378
2329
2329
2497
2435
2297
2338
2436
2332
2430
2431
2451
2441
2317
2382
2452
2348
2335
2430
2392
2476
2454
2358
2404
2464
2437
2427
2396
2281
2428
2317
2408
2420
2485
2382
2401
2440
2460
2373
2362
2421
2416
2379
2382
2310
2439
2352
2437
2418
2332
2438
2351
2403
2434
2310
2346
2436
2479
2453
2463
2397
2456
2339
2383
2329
2416
2394
2442
2400
2390
2414
2397
2467
2339
2400
2407
2306
2392
2372
2369
2362
2412
2380
2384
2315
2401
2505
2412
2399
2404
2388
2464
2434
2427
2435
2344
2407
2384
2443
2412
2377
2374
2404
2375
2407
2350
2378
2407
2448
2424
2326
2404
2339
2372
2464
2431
2359
2381
2319
2434
2420
2441
2374
2368
2452
2367
2350
2400
2379
2348
2373
2292
2358
2355
2368
2374
2342
2372
2383
2369
2375
2415
2459
2374
2393
2436
2455
2434
2400
2376
2430
2413
2373
2417
2344
2452
2461
2334
2382
2446
2374
2329
2332
2352
2358
2302
2397
2410
2322
2341
2297
2406
2343
2355
2324
2299
2398
2363
2429
2386
2438
2342
2353
2391
2431
2306
2304
2345
2358
2361
2300
2303
2277
2290
2260
2338
2310
2298
2349
2309
2281
2258
2269
2193
2225
2147
2165
2181
2139
2161
2019
1991
1984
1907
1837
1781
1728
1704
1660
1647
1655
1663
1592
1592
1616
1650
1609
1600
1589
1745
1747
1659
1689
1713
1679
1703
1677
1685
1655
1562
1583
1579
1609
1676
1717
1737
1812
1761
1903
1964
1915
2036
2011
2087
2121
2212
2203
2134
2230
2245
2302
2273
2228
2302
2176
2305
2320
2283
2332
2347
2352
2323
2333
2342
2295
2304
2315
2427
2342
2254
2388
2359
2415
2287
2341
2286
2344
2396
2466
2396
2422
2394
2339
2374
2354
2340
2374
2395
2394
2386
2420
2312
2425
2398
2326
2405
2375
2314
2406
2366
2440
2381
2361
2451
2381
2337
2387
2413
2339
2373
2402
2454
2393
2391
2347
2365
2409
2386
2352
2468
2276
2390
2389
2379
2523
2454
2405
2374
2421
2422
2412
2391
2285
2430
2476
2361
2417
2362
2474
2371
2493
2427
2309
2349
2309
2373
2424
2305
2418
2373
2425
2361
2388
2291
2423
2431
2420
2412
2451
2432
2370
2379
2479
2415
2418
2453
2424
2433
2344
2392
2412
2339
2435
2469
2343
2335
2458
2305
2396
2386
2428
2381
2398
2494
2381
2379
2319
2369
2387
2456
2355
2354
2337
2291
2473
2365
2395
2377
2360
2481
2386
2445
2332
2356
2357
2461
2413
2423
2374
2503
2434
2315
2342
2529
2420
2358
2424
2351
2392
2421
2324
2400
2424
2458
2316
2379
2420
2398
2408
2380
2484
2437
2413
2416
2440
2459
2403
2341
2370
2408
2469
2340
2447
2413
2383
2384
2399
2483
2262
2326
2472
2425
2333
2420
2359
2415
2376
2502
2401
2381
2417
2422
2410
2431
2426
2446
2337
2386
2369
2422
2370
2359
2438
2405
2380
2494
2365
2391
2381
2442
2347
2414
2428
2321
2462
2395
2344
2414
2307
2406
2389
2354
2362
2369
2405
2424
2455
2344
2330
2414
2354
2467
2379
2349
2346
2357
2419
2419
2360
2400
2399
2431
2379
2409
2363
2382
2338
2373
2385
2477
2350
2417
2448
2331
2376
2418
2361
2313
2307
2375
2429
2479
2439
2390
2324
2449
2446
2377
2411
2365
2386
2394
2409
2466
2403
2302
2442
2456
2326
2330
2440
2357
2398
2365
2432
2391
2292
2392
2302
2451
2403
2379
2442
2398
2431
2375
2430
2354
2366
2397
2448
2435
2450
2372
2455
2419
2365
2406
2343
2363
2403
2422
2400
2371
2346
2416
2412
2444
2346
2449
2502
2326
2366
2375
2414
2388
2317
2372
2446
2489
2355
2425
2459
2374
2430
2385
2451
2467
2419
2422
2349
2429
2397
2472
2435
2399
2383
2340
2309
2382
2413
2401
2428
2373
2411
2330
2405
2365
2353
2359
2386
2337
2420
2433
2399
2384
2460
2388
2425
2435
2378
2373
2442
2339
2334
2358
2434
2444
2359
2354
2360
2402
2294
2410
2320
2411
2382
2436
2396
2267
2394
2445
2273
2429
2388
2475
2467
2323
2390
2289
2353
2389
2355
2457
2359
2390
2387
2390
2358
2365
2367
2335
2450
2424
2348
2483
2364
2373
2386
2426
2347
2375
2329
2301
2371
2314
2356
2336
2306
2410
2383
2305
2331
2335
2264
2369
2307
2335
2232
2347
2305
2403
2292
2272
2241
2335
2214
2224
2156
2155
2075
2161
2212
2152
2117
2184
2141
1983
1925
1796
1819
1783
1710
1705
1681
1683
1700
1595
1632
1725
1582
1602
1693
1668
1663
1641
1729
1702
1659
1644
1656
1636
1536
1576
1584
1590
1626
1674
1629
1695
1714
1702
1828
1756
1944
1847
1919
2027
2060
2138
2171
2063
2214
2157
2133
2228
2253
2272
2298
2251
2330
2195
2298
2342
2278
2316
2383
2290
2358
2322
2265
2432
2330
2341
2365
2319
2355
2396
2332
2299
2392
2298
2354
2283
2340
2343
2329
2295
2321
2364
2401
2444
2400
2340
2424
2409
2413
2403
2397
2341
2378
2375
2354
2410
2367
2429
2350
2318
2443
2484
2304
2378
2367
2317
2347
2385
2345
2443
2420
2409
2367
2321
2410
2433
2364
2377
2437
2424
2361
2391
2441
2407
2397
2377
2293
2478
2397
2345
2352
2372
2288
2391
2435
2372
2414
2392
2384
2309
2390
2410
2472
2403
2345
2461
2357
2365
2390
2413
2414
2426
2459
2347
2337
2434
2375
2369
2401
2447
2404
2390
2425
2369
2417
2423
2390
2430
2330
2368
2444
2369
2482
2418
2424
2370
2386
2392
2373
2472
2407
2438
2400
2403
2485
2442
2425
2325
2355
2349
2398
2411
2429
2315
2428
2449
2455
2425
2371
2427
2371
2381
2337
2422
2432
2418
2387
2356
2385
2440
2398
2438
2410
2419
2442
2387
2337
2345
2376
2343
2395
2326
2367
2365
2514
2476
2348
2393
2370
2475
2435
2414
2360
2410
2355
2457
2323
2406
2448
2494
2366
2317
2311
2369
2434
2334
2351
2479
2352
2458
2412
2462
2385
2546
2479
2473
2372
2400
2376
2424
2439
2432
2433
2457
2520
2414
2316
2490
