2326
2371
2288
2262
2385
2315
2272
2336
2343
2351
2343
2275
2315
2320
2250
2322
2369
2276
2337
2387
2402
2336
2375
2297
2376
2328
2300
2333
2310
2352
2351
2263
2258
2327
2251
2311
2342
2339
2406
2311
2293
2336
2284
2204
2264
2333
2294
2280
2304
2231
2209
2257
2418
2256
2184
2244
2350
2317
2259
2219
2186
2200
2211
2093
2210
1999
2069
2004
1892
1929
1945
1844
1883
1838
1894
1790
1756
1881
1753
1704
1768
1732
1766
1781
1729
1735
1800
1743
1764
1792
1808
1832
1834
1871
1919
1929
1907
1890
1888
1928
2011
2027
1992
2077
2050
2065
2092
2058
2023
2117
2086
2106
2220
2234
2179
2186
2173
2187
2221
2206
2218
2280
2245
2215
2209
2253
2185
2238
2248
2221
2182
2177
2235
2283
2269
2230
2235
2187
2153
2118
2065
2027
1986
1911
2022
1887
1877
1798
1804
1787
1740
1832
1824
1737
1846
1855
1688
1791
1835
1924
1979
1955
1945
2002
2093
2062
2016
2022
2096
2214
2064
2115
2064
2143
2177
2198
2160
2246
2253
2248
2208
2240
2280
2266
2220
2293
2334
2274
2290
2255
2266
2336
2303
2169
2282
2206
2319
2271
2302
2278
2287
2241
2290
2214
2238
2323
2266
2192
2234
2258
2188
2210
2159
2047
2010
2030
1931
1930
1931
1872
1870
1892
1987
1931
1862
1989
1996
1993
2122
2096
2042
2188
2215
2202
2259
2268
2173
2248
2289
2333
2372
2318
2278
2320
2280
2279
2360
2270
2329
2237
2324
2310
2257
2315
2337
2243
2265
2201
2202
2280
2163
2141
2187
2121
2176
2044
2015
1999
1990
1907
1940
1980
1936
1876
1776
1910
1922
1873
1913
1980
2065
2183
2165
2099
2174
2223
2294
2242
2218
2288
2189
2277
2294
2230
2173
2217
2328
2265
2262
2248
2333
2287
2301
2153
2206
2279
2256
2272
2412
2312
2344
2199
2209
2310
2240
2229
2243
2187
2207
2195
2248
2220
2205
2207
2012
2166
2086
2055
2094
2096
2050
2018
1955
2003
1936
1916
1854
1844
1814
1789
1795
1797
1768
1825
1795
1833
1765
1792
1793
1910
1944
1999
1967
2078
2060
2151
2111
2168
2270
2226
2210
2292
2178
2302
2260
2262
2159
2294
2215
2224
2303
2226
2283
2222
2304
2216
2186
2309
2232
2225
2193
2191
2228
2222
2081
2215
2157
2108
2126
2063
2075
2054
2076
2009
2083
2027
1930
1924
1896
1897
1860
1886
1868
1806
1889
1765
1774
1797
1711
1772
1749
1714
1703
1722
1745
1759
1646
1777
1776
1759
1804
1903
1862
1918
1931
1989
2071
2094
2072
2080
2074
2236
2141
2300
2184
2271
2164
2244
2228
2293
2313
2309
2315
2285
2323
2336
2246
2255
2409
2342
2358
2229
2322
2361
2305
2285
2381
2308
2271
2435
2337
2243
2340
2310
2277
2310
2332
2265
2297
2278
2333
2293
2315
2369
2334
2304
2242
2246
2293
2299
2371
2298
2458
2303
2342
2309
2279
2266
2289
2287
2335
2274
2368
2366
2290
2368
2327
2352
2210
2383
2326
2294
2400
2386
2222
2354
2326
2392
2314
2353
2317
2199
2322
2348
2331
2243
2290
2289
2301
2318
2467
2302
2348
2313
2339
2342
2392
2386
2367
2313
2369
2229
2375
2349
2286
2338
2321
2324
2347
2326
2256
2370
2404
2395
2386
2341
2371
2348
2237
2320
2441
2356
2427
2336
2342
2332
2298
2222
2397
2282
2347
2283
2258
2299
2279
2367
2331
2438
2328
2311
2252
2294
2304
2296
2320
2273
2273
2337
2376
2234
2315
2344
2262
2234
2284
2223
2213
2296
2235
2158
2148
2162
2233
2075
2088
2060
2003
1951
1917
1921
1826
1839
1734
1720
1731
1710
1731
1771
1679
1734
1692
1730
1741
1717
1705
1774
1761
1813
1808
1825
1845
1829
1867
1916
1940
1987
1917
1995
1959
2034
2056
2053
2134
2097
2134
2197
2153
2302
2148
2198
2174
2117
2221
2248
2243
2304
2174
2196
2307
2206
2163
2219
2204
2330
2301
2288
2251
2192
2199
2235
2224
2238
2135
2162
2192
2110
2034
2136
2095
1975
1949
1942
1878
1862
1806
1772
1786
1767
1810
1789
1765
1784
1835
1743
1793
1838
1832
1880
1903
1914
1971
1959
2038
2032
2104
2001
2122
2179
2198
2141
2164
2232
2253
2169
2281
2231
2196
2206
2290
2253
2298
2340
2266
2213
2320
2195
2177
2239
2360
2381
2209
2443
2197
2263
2282
2284
2267
2311
2314
2274
2263
2266
2231
2197
2178
2315
2141
2145
2158
2095
2134
2104
1950
1988
1940
1916
1864
1869
1873
1892
1837
1816
1928
1904
1956
2029
1990
2098
2067
2200
2135
2115
2231
2317
2185
2250
2254
2257
2316
2307
2307
2343
2228
2285
2184
2443
2286
2412
2321
2363
2367
2307
2222
2290
2213
2280
2161
2142
2150
2229
2159
2122
2131
1999
2065
1863
1957
1972
1847
1972
1870
1882
1848
2019
1852
1899
1984
1970
2028
2058
2080
2173
2165
2188
2205
2228
2282
2203
2297
2302
2328
2323
2297
2279
2263
2268
2361
2277
2253
2272
2243
2372
2328
2355
2278
2280
2276
2183
2298
2263
2254
2286
2222
2169
2242
2201
2237
2151
2163
2195
2122
2073
2054
2095
2131
2063
1987
1969
1941
1997
1917
1887
1934
1860
1882
1816
1795
1755
1744
1752
1825
1726
1859
1749
1840
1766
1819
1840
1866
1963
1968
2061
2088
2096
2162
2116
2121
2188
2271
2243
2209
2213
2192
2251
2208
2257
2295
2266
2178
2267
2230
2169
2156
2172
2195
2202
2226
2208
2180
2160
2148
2249
2108
2090
2126
2045
2072
2048
2077
2086
2037
2025
1999
1964
2029
1869
1844
1902
1926
1826
1889
1805
1808
1801
1831
1773
1779
1800
1788
1695
1707
1639
1742
1669
1727
1788
1762
1833
1821
1828
1831
1846
1890
1987
2092
2053
2073
2073
2060
2186
2139
2278
2200
2269
2293
2275
2357
2351
2240
2297
2290
2262
2250
2335
2346
2296
2319
2325
2312
2316
2276
2372
2341
2229
2271
2346
2305
2338
2319
2344
2309
2389
2296
2374
2245
2308
2226
2312
2357
2417
2379
2415
2373
2327
2364
2315
2301
2227
2420
2342
2312
2356
2330
2308
2311
2318
2364
2416
2310
2292
2313
2285
2357
