2130
2173
2082
2160
2106
2125
2110
2149
2164
2210
2151
2138
2183
2209
2076
2107
2096
2056
2220
2184
2187
2199
2080
2094
2131
2117
2148
2106
2088
2118
2047
2158
2118
2250
2192
2074
2151
2223
2123
2168
2101
2134
2116
2188
2152
2112
2231
2123
2111
2090
2102
2172
2131
2133
2192
2133
2116
2071
2157
2197
2053
2176
2190
2090
2124
2096
2182
2198
2103
2073
2174
2227
2188
2122
2133
2094
2142
2175
2107
2113
2137
2099
2095
2106
2127
2114
2123
2169
2138
2076
2189
2112
2095
2108
2143
2095
2108
2088
2132
2137
2170
2153
2175
2086
2067
2080
2187
2123
2101
2176
2079
2085
2062
2167
2190
2151
2177
2153
2151
2123
2245
2137
2128
2109
2140
2167
2098
2074
2141
2125
2178
2071
2121
2069
2124
2153
2115
2183
2181
2079
2133
2088
2142
2112
2106
2217
2165
2111
2129
2098
2150
2154
2135
2191
2157
2200
2044
2096
2097
2141
2069
2163
2098
2181
2071
2164
2110
2077
2135
2118
2051
2128
2048
2133
2236
2053
2182
2156
2135
2110
2160
2100
2174
2124
2086
2110
2122
2074
2188
2163
2104
2112
2055
2082
2100
2054
2054
2122
2072
2138
2107
2039
2102
2041
1985
2022
2063
2098
2098
2051
1999
2053
2095
2018
1984
2036
1957
1991
1991
1955
1958
1989
1902
1935
1931
1914
1843
1860
1751
1777
1657
1667
1616
1611
1551
1573
1501
1415
1444
1494
1387
1440
1431
1491
1471
1458
1586
1550
1604
1461
1522
1435
1453
1453
1435
1469
1439
1469
1547
1434
1480
1467
1514
1641
1656
1731
1702
1675
1715
1831
1807
1830
1974
1921
1931
1933
2002
2007
1936
2061
2032
2088
2000
1994
1944
2016
2047
2132
2125
2060
2075
2117
2125
2067
2052
2028
2100
2057
2066
2120
2110
2060
2120
2155
2112
2064
2077
2045
2166
2101
2043
2221
2132
2124
2099
2064
2098
2115
2097
2105
2092
2125
2039
2104
2098
2127
2093
2101
2093
2101
2103
2137
2167
2081
2094
2144
2185
2125
2095
2096
2110
2177
2182
2080
2118
2165
2179
2113
2062
2109
2104
2133
2041
2173
2083
2166
2102
2179
2162
2152
2160
2104
2104
2147
2118
2171
2145
2174
2040
2087
2193
2074
2064
2202
2204
2112
2060
2132
2165
2179
2156
2114
2160
2094
2203
2030
2131
2160
2105
2102
2098
2118
2086
2217
2155
2095
2071
2092
2138
2032
2070
2107
2112
2126
2136
2180
2096
2121
2208
2221
2102
2116
2182
2182
2177
2151
2160
2177
2140
2055
2103
2094
2210
2099
2143
2161
2108
2167
2162
2026
2173
2081
2159
2169
2110
2111
2155
2200
2124
2100
2150
2131
2081
2147
2117
2193
2107
2080
2183
2159
2102
2155
2060
2095
2169
2132
2113
2178
2184
2179
2115
2164
2137
2147
2134
2144
2160
2207
2163
2133
2188
2197
2075
2176
2134
2179
2182
2224
2167
2117
2141
2186
2185
2131
2108
2192
2142
2212
2089
2138
2208
2291
2087
2167
2099
2133
2123
2174
2114
2127
2138
2146
2076
2085
2108
2090
2039
2167
2147
2112
2151
2088
2188
2156
2217
2084
2058
2137
2118
2198
2152
2107
2167
2140
2169
2077
2107
2029
2198
2149
2129
2203
2116
2192
2145
2143
2128
2185
2030
2119
2149
2111
2206
2225
2095
2186
2144
2131
2054
2094
2114
2168
2139
2146
2125
2099
2162
2172
2127
2123
2115
2109
2202
2164
2166
2179
2147
2173
2133
2175
2136
2039
2092
2073
2139
2194
2067
2150
2118
2188
2201
2118
2163
2219
2158
2193
2190
2099
2160
2140
2079
2089
2036
2147
2192
2069
2074
2195
2150
2087
2115
2124
2142
2058
2085
2082
2018
2091
2154
2144
2043
2080
2057
2123
2128
2080
2204
2146
2084
2103
2147
2157
2127
2099
2240
2121
2199
2187
2100
2162
2144
2173
2125
2100
2103
2096
2168
2196
2125
2104
2093
2120
2109
2101
2125
2168
2129
2154
2190
2116
2134
2179
2151
2197
2177
2173
2182
2081
2183
2188
2163
2074
2177
2180
2156
2062
2158
2109
2149
2169
2026
2059
2131
2115
2086
2195
2182
2161
2079
2157
2019
2173
2073
2084
2067
2116
2146
2163
2097
2141
2214
2093
2102
2116
2112
2143
2001
2107
2172
2079
2220
2151
2104
2073
2106
2201
2137
2002
2134
2102
2117
2186
2113
2088
2090
2117
2114
2058
2158
2191
2111
2080
2113
2076
2054
2180
2001
2095
2032
2112
2121
1977
2074
2126
2115
2121
2044
2093
2075
1929
1985
2004
2011
2046
2008
2054
1930
1938
1883
1879
1926
1946
1881
1773
1785
1681
1707
1663
1623
1575
1565
1464
1567
1424
1483
1450
1485
1449
1460
1436
1551
1482
1438
1493
1431
1546
1567
1543
1479
1486
1574
1420
1434
1370
1429
1476
1451
1452
1496
1633
1676
1594
1606
1773
1775
1920
1825
1802
1930
1893
1860
1973
2060
1982
2076
2035
2046
2004
2000
2088
2120
2027
2055
2044
2025
2049
2148
2065
2123
2058
1988
2045
2175
2125
2099
2039
2047
2081
2146
2141
2053
2111
2047
2072
2092
2148
2028
2115
2026
2111
2050
2035
2118
2143
2155
2222
2158
2079
2041
2141
2128
2009
2157
2146
2171
2114
2113
2217
2134
2183
2101
2135
2115
2070
2102
2151
2151
2102
2109
2061
2151
2158
2084
2060
2155
2120
2117
2097
2096
2070
2164
2138
2161
2102
2149
2141
2156
2101
2094
2076
2104
2009
2154
2128
2076
2176
2202
2171
2053
2157
2123
2138
2125
2070
2096
2227
2175
2136
2079
2092
2035
2080
2112
2082
2103
2009
2148
2140
2186
2140
2089
2164
2073
2112
2173
2165
2169
2156
2117
2133
2137
2089
2119
2135
2152
2139
2150
2151
2052
2194
2103
2085
2088
2192
2109
2089
2131
2171
2114
2120
2144
2187
2170
2171
2094
2169
2096
2092
2125
2151
2118
2157
2215
2141
2140
2182
2114
2152
2071
2174
2156
2138
2159
2214
2127
2060
2090
2205
2140
2102
2151
2158
2136
2119
2092
2084
2163
2109
2150
2127
2185
2249
2127
2120
2213
2145
2152
2158
2174
2139
2207
2192
2217
2232
2153
2094
2161
2074
2097
2032
2195
2081
2206
2165
2162
2147
2122
2124
2149
2199
2120
2120
2198
