2319
2368
2255
2353
2303
2254
2287
2389
2306
2400
2270
2341
2313
2331
2376
2337
2240
2412
2285
2205
2259
2271
2288
2336
2337
2341
2342
2316
2322
2363
2284
2292
2247
2373
2321
2215
2259
2390
2462
2340
2294
2344
2300
2356
2315
2375
2311
2287
2350
2274
2216
2201
2199
2321
2348
2432
2320
2220
2328
2224
2229
2207
2164
2168
2086
2119
2020
1991
1977
1906
1872
1905
1926
1882
1863
1808
1742
1791
1708
1772
1701
1740
1732
1805
1755
1769
1750
1829
1768
1739
1781
1849
1862
1832
1813
1916
1872
1986
1962
1927
1911
2035
2000
2009
1987
2017
2076
2106
2083
2145
2131
2118
2146
2088
2079
2130
2215
2261
2131
2154
2190
2207
2199
2233
2247
2223
2197
2205
2213
2255
2244
2175
2253
2196
2189
2227
2173
2151
2099
2112
1982
2137
2073
1906
1952
1873
1785
1704
1767
1743
1781
1781
1733
1736
1809
1793
1808
1832
1872
1812
1945
1873
1971
1957
1910
2086
2068
2024
2035
2086
2082
2198
2211
2134
2128
2157
2192
2254
2242
2292
2211
2198
2236
2256
2255
2226
2269
2261
2305
2354
2258
2295
2281
2287
2330
2217
2303
2302
2280
2255
2324
2205
2272
2203
2327
2200
2157
2143
2177
2222
2149
2086
2095
2068
2062
1962
1991
1952
1849
1922
1918
1955
1811
1880
1897
1955
1983
2002
2005
2043
2079
2186
2127
2140
2128
2248
2244
2256
2233
2338
2239
2175
2191
2364
2339
2254
2372
2284
2283
2253
2262
2198
2289
2249
2326
2373
2229
2215
2249
2212
2154
2226
2053
2110
2113
2054
2061
2016
2033
1938
1887
1934
1763
1820
1843
1858
1928
1888
1921
2077
2017
1988
2165
2138
2104
2095
2169
2200
2197
2247
2255
2346
2215
2283
2252
2302
2218
2336
2279
2311
2262
2252
2309
2346
2280
2247
2269
2233
2297
2304
2287
2291
2221
2290
2294
2308
2218
2254
2263
2196
2181
2194
2244
2137
2144
2049
2084
2053
2070
2002
2034
2023
1937
2027
1893
1848
1841
1777
1777
1797
1757
1798
1710
1732
1803
1722
1850
1773
1820
1885
1907
1983
2044
1997
2070
2063
2121
2147
2167
2198
2186
2200
2239
2185
2276
2288
2223
2239
2276
2272
2218
2248
2258
2197
2216
2197
2298
2222
2124
2162
2268
2251
2185
2163
2131
2206
2154
2110
2050
2136
2097
2044
2118
1958
1980
2002
1920
1818
1935
1920
1881
1832
1846
1729
1785
1827
1757
1707
1681
1756
1681
1586
1756
1758
1749
1709
1696
1818
1800
1725
1784
1826
1855
1853
1866
1977
2073
2103
2120
2118
2126
2129
2149
2226
2228
2203
2248
2234
2226
2290
2209
2330
2237
2337
2358
2288
2287
2395
2380
2303
2379
2241
2346
2292
2373
2251
2287
2322
2342
2288
2290
2379
2347
2339
2308
2332
2264
2283
2308
2294
2341
2292
2264
2252
2258
2322
2240
2356
2306
2336
2370
2309
2270
2298
2345
2325
2405
2337
2368
2284
2289
2349
2408
2386
2328
2271
2273
2310
2358
2342
2357
2305
2318
2352
2292
2271
2358
2357
2337
2419
2267
2293
2349
2349
2302
2217
2241
2324
2354
2338
2346
2279
2316
2281
2318
2405
2264
2346
2347
2357
2314
2319
2266
2360
2352
2343
2354
2371
2295
2349
2275
2331
2294
2333
2318
2341
2408
2258
2409
2343
2281
2326
2344
2291
2227
2391
2283
2209
2320
2273
2289
2330
2302
2355
2302
2242
2288
2341
2318
2272
2342
2344
2270
2293
2283
2302
2216
2276
2283
2346
2234
2380
2279
2325
2291
2260
2272
2266
2227
2215
2145
2144
2184
2172
2045
2012
1942
1885
1892
1877
1817
1725
1821
1717
1724
1658
1709
1776
1746
1663
1749
1702
1758
1755
1751
1825
1834
1774
1751
1808
1833
1942
1878
1888
1933
1901
1968
1891
2052
2061
2037
2103
2073
2023
2123
2157
2118
2082
2146
2165
2243
2206
2158
2184
2223
2173
2263
2243
2196
2241
2117
2348
2262
2186
2254
2215
2183
2155
2190
2185
2220
2209
2188
2150
2255
2084
2123
2128
2086
1985
1998
1958
1990
1788
1817
1777
1781
1716
1786
1817
1730
1748
1824
1720
1754
1824
1879
1863
1880
1897
1859
1975
2063
2038
2105
2003
2083
2127
2140
2145
2199
2155
2151
2172
2263
2231
2242
2260
2197
2249
2247
2361
2267
2231
2284
2265
2372
2259
2217
2121
2289
2324
2272
2181
2225
2309
2229
2315
2332
2195
2318
2250
2204
2201
2248
2206
2190
2217
2121
2044
2102
2079
1988
1960
1919
1985
1867
1810
1807
1770
1889
1915
1908
1927
2020
1979
2034
2176
2148
2195
2259
2159
2219
2196
2134
2372
2173
2342
2309
2226
2207
2332
2312
2256
2247
2306
2274
2274
2267
2279
2304
2283
2321
2192
2217
2267
2226
2165
2247
2207
2088
2057
2051
2086
2004
1996
1946
1954
1915
1797
1867
1825
1890
1861
1877
1868
2011
1990
2098
2061
2131
2201
2167
2218
2145
2169
2238
2270
2123
2250
2228
2200
2211
2258
2248
2297
2289
2272
2289
2269
2314
2297
2299
2241
2243
2224
2317
2246
2270
2225
2206
2223
2169
2259
2204
2224
2251
2200
2169
2162
2142
2127
2113
2041
2024
1940
1968
1964
1947
1922
1871
1923
1915
1816
1814
1791
1829
1811
1753
1784
1774
1791
1841
1762
1779
1790
1863
1872
1828
1950
2014
2023
2046
2088
2106
2118
2175
2189
2264
2218
2189
2232
2127
2234
2179
2279
2230
2208
2229
2315
2196
2267
2290
2241
2187
2210
2151
2216
2182
2101
2189
2104
2184
2041
2089
2028
2011
1973
2047
1998
2025
1927
1931
1874
1986
1941
1915
1852
1852
1828
1830
1774
1802
1818
1788
1705
1753
1721
1672
1679
1689
1737
1709
1738
1767
1719
1711
1845
1744
1795
1942
1911
1996
1912
2040
2044
2148
2069
2234
2196
2244
2258
2247
2223
2217
2259
2213
2206
2345
2235
2292
2268
2382
2315
2199
2290
2291
2265
2296
2260
2280
2335
2290
2358
2335
2362
2363
2350
2397
2318
2325
2303
2336
2417
2280
2312
2365
2288
2342
2271
2345
2310
2268
2305
2319
2273
2256
2316
2347
2292
2293
2345
2241
2301
2314
2301
2424
2333
2366
2275
2311
2351
2366
