2736
2791
2733
2679
2741
2674
2848
2738
2847
2656
2846
2786
2595
2751
2742
2733
2619
2764
2720
2752
2713
2638
2708
2678
2797
2715
2754
2729
2700
2758
2684
2699
2721
2769
2657
2758
2687
2743
2737
2650
2803
2735
2647
2703
2753
2847
2657
2708
2727
2734
2763
2700
2614
2719
2645
2654
2637
2729
2611
2763
2619
2676
2589
2629
2440
2379
2434
2457
2270
2261
2280
2234
2188
2257
2115
2130
2136
2116
2077
2087
2067
2079
2041
2038
2085
2086
2100
2116
2066
2113
2093
2180
2061
2195
2149
2202
2268
2223
2290
2253
2204
2261
2408
2308
2298
2377
2445
2495
2456
2442
2554
2437
2582
2644
2586
2500
2664
2610
2504
2677
2622
2616
2646
2663
2626
2676
2653
2686
2550
2683
2559
2618
2652
2580
2560
2585
2650
2509
2516
2478
2484
2353
2334
2344
2276
2280
2161
2110
2191
2141
2111
2218
2098
2099
2038
2168
2212
2131
2221
2256
2280
2252
2269
2273
2343
2348
2375
2401
2428
2458
2458
2441
2493
2583
2648
2647
2651
2535
2586
2583
2627
2715
2648
2705
2591
2619
2623
2700
2616
2742
2593
2719
2633
2603
2676
2686
2736
2740
2626
2663
2606
2663
2541
2641
2636
2649
2615
2580
2616
2595
2621
2502
2526
2474
2384
2373
2311
2332
2258
2216
2266
2177
2260
2272
2282
2360
2271
2397
2354
2389
2442
2541
2574
2537
2616
2586
2534
2638
2606
2597
2676
2719
2555
2702
2667
2707
2723
2649
2755
2672
2611
2715
2757
2721
2713
2623
2591
2624
2637
2547
2565
2580
2548
2502
2514
2337
2412
2359
2392
2268
2276
2241
2193
2244
2214
2266
2222
2196
2282
2320
2417
2333
2405
2574
2539
2544
2639
2629
2651
2602
2644
2658
2675
2678
2657
2740
2689
2705
2714
2652
2747
2650
2727
2705
2724
2701
2636
2696
2733
2702
2662
2641
2695
2650
2720
2661
2607
2572
2641
2579
2544
2544
2571
2613
2538
2432
2464
2376
2388
2378
2326
2366
2271
2293
2130
2136
2167
2110
2219
2225
2133
2057
2148
2106
2134
2079
2171
2167
2242
2235
2256
2330
2308
2312
2474
2474
2484
2633
2574
2570
2635
2669
2620
2569
2595
2673
2502
2578
2606
2638
2653
2611
2600
2527
2640
2598
2653
2564
2538
2592
2536
2509
2617
2521
2555
2545
2529
2448
2507
2461
2441
2431
2378
2391
2300
2426
2244
2299
2219
2182
2299
2092
2139
2170
2109
2120
1982
2080
2079
2071
2040
2004
2057
2030
2160
2080
1998
2170
2104
2125
2211
2295
2252
2230
2299
2357
2373
2425
2490
2530
2566
2565
2612
2551
2604
2704
2708
2596
2719
2657
2740
2712
2716
2701
2700
2652
2668
2676
2805
2691
2652
2786
2751
2710
2724
2725
2734
2717
2728
2665
2614
2752
2711
2671
2821
2751
2741
2684
2751
2801
2673
2665
2616
2830
2774
2763
2700
2746
2832
2799
2713
2742
2680
2731
2806
2701
2759
2802
2773
2815
2728
2799
2679
2645
2753
2753
2746
2723
2739
2637
2731
2729
2764
2764
2771
2784
2760
2768
2823
2800
2722
2829
2841
2796
2682
2677
2780
2725
2738
2733
2791
2683
2577
2623
2653
2687
2695
2710
2692
2890
2772
2752
2716
2755
2779
2758
2661
2726
2670
2734
2710
2674
2735
2750
2730
2687
2692
2758
2726
2676
2753
2686
2648
2747
2775
2741
2744
2792
2683
2563
2764
2743
2721
2737
2691
2663
2737
2734
2714
2671
2649
2613
2753
2700
2699
2737
2687
2749
2688
2566
2608
2710
2781
2744
2654
2610
2577
2669
2710
2640
2665
2633
2476
2484
2505
2566
2384
2362
2355
2219
2223
2131
2110
2088
2130
1941
2093
2079
2056
2064
2136
1965
1985
2092
2070
2042
2202
2153
2119
2143
2115
2154
2112
2237
2232
2221
2280
2324
2345
2286
2310
2456
2382
2448
2449
2509
2444
2499
2566
2577
2554
2509
2621
2639
2661
2641
2670
2592
2650
2724
2666
2640
2605
2615
2717
2645
2641
2626
2598
2580
2571
2532
2592
2575
2475
2432
2394
2448
2411
2439
2270
2299
2244
2261
2160
2123
2080
2083
2144
2123
2096
2079
2136
2120
2052
2103
2176
2230
2207
2190
2339
2244
2386
2410
2465
2460
2448
2438
2517
2550
2533
2669
2555
2500
2609
2548
2585
2698
2565
2567
2666
2686
2652
2643
2675
2672
2573
2640
2685
2631
2618
2625
2706
2680
2704
2714
2683
2661
2566
2688
2591
2587
2709
2619
2647
2625
2517
2534
2499
2511
2403
2345
2346
2297
2244
2225
2187
2190
2231
2091
2229
2189
2246
2279
2330
2394
2344
2401
2473
2535
2584
2555
2560
2646
2528
2720
2566
2604
2707
2639
2702
2645
2611
2660
2655
2721
2744
2666
2735
2726
2643
2650
2615
2665
2675
2703
2510
2524
2560
2529
2433
2433
2466
2394
2372
2374
2364
2252
2241
2172
2242
2279
2197
2157
2256
2330
2258
2372
2481
2472
2509
2533
2620
2566
2585
2637
2659
2663
2667
2660
2692
2786
2693
2604
2643
2633
2666
2681
2694
2614
2678
2563
2631
2755
2774
2636
2616
2648
2665
2612
2612
2694
2663
2525
2597
2570
2675
2628
2584
2472
2447
2563
2493
2428
2373
2360
2482
2377
2298
2253
2275
2197
2209
2127
2156
2156
2081
2102
2223
2179
2100
2099
2201
2175
2157
2134
2216
2274
2235
2292
2361
2474
2507
2514
2485
2591
2649
2547
2567
2645
2619
2623
2624
2605
2644
2633
2607
2625
2672
2617
2572
2576
2553
2544
2577
2581
2547
2604
2574
2557
2501
2517
2479
2479
2414
2344
2361
2367
2317
2345
2322
2288
2302
2297
2267
2182
2210
2196
2168
2297
2216
2132
2177
2156
1978
2099
2075
1992
2099
2037
2041
1961
2063
2057
2085
2075
2069
2128
2141
2217
2221
2222
2262
2325
2379
2409
2495
2463
2416
2683
2660
2569
2582
2623
2614
2621
2652
2656
2705
2682
2674
2673
2678
2704
2719
2736
2700
2731
2642
2764
2744
2609
2720
2654
2833
2778
2772
2686
2736
2634
2694
2699
2765
2786
2713
2764
2705
2764
2714
2824
2825
2692
2818
2796
2690
2778
2728
2706
2759
2661
2750
2651
2638
2768
2751
2723
2721
2793
2726
2736
2761
2759
2732
