2294
2276
2338
2240
2323
2338
2383
2384
2328
2317
2402
2280
2331
2301
2279
2212
2303
2307
2289
2376
2323
2316
2315
2408
2345
2292
2309
2326
2289
2321
2305
2249
2338
2324
2356
2351
2335
2279
2346
2327
2349
2378
2222
2290
2319
2225
2297
2322
2267
2333
2259
2275
2258
2314
2361
2349
2224
2275
2272
2167
2268
2262
2259
2169
2157
2191
2021
1994
1978
1952
1958
1968
1902
1848
1840
1856
1857
1795
1776
1786
1825
1703
1753
1708
1736
1805
1727
1750
1771
1811
1785
1773
1828
1794
1827
1823
1844
1874
1883
1889
1987
1895
2024
2064
2084
1950
2036
2014
2102
2117
2092
2196
2104
2130
2153
2213
2188
2201
2210
2200
2161
2273
2236
2252
2237
2232
2276
2252
2219
2248
2307
2220
2240
2182
2163
2209
2180
2150
2146
2016
2096
2044
1948
1988
1930
1848
1833
1846
1803
1803
1833
1789
1787
1787
1809
1809
1804
1766
1858
1911
1888
1877
1958
2053
1969
2047
1976
1940
2007
2060
2093
2093
2130
2261
2188
2189
2149
2208
2217
2228
2221
2284
2243
2258
2239
2273
2343
2233
2249
2310
2366
2262
2307
2309
2239
2294
2193
2199
2279
2297
2219
2357
2234
2200
2325
2359
2325
2239
2217
2114
2152
2138
2113
2012
2038
1968
1971
1941
1880
1815
1887
1902
1863
1890
1892
1919
1903
1922
1998
2084
2213
2092
2186
2139
2241
2287
2163
2277
2308
2287
2263
2276
2248
2284
2267
2265
2242
2241
2255
2209
2382
2285
2332
2272
2228
2228
2335
2229
2216
2222
2275
2208
2103
2140
2073
2050
1960
1995
2008
1954
1903
1907
1892
1804
1881
1871
1879
1919
1981
2036
2093
2135
2150
2150
2233
2200
2269
2275
2205
2349
2212
2282
2291
2313
2289
2346
2255
2275
2274
2289
2221
2290
2264
2321
2267
2314
2224
2286
2309
2243
2309
2295
2249
2269
2202
2245
2264
2218
2265
2158
2151
2184
2205
2162
2127
2091
2137
2050
2077
2016
1926
2072
1883
1863
1854
1918
1803
1723
1806
1934
1835
1721
1737
1798
1783
1849
1732
1800
1925
1977
1961
1964
2039
2036
2109
2141
2172
2232
2200
2239
2197
2192
2210
2299
2228
2380
2232
2267
2278
2227
2190
2228
2227
2269
2159
2265
2161
2176
2092
2171
2135
2172
2226
2213
2108
2106
2066
2079
2130
2016
1995
2015
2030
2037
2037
2019
1947
1874
1953
1836
1789
1803
1861
1802
1761
1796
1728
1841
1752
1763
1746
1763
1687
1770
1743
1749
1690
1794
1784
1730
1849
1804
1922
1916
1931
2022
2019
2148
2084
2096
2175
2262
2268
2240
2255
2314
2190
2324
2230
2259
2244
2312
2340
2257
2315
2346
2241
2259
2269
2413
2300
2311
2394
2340
2310
2369
2327
2241
2282
2322
2445
2340
2278
2388
2311
2330
2270
2283
2387
2320
2342
2360
2273
2343
2339
2410
2476
2367
2347
2364
2372
2366
2308
2300
2255
2302
2281
2282
2365
2421
2280
2368
2351
2391
2328
2346
2269
2297
2308
2316
2383
2374
2363
2354
2387
2360
2284
2337
2381
2447
2287
2318
2203
2307
2284
2277
2315
2331
2309
2398
2270
2342
2199
2302
2287
2426
2425
2325
2397
2293
2314
2305
2231
2321
2244
2243
2357
2351
2169
2304
2328
2205
2407
2391
2201
2344
2345
2336
2330
2372
2416
2387
2351
2285
2361
2301
2353
2354
2249
2261
2271
2297
2284
2340
2274
2340
2235
2302
2386
2389
2239
2350
2316
2427
2269
2397
2350
2331
2258
2251
2334
2275
2335
2227
2287
2285
2266
2292
2247
2343
2246
2228
2223
2103
2123
2079
2006
2013
1986
1882
1829
1921
1815
1783
1837
1766
1742
1734
1750
1747
1702
1752
1730
1719
1689
1730
1723
1765
1807
1825
1839
1867
1848
1848
1874
1949
1982
1878
1960
1959
2005
2023
2041
2043
2100
2066
2156
2134
2119
2114
2169
2132
2219
2171
2194
2128
2273
2201
2230
2271
2236
2206
2218
2080
2249
2197
2241
2237
2185
2232
2237
2238
2187
2147
2140
2182
2173
2032
2115
2063
1978
1938
1956
1794
1845
1822
1821
1813
1714
1749
1814
1735
1784
1719
1727
1816
1841
1879
1931
1907
1909
1928
2062
2089
1947
1983
2036
2122
2145
2137
2122
2194
2127
2183
2173
2182
2351
2368
2292
2316
2256
2250
2281
2292
2245
2253
2266
2203
2232
2320
2235
2279
2277
2352
2290
2268
2220
2326
2237
2225
2266
2270
2231
2256
2182
2202
2248
2189
2173
2183
2084
2094
2026
2036
1944
1941
1972
1918
1888
1886
1844
1827
1861
1912
1924
2025
2072
2088
2090
2185
2186
2186
2215
2243
2258
2244
2200
2243
2293
2261
2312
2255
2311
2267
2270
2277
2342
2401
2231
2329
2173
2279
2281
2214
2169
2199
2260
2235
2122
2156
1999
2092
2136
2054
2014
1951
1969
1926
1906
1932
1893
1894
1834
1801
1912
1907
1931
1983
2098
2156
2101
2271
2150
2239
2303
2281
2258
2246
2303
2222
2252
2239
2206
2334
2252
2304
2277
2281
2303
2292
2256
2228
2240
2311
2230
2274
2230
2268
2284
2302
2152
2296
2288
2195
2163
2159
2257
2133
2102
2235
2112
2087
2148
2044
2069
1989
1989
2009
1901
1942
1903
1895
1867
1768
1843
1831
1840
1736
1753
1723
1777
1732
1747
1753
1778
1828
1808
1862
1907
1955
2012
2015
2144
2099
2103
2173
2175
2231
2204
2208
2227
2201
2183
2198
2227
2283
2209
2245
2226
2155
2223
2157
2080
2161
2160
2232
2160
2157
2140
2114
2122
2180
2140
2079
2114
2112
2088
2017
2002
1903
2024
1958
1956
1908
1897
1842
1942
1865
1866
1819
1808
1874
1807
1827
1684
1680
1771
1871
1728
1636
1728
1793
1714
1744
1672
1784
1779
1782
1852
1830
1898
1938
1854
1950
2042
2056
2131
2246
2171
2189
2196
2143
2330
2210
2305
2229
2276
2219
2350
2290
2279
2226
2320
2308
2297
2344
2250
2251
2286
2326
2295
2326
2312
2322
2173
2345
2285
2323
2364
2387
2315
2270
2281
2300
2293
2324
2294
2330
2293
2334
2220
2353
2359
2351
2401
2302
2286
2313
2299
2303
2380
2356
2267
2365
2375
2315
2430
2277
2252
2327
2412
2289
2303
