2342
2333
2357
2327
2351
2337
2284
2398
2339
2368
2310
2393
2282
2305
2305
2366
2357
2347
2430
2315
2318
2283
2320
2373
2321
2323
2335
2319
2402
2304
2326
2332
2260
2237
2298
2291
2341
2267
2276
2362
2405
2276
2369
2331
2280
2312
2343
2305
2218
2314
2361
2358
2209
2227
2390
2338
2325
2329
2308
2201
2177
2304
2236
2179
2246
2180
2136
2046
2046
2047
1993
2052
1955
1932
1881
1835
1833
1773
1827
1841
1775
1690
1698
1721
1770
1757
1806
1676
1778
1696
1771
1810
1781
1825
1805
1819
1822
1965
1925
1886
1879
2034
1976
1990
1955
2082
2093
2108
2103
2060
2045
2163
2078
2219
2198
2068
2172
2228
2180
2150
2225
2270
2246
2228
2172
2249
2236
2174
2221
2175
2269
2116
2172
2141
2157
2193
2175
2222
2134
2057
2040
2043
1952
1938
1927
1806
1778
1788
1769
1744
1740
1863
1795
1772
1831
1768
1750
1881
1767
1814
1863
1857
1833
2004
1941
2041
2000
1981
2085
2016
2085
2110
2129
2195
2190
2213
2140
2198
2200
2188
2184
2185
2230
2303
2240
2302
2211
2264
2286
2286
2186
2337
2301
2216
2323
2329
2279
2291
2223
2227
2269
2236
2211
2332
2243
2253
2155
2131
2284
2238
2151
2129
2061
1964
1987
1992
1961
1851
1918
1911
1956
1900
1817
1945
1930
1972
1844
2014
2014
2106
2137
2081
2119
2192
2203
2220
2291
2249
2214
2335
2317
2200
2295
2232
2308
2243
2325
2267
2255
2240
2341
2287
2302
2173
2154
2210
2247
2342
2173
2209
2205
2179
2178
2164
2101
2084
2090
1892
2016
1842
1906
1894
1880
1911
1838
1807
1927
1904
1893
1969
2044
2085
2214
2124
2174
2195
2234
2248
2271
2307
2312
2280
2251
2248
2226
2278
2320
2254
2335
2266
2215
2245
2339
2305
2240
2193
2325
2317
2268
2270
2170
2258
2168
2239
2253
2238
2188
2206
2239
2156
2177
2171
2119
2093
2153
2004
2048
2028
2063
1972
2049
1865
1912
1925
1844
1804
1883
1821
1765
1742
1774
1766
1751
1772
1730
1847
1790
1813
1878
1950
1971
2014
2016
2071
2111
2083
2190
2194
2212
2195
2227
2214
2200
2273
2280
2171
2291
2256
2238
2294
2270
2140
2200
2174
2245
2179
2159
2201
2242
2212
2238
2079
2151
2154
2115
2134
2138
2178
2164
2009
1987
2091
2002
2044
1944
1936
1892
1857
1878
1912
1853
1800
1861
1716
1770
1846
1795
1677
1696
1743
1666
1798
1751
1716
1818
1781
1834
1817
1804
1817
1820
1915
2020
1999
2002
2068
2122
2159
2154
2197
2160
2164
2146
2247
2301
2301
2241
2290
2298
2283
2273
2218
2290
2258
2257
2238
2318
2287
2300
2308
2315
2279
2293
2301
2202
2308
2355
2257
2341
2370
2245
2264
2373
2342
2362
2392
2374
2337
2401
2305
2232
2354
2287
2263
2226
2339
2351
2342
2322
2355
2314
2357
2358
2430
2333
2313
2319
2237
2333
2422
2365
2292
2284
2269
2359
2335
2338
2328
2267
2275
2325
2306
2294
2276
2380
2349
2344
2357
2341
2327
2321
2333
2261
2279
2328
2370
2336
2292
2345
2327
2301
2398
2378
2322
2314
2328
2352
2319
2249
2332
2312
2329
2330
2356
2284
2384
2367
2308
2336
2419
2378
2313
2301
2365
2344
2306
2308
2421
2353
2261
2300
2290
2318
2426
2326
2297
2334
2244
2291
2322
2315
2343
2316
2282
2434
2352
2301
2305
2356
2269
2310
2414
2304
2330
2324
2295
2324
2268
2343
2276
2307
2318
2330
2291
2331
2309
2194
2176
2278
2202
2204
2184
2179
2136
2147
2130
2109
1859
2042
1995
1901
1881
1844
1817
1793
1794
1772
1786
1720
1703
1793
1784
1769
1726
1691
1733
1815
1797
1752
1830
1813
1903
1868
1897
1891
1870
1933
1972
1847
2004
1976
1994
2044
1990
2069
2105
2078
2138
2132
2091
2114
2195
2188
2134
2227
2088
2209
2217
2246
2215
2210
2182
2168
2161
2265
2222
2202
2211
2198
2241
2241
2151
2220
2234
2107
2200
2105
2085
2034
2088
2016
1868
1913
1842
1853
1797
1796
1772
1794
1830
1800
1753
1826
1785
1775
1806
1869
1826
1838
1885
1929
1917
1875
1958
2006
2086
2075
2030
2102
2070
2168
2240
2104
2127
2346
2216
2212
2237
2182
2256
2303
2312
2284
2341
2253
2314
2236
2230
2277
2263
2263
2330
2188
2327
2307
2219
2248
2303
2256
2267
2195
2112
2341
2249
2244
2195
2146
2191
2132
2167
2116
2064
1957
2014
1959
1873
1878
1838
1846
1873
1926
1916
1948
2027
1995
2086
2112
2008
2043
2085
2146
2133
2109
2159
2242
2263
2329
2287
2307
2223
2315
2357
2267
2252
2295
2313
2298
2237
2253
2235
2247
2347
2213
2284
2251
2265
2264
2229
2199
2223
2142
2128
2068
2091
2027
2010
2013
1952
1961
1925
1921
1886
1907
1863
1927
1930
1974
1950
1997
2120
2115
2233
2137
2252
2189
2242
2207
2282
2311
2323
2334
2239
2267
2247
2309
2197
2230
2355
2263
2227
2278
2254
2329
2239
2245
2360
2304
2242
2204
2235
2256
2214
2238
2160
2173
2125
2174
2108
2126
2074
2149
1995
2134
2161
1993
2052
1976
1958
1885
1878
1882
1883
1904
1822
1812
1805
1817
1830
1832
1859
1783
1733
1819
1764
1772
1833
1931
1941
1993
1966
1948
2077
2033
2073
2036
2194
2080
2173
2219
2182
2250
2276
2250
2280
2138
2268
2243
2175
2204
2182
2168
2209
2254
2156
2140
2174
2171
2213
2160
2088
2044
2059
2203
2105
2096
2133
2050
1991
2071
2057
2000
1935
1955
1851
1900
1869
1849
1886
1802
1815
1827
1766
1784
1817
1808
1738
1770
1711
1748
1755
1670
1723
1722
1791
1856
1877
1835
1843
1844
1948
2021
1957
1993
1988
2087
2184
2088
2165
2235
2194
2234
2252
2288
2309
2216
2235
2294
2331
2287
2312
2277
2341
2285
2279
2357
2276
2326
2277
2301
2328
2233
2305
2370
2339
2326
2296
2384
2315
2354
2349
2270
2364
2270
2262
2350
2379
2322
2273
2397
2292
2357
2396
2319
2294
2308
2406
2319
2184
2368
2336
2379
2282
2331
2261
2285
2292
2386
2308
2298
2339
2324
2297
2320
