2621
2562
2636
2658
2631
2626
2619
2651
2678
2562
2582
2658
2589
2575
2651
2594
2603
2650
2600
2620
2606
2674
2642
2697
2668
2657
2565
2657
2646
2547
2566
2573
2683
2671
2564
2643
2604
2637
2574
2430
2672
2600
2603
2568
2528
2583
2589
2619
2545
2542
2661
2626
2592
2526
2583
2560
2574
2575
2538
2513
2484
2559
2468
2452
2468
2391
2287
2306
2307
2251
2197
2144
2205
2191
2100
2077
2117
2118
2067
2015
2089
1968
2018
1936
1983
1953
2000
2037
2029
2011
1990
2097
2035
2060
1957
2087
2073
2174
2034
2142
2126
2186
2172
2251
2172
2266
2284
2322
2316
2230
2296
2353
2320
2356
2429
2392
2355
2465
2429
2446
2458
2468
2542
2496
2504
2519
2493
2488
2518
2502
2541
2567
2536
2486
2464
2413
2400
2404
2362
2391
2365
2296
2205
2208
2128
2119
2154
1994
2008
2049
2026
1955
1974
1994
1934
2076
2124
2045
2063
2078
2060
2134
2197
2199
2118
2149
2184
2270
2294
2329
2357
2330
2350
2355
2382
2481
2473
2517
2353
2564
2390
2422
2469
2478
2547
2544
2599
2505
2493
2548
2584
2585
2523
2629
2559
2633
2525
2569
2602
2573
2561
2608
2533
2556
2469
2480
2500
2382
2445
2461
2482
2380
2292
2329
2294
2213
2179
2202
2104
2090
2036
2142
2034
2087
2223
2133
2244
2218
2302
2433
2308
2440
2408
2442
2429
2501
2508
2511
2466
2538
2596
2525
2569
2586
2636
2566
2511
2573
2614
2644
2543
2570
2593
2517
2517
2527
2433
2542
2562
2528
2408
2481
2362
2388
2283
2305
2291
2240
2144
2217
2126
2035
2067
2073
2091
2110
2110
2110
2238
2349
2274
2395
2378
2378
2477
2383
2481
2477
2551
2492
2476
2510
2533
2528
2463
2536
2571
2531
2543
2583
2563
2542
2556
2551
2593
2510
2585
2549
2547
2540
2529
2464
2542
2653
2418
2489
2467
2532
2461
2467
2452
2395
2439
2415
2368
2303
2300
2262
2140
2212
2255
2165
2138
2044
2110
2115
2003
2026
2002
2043
1973
1976
1972
1969
2039
1971
2027
2126
2209
2170
2278
2268
2307
2377
2355
2381
2376
2412
2364
2459
2531
2451
2482
2548
2477
2497
2478
2481
2394
2487
2467
2524
2532
2451
2467
2446
2486
2345
2448
2379
2459
2462
2385
2415
2409
2442
2300
2280
2312
2282
2303
2248
2316
2201
2183
2175
2085
2057
2161
2046
2088
1972
2042
2000
1981
1949
2003
1901
2012
1968
2022
1880
1868
1891
1885
1943
2037
2027
2009
1992
2116
2129
2129
2156
2217
2261
2363
2483
2357
2475
2437
2393
2496
2525
2469
2457
2589
2510
2625
2584
2603
2556
2570
2504
2534
2539
2494
2512
2552
2681
2578
2626
2527
2655
2614
2580
2669
2698
2604
2597
2640
2575
2592
2662
2720
2603
2554
2590
2598
2601
2640
2682
2528
2532
2675
2619
2596
2558
2636
2685
2634
2590
2567
2581
2566
2647
2612
2668
2692
2668
2637
2601
2716
2579
2585
2598
2599
2622
2681
2606
2610
2549
2590
2602
2566
2553
2609
2588
2583
2603
2577
2640
2631
2553
2563
2554
2678
2578
2691
2729
2585
2571
2638
2644
2607
2578
2633
2657
2628
2552
2645
2631
2541
2614
2675
2645
2618
2608
2579
2586
2649
2600
2615
2594
2524
2554
2654
2576
2640
2646
2579
2580
2553
2574
2625
2662
2610
2615
2692
2612
2610
2557
2558
2659
2552
2635
2554
2592
2651
2509
2587
2547
2574
2628
2538
2615
2566
2533
2547
2536
2568
2619
2529
2534
2586
2600
2462
2545
2566
2518
2465
2534
2457
2458
2443
2321
2292
2200
2177
2205
2107
2146
2121
2051
1985
1989
1969
1988
1900
1830
2000
1996
1898
1959
1979
2008
2004
1977
2030
1982
1967
2104
2100
2135
2091
2094
2104
2168
2191
2209
2208
2272
2328
2343
2273
2401
2383
2417
2402
2395
2382
2426
2449
2364
2435
2492
2560
2496
2543
2439
2397
2514
2375
2509
2441
2498
2425
2501
2518
2480
2501
2490
2466
2456
2362
2344
2445
2334
2232
2297
2195
2248
2141
2163
2064
2046
2046
1972
2051
1987
1976
2024
1998
1980
1991
2021
1975
2093
2168
2168
2249
2162
2146
2257
2170
2317
2236
2395
2374
2307
2470
2321
2415
2487
2390
2513
2488
2476
2502
2439
2400
2503
2491
2622
2490
2510
2514
2503
2546
2530
2533
2488
2637
2550
2497
2569
2549
2516
2602
2530
2590
2564
2544
2578
2463
2501
2337
2405
2262
2367
2302
2276
2277
2255
2205
2251
2102
2089
2122
2026
2129
2126
2083
2157
2183
2268
2328
2328
2368
2409
2437
2451
2475
2428
2530
2495
2505
2544
2588
2540
2486
2481
2511
2567
2532
2525
2645
2544
2598
2510
2538
2512
2579
2543
2423
2533
2411
2414
2355
2455
2352
2289
2317
2204
2319
2233
2182
2146
2184
2168
2127
2036
2179
2106
2167
2167
2252
2205
2408
2340
2397
2388
2493
2448
2493
2451
2504
2523
2588
2447
2489
2555
2470
2540
2529
2515
2469
2581
2525
2550
2595
2553
2548
2475
2518
2434
2579
2475
2501
2584
2475
2452
2479
2411
2478
2376
2428
2371
2450
2442
2370
2281
2347
2243
2264
2216
2154
2206
2112
2132
2061
2039
2075
2039
2040
2082
2066
1939
1991
2049
2002
1964
2100
1986
2100
2070
2115
2147
2165
2266
2294
2395
2292
2413
2394
2394
2451
2447
2558
2411
2567
2488
2537
2479
2385
2483
2444
2454
2470
2415
2472
2496
2389
2416
2416
2367
2380
2422
2374
2413
2288
2327
2386
2269
2230
2256
2250
2154
2259
2211
2088
2237
2178
2215
2161
2143
2086
2102
2086
2070
1949
1983
1994
1976
2011
2000
1923
1862
1913
1970
2011
1939
1935
2001
1958
1993
2100
2080
2229
2120
2141
2258
2265
2332
2327
2380
2487
2381
2418
2513
2513
2351
2559
2598
2519
2657
2572
2629
2608
2636
2451
2520
2565
2556
2593
2640
2546
2607
2571
2647
2662
2573
2545
2554
2547
2630
2450
2644
2606
2596
2608
2663
2521
2544
2646
2647
2654
2650
2658
2603
2690
2579
2685
2561
2592
2610
2497
2702
2674
2656
2646
2588
2586
2548
2708
2598
2655
2622
2551
2527
2533
2655
2686
