2340
2298
2357
2343
2363
2361
2347
2326
2338
2355
2302
2408
2401
2308
2425
2429
2391
2303
2297
2323
2320
2330
2424
2372
2334
2285
2386
2301
2374
2345
2356
2363
2358
2277
2326
2339
2392
2338
2354
2235
2339
2253
2336
2329
2296
2357
2305
2350
2423
2316
2316
2318
2310
2315
2222
2305
2299
2391
2333
2387
2354
2276
2306
2287
2232
2172
2155
2151
2088
2073
2037
2013
1995
1928
1922
1907
1929
1815
1779
1822
1962
1689
1731
1791
1764
1691
1811
1824
1754
1797
1797
1909
1822
1791
1802
1816
1960
1887
2027
1934
1953
1898
1960
1936
1949
2088
2103
2072
2116
2028
2005
2153
2099
2160
2107
2268
2184
2240
2163
2158
2173
2184
2222
2239
2186
2276
2203
2220
2116
2232
2254
2259
2202
2227
2164
2231
2130
2108
2168
2143
2126
2074
2122
1991
2055
1902
1921
1839
1812
1781
1740
1848
1827
1843
1808
1772
1764
1874
1795
1839
1855
1792
1931
1916
1925
1948
2103
1966
2036
2093
2181
2094
2025
2117
2160
2169
2203
2129
2233
2286
2128
2290
2201
2241
2313
2256
2301
2275
2306
2240
2296
2374
2342
2305
2355
2343
2210
2348
2290
2271
2268
2335
2279
2337
2227
2314
2265
2288
2215
2274
2178
2304
2180
2095
2010
2085
2055
1983
1948
1836
1853
1939
1930
1920
1955
1974
1968
2079
1977
2061
2095
2206
2165
2085
2157
2232
2187
2275
2275
2291
2284
2253
2237
2206
2309
2348
2314
2274
2245
2253
2205
2252
2244
2323
2264
2327
2210
2317
2280
2250
2241
2148
2150
2099
2091
2076
2136
1999
2003
1946
1833
1893
1888
1830
1863
1947
1984
1985
1958
2030
1955
2116
2152
2189
2224
2217
2210
2248
2276
2282
2294
2382
2305
2230
2340
2284
2304
2287
2258
2217
2359
2308
2298
2209
2221
2272
2240
2227
2197
2191
2265
2189
2306
2233
2223
2210
2227
2244
2198
2168
2201
2161
2215
2058
2023
2191
2023
1999
2065
1934
2020
1999
1903
1864
1889
1856
1828
1837
1842
1779
1795
1818
1812
1782
1894
1839
1834
1871
1943
1914
2010
2064
2062
2130
2185
2159
2298
2254
2109
2278
2162
2201
2326
2288
2243
2228
2218
2262
2212
2169
2240
2278
2301
2184
2185
2229
2167
2132
2221
2106
2211
2157
2106
2112
2164
2022
2100
2058
2049
2030
2074
2064
1906
1994
1903
1880
1875
1903
1863
1925
1825
1795
1870
1838
1798
1811
1714
1745
1758
1772
1813
1813
1764
1665
1701
1784
1789
1864
1838
1920
1911
1963
1927
2007
1979
2082
2085
2084
2218
2263
2201
2306
2239
2296
2312
2347
2274
2321
2331
2330
2254
2353
2279
2369
2350
2373
2320
2310
2347
2315
2339
2276
2389
2345
2324
2293
2351
2402
2351
2246
2368
2342
2311
2439
2369
2395
2345
2315
2360
2381
2295
2369
2378
2405
2327
2266
2386
2373
2385
2376
2374
2355
2318
2397
2402
2298
2349
2273
2330
2347
2323
2378
2388
2345
2321
2383
2312
2380
2388
2374
2355
2336
2325
2340
2371
2307
2321
2342
2251
2423
2363
2329
2356
2338
2369
2314
2421
2322
2345
2345
2294
2386
2389
2361
2355
2321
2354
2320
2328
2365
2312
2261
2407
2355
2375
2257
2370
2390
2382
2417
2384
2275
2381
2340
2316
2403
2348
2314
2232
2351
2357
2276
2303
2257
2344
2242
2304
2325
2367
2261
2333
2333
2347
2355
2414
2415
2303
2355
2290
2376
2280
2333
2304
2337
2344
2428
2320
2338
2326
2278
2344
2345
2369
2237
2265
2297
2328
2260
2319
2352
2251
2302
2279
2214
2184
2170
2100
2036
2036
1995
1879
1977
1864
1880
1826
1834
1768
1824
1885
1705
1744
1792
1774
1760
1791
1799
1734
1815
1772
1796
1821
1842
1893
1906
1860
1858
1926
1951
1978
2054
1961
2055
1994
2036
2085
2073
2084
2042
2181
2089
2080
2144
2083
2267
2247
2236
2211
2232
2231
2329
2323
2253
2188
2254
2108
2238
2286
2218
2265
2298
2243
2198
2214
2244
2257
2221
2155
2065
2028
2045
2123
1861
2048
1934
1839
1882
1813
1828
1844
1811
1745
1804
1779
1898
1738
1882
1799
1901
1871
1913
1969
1941
1974
2020
2010
1994
2097
2126
2139
2142
2134
2125
2215
2204
2217
2188
2226
2257
2224
2273
2275
2243
2273
2266
2255
2312
2263
2286
2283
2262
2355
2324
2311
2303
2293
2175
2279
2358
2339
2247
2290
2282
2283
2294
2279
2227
2242
2304
2240
2129
2153
2103
2065
1995
1946
1946
1892
1887
1874
1904
1849
1872
1878
1962
1982
2017
2033
2020
2095
2165
2229
2195
2162
2247
2194
2266
2354
2250
2331
2328
2272
2404
2195
2329
2275
2366
2319
2357
2289
2260
2295
2251
2293
2241
2226
2264
2267
2189
2221
2106
2164
2115
2052
1998
2001
2015
2043
1995
1907
1915
1884
1907
1884
1868
1955
1887
1980
2012
2045
2074
2145
2159
2201
2342
2212
2291
2266
2237
2234
2227
2217
2281
2340
2270
2183
2250
2346
2299
2286
2226
2291
2231
2240
2204
2324
2228
2303
2172
2254
2129
2271
2202
2185
2177
2220
2127
2132
2102
2117
2125
2178
2131
2051
2052
2096
2052
2021
1984
1973
1955
1898
1944
1879
1822
1923
1843
1788
1845
1851
1808
1824
1758
1826
1780
1940
1850
1914
1979
1922
2003
2110
2087
2099
2194
2186
2143
2154
2254
2171
2284
2258
2200
2324
2255
2123
2184
2185
2170
2157
2231
2092
2221
2206
2186
2073
2123
2138
2166
2105
2118
2108
2091
2099
1978
2098
2031
2002
2032
2025
1951
2030
1912
1959
1916
1809
1888
1925
2007
1984
1849
1836
1825
1857
1848
1775
1849
1768
1828
1695
1812
1796
1806
1844
1794
1753
1812
1837
1900
1846
1990
1977
2006
1982
2070
2153
2122
2247
2236
2251
2258
2289
2252
2307
2391
2253
2323
2330
2305
2327
2307
2299
2246
2404
2362
2355
2284
2295
2371
2356
2383
2420
2368
2374
2346
2348
2307
2361
2281
2400
2396
2307
2328
2394
2393
2474
2336
2416
2297
2249
2421
2277
2400
2313
2389
2426
2335
2326
2315
2364
2287
2346
2373
2279
2395
2261
2357
2345
2399
2417
2294
2273
2395
2332
