2351
2364
2411
2324
2305
2355
2442
2407
2324
2325
2342
2345
2426
2276
2378
2353
2392
2425
2305
2410
2412
2346
2452
2373
2366
2388
2330
2331
2384
2381
2355
2380
2340
2275
2384
2421
2365
2324
2370
2400
2377
2342
2418
2317
2372
2365
2346
2330
2319
2318
2334
2312
2305
2400
2335
2385
2314
2337
2368
2315
2271
2309
2299
2306
2198
2151
2138
2174
2108
2089
2136
2030
2047
1952
1976
1877
1917
1914
1845
1899
1790
1783
1784
1822
1760
1826
1712
1773
1802
1772
1780
1792
1897
1850
1851
1881
1881
1900
1922
1880
1936
1957
1894
2048
2080
2015
2046
2015
2104
1975
2159
2133
2146
2105
2159
2178
2192
2248
2139
2134
2182
2304
2226
2283
2216
2125
2341
2155
2230
2230
2174
2185
2264
2244
2310
2190
2183
2068
2093
2148
2092
2134
2105
2046
1903
1981
1865
1867
1826
1827
1818
1794
1763
1762
1874
1861
1823
1830
1931
1891
1897
1890
1871
1946
1916
1954
2058
2090
2077
2057
2029
2089
2089
2151
2081
2247
2148
2230
2271
2265
2245
2262
2198
2195
2240
2229
2292
2293
2293
2301
2287
2358
2274
2300
2299
2299
2335
2194
2296
2273
2315
2282
2252
2243
2218
2263
2213
2268
2289
2189
2145
2150
2097
2103
2029
1920
2063
2008
1976
1941
1933
1936
1873
1923
1976
1925
2069
1943
2073
1985
2131
2138
2097
2181
2237
2262
2222
2211
2196
2164
2374
2238
2267
2275
2229
2366
2272
2337
2325
2330
2241
2277
2244
2311
2158
2255
2139
2353
2286
2219
2294
2215
2157
2112
2134
2040
2022
2002
1906
1953
1898
1909
1993
1838
1980
1849
1976
1943
1976
1977
2073
2130
2134
2168
2145
2273
2223
2230
2265
2278
2299
2282
2340
2316
2241
2340
2284
2387
2410
2219
2207
2271
2317
2250
2314
2310
2357
2276
2258
2305
2185
2298
2310
2268
2232
2201
2193
2262
2208
2130
2186
2246
2113
2114
1979
2027
2089
2021
2040
1988
1986
1831
1945
1863
1819
1895
1864
1786
1808
1722
1821
1877
1774
1900
1873
1928
1908
1883
1891
1984
1955
1966
1993
2068
2045
2105
2239
2147
2325
2185
2264
2181
2225
2271
2203
2207
2296
2251
2160
2281
2158
2193
2205
2150
2166
2158
2264
2120
2204
2182
2248
2211
2095
2073
2215
2104
2035
2034
1957
2009
1973
2001
1905
1944
1960
1939
1809
1917
1830
1870
1893
1833
1905
1747
1846
1776
1841
1819
1739
1746
1801
1815
1734
1776
1766
1778
1716
1810
1912
1903
1916
1967
2039
2047
2011
2154
2124
2156
2264
2227
2181
2317
2288
2331
2375
2389
2316
2305
2325
2248
2264
2319
2314
2295
2387
2324
2351
2299
2316
2229
2394
2358
2353
2355
2424
2455
2352
2336
2382
2355
2462
2344
2301
2436
2368
2380
2326
2392
2321
2360
2339
2364
2408
2370
2410
2368
2264
2325
2301
2360
2312
2302
2341
2405
2337
2253
2405
2370
2309
2353
2318
2404
2329
2351
2392
2348
2327
2383
2389
2358
2400
2385
2273
2318
2445
2374
2431
2368
2359
2461
2223
2464
2290
2410
2406
2320
2406
2337
2336
2285
2413
2335
2390
2328
2271
2354
2316
2429
2375
2330
2354
2367
2394
2390
2386
2355
2280
2371
2302
2359
2399
2269
2305
2342
2364
2370
2357
2306
2349
2335
2430
2292
2369
2404
2382
2281
2379
2387
2318
2376
2391
2382
2392
2397
2345
2251
2337
2343
2393
2313
2433
2313
2454
2320
2314
2262
2255
2338
2289
2258
2451
2316
2371
2273
2219
2298
2322
2305
2303
2304
2269
2272
2248
2153
2184
2111
2148
2103
2107
1993
1952
1941
1934
1907
1875
1791
1839
1796
1731
1814
1855
1797
1751
1751
1690
1814
1727
1757
1787
1757
1822
1855
1879
1868
1860
1927
1865
1929
1953
1942
2046
1957
2041
2120
2040
2035
2086
2092
2056
2077
2153
2197
2115
2175
2185
2185
2251
2214
2206
2262
2291
2222
2252
2229
2263
2216
2167
2244
2292
2195
2116
2244
2230
2199
2271
2226
2201
2123
2137
2103
2057
2013
1993
1925
1909
1855
1784
1880
1807
1769
1797
1731
1886
1788
1743
1874
1893
1864
1847
1836
1866
1996
1967
1967
2007
2115
2055
2007
2113
2176
2149
2222
2192
2209
2229
2182
2210
2232
2208
2257
2237
2222
2254
2224
2184
2268
2318
2340
2230
2265
2329
2321
2298
2191
2306
2306
2256
2254
2351
2289
2313
2243
2313
2349
2256
2213
2258
2175
2208
2155
2054
2023
2108
2029
2016
1941
1943
1915
1872
1897
1842
1959
1932
1980
2082
2022
2028
2131
2111
2211
2154
2216
2256
2259
2383
2294
2258
2263
2240
2200
2250
2206
2279
2264
2327
2343
2296
2283
2279
2322
2390
2150
2297
2297
2232
2210
2250
2196
2181
2206
2134
2164
2087
2028
2037
2025
1983
1883
1935
1975
1844
1926
1856
1929
1908
1935
1972
2027
2128
2102
2103
2202
2245
2226
2238
2229
2242
2202
2307
2289
2409
2220
2312
2330
2272
2341
2251
2215
2271
2187
2288
2245
2328
2304
2285
2262
2287
2186
2284
2340
2295
2201
2214
2206
2187
2241
2128
2184
2057
2091
2123
2133
2073
2006
1992
2002
2031
2029
1957
1874
1962
1841
1842
1898
1866
1865
1874
1834
1794
1801
1884
1899
1791
1869
1896
1900
1888
1924
1965
2100
2025
2163
2171
2204
2179
2283
2209
2159
2212
2202
2167
2170
2315
2260
2323
2194
2246
2173
2233
2236
2208
2272
2242
2104
2141
2179
2137
2191
2146
2197
2074
2007
2071
2010
1989
2003
2025
2023
1968
2005
1954
1930
1945
1922
1883
1928
1838
1819
1749
1891
1775
1815
1822
1766
1810
1757
1852
1754
1816
1749
1829
1872
1844
1812
1927
1874
1820
1875
1968
1952
2030
1981
2098
2153
2169
2127
2301
2238
2223
2257
2192
2263
2271
2346
2272
2318
2302
2347
2311
2343
2353
2268
2356
2307
2273
2347
2319
2384
2410
2424
2257
2353
2450
2307
2220
2280
2361
2381
2443
2364
2349
2420
2234
2385
2328
2411
2326
2384
2323
2297
2313
2418
2412
2362
2407
2355
2345
2388
2342
2256
2366
2394
2406
2354
2384
2357
2337
2362
2277
2342
2300
2331
2450
