2387
2318
2403
2386
2442
2390
2290
2315
2344
2250
2372
2354
2377
2360
2377
2346
2411
2375
2398
2349
2438
2385
2273
2381
2273
2284
2272
2396
2433
2347
2316
2417
2400
2354
2370
2354
2360
2295
2284
2324
2378
2369
2320
2381
2459
2307
2318
2304
2356
2385
2383
2288
2401
2356
2318
2382
2383
2486
2312
2236
2307
2384
2286
2299
2250
2212
2161
2166
2036
2136
2029
2121
2048
1951
1982
1980
1884
1904
1864
1802
1842
1812
1832
1820
1822
1697
1783
1769
1772
1828
1849
1806
1807
1862
1817
1878
1837
1862
1911
1915
1889
1993
2016
1981
2068
2005
1983
2076
2053
2029
2067
2036
2045
2083
2043
2107
2197
2204
2166
2139
2226
2247
2252
2131
2233
2208
2286
2237
2169
2243
2142
2260
2285
2207
2246
2272
2183
2170
2272
2163
2191
2112
2110
1978
1980
1975
1888
1852
1875
1854
1800
1780
1777
1809
1836
1814
1803
1818
1826
1866
1872
1982
1928
1913
1937
1992
1925
2015
2044
2089
1998
2087
2149
2120
2184
2183
2141
2143
2237
2217
2185
2189
2228
2317
2299
2316
2299
2376
2347
2334
2237
2291
2185
2243
2266
2296
2223
2271
2290
2243
2313
2211
2285
2219
2270
2269
2239
2235
2107
2233
2250
2206
2245
2143
2070
1993
1948
1949
1939
2029
1888
1922
2038
1947
1961
1981
1944
1998
2041
2001
2034
2180
2155
2191
2219
2216
2197
2201
2281
2269
2258
2258
2239
2215
2321
2292
2334
2302
2238
2381
2320
2222
2296
2263
2270
2405
2310
2200
2169
2249
2248
2232
2199
2062
2068
2049
2009
1874
2006
1906
1912
1913
1978
1890
1965
1900
1941
2004
1996
2123
2066
2093
2189
2126
2247
2239
2358
2190
2274
2298
2181
2314
2343
2229
2374
2339
2314
2260
2329
2266
2348
2265
2413
2296
2262
2316
2285
2318
2228
2326
2247
2259
2257
2218
2209
2171
2241
2126
2140
2169
2215
2139
2087
2094
2118
2142
1982
2023
1997
1973
1977
1904
1926
1888
1814
1791
1847
1821
1765
1770
1870
1814
1812
1783
1925
1836
1861
1945
1949
2073
1953
2042
2083
2113
2103
2180
2238
2128
2201
2192
2186
2199
2230
2229
2231
2161
2239
2197
2248
2168
2196
2305
2233
2176
2195
2193
2198
2171
2192
2178
2145
2061
2182
1999
2068
2157
2084
1971
1986
1970
2000
2039
1999
1960
1891
1839
1926
1843
1831
1811
1819
1843
1784
1817
1793
1714
1783
1733
1694
1756
1812
1747
1849
1761
1838
1832
1818
1847
1905
1955
1921
2029
2075
2053
2072
2049
2131
2147
2226
2236
2216
2206
2385
2292
2363
2301
2309
2293
2352
2321
2283
2316
2305
2272
2340
2276
2325
2453
2340
2395
2336
2382
2390
2331
2396
2289
2308
2367
2339
2397
2325
2337
2414
2355
2372
2283
2442
2275
2399
2340
2427
2290
2412
2369
2295
2372
2421
2440
2297
2322
2332
2317
2354
2295
2330
2431
2374
2375
2349
2337
2338
2359
2372
2356
2383
2381
2366
2345
2297
2464
2226
2330
2339
2301
2479
2341
2392
2340
2363
2414
2369
2381
2309
2397
2444
2325
2383
2445
2381
2384
2379
2399
2391
2319
2353
2326
2267
2329
2353
2378
2294
2317
2326
2332
2355
2309
2345
2261
2338
2384
2263
2279
2397
2336
2281
2327
2478
2412
2354
2404
2350
2350
2333
2351
2365
2393
2329
2316
2301
2356
2358
2343
2329
2410
2360
2307
2453
2388
2279
2303
2359
2254
2395
2276
2277
2337
2299
2261
2317
2314
2404
2340
2301
2321
2370
2283
2367
2256
2268
2305
2278
2268
2226
2214
2267
2145
2095
2180
2019
2062
1949
1859
1905
2018
1912
1814
1812
1778
1838
1869
1815
1787
1853
1839
1763
1818
1749
1822
1761
1831
1769
1854
1813
1816
1914
1842
1861
1866
1880
1912
2004
2026
2024
2012
1926
2077
2071
2185
2091
2120
2127
2050
2153
2170
2160
2102
2284
2228
2191
2285
2170
2166
2183
2174
2173
2213
2246
2280
2275
2301
2169
2182
2248
2243
2198
2191
2130
2092
2034
2069
2008
2024
2023
1927
1909
1860
1891
1828
1912
1859
1820
1821
1728
1840
1809
1860
1838
1837
1845
1922
1956
1926
1945
1876
2007
2072
2086
2129
2053
2088
2120
2077
2108
2151
2247
2240
2156
2287
2214
2202
2167
2251
2306
2166
2194
2222
2296
2285
2234
2265
2245
2141
2350
2311
2222
2209
2257
2224
2337
2273
2259
2240
2209
2202
2229
2171
2187
2172
2196
2192
2135
2102
1925
1996
1984
1979
1936
1933
1868
1902
1915
1915
1869
1912
1891
2023
2043
2092
2158
2171
2071
2213
2225
2151
2331
2253
2306
2334
2259
2371
2318
2314
2287
2292
2226
2256
2301
2316
2370
2424
2280
2283
2177
2256
2173
2169
2233
2215
2274
2218
2084
2083
2088
2084
1966
2039
1891
1955
1877
1880
1857
1837
1911
1902
1966
1988
2108
1940
2061
2074
2144
2136
2254
2288
2271
2197
2221
2203
2179
2261
2264
2312
2337
2327
2398
2240
2304
2344
2273
2298
2321
2322
2280
2254
2314
2290
2280
2315
2246
2251
2184
2166
2149
2285
2227
2148
2160
2195
2205
2206
2060
2056
2110
2084
2021
1973
1918
1937
1931
1913
1941
1931
1942
1930
1871
1812
1806
1801
1783
1724
1816
1809
1889
1758
1889
1875
1919
1974
1995
2060
2138
2111
2101
2149
2121
2168
2216
2288
2221
2222
2186
2278
2197
2246
2248
2149
2242
2231
2254
2137
2160
2220
2252
2130
2170
2070
2120
2166
2205
2175
2082
2127
2092
2104
2039
2113
1976
1980
2073
2014
1931
1960
1982
1878
1918
1861
1856
1813
1818
1818
1829
1711
1754
1853
1809
1778
1784
1854
1795
1803
1793
1816
1826
1841
1805
1803
1850
1919
1858
2048
2024
2132
2166
2171
2181
2161
2190
2210
2179
2261
2273
2317
2266
2302
2353
2365
2333
2318
2342
2312
2277
2325
2319
2314
2334
2444
2418
2215
2367
2390
2383
2258
2324
2355
2342
2314
2308
2338
2390
2297
2330
2311
2355
2396
2416
2372
2417
2422
2355
2408
2296
2334
2264
2357
2419
2389
2332
2290
2340
2360
2341
2342
2282
2335
2458
2299
2290
2448
2385
2423
2340
2294
2341
