2652
2697
2572
2722
2619
2700
2688
2703
2662
2685
2660
2653
2667
2623
2601
2697
2692
2630
2643
2644
2650
2633
2649
2634
2586
2594
2668
2665
2650
2671
2640
2661
2655
2602
2673
2558
2649
2702
2630
2602
2615
2533
2760
2619
2642
2648
2663
2738
2571
2595
2611
2676
2566
2572
2574
2583
2582
2624
2580
2621
2563
2559
2596
2590
2616
2533
2472
2409
2418
2407
2314
2376
2240
2236
2252
2137
2187
2181
2104
2074
2126
2096
1944
2013
2017
1985
2029
1979
2099
2060
2049
2019
2057
2081
2027
2106
2079
2110
2137
2165
2175
2211
2190
2184
2156
2372
2251
2280
2270
2340
2327
2361
2402
2347
2330
2442
2417
2461
2318
2413
2417
2512
2596
2477
2534
2458
2456
2579
2493
2497
2563
2586
2542
2446
2466
2521
2381
2516
2529
2382
2414
2321
2335
2318
2283
2200
2188
2124
2082
2051
2111
2026
2044
2144
2028
2087
1985
2106
2085
2162
2134
2096
2159
2083
2137
2283
2181
2328
2266
2364
2354
2281
2350
2357
2462
2376
2563
2483
2550
2422
2427
2483
2477
2513
2465
2478
2503
2515
2528
2506
2516
2532
2606
2566
2597
2659
2571
2550
2582
2568
2512
2571
2641
2583
2601
2422
2584
2460
2527
2433
2364
2360
2384
2413
2332
2291
2392
2265
2210
2184
2090
2120
2199
2185
2164
2194
2126
2229
2255
2282
2337
2319
2456
2458
2452
2487
2455
2602
2536
2544
2580
2617
2536
2589
2548
2626
2584
2710
2588
2624
2566
2593
2565
2590
2613
2542
2445
2534
2467
2530
2517
2554
2463
2456
2409
2263
2210
2334
2253
2210
2234
2205
2168
2126
2185
2227
2212
2254
2188
2302
2399
2384
2463
2450
2465
2496
2443
2478
2596
2599
2605
2657
2530
2630
2573
2572
2519
2606
2635
2613
2545
2594
2570
2491
2483
2516
2650
2487
2544
2512
2532
2522
2475
2589
2404
2388
2413
2495
2455
2329
2459
2277
2341
2306
2245
2305
2215
2121
2339
2277
2137
2137
2164
2121
2043
2072
2134
2001
2098
2084
2005
2021
2095
2092
2062
2089
2166
2150
2197
2226
2376
2382
2379
2400
2404
2476
2483
2461
2508
2497
2413
2437
2537
2480
2484
2502
2559
2467
2545
2452
2526
2457
2462
2363
2447
2528
2494
2387
2463
2460
2315
2351
2411
2403
2293
2328
2233
2277
2232
2344
2243
2290
2143
2270
2175
2139
2201
2203
2150
2144
2082
2127
2029
2032
1957
2046
2033
2043
1937
1938
1942
2074
2128
1999
1995
2108
2119
2171
2149
2263
2247
2213
2243
2301
2381
2447
2564
2439
2467
2440
2518
2601
2534
2655
2598
2626
2582
2591
2655
2574
2613
2611
2532
2642
2626
2637
2654
2677
2628
2571
2604
2657
2738
2592
2671
2648
2575
2611
2693
2715
2581
2655
2669
2646
2665
2600
2617
2666
2609
2654
2660
2663
2620
2663
2666
2631
2727
2681
2702
2591
2620
2617
2661
2630
2670
2592
2655
2728
2657
2705
2592
2638
2643
2673
2683
2723
2616
2644
2690
2571
2640
2669
2672
2629
2622
2590
2633
2701
2654
2652
2607
2636
2626
2652
2588
2672
2710
2720
2715
2684
2543
2645
2681
2634
2656
2709
2610
2616
2735
2714
2732
2700
2648
2628
2571
2667
2704
2627
2674
2626
2711
2583
2550
2549
2665
2671
2672
2675
2682
2718
2682
2703
2723
2596
2648
2575
2636
2612
2616
2707
2678
2654
2630
2600
2754
2563
2660
2699
2658
2715
2639
2617
2644
2633
2639
2634
2631
2582
2645
2655
2681
2655
2594
2528
2604
2648
2663
2485
2608
2542
2657
2573
2496
2436
2489
2529
2350
2314
2310
2175
2290
2332
2237
2154
2088
2106
2077
1990
2057
2008
2056
1957
2091
1947
2017
1954
1986
2050
2129
2010
2068
2035
2095
2077
2190
2104
2112
2109
2201
2180
2224
2132
2281
2283
2359
2306
2236
2333
2344
2425
2364
2304
2448
2309
2396
2442
2417
2499
2523
2449
2478
2565
2455
2485
2457
2535
2418
2544
2550
2498
2542
2421
2441
2550
2459
2451
2474
2354
2421
2422
2263
2267
2215
2235
2255
2089
2104
2111
2048
2047
2095
2036
1995
1983
2014
2058
2095
2033
1989
2061
2183
2119
2204
2263
2281
2232
2361
2325
2391
2335
2391
2318
2459
2563
2452
2511
2396
2516
2493
2481
2554
2503
2484
2570
2460
2636
2565
2491
2549
2524
2428
2574
2598
2531
2631
2597
2606
2483
2539
2524
2545
2538
2437
2534
2573
2522
2489
2422
2520
2501
2366
2378
2387
2292
2193
2201
2173
2198
2163
2068
2070
2114
2203
2193
2205
2274
2189
2362
2414
2303
2418
2423
2504
2487
2505
2575
2612
2575
2559
2515
2579
2558
2553
2627
2590
2543
2665
2578
2576
2516
2551
2481
2571
2515
2602
2462
2493
2504
2473
2453
2392
2445
2222
2316
2242
2193
2166
2220
2162
2051
2126
2117
2198
2162
2219
2147
2321
2209
2360
2321
2471
2464
2508
2381
2486
2604
2485
2549
2556
2552
2582
2543
2541
2553
2584
2555
2542
2475
2586
2590
2592
2593
2560
2493
2547
2631
2547
2530
2554
2386
2474
2434
2498
2335
2530
2514
2387
2431
2385
2343
2312
2263
2402
2293
2221
2219
2188
2136
2193
2206
2110
2081
2089
2139
2052
2036
1987
1957
2002
2034
2060
2049
2062
2123
2241
2245
2227
2286
2278
2252
2368
2541
2461
2461
2430
2429
2572
2472
2488
2449
2494
2560
2523
2519
2648
2466
2494
2483
2480
2534
2398
2393
2450
2427
2381
2472
2365
2379
2412
2391
2235
2325
2316
2441
2314
2247
2314
2151
2151
2176
2174
2187
2117
2137
2207
2089
2133
2050
1986
2052
2068
2017
2054
1977
2060
1981
2044
1965
1992
1991
2063
2031
2145
2125
2136
2175
2153
2282
2269
2151
2249
2313
2351
2446
2473
2453
2443
2524
2601
2632
2588
2502
2573
2623
2624
2659
2550
2702
2665
2686
2551
2639
2612
2702
2585
2580
2615
2584
2667
2625
2627
2653
2638
2631
2629
2647
2605
2580
2691
2626
2631
2734
2668
2613
2657
2648
2600
2644
2598
2649
2604
2634
2691
2624
2617
2661
2701
2708
2605
2707
2695
2659
2636
2679
2682
2681
2630
2632
2613
2729
2708
2672
2689
