2357
2356
2404
2355
2315
2350
2365
2362
2383
2268
2416
2394
2330
2366
2370
2401
2312
2336
2322
2380
2365
2430
2484
2417
2366
2315
2276
2405
2373
2337
2393
2386
2371
2449
2416
2425
2409
2349
2457
2382
2266
2241
2397
2425
2342
2375
2329
2329
2381
2323
2374
2349
2405
2332
2388
2336
2433
2300
2313
2395
2254
2334
2319
2261
2295
2196
2241
2216
2144
2144
2147
2060
2062
1999
2094
1954
2000
1854
1932
1895
1862
1874
1799
1898
1809
1798
1823
1730
1798
1818
1847
1842
1864
1873
1877
1875
1812
1960
1937
1844
1930
1939
1937
1992
2074
1983
1945
1971
1982
2064
2106
2067
2058
2169
2123
2162
2164
2261
2136
2194
2202
2120
2245
2204
2186
2265
2196
2190
2188
2255
2257
2241
2189
2201
2209
2158
2227
2223
2171
2205
2112
2234
2057
2048
1971
1944
1928
1925
1911
1905
1920
1784
1814
1831
1867
1827
1860
1848
1827
1913
1888
1931
1899
2023
2009
1959
2002
1984
1945
2169
2011
2068
2037
2205
2127
2075
2205
2143
2157
2257
2222
2192
2131
2239
2253
2284
2180
2350
2186
2237
2303
2285
2323
2310
2310
2323
2382
2366
2283
2334
2343
2319
2323
2343
2324
2287
2251
2260
2243
2158
2254
2155
2233
2150
1989
2051
2004
1956
1907
1952
1958
1989
1919
1893
1953
1985
2069
1988
2072
2074
2112
2119
2148
2337
2187
2218
2200
2309
2266
2319
2286
2257
2350
2305
2311
2258
2310
2361
2365
2339
2335
2311
2216
2357
2271
2267
2252
2265
2220
2223
2256
2224
2179
2156
2092
2085
2063
1993
1899
1951
1946
1869
1902
1958
1922
2001
1960
1912
1993
1992
2139
2062
2144
2165
2202
2314
2207
2304
2282
2278
2375
2323
2300
2413
2265
2291
2342
2363
2342
2370
2294
2210
2353
2297
2236
2276
2382
2320
2308
2228
2287
2277
2234
2224
2304
2214
2194
2231
2171
2220
2190
2076
2018
2088
2041
2057
1997
2042
1957
1949
1911
1932
1887
1960
1885
1855
1867
1860
1871
1883
1767
1843
1823
1906
1878
1858
1950
2025
1958
2036
2082
2197
2161
2169
2148
2172
2254
2210
2208
2143
2276
2152
2231
2226
2238
2090
2169
2194
2251
2161
2204
2241
2181
2272
2133
2139
2189
2213
2123
2084
2057
2032
2077
2121
2083
2069
2085
2034
2024
2059
2017
1965
2067
1963
1925
1916
1871
1874
1899
1887
1850
1819
1792
1791
1816
1842
1852
1841
1779
1852
1805
1816
1755
1770
1829
1776
1825
1863
1948
1975
1982
2030
2144
2149
2090
2223
2179
2219
2260
2258
2352
2274
2301
2321
2281
2338
2300
2357
2281
2434
2403
2395
2413
2325
2363
2308
2263
2445
2397
2371
2258
2307
2377
2338
2379
2307
2508
2433
2369
2342
2348
2446
2400
2386
2342
2378
2409
2424
2384
2236
2374
2342
2320
2331
2408
2390
2398
2375
2418
2425
2377
2366
2381
2461
2352
2436
2296
2487
2403
2393
2378
2393
2339
2418
2396
2418
2323
2367
2326
2451
2450
2417
2360
2348
2390
2314
2390
2320
2409
2403
2427
2364
2444
2310
2446
2423
2425
2417
2384
2286
2481
2409
2399
2237
2380
2354
2497
2387
2302
2356
2406
2405
2380
2317
2306
2367
2396
2420
2389
2349
2285
2357
2417
2374
2399
2370
2478
2390
2305
2365
2406
2412
2382
2387
2310
2390
2367
2398
2337
2386
2347
2401
2418
2320
2361
2337
2351
2304
2357
2298
2371
2394
2362
2366
2327
2352
2408
2395
2334
2386
2378
2322
2285
2383
2369
2377
2308
2221
2370
2312
2257
2263
2308
2243
2183
2244
2305
2161
2210
2004
1993
1994
1954
1959
1962
2013
1906
1919
1819
1803
1800
1769
1760
1845
1706
1840
1861
1717
1790
1880
1890
1836
1901
1828
1886
1878
1845
1965
1989
1899
1973
2056
2063
2065
1942
2060
2113
2096
2116
2059
2192
2156
2082
2149
2118
2088
2231
2170
2180
2173
2272
2210
2244
2207
2235
2200
2201
2321
2133
2255
2262
2274
2261
2234
2206
2214
2219
2209
2177
2030
2114
2031
2043
1966
1974
1961
1813
1966
1789
1887
1848
1800
1791
1842
1737
1806
1843
1907
1892
1880
1904
1970
1923
2040
1962
2070
2043
2045
1997
2082
2073
2136
2184
2150
2146
2230
2140
2218
2212
2227
2325
2241
2296
2314
2330
2383
2329
2309
2269
2273
2215
2283
2329
2323
2272
2296
2256
2228
2248
2233
2308
2334
2249
2234
2217
2290
2257
2206
2197
2164
2111
2211
2089
1967
2031
2011
1999
1964
1983
1988
1916
1927
1963
2049
1951
1976
2056
2068
2109
2130
2141
2153
2175
2272
2253
2272
2268
2274
2361
2323
2314
2334
2270
2233
2338
2319
2340
2268
2243
2312
2219
2348
2214
2208
2378
2213
2255
2218
2080
2152
2155
2034
2100
2086
2025
1976
1977
1956
1900
1905
1993
1943
1810
1935
2029
1912
2042
2101
2088
2146
2169
2135
2259
2091
2222
2217
2319
2296
2279
2344
2286
2285
2368
2325
2246
2275
2284
2402
2331
2284
2243
2328
2337
2257
2320
2295
2224
2313
2269
2229
2212
2219
2283
2215
2307
2122
2110
2101
2050
2166
2106
2052
2056
2070
2009
1975
1997
1926
1933
1979
1939
1906
1798
1889
1819
1917
1811
1838
1858
1840
1891
1850
1853
1860
1926
1915
2072
1972
2021
2104
2167
2065
2082
2160
2222
2215
2190
2274
2194
2199
2219
2224
2286
2201
2187
2191
2273
2189
2258
2184
2208
2135
2186
2209
2143
2181
2139
2111
2199
2050
2035
2034
2106
2054
2058
2039
1938
1938
1922
2009
1964
1997
1871
1869
1849
1843
1855
1895
1877
1887
1869
1802
1857
1778
1814
1741
1757
1755
1842
1821
1869
1856
1860
1860
1880
1977
1894
2026
2065
2087
1980
2108
2095
2133
2257
2214
2208
2296
2270
2279
2327
2284
2321
2357
2326
2330
2304
2266
2429
2411
2464
2380
2384
2293
2309
2451
2335
2429
2403
2309
2474
2391
2391
2360
2373
2345
2422
2416
2374
2306
2421
2452
2372
2399
2440
2445
2405
2330
2408
2354
2506
2276
2349
2406
2305
2305
2321
2323
2350
2327
2414
2286
2343
2349
2346
2395
2375
2330
2362
2426
2419
2360
2441
