2414
2360
2411
2475
2412
2404
2340
2356
2422
2355
2355
2296
2446
2407
2354
2322
2397
2450
2419
2357
2338
2349
2501
2287
2354
2394
2354
2421
2401
2375
2326
2403
2337
2387
2392
2431
2450
2378
2445
2421
2364
2276
2409
2371
2421
2347
2271
2467
2326
2370
2334
2401
2361
2369
2420
2356
2363
2332
2364
2294
2225
2287
2387
2255
2345
2222
2313
2222
2261
2214
2181
2131
2087
2051
2051
1962
2032
1968
1943
1901
1878
1868
1849
1831
1816
1787
1845
1836
1851
1862
1762
1778
1838
1810
1923
1913
1879
1855
1841
1918
1882
1945
1957
1976
1928
1947
2008
2004
2074
1957
2124
2129
2073
2023
2076
2143
2051
2192
2169
2169
2214
2128
2212
2279
2145
2250
2197
2216
2189
2251
2313
2282
2241
2136
2202
2225
2217
2310
2254
2210
2172
2133
2098
2121
2078
2043
1985
1949
1928
1888
1924
1833
1859
1908
1862
1915
1899
1894
1863
1852
1883
1890
1849
1909
1928
2010
1990
2014
1979
2001
2001
2038
2131
2117
2132
2158
2204
2185
2171
2179
2177
2211
2331
2296
2209
2272
2286
2225
2322
2303
2253
2305
2278
2332
2311
2432
2364
2315
2278
2341
2322
2259
2232
2330
2305
2202
2251
2321
2223
2154
2142
2198
2162
2144
2056
2034
2066
2022
1974
1892
1942
1955
1957
1994
2015
1986
1925
1979
2034
2058
2085
2103
2119
2126
2236
2176
2205
2257
2307
2275
2282
2317
2317
2295
2305
2327
2278
2273
2388
2286
2340
2274
2217
2277
2385
2324
2241
2235
2228
2338
2208
2189
2126
2079
2098
2147
2011
2045
1917
2000
1961
1946
2000
1932
2016
1984
2046
1935
2072
2004
2092
2140
2163
2221
2215
2297
2213
2263
2289
2253
2313
2276
2250
2303
2276
2293
2306
2273
2337
2314
2278
2345
2370
2259
2284
2293
2266
2239
2259
2240
2260
2253
2221
2257
2162
2242
2270
2199
2238
2166
2074
2169
2080
2124
2078
1987
1882
2070
1978
1943
1928
1930
1859
1790
1836
1850
1866
1871
1786
1775
1842
1742
1823
1873
1918
1824
1938
2051
2019
1947
2032
2050
2117
2196
2232
2186
2169
2206
2190
2245
2275
2215
2201
2258
2214
2252
2313
2230
2253
2168
2228
2194
2144
2155
2165
2200
2145
2089
2107
2150
2136
2184
2125
2115
2117
2010
2065
2008
2014
2001
1862
2044
1955
1921
1933
1924
1895
1870
1861
1799
1797
1760
1840
1857
1837
1796
1805
1826
1828
1874
1775
1791
1817
1824
1901
1873
1919
1995
1933
1970
2002
2137
2168
2180
2144
2229
2171
2273
2293
2269
2260
2337
2287
2293
2264
2291
2273
2357
2383
2346
2350
2387
2401
2292
2340
2390
2441
2307
2355
2374
2443
2322
2409
2417
2369
2434
2393
2434
2399
2408
2359
2341
2374
2307
2405
2391
2495
2454
2346
2332
2262
2411
2387
2285
2381
2404
2509
2381
2420
2316
2456
2369
2478
2457
2398
2404
2361
2491
2291
2387
2406
2419
2413
2363
2381
2396
2321
2328
2426
2446
2365
2476
2375
2356
2386
2322
2287
2455
2406
2439
2397
2410
2418
2384
2484
2433
2326
2399
2427
2409
2445
2363
2420
2392
2374
2473
2384
2367
2360
2323
2417
2458
2386
2310
2366
2347
2324
2370
2303
2369
2416
2390
2424
2319
2484
2349
2401
2389
2527
2390
2397
2390
2351
2352
2412
2365
2286
2381
2388
2429
2426
2337
2426
2353
2407
2419
2405
2354
2361
2314
2389
2416
2380
2329
2306
2381
2406
2377
2375
2427
2316
2455
2415
2428
2410
2396
2239
2314
2280
2287
2350
2322
2304
2238
2306
2295
2201
2168
2169
2102
2024
2006
2065
1936
1985
1840
1948
1894
1883
1891
1876
1787
1805
1850
1855
1794
1818
1791
1831
1858
1909
1840
1851
1845
1934
1906
1897
1885
1889
1954
1990
1931
1968
2010
2000
2039
2104
2091
2070
2084
2138
2090
2125
2208
2240
2136
2091
2250
2238
2202
2247
2116
2156
2274
2209
2156
2106
2165
2246
2226
2172
2332
2171
2288
2262
2112
2261
2180
2112
2109
2112
2036
2079
1974
1916
1868
1960
1927
1839
1810
1855
1803
1765
1875
1860
1886
1837
1850
1849
1861
1844
1881
2001
1975
2000
2010
1974
2028
1967
2015
2105
2132
2152
2085
2158
2229
2229
2232
2206
2170
2227
2228
2185
2220
2229
2203
2317
2246
2294
2290
2290
2342
2315
2219
2304
2280
2214
2288
2224
2195
2267
2314
2298
2166
2246
2139
2160
2301
2261
2272
2119
2054
2074
2107
2015
1919
2013
1951
1980
1915
1973
1884
1966
1934
2042
1978
2093
1975
2121
2150
2191
2262
2187
2189
2192
2287
2341
2202
2257
2225
2358
2282
2249
2332
2284
2331
2282
2376
2276
2296
2284
2242
2212
2332
2322
2275
2326
2227
2197
2233
2090
2155
2060
2025
1974
1985
1880
1933
2040
1899
1887
1951
1920
1967
1922
1972
1951
2145
2101
2214
2111
2177
2213
2248
2216
2269
2294
2208
2308
2325
2363
2328
2253
2313
2309
2225
2329
2310
2269
2237
2375
2311
2308
2237
2279
2242
2292
2201
2195
2210
2216
2233
2222
2159
2143
2176
2131
2019
2018
2124
1992
2066
2048
2047
1921
2030
1894
1933
2003
1898
1873
1884
1888
1896
1893
1879
1914
1813
1883
1922
1833
1920
1897
1941
1986
2015
1939
2134
2041
2084
2067
2112
2116
2152
2178
2180
2226
2186
2279
2222
2266
2255
2225
2314
2288
2229
2275
2154
2218
2144
2198
2112
2150
2177
2119
2066
2191
2116
2159
2057
2198
2007
1997
1978
1978
1989
1988
1988
1903
1958
1874
1962
1974
1912
1893
1901
1920
1883
1850
1829
1850
1800
1808
1813
1780
1736
1953
1857
1797
1875
1809
1789
1844
1859
1984
1923
2044
2034
2078
2061
2169
2080
2156
2243
2127
2290
2246
2257
2304
2309
2322
2400
2295
2291
2307
2345
2358
2249
2375
2375
2376
2402
2404
2427
2319
2380
2443
2389
2339
2311
2324
2400
2449
2417
2462
2284
2406
2288
2292
2374
2410
2375
2473
2362
2303
2301
2353
2358
2385
2335
2453
2400
2429
2427
2246
2456
2301
2382
2331
2354
2364
2464
2396
2341
2405
2428
2368
2409
2388
2410
2413
2416
2367
