2821
2779
2773
2877
2858
2726
2725
2727
2803
2804
2843
2777
2722
2832
2845
2705
2711
2773
2808
2791
2853
2868
2797
2810
2759
2839
2861
2841
2736
2855
2776
2800
2854
2870
2764
2792
2782
2740
2760
2891
2818
2733
2729
2730
2804
2791
2784
2881
2727
2780
2806
2800
2762
2787
2820
2762
2787
2774
2655
2814
2769
2743
2784
2745
2668
2599
2636
2610
2712
2507
2508
2569
2552
2497
2482
2357
2422
2319
2263
2311
2280
2256
2140
2124
2216
2218
2165
2116
2086
2188
2163
2159
2267
2118
2162
2207
2180
2271
2298
2218
2308
2183
2242
2292
2284
2368
2331
2277
2303
2402
2431
2413
2382
2433
2483
2465
2478
2528
2510
2518
2530
2592
2553
2512
2493
2604
2500
2620
2566
2542
2516
2469
2534
2599
2578
2570
2578
2518
2626
2576
2540
2539
2500
2443
2401
2422
2255
2260
2196
2280
2262
2253
2257
2145
2187
2213
2222
2168
2144
2218
2179
2220
2287
2341
2353
2299
2328
2347
2338
2325
2315
2374
2409
2451
2425
2525
2544
2428
2501
2557
2533
2593
2591
2667
2531
2611
2662
2719
2597
2708
2645
2688
2673
2611
2688
2594
2706
2777
2602
2684
2655
2724
2753
2624
2731
2650
2606
2557
2628
2671
2581
2627
2531
2430
2443
2453
2437
2401
2357
2372
2318
2233
2337
2258
2303
2333
2368
2372
2392
2488
2467
2480
2618
2604
2683
2548
2686
2614
2633
2608
2653
2672
2600
2733
2801
2745
2764
2737
2746
2740
2728
2808
2605
2797
2601
2763
2675
2614
2589
2680
2692
2510
2538
2539
2409
2365
2435
2304
2286
2268
2245
2305
2252
2179
2280
2307
2274
2376
2414
2460
2445
2537
2540
2524
2669
2613
2601
2567
2651
2603
2591
2710
2655
2772
2739
2732
2753
2714
2754
2635
2636
2692
2731
2705
2667
2715
2682
2655
2628
2559
2582
2671
2648
2533
2608
2536
2572
2548
2562
2519
2559
2456
2451
2437
2428
2399
2319
2302
2286
2333
2209
2185
2256
2215
2213
2100
2191
2229
2125
2130
2196
2131
2148
2169
2221
2243
2399
2357
2397
2391
2429
2479
2464
2592
2428
2537
2469
2639
2559
2613
2683
2586
2674
2638
2653
2624
2533
2603
2681
2624
2660
2526
2603
2520
2556
2560
2461
2535
2559
2495
2562
2466
2476
2379
2349
2368
2330
2406
2272
2437
2324
2336
2286
2279
2198
2160
2216
2233
2181
2174
2182
2140
2102
2134
2211
2242
2142
2158
2137
2131
2142
2141
2198
2265
2238
2194
2259
2293
2301
2362
2415
2480
2611
2620
2566
2623
2734
2628
2697
2713
2740
2817
2756
2713
2744
2874
2812
2756
2787
2789
2820
2842
2782
2719
2744
2720
2788
2819
2801
2703
2678
2792
2768
2809
2834
2773
2836
2812
2826
2873
2871
2823
2802
2790
2818
2850
2825
2670
2781
2857
2770
2858
2826
2919
2894
2805
2749
2790
2747
2807
2789
2847
2807
2856
2732
2755
2772
2772
2820
2752
2909
2854
2773
2875
2762
2799
2908
2763
2820
2844
2799
2771
2729
2802
2764
2735
2796
2805
2795
2833
2798
2799
2746
2838
2800
2722
2822
2878
2791
2809
2824
2796
2707
2811
2703
2795
2791
2776
2713
2797
2765
2763
2896
2925
2763
2827
2650
2716
2823
2819
2803
2804
2739
2825
2798
2831
2836
2780
2783
2841
2807
2774
2825
2747
2750
2849
2792
2842
2716
2819
2796
2844
2880
2862
2843
2765
2735
2864
2804
2690
2733
2856
2772
2795
2682
2685
2824
2770
2851
2763
2801
2761
2763
2710
2803
2784
2710
2658
2669
2681
2731
2657
2662
2714
2741
2640
2634
2574
2527
2546
2523
2442
2378
2452
2347
2383
2218
2205
2166
2204
2181
2182
2142
2155
2175
2041
2163
2136
2152
2122
2150
2138
2235
2205
2171
2122
2152
2234
2282
2243
2382
2239
2316
2345
2360
2342
2404
2325
2407
2514
2495
2474
2511
2578
2541
2573
2527
2548
2432
2498
2582
2605
2576
2597
2655
2651
2645
2633
2588
2634
2589
2580
2544
2625
2590
2640
2472
2560
2555
2550
2505
2331
2353
2298
2315
2287
2194
2180
2223
2182
2273
2096
2146
2101
2057
2246
2082
2177
2257
2240
2224
2212
2329
2271
2281
2294
2301
2334
2498
2428
2484
2517
2500
2541
2558
2526
2628
2540
2673
2558
2566
2649
2648
2717
2643
2575
2691
2584
2632
2630
2626
2583
2678
2665
2782
2757
2676
2577
2574
2673
2715
2642
2705
2708
2669
2651
2690
2591
2640
2545
2519
2420
2492
2397
2396
2329
2347
2261
2313
2289
2284
2288
2250
2304
2362
2408
2416
2517
2430
2525
2500
2663
2620
2641
2686
2624
2590
2688
2737
2637
2702
2675
2782
2681
2726
2667
2687
2669
2683
2666
2717
2601
2691
2631
2670
2525
2522
2560
2595
2562
2536
2478
2464
2455
2379
2403
2299
2321
2280
2278
2269
2178
2314
2248
2389
2417
2361
2452
2517
2533
2565
2560
2623
2632
2753
2711
2676
2699
2641
2691
2620
2621
2779
2641
2747
2717
2604
2713
2728
2652
2649
2711
2701
2635
2597
2592
2608
2602
2739
2615
2507
2706
2562
2568
2513
2579
2588
2553
2399
2479
2497
2439
2381
2279
2347
2365
2286
2327
2354
2287
2305
2148
2220
2126
2258
2125
2207
2121
2101
2210
2258
2201
2156
2186
2238
2329
2377
2382
2378
2457
2440
2561
2626
2556
2597
2610
2553
2614
2525
2649
2656
2635
2600
2634
2627
2563
2576
2530
2509
2583
2512
2527
2605
2507
2448
2468
2462
2476
2372
2436
2399
2455
2286
2360
2304
2373
2375
2268
2253
2345
2257
2241
2238
2213
2213
2136
2196
2160
2211
2176
2153
2185
2088
2136
2090
2175
2139
2059
2145
2230
2133
2200
2236
2206
2278
2321
2315
2367
2449
2513
2561
2572
2631
2589
2603
2626
2681
2712
2819
2735
2683
2705
2729
2817
2725
2723
2773
2822
2759
2680
2785
2772
2743
2804
2790
2841
2776
2705
2716
2770
2746
2785
2779
2849
2770
2742
2833
2817
2852
2745
2787
2726
2823
2744
2737
2854
2854
2830
2821
2822
2715
2821
2771
2767
2765
2895
2787
2873
2768
2773
2825
2844
2765
2752
2845
2854
2834
2774
2826
2791
2845
2806
2819
