2372
2341
2350
2377
2421
2363
2407
2343
2330
2350
2277
2325
2345
2324
2410
2373
2426
2376
2326
2456
2376
2370
2356
2363
2384
2460
2368
2355
2288
2402
2357
2433
2372
2269
2363
2349
2387
2357
2376
2264
2347
2395
2378
2461
2293
2358
2396
2378
2358
2383
2330
2355
2349
2381
2324
2330
2310
2295
2391
2327
2305
2394
2340
2341
2278
2335
2196
2152
2241
2213
2196
2155
2115
2202
2068
2130
2046
1996
2043
1913
1928
1950
1913
1807
1797
1885
1786
1808
1791
1926
1867
1829
1833
1828
1834
1855
1842
1837
1911
1908
1929
1911
1858
1984
1980
1952
2010
1907
1986
2066
1947
1986
1938
1997
2030
2080
2049
2083
2159
2104
2127
2163
2256
2203
2157
2177
2232
2162
2223
2177
2219
2144
2163
2213
2209
2161
2212
2223
2259
2135
2138
2164
2102
2098
2103
2059
1928
1965
1910
1935
1904
1844
1917
1841
1902
1795
1852
1841
1813
1967
1908
1902
1918
1877
2006
1917
1970
1991
2069
2053
2009
2020
2057
1985
2100
2056
2148
2142
2062
2161
2167
2200
2266
2160
2206
2205
2239
2172
2246
2276
2213
2311
2258
2377
2261
2346
2364
2332
2327
2294
2287
2381
2301
2360
2355
2215
2248
2272
2174
2104
2231
2220
2107
2135
2077
2025
2005
2052
2041
1933
1900
1956
1939
1975
1934
1981
1894
1967
2018
2048
2118
2100
2100
2180
2254
2133
2220
2206
2212
2314
2273
2357
2321
2176
2306
2261
2319
2295
2208
2322
2298
2254
2362
2252
2319
2293
2288
2274
2237
2236
2123
2205
2093
2087
2070
2026
2060
2001
1952
2005
1992
1924
1922
1944
1940
1934
1981
1952
2000
2074
2129
2150
2170
2123
2210
2268
2328
2207
2297
2312
2218
2280
2164
2393
2282
2292
2203
2291
2251
2215
2270
2312
2304
2251
2310
2253
2282
2260
2219
2219
2249
2190
2198
2233
2192
2258
2185
2254
2140
2126
2112
2200
2084
2003
1977
1977
1999
2017
1934
1902
1949
1932
1813
1874
1829
1845
1849
1791
1853
1796
1888
1897
1911
1873
1932
1942
2001
2028
2050
2027
2089
2128
2156
2067
2233
2202
2247
2211
2174
2302
2154
2255
2197
2241
2224
2179
2180
2270
2216
2180
2161
2192
2172
2240
2114
2121
2173
2145
2092
2149
2113
2135
2049
2090
2073
1983
2019
2011
2010
1955
2022
1890
1882
1896
1942
1882
1854
1869
1827
1780
1851
1849
1848
1801
1837
1788
1765
1850
1830
1798
1816
1821
1863
1830
1848
1998
1908
2012
1997
2068
2090
2093
2174
2158
2222
2249
2205
2279
2296
2307
2317
2339
2335
2292
2299
2411
2300
2354
2418
2375
2339
2350
2406
2311
2324
2306
2375
2404
2353
2368
2333
2348
2448
2392
2342
2364
2467
2286
2349
2350
2274
2391
2356
2445
2392
2377
2395
2396
2430
2345
2377
2372
2446
2407
2301
2374
2350
2357
2313
2385
2432
2391
2448
2386
2379
2393
2376
2353
2424
2385
2316
2373
2407
2313
2433
2426
2259
2430
2309
2335
2377
2343
2410
2329
2306
2404
2476
2437
2429
2375
2432
2377
2361
2461
2487
2354
2329
2338
2380
2304
2393
2434
2417
2346
2352
2336
2362
2425
2467
2425
2315
2432
2342
2464
2451
2497
2351
2332
2429
2346
2397
2382
2360
2441
2402
2309
2271
2326
2401
2467
2404
2340
2290
2437
2325
2361
2409
2383
2311
2343
2344
2369
2454
2384
2465
2372
2407
2401
2413
2328
2351
2416
2292
2395
2329
2358
2344
2403
2379
2357
2355
2374
2383
2367
2391
2245
2420
2343
2233
2305
2254
2334
2223
2344
2319
2186
2202
2167
2124
2231
2150
2062
2176
2005
2117
1954
1919
1919
1819
1871
1952
1894
1866
1882
1885
1901
1792
1830
1817
1755
1827
1855
1853
1847
1892
1843
1841
1970
1925
1939
2002
1948
1925
1902
1946
1958
2001
2008
1994
2025
1980
2047
2003
2017
2061
2134
2041
2079
2187
2129
2217
2131
2139
2171
2228
2156
2183
2207
2196
2233
2265
2215
2179
2202
2218
2188
2260
2264
2085
2052
2050
2019
2058
2057
2021
1977
2014
1924
1865
1780
1858
1754
1849
1779
1734
1728
1804
1841
1853
1919
1836
1952
1907
1941
1983
1928
2024
2050
2131
2106
2022
2134
2098
2104
2083
2128
2104
2227
2094
2183
2154
2160
2263
2241
2283
2205
2275
2218
2214
2217
2247
2235
2275
2244
2239
2271
2267
2254
2250
2250
2312
2317
2193
2194
2258
2242
2154
2123
2147
2138
2159
2112
2054
1926
1972
2013
1928
1921
1896
1932
1964
1898
1895
1915
2018
1991
1971
2080
2121
2137
2151
2153
2203
2238
2234
2208
2283
2200
2227
2257
2214
2404
2340
2360
2330
2274
2256
2283
2353
2303
2258
2326
2305
2339
2297
2213
2180
2203
2086
2188
2174
2036
2169
2049
2003
2005
1921
1925
1896
1945
1958
1966
2039
1971
1895
1998
2039
2026
2157
2137
2154
2231
2125
2280
2171
2230
2304
2212
2217
2275
2255
2282
2236
2256
2245
2306
2239
2274
2277
2228
2329
2160
2327
2283
2168
2271
2201
2234
2260
2167
2191
2198
2120
2139
2167
2123
2060
2071
2043
2083
2119
2079
2072
1996
1987
1992
1979
1961
2047
1952
1956
1872
1820
1813
1825
1832
1920
1810
1867
1850
1949
1866
1869
1941
1993
1955
2060
2038
2037
2023
2109
2101
2177
2171
2169
2140
2203
2178
2091
2204
2192
2221
2210
2159
2244
2085
2191
2184
2133
2147
2118
2156
2155
2095
2094
2109
2034
2080
2082
1940
1978
2060
1974
2015
1958
1954
1943
1908
1983
1965
1934
1871
1909
1833
1885
1977
1879
1823
1838
1820
1816
1898
1888
1821
1823
1780
1888
1901
1850
1871
1855
1986
1901
1968
1930
1934
1998
2024
2181
2138
2176
2251
2142
2249
2312
2286
2330
2310
2249
2282
2244
2261
2308
2386
2337
2376
2341
2379
2318
2314
2394
2390
2411
2345
2370
2314
2375
2321
2338
2299
2318
2302
2373
2383
2394
2310
2388
2428
2326
2366
2377
2456
2429
2368
2373
2435
2405
2456
2412
2397
2347
2310
2356
2378
2286
2396
2378
2345
2364
2417
2420
2406
2389
2330
2457
2430
2399
2388
2294
2477
2391
2331
2369
