2405
2457
2408
2343
2415
2361
2375
2432
2341
2431
2404
2418
2367
2331
2412
2366
2341
2437
2313
2416
2365
2449
2401
2488
2420
2380
2347
2410
2456
2366
2467
2298
2410
2380
2331
2417
2389
2360
2462
2359
2408
2285
2353
2336
2356
2383
2395
2401
2377
2407
2332
2308
2392
2282
2350
2365
2426
2321
2440
2398
2370
2329
2278
2394
2388
2260
2253
2271
2240
2194
2258
2109
2165
2179
2120
2113
2070
2101
1994
1985
1931
1981
1898
1879
1836
1915
1838
1798
1967
1872
1737
1890
1905
1837
1824
1986
1895
1971
1946
1877
1984
1890
1927
1959
1906
1984
1972
1974
1911
1957
2061
2055
2047
2069
2041
2123
2059
2099
2093
2103
2144
2161
2146
2185
2141
2134
2099
2223
2133
2131
2256
2196
2231
2169
2127
2138
2266
2185
2172
2132
2259
2200
2178
2157
2100
2098
2026
1988
2046
1976
1887
1896
1885
1869
1833
1958
1878
1864
1873
1889
1897
1860
1946
1975
1974
1909
1969
1964
1983
1993
1998
2041
2061
2066
2056
2128
2192
2111
2215
2265
2156
2139
2209
2178
2234
2282
2219
2202
2321
2159
2218
2263
2233
2251
2336
2331
2304
2332
2200
2267
2356
2306
2221
2255
2252
2329
2216
2206
2290
2254
2202
2234
2211
2047
2126
2094
2098
2040
1970
1989
1997
1995
2044
1945
1988
1955
2065
1965
2071
2076
2067
2212
2147
2095
2188
2204
2210
2246
2316
2221
2327
2328
2355
2420
2288
2300
2342
2283
2343
2328
2323
2298
2316
2303
2262
2328
2355
2206
2191
2237
2206
2167
2136
2171
2123
2107
2022
2048
1964
1968
1872
1963
1969
1879
1970
1960
2006
2021
2071
2074
2151
2240
2107
2120
2244
2201
2293
2246
2269
2188
2249
2276
2320
2238
2317
2310
2219
2322
2370
2305
2262
2339
2260
2227
2248
2220
2325
2224
2246
2253
2232
2251
2162
2183
2200
2215
2131
2094
2173
2184
2148
2081
2149
2033
1908
2012
2057
2037
1965
1967
1953
1954
1915
1867
1931
1857
1779
1831
1834
1872
1803
1869
1848
1934
1956
1920
1989
2050
2121
2020
2069
2029
2142
2143
2194
2244
2202
2171
2313
2172
2261
2334
2249
2245
2258
2281
2219
2222
2218
2295
2139
2175
2148
2205
2231
2113
2108
2185
2191
2086
2133
2069
2020
2069
2060
2075
1943
1995
1943
2002
1863
1877
1919
1901
1909
1952
1895
1906
1779
1882
1871
1843
1781
1820
1824
1861
1819
1869
1822
1864
1886
1783
1938
1961
1880
2029
1974
2033
2038
2069
2027
2117
2192
2192
2260
2206
2292
2360
2291
2403
2302
2295
2378
2315
2330
2310
2355
2487
2387
2339
2454
2365
2243
2472
2353
2375
2384
2375
2373
2430
2352
2376
2293
2431
2507
2334
2411
2256
2393
2466
2284
2393
2420
2456
2350
2396
2432
2429
2373
2370
2384
2348
2339
2323
2386
2393
2336
2360
2338
2391
2422
2362
2336
2377
2437
2308
2378
2359
2400
2410
2455
2393
2348
2397
2443
2427
2449
2379
2361
2371
2353
2344
2351
2363
2460
2310
2326
2487
2348
2431
2315
2437
2377
2383
2393
2417
2385
2388
2333
2346
2377
2370
2362
2344
2406
2445
2441
2379
2430
2345
2431
2444
2493
2498
2370
2528
2400
2373
2335
2451
2439
2365
2412
2421
2465
2453
2341
2354
2338
2399
2372
2465
2356
2398
2299
2420
2385
2387
2384
2382
2361
2424
2396
2315
2482
2412
2370
2358
2360
2352
2313
2444
2311
2298
2327
2361
2327
2411
2341
2378
2380
2354
2409
2334
2352
2314
2355
2403
2338
2383
2310
2325
2351
2338
2319
2304
2256
2204
2207
2146
2189
2165
2152
2099
2021
1968
1940
1942
1910
1892
1867
1809
1844
1844
1817
1793
1880
1832
1873
1833
1839
1947
1827
1903
1914
1879
1934
1868
1842
1892
1902
1855
1926
1931
2026
2008
1970
2015
2052
2070
2072
2070
2087
2063
2140
2128
2105
2128
2131
2261
2195
2111
2200
2180
2145
2190
2245
2144
2168
2257
2224
2282
2213
2196
2192
2215
2175
2197
2197
2190
2163
2067
2072
2026
2049
2005
1997
1950
1921
1888
1828
1900
1867
1911
1830
1806
1805
1938
1819
1941
1899
1972
1808
1953
1990
1981
1906
2114
1999
2029
1997
2073
2017
2157
2125
2159
2161
2198
2140
2212
2232
2223
2266
2225
2249
2269
2288
2238
2319
2192
2307
2319
2262
2306
2274
2344
2276
2281
2215
2247
2231
2297
2257
2313
2222
2277
2231
2203
2222
2186
2083
2155
2103
2036
2037
2030
1945
1980
1848
2018
1869
1973
1942
2015
2049
2037
2043
2042
2172
2125
2153
2164
2250
2388
2254
2216
2241
2273
2222
2287
2364
2295
2368
2294
2341
2297
2328
2356
2365
2240
2324
2233
2230
2283
2210
2274
2180
2137
2161
2128
2159
2200
2078
2034
2047
2013
1926
1943
1903
1942
1984
1917
1973
1914
1981
1953
2050
2116
2144
2110
2259
2205
2177
2196
2206
2203
2233
2234
2318
2317
2313
2283
2340
2273
2289
2229
2248
2182
2302
2281
2294
2320
2268
2283
2323
2285
2242
2189
2213
2191
2185
2206
2116
2189
2083
2191
2161
2128
2051
2055
2076
1998
2036
1938
2027
1988
1965
1865
1963
1931
1839
1848
1909
1893
1937
1726
1803
1927
1909
1858
1966
1841
1862
1920
1963
2040
2076
2076
2075
2160
2126
2175
2205
2235
2091
2230
2220
2158
2191
2138
2239
2237
2230
2201
2191
2179
2219
2147
2168
2162
2203
2057
2129
2145
2085
2101
2094
1975
2042
2147
1938
1983
1969
2091
2058
1912
2043
1878
1855
1906
1882
1918
1967
1967
1861
1901
1923
1878
1770
1855
1866
1838
1902
1846
1881
1866
1933
1907
1862
1942
1909
1880
2045
1961
2012
2035
2078
2154
2148
2121
2197
2218
2197
2229
2252
2360
2307
2387
2211
2313
2395
2292
2407
2262
2272
2445
2344
2450
2337
2406
2352
2444
2401
2364
2393
2393
2322
2401
2425
2340
2373
2390
2321
2411
2401
2333
2378
2332
2354
2467
2394
2356
2378
2422
2441
2335
2329
2301
2340
2509
2414
2490
2392
2440
2405
2416
2403
2343
2337
2404
2424
2370
2324
2370
2384
2324
2393
2357
2521
2302
2460
2348
2405
