2362
2336
2283
2393
2438
2379
2368
2382
2370
2333
2398
2426
2403
2446
2357
2385
2411
2331
2408
2364
2354
2343
2376
2287
2425
2439
2437
2458
2375
2373
2408
2372
2394
2406
2396
2434
2370
2343
2387
2400
2343
2351
2449
2424
2391
2323
2325
2371
2400
2280
2365
2353
2366
2337
2373
2335
2334
2312
2401
2346
2390
2310
2296
2317
2358
2402
2324
2258
2256
2218
2256
2243
2209
2169
2131
2124
2059
2103
2052
1989
1935
1896
1897
1883
1899
1894
1823
1880
1931
1914
1877
1880
1853
1800
1843
1904
1827
1870
1858
1882
1827
1930
1942
1895
1945
1959
2006
1966
2017
1960
1988
1993
1950
2006
1970
2089
2099
2100
2153
2082
2087
2112
2144
2164
2129
2175
2189
2164
2160
2252
2221
2149
2223
2219
2217
2219
2230
2122
2225
2273
2126
2157
2087
2039
2119
2066
2049
1974
1987
2004
1923
1944
1898
1931
1882
1867
1919
1812
1821
1883
1837
1872
1893
1930
2006
1919
1922
1957
1957
1971
2043
2046
2085
2118
2128
2049
2132
2038
2060
2203
2196
2140
2176
2200
2220
2246
2258
2199
2265
2189
2279
2266
2228
2324
2309
2234
2349
2296
2242
2233
2252
2150
2280
2369
2293
2219
2223
2198
2281
2299
2236
2146
2189
2080
2115
2160
1986
1965
2009
1990
1946
1885
1946
1939
1961
1964
2000
2010
2040
2056
2053
2109
2140
2191
2253
2338
2178
2239
2221
2225
2256
2289
2326
2254
2312
2379
2320
2300
2317
2317
2388
2366
2229
2337
2314
2271
2344
2267
2193
2266
2122
2204
2215
2229
2138
2082
2055
1993
2028
2008
1968
1950
1953
1964
1894
1984
1966
2062
2102
2118
2124
2094
2147
2198
2214
2198
2235
2240
2311
2270
2262
2294
2362
2320
2262
2273
2243
2327
2195
2341
2214
2244
2221
2306
2273
2295
2190
2260
2172
2185
2161
2290
2213
2206
2144
2133
2149
2221
2056
2142
2156
2067
2096
2024
2054
1942
2046
2021
1925
1879
1861
1933
1836
1850
1908
1820
1835
1914
1881
1874
1915
1845
1920
1902
1947
1984
2023
2017
2025
2070
2203
2126
2183
2162
2156
2177
2171
2128
2277
2181
2235
2283
2290
2210
2224
2207
2180
2127
2159
2233
2165
2218
2142
2167
2032
2052
2184
2091
2149
2094
2095
2068
2035
2006
2048
2049
1987
2034
1942
1968
1926
1970
1967
1816
1918
1862
1836
1884
1872
1847
1911
1827
1896
1862
1801
1890
1776
1767
1864
1867
1876
1905
1899
1921
1957
1992
2031
2048
2092
2030
2110
2126
2233
2148
2260
2273
2283
2300
2283
2318
2387
2326
2276
2376
2328
2368
2318
2452
2375
2355
2435
2376
2396
2353
2341
2326
2360
2383
2330
2428
2337
2394
2279
2371
2390
2288
2395
2395
2324
2360
2366
2333
2381
2469
2360
2417
2391
2439
2435
2307
2396
2414
2356
2446
2431
2424
2396
2342
2344
2357
2421
2395
2427
2371
2458
2471
2306
2442
2368
2383
2310
2329
2488
2427
2406
2417
2435
2369
2416
2432
2406
2375
2395
2335
2374
2356
2414
2375
2319
2385
2273
2456
2386
2328
2366
2438
2439
2355
2314
2433
2386
2386
2446
2340
2426
2436
2427
2423
2450
2421
2450
2467
2384
2417
2372
2423
2311
2474
2326
2379
2375
2380
2420
2290
2369
2457
2409
2371
2345
2338
2432
2395
2478
2404
2294
2414
2429
2330
2356
2356
2407
2298
2405
2378
2411
2273
2384
2405
2330
2357
2371
2322
2323
2427
2381
2367
2399
2355
2359
2395
2331
2303
2401
2334
2375
2438
2342
2444
2275
2319
2317
2332
2378
2296
2333
2330
2234
2304
2274
2215
2100
2145
2123
2048
2087
2017
2029
1956
1946
1949
1890
1884
1787
1891
1890
1864
1837
1893
1868
1882
1931
1869
1868
1914
1892
1945
1887
1902
1876
1883
1826
1955
1880
1943
1979
1939
1995
1957
2060
2082
2096
2063
2067
2098
2145
2035
2003
2178
2109
2131
2168
2081
2159
2140
2199
2106
2219
2280
2137
2210
2173
2235
2236
2147
2146
2143
2197
2126
2183
2094
2114
2042
2073
2115
2096
1982
1966
1931
1916
1937
1905
1913
1859
1884
1845
1855
1864
1854
1852
1885
1841
1942
1884
1984
1985
1959
1932
2027
2018
2006
2080
2149
2050
2031
2100
2098
2079
2139
2196
2135
2194
2144
2221
2263
2225
2222
2336
2267
2152
2212
2257
2250
2290
2270
2272
2277
2218
2221
2349
2269
2347
2268
2278
2191
2278
2233
2325
2221
2199
2168
2122
2123
2082
2027
2064
2049
1978
1930
1933
1959
1923
1971
1907
1932
2002
2002
2028
2096
2137
2112
2051
2142
2212
2226
2296
2302
2308
2323
2257
2327
2290
2316
2282
2297
2278
2355
2304
2358
2286
2217
2326
2269
2265
2215
2240
2216
2211
2234
2161
2142
2135
2112
2079
2050
1984
1990
1951
1966
1999
1926
1927
1966
1859
1923
2036
1977
2029
2029
2161
2187
2070
2211
2147
2149
2256
2228
2214
2222
2302
2266
2249
2298
2350
2230
2293
2320
2303
2302
2221
2295
2301
2221
2235
2216
2259
2224
2163
2187
2201
2202
2267
2161
2160
2118
2042
2077
2146
2177
2101
2002
2038
2042
1947
1973
1969
1908
1977
1968
1921
1884
1902
1863
1861
1931
1890
1819
1826
1856
1850
1821
1858
1858
1981
1962
1963
2062
1977
2148
2129
2134
2158
2131
2135
2133
2148
2142
2187
2174
2159
2193
2212
2199
2137
2157
2197
2146
2146
2152
2130
2260
2112
2115
2171
2113
2071
2061
2055
1972
2037
2035
1963
1952
1984
2008
1949
1951
1924
1887
1966
1959
1921
1958
1892
1871
1849
1909
1883
1919
1806
1868
1883
1883
1778
1909
1805
1920
1817
1886
1902
1931
1918
1935
1998
2001
2002
2014
2064
2112
2197
2187
2157
2218
2201
2227
2333
2316
2321
2353
2294
2322
2365
2381
2275
2301
2327
2385
2358
2324
2379
2454
2330
2435
2403
2430
2344
2239
2364
2445
2354
2354
2346
2321
2485
2324
2337
2390
2384
2479
2341
2456
2461
2438
2388
2389
2380
2273
2339
2352
2375
2375
2412
2455
2394
2345
2418
2397
2308
2363
2411
2400
2514
2462
2367
2448
2331
2392
2432
2395
2462
2312
2311
2392
2458
