2348
2361
2356
2322
2356
2401
2381
2442
2340
2382
2418
2423
2360
2453
2525
2373
2393
2352
2406
2365
2414
2384
2427
2424
2339
2343
2370
2313
2372
2511
2398
2353
2476
2421
2328
2376
2385
2400
2359
2450
2457
2423
2347
2397
2420
2310
2373
2419
2355
2376
2366
2380
2312
2332
2399
2424
2422
2490
2351
2378
2342
2296
2329
2350
2357
2279
2308
2299
2253
2296
2309
2173
2257
2208
2232
2274
2198
2140
2011
1997
1963
1960
1978
1965
1922
1890
1912
1845
1881
1838
1919
1911
1831
1841
1885
1859
1900
1884
1935
1863
1839
1922
1901
1933
1973
1942
1990
1998
2061
1936
2023
1998
2043
2066
2117
2074
2035
2064
2091
2090
2118
2079
2129
2096
2176
2200
2087
2224
2182
2048
2161
2213
2156
2085
2249
2188
2188
2234
2191
2124
2181
2162
2112
2156
2067
2104
2106
2015
1971
1928
1999
1925
1954
1919
1841
1854
1896
1810
1902
1828
1803
1873
1983
1988
1983
1927
1907
1976
2058
2011
2045
1970
2013
2055
2040
2143
2111
2091
2080
2105
2161
2206
2124
2178
2232
2192
2269
2260
2213
2250
2232
2274
2267
2271
2323
2212
2269
2261
2256
2327
2223
2299
2228
2211
2280
2334
2319
2229
2223
2212
2314
2183
2216
2150
2142
2108
2067
1998
1987
1985
1970
2048
1985
1903
2009
1993
2014
1981
2107
1992
2102
2138
2127
2194
2242
2183
2186
2204
2283
2237
2254
2380
2257
2275
2331
2317
2391
2326
2397
2308
2247
2418
2233
2253
2278
2234
2249
2304
2137
2110
2265
2171
2135
2070
2054
2056
2037
2007
1920
1921
1969
1896
1943
1926
1948
2016
2035
2042
2117
2042
2064
2034
2129
2229
2227
2301
2243
2256
2250
2174
2258
2251
2205
2255
2262
2365
2283
2344
2291
2250
2227
2263
2252
2274
2321
2200
2247
2145
2240
2088
2144
2255
2149
2196
2131
2154
2132
2127
2131
2143
2083
2055
2057
2098
2043
1986
1972
1969
2018
2040
1876
1898
1928
1889
1919
1897
1842
1892
1896
1855
1905
1874
1926
1953
1990
1911
2062
2061
2151
2063
2057
2137
2124
2103
2204
2209
2266
2155
2177
2184
2194
2236
2165
2152
2213
2254
2199
2190
2159
2164
2158
2120
2137
2139
2061
2112
2051
2126
2104
2049
2048
2087
1973
2068
2059
1971
2006
1950
2033
1918
1950
1947
1970
1887
1819
1836
1930
1880
1907
1830
1893
1913
1848
1855
1921
1922
1857
1961
1840
1955
1996
1882
2005
2017
1984
2011
2037
2096
2148
2163
2157
2231
2225
2202
2256
2262
2328
2358
2316
2376
2376
2371
2412
2330
2361
2394
2359
2309
2374
2465
2385
2356
2416
2417
2315
2422
2426
2321
2396
2351
2337
2398
2311
2430
2378
2410
2431
2461
2382
2384
2416
2430
2477
2369
2512
2409
2331
2355
2349
2478
2395
2365
2479
2387
2337
2412
2510
2292
2480
2271
2394
2396
2369
2411
2460
2395
2488
2368
2400
2455
2385
2357
2348
2421
2502
2396
2377
2441
2450
2392
2344
2458
2356
2411
2334
2325
2400
2310
2432
2429
2343
2441
2371
2499
2459
2411
2404
2442
2438
2388
2396
2379
2411
2407
2342
2399
2472
2450
2300
2445
2375
2480
2436
2501
2371
2343
2353
2396
2390
2397
2371
2422
2428
2399
2504
2342
2335
2445
2387
2469
2427
2364
2409
2416
2340
2450
2397
2488
2400
2456
2407
2393
2368
2370
2394
2400
2405
2410
2406
2472
2350
2322
2376
2323
2416
2429
2457
2385
2306
2488
2396
2453
2293
2396
2497
2307
2305
2363
2387
2402
2310
2328
2283
2358
2295
2201
2308
2342
2261
2094
2157
2149
2130
2090
2106
2007
2165
1945
1962
1932
1946
1933
1879
1929
1910
1974
1814
1846
1867
1818
1808
1872
1770
1767
1847
1864
1895
1918
1873
1860
1954
1966
1964
1962
2024
1982
1936
2049
2039
2045
2109
2043
2037
2060
2012
2129
2071
2126
2059
2147
2184
2195
2173
2238
2261
2200
2207
2256
2173
2254
2263
2180
2182
2238
2125
2226
2164
2166
2204
2134
2131
2083
2067
2016
2054
2074
2029
1931
1895
1889
1934
1906
1962
1877
1840
1914
1869
1854
1929
1856
1847
1971
1985
1882
1968
2026
1969
1969
2041
2019
1970
2078
2097
2113
2079
2140
2134
2208
2147
2195
2072
2141
2197
2261
2245
2209
2209
2215
2234
2260
2335
2331
2230
2220
2285
2224
2156
2297
2201
2276
2239
2218
2248
2298
2238
2182
2249
2226
2210
2136
2144
2196
2118
2102
2032
2004
1945
1965
1946
1976
1961
1985
1930
1894
2021
1992
1959
2099
2040
2119
2098
2148
2202
2216
2213
2238
2196
2258
2298
2310
2281
2322
2241
2306
2394
2301
2230
2345
2350
2354
2288
2275
2336
2244
2275
2155
2246
2175
2208
2114
2141
2022
2147
2098
2046
2022
1967
1906
2016
1960
1961
1939
1946
2045
1980
2070
2063
2083
2192
2135
2192
2179
2276
2270
2301
2259
2268
2266
2305
2267
2213
2263
2355
2196
2273
2255
2282
2262
2202
2201
2238
2301
2218
2215
2208
2262
2229
2264
2166
2258
2213
2208
2104
2047
2101
2178
2075
2019
2006
2022
1955
1971
2042
2019
2049
1936
1998
1942
1933
1873
1952
1837
1859
1845
1845
1846
1817
1864
1907
1926
1911
1941
2039
2005
1991
1988
2038
2164
2104
2182
2077
2222
2269
2147
2134
2203
2166
2176
2118
2213
2202
2265
2172
2160
2111
2181
2216
2142
2098
2132
2150
2094
2109
2032
1985
2073
2047
2026
2044
2018
1994
2048
1957
2035
1999
1990
1947
1907
1902
1913
1868
1901
1882
1878
1868
1866
1887
1851
1843
1807
1846
1887
1920
1856
1845
1846
1912
1947
2009
1925
1914
1968
1999
2000
2014
2000
2120
2155
2183
2221
2211
2290
2318
2281
2332
2308
2356
2314
2396
2324
2441
2402
2332
2296
2362
2350
2387
2403
2340
2406
2414
2465
2363
2325
2400
2402
2299
2313
2444
2273
2361
2406
2368
2438
2384
2337
2410
2393
2448
2365
2432
2404
2413
2506
2396
2369
2301
2437
2441
2433
2319
2413
2377
2471
2337
2421
2387
2431
2395
2386
2372
2468
2387
2477
2331
2395
2357
2380
2374
2448
2421
2332
2441
