2363
2303
2338
2367
2445
2409
2359
2447
2351
2415
2460
2383
2394
2337
2271
2436
2318
2360
2353
2428
2439
2375
2444
2306
2423
2435
2361
2420
2474
2328
2319
2353
2430
2430
2298
2312
2319
2402
2416
2285
2414
2310
2404
2412
2418
2427
2358
2330
2377
2274
2380
2371
2349
2355
2357
2422
2388
2348
2357
2293
2383
2370
2327
2330
2299
2336
2331
2304
2282
2223
2229
2189
2253
2227
2183
2167
2261
2063
2070
1940
2013
1985
1921
1974
1935
1916
1920
1927
1876
1878
1846
1811
1857
1841
1849
1861
1883
1870
1916
1880
1921
1850
1916
1906
1994
1913
1952
1948
1945
2010
1969
1922
2001
2005
1928
2076
2014
2056
2013
2079
2083
2055
2110
2101
2107
2106
2106
2190
2161
2169
2160
2205
2150
2285
2199
2160
2194
2163
2199
2212
2205
2124
2146
2117
2140
2127
2061
1978
1965
1992
1962
1923
1951
1973
1936
1904
1857
1883
1844
1795
1878
1850
1960
1860
2019
1999
2018
1968
1946
2001
1966
2103
1987
2000
2115
2080
2117
2117
2077
2167
2121
2120
2146
2173
2180
2148
2229
2238
2198
2148
2258
2221
2313
2264
2255
2279
2179
2244
2330
2216
2290
2257
2238
2189
2212
2282
2275
2276
2306
2201
2249
2226
2278
2186
2152
2052
2031
1992
2061
1991
2014
1950
1902
1988
2001
1993
1965
1993
2037
2054
2064
2034
2153
2210
2145
2221
2253
2223
2220
2253
2265
2276
2281
2291
2274
2251
2348
2364
2339
2266
2328
2384
2300
2326
2341
2248
2266
2236
2197
2130
2156
2149
2041
2147
2076
2034
2008
1972
1957
2054
1996
1948
2045
1959
2011
1988
2100
2049
2014
2111
2054
2193
2171
2240
2223
2169
2214
2179
2281
2240
2240
2248
2128
2263
2306
2252
2330
2260
2229
2232
2201
2326
2231
2254
2240
2241
2213
2164
2269
2232
2224
2169
2196
2234
2207
2075
2127
2070
2173
2053
2050
2061
2023
2053
2012
1926
1905
1942
1902
1890
1938
1889
1913
1904
1935
1853
1809
1916
1875
1837
1883
1919
1975
2008
1948
1931
2018
2010
2021
2122
2085
2180
2178
2179
2154
2226
2238
2200
2149
2104
2214
2217
2152
2243
2066
2009
2026
2137
2148
2179
2086
2074
2113
2194
2099
2091
2047
2045
2019
2011
2149
2048
1972
1969
1992
2007
1950
1897
1974
1893
1907
1945
1823
1927
1891
1847
1903
1862
1843
1913
1815
1795
1973
1817
1755
1818
1905
1904
1835
1852
1954
1903
1954
1911
2078
1994
2055
2070
2073
2161
2197
2235
2238
2204
2290
2311
2298
2329
2296
2367
2359
2376
2351
2266
2266
2409
2405
2448
2362
2397
2363
2374
2452
2399
2360
2283
2390
2491
2357
2444
2402
2316
2290
2300
2379
2389
2413
2376
2323
2424
2449
2525
2404
2441
2415
2410
2339
2484
2480
2369
2424
2453
2400
2456
2336
2394
2375
2399
2383
2420
2402
2360
2347
2399
2390
2307
2367
2417
2376
2382
2434
2412
2384
2426
2332
2392
2334
2402
2339
2455
2499
2363
2313
2424
2414
2279
2423
2331
2434
2400
2362
2349
2386
2460
2413
2382
2371
2419
2467
2387
2461
2446
2380
2420
2346
2354
2341
2407
2422
2413
2412
2435
2382
2459
2303
2405
2474
2323
2408
2332
2391
2445
2344
2420
2398
2295
2483
2483
2300
2393
2416
2389
2333
2422
2376
2403
2398
2435
2357
2358
2398
2375
2433
2383
2378
2339
2452
2346
2390
2470
2370
2282
2328
2329
2368
2343
2385
2410
2427
2371
2387
2365
2312
2307
2377
2333
2293
2364
2385
2333
2259
2380
2388
2317
2259
2316
2264
2369
2219
2204
2157
2180
2209
2094
2131
2039
2137
2022
2019
2005
1925
1994
1943
1835
1926
1851
1938
1860
1812
1837
1839
1859
1789
1848
1832
1903
1777
1871
1891
1908
2007
1925
1943
1946
2018
1939
2000
1959
2005
1902
2002
1967
2132
2045
2072
2113
2059
2125
2036
2160
2164
2146
2087
2202
2160
2216
2247
2135
2157
2130
2259
2087
2194
2163
2158
2163
2135
2174
2142
2172
2086
2038
2092
1985
2073
2037
1992
2047
1923
1883
1920
1920
1862
1776
1903
1833
1834
1837
1837
1877
1839
1930
1916
1959
1926
1973
1941
1969
1949
1946
2008
2018
2117
2080
2119
2068
2188
2140
2128
2042
2173
2234
2184
2133
2170
2199
2296
2159
2144
2203
2296
2184
2292
2333
2251
2264
2274
2225
2259
2242
2314
2192
2196
2247
2166
2195
2136
2223
2169
2162
2099
2185
2097
2057
1983
1982
2017
1945
1965
1961
1974
1933
1996
1940
2040
1999
2101
1991
2143
2056
2172
2259
2202
2162
2271
2131
2249
2278
2263
2251
2290
2325
2317
2279
2298
2235
2254
2282
2330
2266
2129
2237
2257
2271
2223
2181
2114
2189
2136
2064
2090
2085
2085
2051
2055
2063
2035
1891
1899
1986
1943
1939
1951
1978
2017
2094
2082
2179
2122
2160
2140
2202
2231
2265
2287
2226
2243
2180
2300
2198
2307
2299
2275
2262
2221
2185
2223
2199
2340
2226
2194
2265
2155
2128
2271
2107
2126
2187
2189
2173
2145
2162
2148
2064
2120
2083
2049
2035
2036
2006
2041
1988
1941
1981
1935
1867
1943
1947
1827
1953
1958
1839
1877
1818
1920
1837
1884
1820
1933
1845
1848
1925
1973
1925
2026
1953
1964
2162
2040
2077
2114
2105
2123
2177
2216
2132
2187
2132
2132
2204
2195
2224
2112
2077
2134
2086
2135
2078
2147
2095
2051
2030
2142
2015
2149
2081
1980
2073
2066
2060
2002
1988
2040
1988
1983
1929
1940
1883
1895
1897
1908
1919
1984
1885
1852
1842
1874
1867
1805
1884
1900
1902
1864
1888
1900
1885
1991
1897
1897
1899
1959
1930
2001
1949
2140
2079
2071
2085
2273
2213
2169
2224
2224
2210
2278
2209
2296
2372
2282
2218
2303
2387
2264
2417
2349
2420
2350
2352
2357
2400
2380
2386
2371
2335
2377
2400
2299
2418
2330
2363
2393
2379
2378
2472
2445
2404
2353
2379
2290
2245
2348
2381
2379
2393
2391
2391
2460
2489
2321
2383
2529
2364
2362
2357
2436
2354
2402
2500
2361
2380
2459
2385
2426
2405
2374
2414
2371
2431
2385
2387
2400
2460
2389
