3112
3112
3168
3090
3080
3154
3070
3134
3079
3055
2990
3043
3001
3112
3041
3145
3173
3078
3041
3065
3042
3145
3141
3172
3151
3109
3027
3120
3033
3137
3145
3133
3111
3041
3187
3049
3150
3207
3151
3098
2965
3027
3043
3086
2935
3134
3118
3129
3019
3053
3024
3076
3040
3136
3088
3055
3074
3040
2950
2971
3150
3032
2943
2997
3024
3070
2961
2946
2994
2940
2877
2906
2868
2935
2751
2869
2807
2766
2844
2600
2662
2734
2564
2535
2649
2416
2396
2532
2524
2526
2411
2452
2513
2442
2407
2440
2493
2457
2483
2519
2437
2472
2427
2473
2648
2496
2424
2470
2508
2495
2546
2455
2428
2590
2626
2716
2649
2692
2696
2683
2696
2885
2690
2849
2734
2778
2774
2657
2773
2796
2745
2810
2671
2760
2803
2699
2723
2827
2798
2862
2759
2734
2792
2747
2756
2682
2677
2627
2652
2498
2584
2522
2548
2516
2570
2425
2502
2474
2453
2450
2499
2537
2504
2438
2462
2415
2383
2452
2567
2596
2665
2592
2654
2626
2677
2698
2596
2729
2755
2677
2686
2786
2699
2805
2801
2818
2879
2912
2834
2804
2782
2932
2931
2935
2811
2896
2851
2974
2973
2902
2907
2863
2895
2987
2891
2909
2900
2892
2903
2811
2893
2853
2754
2856
2796
2696
2691
2607
2658
2717
2553
2477
2598
2583
2575
2501
2657
2631
2654
2650
2697
2736
2729
2759
2754
2855
2811
2861
2943
2890
2887
2915
2933
3015
2943
3017
3037
2958
3025
2913
2982
2995
2965
2959
2964
2853
2927
2797
2880
2858
2850
2815
2716
2679
2558
2635
2517
2606
2502
2571
2572
2477
2502
2614
2593
2648
2624
2664
2658
2787
2736
2690
2800
2815
2769
2954
2986
2832
2876
2898
2943
2849
2930
3015
2885
2961
2810
2980
2982
2904
2908
2983
2818
3013
2874
2932
2855
2868
2820
2881
2842
2736
2872
2733
2673
2676
2716
2707
2741
2719
2638
2571
2631
2595
2540
2605
2419
2425
2507
2444
2464
2493
2510
2460
2431
2490
2460
2426
2469
2403
2495
2390
2560
2501
2516
2642
2651
2639
2655
2655
2684
2718
2786
2759
2799
2744
2771
2971
2802
2788
2792
2878
2772
2828
2766
2760
2796
2714
2699
2777
2825
2759
2810
2646
2758
2630
2663
2756
2775
2702
2631
2572
2580
2496
2584
2492
2567
2533
2438
2426
2504
2516
2389
2490
2518
2467
2349
2437
2470
2428
2432
2491
2399
2420
2422
2401
2450
2427
2463
2472
2539
2564
2517
2571
2562
2631
2619
2780
2743
2875
2779
2893
2815
2963
2965
2975
2987
2967
3044
3036
3039
3044
3038
3030
3073
3073
3080
3011
2974
3105
3006
3092
3138
3145
3070
3130
3051
3144
3158
3045
3207
3100
3063
3199
3033
3069
3143
3112
3041
3003
3163
3141
3115
3164
3091
3106
3075
3112
3063
3169
3115
3101
3058
2977
3132
3152
3070
3118
3104
3109
3141
3096
3149
3161
3048
3175
3149
3139
3075
3137
3114
3085
3062
3040
3107
3055
3087
3058
3075
3163
3095
3118
3059
3059
3107
3115
3142
3140
3068
3059
3077
3180
3106
3142
3088
3139
3054
3035
3120
3151
3046
3138
3118
3154
3112
3143
3017
3189
3125
3097
3112
3100
3134
3157
3052
3151
3132
3183
3101
3088
3080
3080
3095
3052
3088
3113
3127
3000
3144
3078
3041
3162
3075
3113
3103
3078
3104
3113
3064
3047
3112
3050
3089
3031
3051
3047
2999
2977
3100
3085
3037
3068
3106
2972
3032
3017
3038
3030
3104
2993
3007
3036
2950
3068
2950
3102
3023
3061
3100
3082
2923
3008
3040
3026
3030
2992
2961
2889
2905
2937
2911
2817
2871
2869
2702
2632
2686
2573
2627
2593
2582
2524
2408
2516
2397
2487
2437
2405
2536
2361
2437
2464
2459
2494
2405
2363
2440
2412
2457
2452
2521
2415
2533
2501
2546
2600
2474
2559
2558
2615
2619
2704
2650
2656
2655
2605
2704
2691
2699
2764
2670
2749
2782
2789
2828
2740
2771
2795
2855
2845
2733
2866
2870
2851
2774
2891
2811
2877
2822
2809
2792
2684
2730
2676
2683
2582
2522
2539
2615
2542
2417
2495
2499
2475
2449
2399
2489
2482
2412
2510
2469
2366
2536
2470
2511
2478
2551
2475
2590
2586
2664
2735
2614
2660
2738
2740
2677
2775
2735
2781
2796
2845
2825
2859
2783
2786
2734
2923
2945
2960
2894
2944
2819
2907
2913
2951
2973
2980
2801
2962
2865
2929
2838
2955
2873
2926
2914
2826
2802
2772
2822
2777
2775
2661
2577
2645
2635
2626
2548
2548
2513
2557
2544
2553
2570
2584
2615
2699
2637
2705
2714
2799
2844
2804
2921
2824
2882
2907
2810
2934
2918
2850
2961
2922
3030
2997
2955
3007
3006
2887
2889
2901
2931
2967
2841
2832
2835
2824
2735
2850
2721
2687
2682
2665
2572
2606
2529
2485
2490
2547
2580
2560
2604
2589
2674
2628
2745
2659
2812
2814
2846
2794
2808
2745
2857
2811
2957
2954
2923
2890
2889
2955
2870
2942
2919
2891
2874
2840
2798
2895
2760
2855
2815
2771
2847
2805
2778
2803
2831
2790
2722
2793
2798
2677
2709
2682
2576
2621
2758
2649
2602
2601
2580
2494
2516
2487
2371
2558
2414
2404
2501
2489
2449
2439
2480
2406
2487
2475
2423
2494
2457
2562
2642
2624
2668
2724
2668
2662
2650
2750
2700
2784
2814
2704
2827
2703
2747
2791
2777
2748
2783
2736
2701
2775
2746
2701
2803
2705
2743
2602
2738
2764
2777
2683
2595
2675
2647
2582
2615
2613
2577
2547
2512
2626
2563
2459
2602
2506
2512
2463
2390
2412
2440
2463
2466
2423
2399
2480
2386
2437
2446
2433
2529
2431
2461
2539
2582
2593
2486
2528
2634
2572
2698
2701
2726
2768
2789
2752
2764
2882
2927
2987
2936
2995
2951
3057
3009
3031
3042
3049
2996
3040
3037
3019
3060
3012
3057
2968
3026
3062
3041
3102
3089
3090
3123
3109
3037
2981
3156
3128
3112
3095
3040
3091
3073
3167
3103
3101
3171
3055
3181
3159
3082
3036
3096
3192
3042
3153
3057
3109
3230
3058
3030
3095
3036
3113
3154
3104
3078
3188
3071
3100
3095
3166
3099
3119
3111
3017
3101
3129
2999
3066
3101
