2392
2374
2372
2418
2405
2463
2441
2429
2406
2402
2427
2383
2423
2523
2439
2436
2499
2381
2399
2403
2487
2387
2383
2423
2369
2398
2424
2438
2344
2480
2328
2473
2489
2448
2495
2405
2393
2373
2469
2428
2392
2380
2437
2366
2402
2326
2413
2414
2377
2353
2403
2385
2358
2433
2371
2351
2365
2382
2400
2430
2385
2371
2321
2387
2378
2369
2370
2363
2234
2318
2225
2313
2309
2254
2290
2264
2152
2244
2176
2121
2084
2064
2035
2035
1961
1975
1950
1847
1906
1952
1863
1817
1949
1898
1849
1925
1888
1972
1858
1890
1889
1863
1943
1900
1910
1952
1936
1966
1992
1944
1971
1969
2057
1964
2014
2008
1983
2036
2039
2077
2095
2026
2093
2078
2127
2072
2081
2210
2101
2129
2133
2098
2186
2105
2222
2165
2239
2186
2171
2152
2161
2186
2199
2092
2206
2119
2083
2113
2073
2052
1978
1952
1890
1963
1922
1907
1840
1881
1914
1947
1883
1886
1829
1927
1942
1858
1947
2013
2012
1984
2012
1997
1994
2014
1983
2034
2003
2074
2157
2147
2057
2169
2176
2135
2172
2203
2161
2180
2165
2282
2179
2231
2174
2158
2322
2240
2172
2208
2208
2187
2273
2263
2238
2264
2189
2238
2234
2236
2253
2258
2217
2227
2203
2096
2119
2048
2065
2078
2049
2065
1910
1982
2051
1904
1894
1992
2067
2037
2035
2027
2061
2040
2122
2129
2155
2117
2200
2279
2232
2278
2209
2263
2296
2275
2326
2333
2328
2280
2310
2323
2260
2361
2308
2241
2272
2328
2092
2269
2245
2150
2223
2137
2105
2128
2167
2077
2068
2042
2028
1982
1901
1977
1909
1976
1994
2010
2082
2160
2084
2004
2156
2186
2219
2241
2211
2234
2218
2255
2272
2295
2182
2230
2275
2273
2313
2294
2303
2155
2164
2272
2193
2265
2348
2244
2303
2299
2203
2157
2295
2150
2189
2234
2112
2072
2123
2102
2106
2110
2086
2047
1960
1984
1950
1962
1951
1820
1979
1917
1943
1957
1910
1962
1845
1937
1818
1867
1782
1989
1903
1892
1953
1959
1994
1982
2022
1974
2087
2165
2101
2107
2088
2115
2152
2213
2096
2204
2200
2130
2159
2112
2093
2198
2150
2169
2119
2213
2235
2083
2153
2209
2114
2066
2035
2133
2124
2053
2065
1981
2092
2113
2042
1952
2068
1966
2013
2054
2003
2004
1978
1937
1929
1954
1909
1915
1790
1948
1887
1912
1896
1895
1906
1926
1750
1879
1928
1798
1841
1879
1900
1953
1970
1966
2006
2102
2026
2068
2133
2200
2227
2092
2259
2212
2210
2218
2208
2279
2328
2286
2422
2368
2366
2386
2343
2281
2318
2359
2431
2359
2366
2397
2327
2361
2424
2331
2341
2315
2412
2377
2310
2365
2403
2441
2331
2413
2493
2385
2449
2373
2486
2440
2491
2431
2492
2281
2376
2400
2471
2428
2362
2353
2366
2401
2336
2410
2447
2492
2427
2361
2395
2423
2430
2400
2433
2335
2450
2435
2385
2413
2352
2488
2475
2338
2398
2372
2414
2408
2428
2463
2412
2378
2360
2367
2451
2472
2433
2482
2453
2459
2389
2470
2482
2456
2374
2455
2425
2414
2434
2414
2417
2403
2367
2418
2381
2422
2468
2453
2376
2431
2423
2443
2407
2438
2345
2515
2439
2413
2413
2411
2344
2430
2444
2418
2469
2399
2338
2321
2408
2368
2379
2419
2477
2449
2331
2452
2385
2331
2406
2335
2441
2359
2428
2414
2445
2363
2538
2397
2396
2426
2414
2349
2373
2448
2426
2340
2349
2333
2372
2350
2413
2381
2319
2371
2362
2375
2390
2322
2330
2374
2393
2368
2326
2259
2361
2364
2341
2293
2315
2227
2196
2312
2296
2267
2158
2202
2151
2118
2122
2075
2016
2000
1912
1952
1943
1973
1935
1895
1912
1854
1870
1900
1860
1879
1941
1890
1932
1958
1881
1946
1931
1913
1919
1953
1958
2015
1877
1931
2065
2004
1979
1965
2014
2027
2087
2050
2075
2099
2076
2138
2105
2130
2157
2194
2119
2113
2243
2192
2215
2223
2142
2043
2112
2120
2165
2171
2180
2132
2242
2216
2129
2155
2122
2169
2135
2053
2059
2025
1989
2018
1944
1935
1933
1922
1975
1856
1897
1912
1872
1887
1926
1925
1869
1826
1916
1879
1921
1965
1998
1994
2007
1973
1996
2042
2024
2059
2103
2089
2090
2112
2075
2245
2140
2204
2219
2213
2200
2147
2280
2243
2148
2241
2246
2228
2318
2279
2282
2266
2267
2275
2275
2286
2248
2286
2245
2264
2330
2212
2306
2331
2157
2200
2141
2143
2155
2037
2166
2033
1984
1980
2038
1999
1916
1991
1948
2098
2083
2022
2112
2052
2077
2140
2199
2156
2085
2210
2164
2220
2201
2331
2154
2287
2267
2223
2234
2208
2235
2315
2288
2265
2333
2298
2266
2305
2308
2216
2188
2246
2237
2117
2133
2089
2051
2055
2109
1995
1941
1954
1973
1961
1961
1949
1967
1951
2034
1982
2038
2042
2097
2175
2201
2131
2163
2215
2153
2349
2169
2261
2258
2211
2240
2259
2204
2276
2263
2279
2194
2316
2217
2264
2241
2189
2177
2229
2224
2220
2258
2229
2294
2163
2173
2167
2136
2075
2071
2122
2058
2082
2044
2108
2046
1971
1990
2013
1936
1952
1883
1948
1934
1940
1949
1930
1904
1859
1839
1863
1861
1977
1892
1940
1941
1933
1988
1980
1998
1957
2113
2053
2036
2149
2116
2149
2058
2107
2162
2133
2254
2170
2237
2122
2127
2174
2107
2083
2165
2075
2113
2027
2167
2074
2222
2145
2027
2121
2064
2074
2069
2053
2027
2056
2065
1947
2002
1962
1965
1987
1878
1912
1936
1862
1810
1972
1946
1911
1872
1929
1881
1914
1864
1899
1890
1812
1883
1957
1971
1895
1983
1957
1941
2013
2011
2019
2079
2057
2056
2154
2165
2117
2181
2210
2271
2246
2258
2262
2324
2341
2365
2244
2325
2357
2276
2348
2481
2327
2456
2408
2485
2313
2359
2435
2350
2349
2388
2378
2396
2371
2268
2486
2355
2327
2447
2361
2416
2502
2341
2410
2381
2372
2427
2425
2428
2438
2380
2389
2401
2468
2397
2403
2409
2385
2455
2423
2271
2330
2427
2378
2407
2397
2379
2382
2411
2360
2487
2318
2389
2458
2487
2426
2444
2439
2352
2434
2425
2425
2405
