2413
2386
2373
2476
2417
2358
2463
2428
2438
2416
2480
2490
2365
2434
2368
2423
2417
2414
2438
2286
2398
2408
2428
2279
2405
2367
2413
2492
2278
2465
2404
2394
2315
2388
2382
2310
2363
2432
2424
2430
2349
2437
2346
2402
2371
2499
2399
2352
2373
2383
2392
2361
2474
2398
2361
2406
2305
2372
2343
2315
2272
2259
2395
2367
2369
2339
2312
2344
2331
2359
2295
2279
2237
2248
2216
2221
2229
2167
2168
2195
2196
2127
2031
2018
2039
1986
1918
2044
1944
1857
1882
2006
1916
1920
1905
1888
1920
1881
1881
1953
1956
1889
1980
2000
1958
1936
1913
1870
1986
1890
2036
1973
1933
2032
2036
1958
2006
2047
1987
2050
2053
2062
2161
2067
2013
2119
2041
2123
2166
2138
2161
2107
2111
2215
2121
2065
2075
2128
2214
2163
2103
2103
2160
2203
2138
2097
2119
2074
2051
1985
1948
1920
1950
1852
1963
1891
1928
1840
1923
1888
1897
1848
1817
1909
1895
1976
1911
1976
1931
1952
1980
2031
2033
1978
2029
2100
2071
2035
2048
2037
2056
2165
2061
2030
2133
2086
2187
2155
2138
2220
2081
2215
2210
2283
2141
2211
2277
2224
2323
2240
2218
2292
2227
2234
2278
2252
2234
2285
2198
2286
2233
2250
2156
2235
2155
2046
2054
2098
2038
2030
1955
1963
1941
2016
2010
1972
1960
2022
1987
2026
2070
2008
2111
2109
2147
2225
2182
2238
2280
2312
2181
2297
2263
2206
2322
2290
2277
2268
2370
2296
2341
2379
2245
2308
2218
2295
2234
2172
2145
2137
2120
2094
2221
2089
2039
2152
1957
1977
1977
1956
1961
1955
1998
1929
2019
2066
2052
2063
2027
2147
2073
2199
2149
2169
2150
2282
2309
2219
2338
2225
2196
2258
2288
2259
2342
2290
2223
2270
2174
2289
2124
2192
2263
2237
2174
2193
2235
2257
2158
2161
2158
2154
2076
2114
2160
2131
2083
2083
2062
2002
2025
1982
1974
1966
2025
2023
1989
1893
1964
1926
1878
1874
1966
1930
1833
1953
1876
1935
1898
1949
1899
1949
1937
1964
2067
1934
2017
2057
2101
2182
2190
2156
2246
2116
2125
2159
2158
2217
2099
2240
2213
2070
2175
2122
2160
2109
2114
2165
2111
2053
2111
2073
2124
2086
2107
2086
2023
2079
2054
2023
2034
2041
2009
1968
1983
1920
1939
1962
1946
1937
1978
1935
1929
1937
1966
1902
1936
1899
1892
1889
1910
1861
1912
1917
1911
1916
1931
1989
1942
1987
2009
1959
2100
2090
2166
2164
2126
2157
2151
2272
2189
2268
2399
2312
2333
2385
2314
2317
2368
2400
2326
2357
2320
2410
2339
2421
2355
2364
2394
2406
2411
2354
2388
2351
2383
2368
2311
2336
2325
2436
2457
2424
2287
2432
2414
2371
2353
2336
2431
2453
2420
2427
2357
2437
2384
2468
2512
2470
2419
2360
2358
2485
2401
2411
2461
2478
2471
2379
2401
2441
2368
2320
2411
2392
2371
2500
2375
2365
2424
2454
2511
2425
2418
2444
2391
2364
2435
2439
2351
2421
2397
2388
2463
2489
2403
2353
2408
2428
2425
2309
2414
2358
2500
2433
2336
2443
2413
2377
2473
2322
2478
2355
2409
2326
2445
2367
2390
2520
2503
2492
2343
2407
2353
2394
2429
2428
2373
2444
2455
2404
2442
2356
2355
2395
2396
2395
2361
2453
2349
2449
2419
2416
2439
2473
2409
2368
2400
2373
2471
2436
2444
2469
2466
2459
2433
2382
2375
2349
2357
2425
2357
2417
2416
2378
2421
2360
2291
2393
2450
2297
2440
2389
2400
2377
2416
2376
2298
2408
2381
2393
2412
2358
2371
2340
2339
2355
2402
2306
2273
2226
2249
2231
2251
2172
2193
2192
2057
2150
2098
2107
2081
2031
2011
1937
1940
1923
1894
1900
1930
1997
1879
1850
1896
1948
1886
1901
1871
1914
1919
1912
1955
1875
1948
1910
1968
1924
2039
1936
1914
2014
2013
1995
2052
2050
2028
1982
2067
2055
2135
1998
2145
2073
2141
2074
2084
2093
2197
2086
2195
2130
2114
2197
2136
2133
2179
2198
2243
2128
2190
2211
2130
2135
2118
2109
2090
2031
2002
2094
1993
1948
1928
1944
1973
1883
1910
1925
1933
1936
1871
1892
1919
1853
1926
1918
1949
1962
1976
1987
1855
2021
2113
1959
2007
2091
2022
2044
2135
2072
2115
2050
2177
2128
2183
2144
2158
2208
2186
2219
2150
2153
2219
2309
2214
2272
2283
2226
2208
2274
2267
2323
2104
2273
2235
2243
2164
2286
2215
2283
2217
2186
2145
2205
2072
2019
2075
2095
2051
2004
2014
1951
1971
1959
1966
1980
2035
1963
2037
2001
2046
2084
2163
2141
2184
2204
2241
2196
2334
2210
2228
2289
2332
2314
2276
2280
2288
2285
2276
2294
2189
2167
2219
2219
2201
2238
2212
2073
2196
2174
2155
2152
2050
2147
2066
1948
2023
1945
2012
1880
2051
1972
1963
1987
2054
2032
1988
2100
2099
2088
2146
2201
2146
2142
2241
2213
2308
2191
2290
2215
2260
2196
2294
2231
2337
2246
2236
2223
2295
2375
2179
2255
2166
2190
2230
2153
2215
2145
2170
2177
2124
2172
2137
2081
2111
2069
2087
2055
2045
2040
2045
1970
1930
1969
1967
1921
2055
1915
1973
1984
1936
1865
1914
1924
1856
1898
1969
1854
1916
1963
1974
1928
1987
1964
1929
2000
2052
2020
2026
2010
2119
2132
2106
2164
2111
2179
2128
2247
2162
2094
2163
2108
2168
2185
2102
2132
2100
2100
2103
2085
2111
2087
2084
2064
2110
2044
2064
2033
1943
2076
2018
1931
1987
2091
1907
2013
2040
1936
1925
1889
2003
1946
1913
1907
1913
1900
1899
1906
1928
1922
1962
1899
1868
1907
1916
1925
1990
2002
1979
2024
1943
2014
2033
2108
2147
2046
2169
2183
2221
2223
2257
2227
2239
2236
2290
2322
2348
2320
2241
2332
2368
2351
2419
2380
2413
2363
2422
2415
2445
2332
2334
2421
2368
2346
2315
2347
2375
2414
2392
2403
2448
2360
2481
2300
2316
2352
2446
2437
2313
2474
2356
2484
2338
2436
2427
2377
2487
2419
2445
2350
2419
2454
2423
2385
2487
2439
2392
2415
2433
2405
2375
2451
2356
2390
2394
2380
2426
2407
2388
2346
2456
2366
2531
2369
2373
