2375
2323
2408
2394
2376
2404
2363
2392
2301
2374
2419
2410
2378
2398
2458
2374
2290
2447
2435
2443
2438
2363
2340
2403
2363
2339
2380
2375
2376
2388
2362
2318
2418
2393
2422
2334
2394
2488
2367
2427
2442
2371
2418
2434
2305
2372
2386
2342
2408
2282
2392
2398
2400
2349
2295
2383
2399
2490
2423
2357
2406
2471
2348
2423
2359
2312
2352
2315
2311
2273
2314
2308
2313
2315
2244
2178
2229
2174
2153
2202
2163
2051
2044
2059
2012
1938
1935
1951
1994
2010
1941
1944
1887
1943
1909
1928
1891
1868
1977
1947
1905
1935
1919
1909
1954
1941
1924
1947
1973
1921
1995
2084
2023
1995
1918
2072
1999
2019
2053
2016
2043
2097
2066
2093
2035
2052
2157
2129
2058
2085
2062
2108
2164
2215
2161
2175
2104
2152
2160
2118
2108
2142
2086
2080
2141
2091
2056
2065
2044
2004
1967
1955
1965
1961
1946
1966
1909
1900
1896
1963
1900
1952
1949
1913
1969
1989
1969
1936
2010
2014
2025
1968
2005
1971
2000
2069
2090
2069
2110
2134
2081
2110
2142
2105
2110
2079
2145
2204
2202
2177
2233
2178
2136
2158
2141
2255
2184
2283
2276
2220
2205
2312
2198
2252
2285
2266
2268
2374
2205
2148
2164
2139
2189
2193
2150
2115
2177
2055
2049
2011
1952
2026
1961
1997
2052
2007
1985
2003
1977
2050
2090
2108
2103
2260
2111
2237
2150
2180
2247
2341
2276
2308
2292
2294
2320
2311
2262
2301
2360
2318
2252
2335
2253
2237
2324
2213
2237
2251
2335
2200
2161
2154
2115
2082
2097
2026
2087
2004
1995
2009
1996
1974
1991
1969
1978
2057
2074
2102
2104
2142
2067
2154
2211
2202
2286
2168
2239
2166
2284
2261
2218
2249
2164
2243
2204
2226
2231
2199
2162
2214
2164
2209
2130
2206
2185
2117
2139
2141
2153
2166
2105
2220
2087
2149
2127
2092
2133
2066
2036
2023
1988
2002
1993
2001
1935
2004
1965
2016
1943
1889
1963
1832
1837
1849
1846
1938
1861
1976
1818
1894
1924
1939
1962
2004
1961
2074
2157
2058
2079
1973
2086
2144
2159
2088
2189
2174
2101
2225
2103
2198
2117
2156
2210
2128
2075
2123
2183
2053
2154
1965
2120
2084
2034
2043
2066
2011
2075
2002
2027
2056
1983
2074
2037
2024
2022
1953
1983
1972
1988
1917
1916
1856
1940
1885
1897
1927
1933
1863
1873
1906
1892
1923
1926
1909
1949
1965
1903
1897
1991
2023
2027
2103
2072
2082
2153
2089
2092
2132
2213
2281
2245
2285
2227
2333
2369
2355
2290
2401
2347
2322
2380
2346
2322
2384
2332
2418
2421
2348
2344
2394
2383
2411
2351
2414
2323
2443
2380
2423
2365
2375
2396
2402
2413
2445
2430
2320
2353
2430
2364
2356
2391
2358
2433
2363
2333
2360
2364
2351
2329
2362
2436
2336
2432
2376
2431
2469
2354
2319
2508
2376
2419
2363
2365
2337
2417
2390
2458
2448
2367
2400
2390
2506
2412
2437
2390
2342
2408
2382
2361
2427
2405
2388
2455
2348
2419
2377
2403
2407
2439
2436
2405
2373
2386
2470
2401
2292
2489
2392
2385
2482
2415
2433
2399
2422
2393
2365
2379
2389
2392
2391
2421
2381
2438
2423
2425
2370
2480
2489
2344
2282
2504
2394
2375
2386
2384
2384
2388
2385
2467
2406
2411
2372
2453
2425
2321
2382
2491
2389
2332
2458
2379
2357
2426
2387
2460
2481
2411
2435
2333
2414
2293
2322
2335
2383
2303
2402
2340
2394
2382
2304
2462
2318
2370
2312
2363
2385
2376
2407
2375
2360
2301
2378
2319
2288
2354
2393
2345
2259
2271
2233
2172
2246
2238
2233
2236
2205
2188
2144
2224
2157
2067
1982
2044
1982
1983
1976
1988
1934
1873
1839
1870
1868
1914
1799
1893
1925
1907
1957
1942
1890
1965
1995
1979
2015
1907
1972
1906
1956
1886
1937
2047
1953
2006
2057
2001
2057
2079
2085
2083
2190
2013
2084
2077
2135
2018
2115
2166
2096
2119
2233
2129
2065
2192
2169
2144
2230
2163
2203
2154
2193
2186
2077
2144
2168
2069
2071
2082
2069
2070
1977
1976
1956
1923
1942
1985
1902
1808
1852
1941
1895
1854
1829
1907
1866
1979
1889
1945
1927
1898
1896
2064
2002
2002
2021
2015
1905
2051
2133
2066
2173
2154
2185
2233
2128
2152
2176
2205
2153
2205
2186
2153
2146
2250
2266
2247
2177
2312
2252
2208
2254
2264
2171
2172
2219
2151
2206
2249
2145
2261
2205
2126
2209
2232
2043
2051
2112
1982
2019
2049
1961
1974
1945
2009
2029
2011
2015
2059
2092
2147
2092
2113
2141
2117
2119
2259
2237
2202
2233
2295
2197
2307
2254
2254
2191
2332
2309
2291
2205
2227
2267
2259
2286
2265
2144
2247
2232
2193
2193
2077
2106
2072
1984
2044
2064
1979
1995
1975
1950
1880
1986
1950
2005
2005
2039
2050
2020
2127
2152
2054
2193
2233
2199
2239
2220
2169
2209
2184
2257
2259
2175
2172
2169
2292
2219
2332
2153
2188
2189
2185
2123
2152
2171
2203
2177
2146
2155
2134
2102
2144
2090
2108
2084
2070
2035
2078
2027
2049
2071
2054
1981
2030
1974
1971
1903
1916
1887
1884
1976
1930
1869
1922
1843
1949
1840
1907
1928
1884
1972
1959
1910
1900
1972
2050
2044
2012
2104
2146
2081
2074
2175
2182
2101
2109
2083
2141
2243
2157
2057
2199
2065
2138
2154
2170
2155
2121
2089
1994
2091
2066
2042
2032
2091
2054
2091
1998
2022
2047
2021
2005
1991
1999
1999
1965
2035
1845
1932
1932
1909
1969
1967
1985
1981
1921
1930
1960
1950
1964
1878
1886
1929
1997
1927
2040
1952
1955
2052
1991
2027
2028
2017
2058
2091
2119
2162
2173
2141
2132
2237
2151
2266
2328
2317
2254
2328
2318
2309
2364
2249
2362
2406
2357
2402
2393
2379
2311
2323
2303
2401
2329
2404
2446
2408
2355
2426
2377
2419
2351
2423
2387
2423
2376
2405
2421
2373
2395
2408
2417
2458
2377
2313
2362
2368
2350
2371
2361
2420
2388
2406
2377
2412
2435
2368
2408
2473
2383
2386
2459
2402
2426
2438
2429
2393
2394
2423
2459
2337
2378
2453
2432
2401
2405
2336
2456
