2367
2440
2310
2367
2351
2491
2471
2431
2387
2413
2421
2359
2326
2406
2410
2479
2415
2501
2479
2365
2340
2379
2384
2437
2426
2422
2414
2446
2398
2388
2355
2323
2423
2396
2409
2437
2391
2412
2461
2454
2405
2464
2413
2448
2425
2336
2417
2356
2376
2411
2449
2423
2329
2285
2460
2288
2350
2432
2341
2457
2378
2463
2303
2390
2397
2368
2322
2324
2323
2311
2380
2338
2314
2323
2318
2263
2264
2182
2251
2179
2164
2150
2105
2023
2096
2045
2055
2021
2057
2051
1903
2026
1890
1937
1902
1997
1904
1919
1890
1919
1853
1947
1931
1903
1977
1936
1899
1887
1918
1955
2032
2070
1990
1954
1955
1985
2105
1988
2015
2043
2063
2040
2119
2063
2080
2051
1982
2131
2117
2139
2091
2128
2130
2172
2101
2080
2135
2150
2141
2108
2113
2144
2133
2068
2100
2088
2100
2087
2023
1986
2005
2066
1962
1944
2018
1953
1897
2016
1909
1911
1866
1955
1833
1910
1980
1959
1908
1918
1910
1956
1854
1999
1910
1950
2015
2032
2042
2066
2052
2014
2067
2052
2084
2056
2068
2077
2160
2046
2123
2177
2186
2193
2128
2212
2282
2211
2230
2269
2184
2211
2209
2241
2222
2233
2169
2286
2219
2273
2279
2167
2150
2197
2169
2118
2147
2150
2067
2053
2086
2016
1911
2005
1993
2035
1964
2036
1920
2150
1955
2075
2072
2136
2130
2160
2182
2304
2170
2305
2295
2220
2268
2233
2216
2278
2236
2256
2253
2272
2300
2248
2288
2266
2292
2255
2226
2170
2131
2166
2214
2169
2113
2141
2081
2162
2037
2071
1955
2015
1976
1913
1968
1979
1995
2059
1990
2060
2114
2069
2037
2177
2095
2161
2140
2249
2228
2134
2197
2257
2208
2247
2182
2206
2332
2237
2225
2267
2219
2251
2159
2177
2179
2150
2196
2171
2155
2161
2142
2140
2201
2202
2087
2129
2090
2100
2161
2079
2061
2077
1956
2029
1981
1990
1951
1954
1966
1984
1978
1870
1888
1873
1944
1894
2002
1832
1961
1876
1897
1965
1949
1887
1922
1977
2109
1949
2077
2008
2100
2034
2119
2064
2029
2148
2131
2155
2166
2124
2061
2224
2102
2161
2145
2197
2224
2136
2110
2149
2090
2072
2086
2087
2060
2018
2116
2029
2002
2020
2036
1973
2124
2054
2004
1990
2031
1923
2033
1982
2018
1924
1884
1974
1887
1812
1916
1935
1875
1971
1861
1895
1943
1946
1843
2038
1938
1905
1890
1959
1889
1988
2020
2043
2068
2067
2181
2110
2229
2183
2206
2129
2232
2257
2329
2284
2342
2299
2288
2369
2381
2382
2414
2325
2453
2396
2392
2321
2386
2461
2317
2378
2372
2441
2381
2382
2293
2398
2429
2412
2348
2436
2289
2378
2415
2266
2382
2371
2426
2379
2458
2376
2382
2460
2428
2394
2421
2423
2381
2429
2410
2345
2471
2400
2358
2415
2412
2398
2364
2385
2393
2449
2409
2369
2428
2395
2379
2381
2375
2477
2477
2518
2367
2502
2551
2404
2440
2476
2449
2406
2433
2428
2405
2391
2422
2442
2362
2461
2431
2430
2402
2401
2473
2402
2389
2327
2307
2391
2473
2417
2394
2455
2412
2413
2369
2438
2434
2399
2379
2436
2443
2422
2475
2469
2446
2431
2443
2378
2342
2430
2417
2385
2426
2495
2434
2418
2401
2440
2370
2454
2538
2391
2441
2396
2347
2430
2416
2374
2495
2442
2434
2509
2427
2396
2366
2339
2507
2399
2384
2456
2440
2447
2405
2425
2380
2375
2375
2404
2393
2356
2364
2345
2390
2457
2370
2453
2471
2436
2416
2426
2381
2395
2388
2328
2376
2410
2402
2240
2337
2284
2326
2333
2302
2276
2347
2380
2182
2247
2242
2253
2232
2216
2094
2084
2110
1981
2004
2049
1957
1951
2014
1882
1946
1914
1997
1992
1950
1931
1859
1953
2015
1910
1873
1886
1929
1931
2011
1931
1915
2019
1942
1999
2007
1957
2035
2020
1999
2005
2080
1994
2039
2108
1994
2037
2131
2144
2075
2176
2043
2134
2103
2079
2187
2089
2169
2112
2088
2114
2159
2161
2101
2196
2062
2128
2200
2104
2147
2146
2103
2097
2102
2082
2031
1979
2033
1929
1945
1853
1917
1945
1862
1862
2018
1862
1912
1878
1948
1917
1928
1885
1917
2020
1973
1984
1993
1962
2029
2037
1983
1995
2186
2090
2037
2052
2218
2161
2127
2121
2165
2196
2197
2109
2186
2168
2173
2150
2175
2220
2174
2178
2279
2292
2190
2163
2287
2193
2258
2278
2222
2196
2216
2205
2285
2127
2207
2180
2166
2152
2073
2071
1931
2037
1943
1985
1985
2020
2076
1953
2146
2012
1988
2051
2042
2069
2182
2124
2187
2153
2232
2219
2232
2214
2209
2243
2238
2326
2334
2247
2298
2385
2202
2229
2292
2264
2207
2175
2189
2231
2236
2131
2213
2167
2117
2046
2120
2066
2013
2012
2034
1974
1989
1976
1944
1972
1938
1998
2018
2082
2005
2052
2051
2095
2214
2138
2167
2236
2154
2208
2270
2224
2276
2197
2208
2256
2243
2187
2203
2220
2209
2246
2182
2222
2177
2111
2217
2181
2131
2141
2227
2090
2165
2100
2123
2067
2055
2015
2053
2097
2081
2113
2062
1983
2017
2030
1953
1941
1973
1910
1995
1818
1939
1912
1887
1906
1782
1926
1848
1896
1866
1916
1960
1954
1929
1958
2112
1972
2051
2014
2039
2086
2014
2103
2121
2162
2185
2136
2152
2107
2046
2121
2126
2073
2183
2025
2194
2051
2185
2059
2151
2156
2080
2030
2097
2105
2088
2015
2037
2049
2066
1967
1942
2057
2061
2024
2010
1949
1929
1986
1918
1957
2004
1979
1881
1968
1930
1989
1943
1971
1940
1905
1903
1877
1931
2013
1964
1955
1975
2011
2011
1975
1948
2035
2056
2132
2111
2085
2201
2241
2151
2208
2330
2315
2344
2330
2334
2259
2329
2328
2349
2342
2350
2344
2458
2353
2383
2406
2327
2328
2355
2408
2314
2303
2370
2397
2429
2432
2418
2356
2436
2403
2335
2360
2375
2371
2391
2326
2515
2438
2411
2339
2375
2370
2431
2400
2326
2438
2373
2390
2366
2447
2352
2420
2372
2456
2465
2437
2490
2341
2354
2422
2455
2359
2404
2331
2431
2330
2493
2449
2399
2393
2426
2378
2396
2357
2464
2415
2434
