2447
2357
2484
2428
2519
2392
2324
2427
2515
2377
2459
2364
2485
2418
2462
2390
2327
2320
2401
2461
2464
2473
2391
2354
2455
2379
2429
2467
2407
2330
2370
2359
2385
2444
2441
2419
2438
2431
2449
2473
2338
2391
2434
2450
2407
2464
2402
2479
2472
2372
2362
2420
2440
2366
2410
2346
2405
2403
2323
2387
2419
2300
2417
2334
2416
2416
2402
2330
2360
2415
2409
2289
2313
2407
2244
2326
2310
2222
2281
2273
2282
2195
2174
2133
2196
2097
2132
2102
1947
2058
1959
1978
1975
1969
1942
1927
1989
1982
1940
1914
1868
1909
1889
1993
1970
2009
1941
1949
1964
1964
1904
1992
1993
2039
1993
2014
2002
1895
1988
2016
2048
2041
2023
2074
1992
2040
2100
2046
2069
2099
2089
2075
2092
2141
2143
2180
2132
2183
2157
2122
2159
2088
2070
2145
2024
2130
2083
2135
2173
2069
2078
1987
2071
2025
1934
1943
1929
1920
1950
1977
1929
1853
1942
1847
1934
1909
1955
1927
2033
2040
1920
2022
1968
2003
2040
2071
2042
2068
1987
2054
2099
2065
2095
2127
2093
2107
2111
2090
2109
2009
2166
2231
2178
2159
2212
2221
2135
2137
2206
2201
2278
2287
2320
2242
2226
2253
2161
2198
2211
2155
2136
2271
2084
2193
2155
2122
2137
2033
2003
1996
1888
2009
1982
1995
1998
1892
2079
2017
2032
2130
2019
2090
2119
2079
2104
2140
2120
2073
2147
2189
2290
2191
2264
2298
2334
2272
2174
2275
2239
2227
2316
2320
2301
2228
2232
2277
2235
2127
2198
2173
2178
2144
2151
2069
2128
2067
2062
1946
1956
1912
1952
2025
1959
1980
2083
2128
2032
2071
2087
2072
2160
2203
2131
2255
2195
2246
2232
2238
2218
2148
2216
2254
2140
2217
2175
2124
2216
2230
2135
2265
2250
2175
2180
2119
2130
2140
2172
2084
2103
2066
2163
2158
2103
2086
1961
2053
2087
2078
2008
2038
2027
2013
1997
1964
1971
1842
1926
1921
1939
1964
1973
1896
1810
1955
1925
1897
2013
1921
1944
2021
1999
1960
1923
2143
2043
2011
2102
2057
2051
2180
2146
2193
2112
2231
2123
2111
2071
2114
2085
2132
2060
2169
2098
2137
2145
2113
2077
2036
2121
2022
2029
2079
2125
2052
2030
2056
2062
2046
1991
2046
2052
2030
1985
1994
1975
1959
1927
1922
1916
1941
1953
2032
1929
1937
1930
1953
1970
1896
1978
1925
1891
2034
2002
2023
1991
2101
2100
1968
2097
2084
2146
2176
2114
2197
2230
2238
2248
2225
2362
2333
2283
2294
2337
2454
2377
2343
2375
2321
2311
2390
2335
2375
2332
2386
2356
2412
2420
2404
2355
2312
2277
2427
2376
2447
2405
2440
2447
2468
2414
2355
2518
2400
2438
2380
2403
2306
2352
2413
2396
2505
2464
2324
2374
2394
2344
2370
2378
2439
2441
2491
2423
2443
2460
2414
2378
2394
2369
2474
2438
2392
2426
2482
2404
2422
2390
2445
2376
2496
2388
2312
2423
2383
2371
2398
2435
2354
2335
2431
2489
2420
2353
2454
2413
2401
2431
2450
2452
2418
2396
2386
2486
2444
2435
2337
2506
2408
2430
2429
2370
2433
2386
2507
2335
2422
2361
2423
2460
2416
2336
2473
2433
2415
2418
2373
2418
2386
2425
2441
2373
2419
2396
2439
2430
2455
2473
2300
2481
2430
2425
2369
2462
2407
2375
2410
2271
2415
2462
2444
2442
2342
2456
2305
2463
2418
2401
2477
2460
2418
2376
2411
2409
2449
2498
2352
2483
2356
2373
2360
2321
2373
2414
2441
2435
2360
2430
2390
2415
2355
2409
2326
2379
2394
2333
2349
2403
2345
2337
2339
2344
2292
2320
2301
2360
2333
2252
2226
2231
2180
2214
2170
2182
2090
1998
2097
2054
2004
2025
1941
1935
1944
2005
1939
1976
1943
1986
1913
1895
1959
1976
1927
1946
1908
1942
1948
1940
2016
1936
1980
2048
1966
2062
1964
2045
1947
2012
2008
2050
1985
2007
2047
1990
2108
2079
1963
2105
2077
2052
2049
2131
1971
2052
2025
2090
2055
2141
2150
2091
2154
2112
2153
2046
2134
2129
2076
2044
2093
2031
1950
2070
2011
1992
2006
1955
1965
1979
1878
1960
2019
1909
1915
1926
1919
1902
2000
1951
1870
1946
1937
2027
1948
2019
1983
1973
2092
1959
2053
2041
2098
2020
2135
2070
2139
2010
2185
2179
2146
2103
2167
2140
2197
2162
2137
2140
2179
2163
2181
2123
2272
2197
2257
2167
2189
2198
2178
2219
2224
2142
2181
2235
2149
2155
2213
2126
2077
2043
2138
2085
1971
2036
1983
1989
1899
1981
1923
1872
1987
2001
2043
1990
2130
2051
2066
2173
2103
2213
2132
2171
2193
2242
2178
2275
2267
2280
2341
2316
2295
2216
2257
2233
2277
2206
2165
2256
2187
2223
2091
2147
2129
2066
2197
2053
2091
2047
1973
2056
1961
2009
2037
2080
2004
2032
2008
1999
1986
2151
2026
2066
2045
2097
2193
2143
2114
2136
2197
2148
2223
2320
2240
2245
2174
2129
2232
2135
2207
2186
2154
2258
2122
2127
2168
2179
2084
2135
2147
2134
2104
2056
2051
2103
2026
2112
2038
2012
1971
1960
2047
1912
2128
2032
2011
2002
1987
1967
1858
1957
1911
1897
1912
1984
1856
1899
1979
1958
1894
1964
1997
1924
2006
2031
2010
1968
2085
2004
2074
2041
2103
2024
2084
2139
2094
2122
2145
2160
2147
2133
2073
2045
2107
2000
2008
2170
2091
2013
2033
2084
2059
2017
2045
2077
1958
1965
2084
2002
1964
1954
1962
1936
1988
2013
1929
1959
1949
2014
1991
2018
1941
1991
2028
1908
1974
1975
1970
1856
1956
1940
1949
2008
1911
1957
2024
1989
1949
2027
2005
2107
2030
2006
2112
2091
2125
2249
2246
2232
2163
2243
2260
2285
2274
2334
2285
2351
2328
2354
2387
2341
2365
2329
2435
2335
2370
2396
2348
2431
2419
2433
2423
2423
2366
2386
2410
2374
2395
2408
2399
2496
2423
2410
2357
2335
2394
2350
2400
2401
2415
2393
2420
2418
2459
2330
2482
2375
2449
2342
2393
2435
2498
2409
2455
2422
2382
2452
2454
2390
2346
2355
2500
2404
2421
2361
2328
2388
2346
2464
2466
2438
2490
2413
2356
2405
2355
2467
2362
2419
