2422
2366
2386
2565
2371
2380
2476
2399
2452
2364
2386
2431
2414
2505
2434
2427
2452
2460
2441
2441
2518
2367
2410
2463
2449
2425
2436
2377
2410
2431
2348
2437
2418
2366
2430
2461
2460
2422
2398
2469
2437
2458
2355
2360
2420
2355
2414
2430
2369
2421
2481
2459
2337
2437
2438
2348
2440
2347
2339
2460
2369
2327
2466
2420
2378
2367
2258
2358
2394
2516
2320
2410
2373
2319
2240
2304
2393
2232
2291
2267
2329
2248
2173
2288
2228
2149
2106
2086
2102
2107
2066
2150
2056
2051
2019
1983
2054
2023
2013
1917
2001
2006
1996
1957
2003
1897
2067
1969
2026
2005
2000
2010
1964
1982
1916
1986
1940
2035
2047
2036
2017
2033
2020
1971
2065
2097
2069
2070
2051
2098
1989
2014
2078
2112
2077
2161
2160
2107
2116
2121
2169
2095
2115
2168
2137
2123
2115
2073
2065
2005
2098
2099
2018
1944
1972
2020
2017
1960
1915
1855
1938
1945
1951
1970
2011
1970
2004
1902
1957
1960
1930
1959
1948
2041
2042
2002
2024
1981
2053
2140
2097
2024
2063
2061
2124
2193
2174
2113
2124
2117
2147
2112
2142
2134
2270
2248
2163
2193
2239
2241
2209
2160
2195
2161
2241
2146
2295
2264
2204
2162
2192
2190
2111
2193
2208
2199
2040
2019
2041
2028
2063
2098
1979
1992
1966
1960
2059
2053
1998
2055
2089
2091
2147
2130
2201
2190
2139
2192
2236
2191
2253
2264
2163
2246
2243
2332
2279
2189
2261
2212
2218
2269
2265
2300
2301
2210
2186
2188
2085
2077
2090
2081
2201
2103
2016
2062
2041
1937
2000
1972
2049
2061
2022
1959
2038
2035
2085
2090
2085
2118
2139
2116
2102
2177
2102
2202
2290
2255
2199
2167
2135
2252
2112
2165
2109
2141
2201
2216
2120
2250
2192
2154
2105
2152
2110
2108
2074
2128
2172
2104
2094
2031
2031
2000
2044
1980
2018
1946
1973
1993
2022
1958
2038
1994
1999
1953
1921
2013
1985
2025
1857
1951
1979
2024
1864
1862
1960
2025
1965
1930
2047
2024
2063
2087
2082
2130
2039
2145
2023
2046
2055
2104
2155
2169
2146
2098
2119
2147
2169
2127
2172
2148
2120
2152
2060
2085
2113
2078
2104
1990
2038
2033
2045
2033
2022
2077
1985
2033
2004
2075
2016
2036
2052
2047
1949
1985
1957
1874
2003
1952
1927
2041
2019
1975
1933
1951
1975
2025
1987
1959
2013
2024
1991
2055
2102
2064
2092
2101
2082
2123
2208
2237
2230
2247
2295
2282
2320
2301
2302
2375
2364
2298
2381
2261
2419
2383
2394
2402
2342
2403
2368
2360
2407
2389
2457
2337
2403
2408
2303
2387
2408
2354
2390
2391
2347
2398
2396
2331
2437
2337
2362
2367
2335
2421
2387
2390
2420
2452
2479
2376
2402
2417
2492
2456
2490
2416
2450
2459
2378
2480
2410
2360
2403
2508
2449
2478
2456
2436
2404
2412
2523
2466
2336
2407
2442
2420
2443
2381
2427
2463
2413
2411
2385
2408
2391
2467
2459
2413
2434
2514
2459
2397
2361
2494
2428
2359
2477
2401
2434
2388
2470
2387
2389
2517
2456
2456
2500
2471
2413
2467
2376
2510
2475
2484
2380
2477
2461
2411
2448
2457
2414
2395
2520
2433
2357
2465
2438
2414
2442
2428
2507
2542
2507
2439
2420
2432
2406
2458
2384
2413
2380
2509
2475
2479
2556
2426
2497
2329
2397
2353
2333
2471
2483
2492
2501
2452
2438
2394
2384
2489
2371
2422
2455
2425
2386
2444
2290
2397
2411
2420
2373
2407
2350
2294
2327
2416
2428
2419
2362
2425
2396
2363
2455
2426
2376
2378
2400
2444
2402
2421
2303
2337
2364
2326
2333
2240
2225
2269
2227
2202
2218
2169
2138
2052
2127
2056
2015
2016
2086
2060
2088
2046
1967
2006
1869
2053
2019
1999
1960
2029
1990
2039
1963
2013
2002
1982
1978
1942
2063
1953
1936
1978
1971
1979
2052
2057
2018
2040
2009
1982
2058
2140
2077
2163
2104
2134
2100
2087
2044
2211
2058
2028
2062
2055
2132
2011
2157
2191
2091
2165
2113
2172
2062
2108
2127
2100
2030
2050
2045
2038
1990
2030
2016
1903
2035
2001
1901
2019
1859
1926
1867
1949
1909
1973
1870
2003
1999
2000
1928
1899
1961
1960
2005
1955
1997
2028
1963
2032
2056
2090
2078
2125
2051
2051
2019
2146
2103
2120
2114
2145
2213
2069
2161
2196
2119
2170
2205
2144
2205
2121
2175
2124
2226
2182
2170
2191
2173
2244
2178
2144
2140
2135
2129
2123
2078
1969
2082
1992
2098
2006
1989
1983
1913
1948
2017
2047
1996
1987
2098
2055
2035
2035
2154
2176
2170
2094
2271
2136
2150
2247
2132
2246
2273
2290
2280
2207
2386
2331
2194
2275
2274
2150
2213
2187
2106
2179
2110
2182
2022
2074
2081
2035
2023
1994
2011
2012
1916
1909
1949
1990
2082
2090
2014
2071
2044
2145
2151
2103
2179
2195
2211
2122
2123
2164
2213
2201
2190
2222
2200
2198
2193
2227
2211
2213
2180
2126
2103
2084
2146
2173
2158
2155
2090
2099
2110
2068
2105
2042
2030
1991
2020
2094
2017
2022
2042
1963
1946
1978
2062
1993
2007
1958
2034
1950
1933
1927
1948
1940
1954
1960
2028
2022
2015
1990
1923
1944
1927
2004
2027
1998
2031
2010
2001
2116
2123
2156
2127
2119
2113
2132
2037
2069
2180
2031
2106
2043
2147
2003
2088
2050
2070
2053
2079
2023
2040
2119
2031
2114
2078
1966
2013
2007
2009
2040
2048
2079
1989
2010
1956
1946
1969
2035
1934
1967
2007
1952
2073
1981
1964
1976
1954
1984
1980
2012
2022
2078
2034
1998
2065
2019
1988
2135
2031
2124
2084
2031
2122
2170
2225
2274
2168
2240
2223
2240
2282
2297
2258
2264
2270
2264
2326
2355
2381
2322
2341
2425
2339
2463
2375
2393
2430
2392
2369
2391
2400
2456
2390
2433
2392
2411
2382
2348
2398
2410
2414
2380
2390
2447
2392
2350
2449
2328
2416
2357
2493
2366
2498
2449
2536
2451
2398
2455
2441
2372
2390
2472
2439
2326
2406
2441
2481
2391
2430
2448
2446
2482
2546
2392
2436
2462
2432
2343
2530
2383
2435
2379
2366
2530
2501
2599
2510
2478
2391
