2450
2447
2508
2421
2427
2450
2442
2484
2421
2462
2384
2458
2422
2409
2450
2507
2442
2419
2505
2506
2407
2453
2438
2521
2438
2410
2567
2381
2359
2326
2345
2494
2350
2430
2470
2346
2397
2414
2388
2424
2298
2352
2367
2441
2373
2461
2453
2497
2430
2375
2505
2422
2423
2326
2477
2486
2436
2479
2295
2405
2431
2386
2360
2370
2341
2400
2399
2338
2318
2343
2324
2396
2407
2293
2345
2365
2292
2312
2272
2288
2300
2310
2185
2213
2257
2253
2194
2180
2226
2079
2060
2163
2090
2060
2137
2030
2032
2098
2085
2032
2026
2037
1999
1999
2066
2025
1931
1896
1988
1980
1974
2090
2058
1975
1916
1968
2043
2018
1982
1971
2036
2022
1929
1994
2054
2080
2088
2110
2047
2003
2043
2077
2066
2135
2050
2114
2195
2035
2063
2103
2137
2074
2154
2091
2133
2173
2142
2136
2045
2015
2101
2026
2058
2083
2021
2016
1983
1971
1930
1926
1948
1916
1983
1947
1874
1957
1887
1936
1974
1982
1979
1926
1989
1934
2000
1992
1980
2020
2037
1968
2046
2076
2051
2099
2065
2101
2101
2103
2134
2111
2074
2063
2157
2109
2187
2195
2168
2125
2106
2176
2130
2190
2201
2200
2167
2216
2210
2121
2146
2115
2150
2184
2132
2181
2151
2078
2129
2059
2132
2035
2033
2082
2036
2053
1974
2035
2014
2020
2034
2037
2075
2079
2044
2174
2067
2168
2136
2178
2131
2270
2318
2237
2289
2256
2264
2234
2342
2231
2157
2267
2205
2203
2305
2173
2197
2236
2248
2192
2126
2195
2138
2131
2089
2003
2072
2012
2062
2041
1991
2006
1999
2023
1983
2009
1967
2089
2091
2107
2134
2103
2123
2189
2161
2211
2225
2175
2138
2177
2103
2229
2217
2151
2265
2191
2191
2192
2226
2173
2169
2149
2170
2146
2178
2044
2101
2141
2143
2104
2082
2095
2103
2074
2017
2033
2045
2021
1961
2052
2057
1990
1943
1962
1915
1983
1960
1917
1983
1902
1930
2025
1929
1936
1954
1981
2041
1930
1904
1948
2054
2026
2099
2057
2074
1985
2051
2037
2057
2043
2067
2194
2077
2110
2104
2058
2105
2060
2156
2128
1967
2146
2130
2131
2112
2114
2020
2048
2064
2103
2021
2070
2046
2068
2096
2025
2024
2029
1976
1936
2010
1973
1999
2078
1936
1990
1896
2037
2035
1935
2024
2011
1938
1952
1965
2015
2044
2068
2017
1982
1992
2052
2052
2072
2082
2023
2163
2124
2151
2052
2200
2095
2146
2162
2220
2233
2230
2284
2339
2242
2364
2251
2423
2428
2344
2389
2426
2276
2400
2405
2363
2337
2396
2383
2317
2392
2376
2439
2441
2430
2401
2463
2346
2401
2448
2437
2304
2405
2395
2317
2416
2454
2403
2475
2506
2404
2472
2483
2399
2479
2490
2401
2463
2390
2472
2382
2440
2409
2495
2441
2344
2460
2408
2401
2362
2389
2474
2409
2442
2349
2498
2395
2486
2424
2459
2413
2439
2426
2347
2443
2347
2428
2362
2470
2381
2489
2402
2415
2400
2486
2532
2455
2504
2457
2423
2386
2503
2365
2430
2359
2478
2471
2439
2423
2386
2473
2367
2487
2337
2476
2514
2420
2481
2413
2459
2390
2470
2451
2416
2388
2416
2454
2418
2411
2419
2460
2480
2426
2442
2421
2399
2408
2429
2360
2380
2457
2389
2416
2448
2389
2414
2430
2461
2389
2392
2446
2392
2385
2453
2521
2371
2479
2515
2456
2407
2355
2394
2383
2378
2343
2334
2422
2402
2400
2437
2400
2384
2428
2400
2352
2393
2436
2390
2453
2381
2394
2317
2360
2437
2397
2464
2416
2417
2366
2416
2400
2337
2376
2396
2313
2440
2428
2378
2368
2331
2274
2375
2344
2342
2329
2370
2233
2214
2168
2158
2173
2214
1997
2045
2067
2067
2063
2125
1972
1939
1974
1951
1984
1983
2002
1989
1944
2069
1989
1998
2027
1869
2033
2042
2015
1995
2145
2062
1950
2053
2007
2048
2014
2045
2084
2056
2010
2028
1949
2023
1982
1995
2105
2040
2069
2025
2111
2082
2012
2043
2072
2155
2093
2102
2147
2100
2091
2086
2103
2109
2141
2090
2135
2098
2071
2037
2051
2067
2034
2017
1984
2049
2011
1890
1985
1957
1984
1928
1965
1911
1905
1947
1901
1999
1934
1921
1999
1913
2010
2043
1963
2034
2062
2084
2014
2015
1995
2029
2075
2062
2022
2038
2044
2064
2096
2127
2166
2166
2090
2217
2131
2135
2119
2202
2190
2147
2273
2168
2131
2281
2188
2233
2124
2204
2120
2201
2118
2094
2102
2171
2052
2102
2132
2162
2083
2029
1949
1969
1923
2039
2019
2002
1959
2061
2088
2044
2154
2083
2051
2112
2155
2106
2107
2222
2290
2171
2231
2327
2251
2151
2230
2271
2217
2293
2261
2197
2169
2302
2221
2179
2155
2065
2120
2120
2125
2140
2058
2048
2075
2038
2017
2041
2011
2000
1980
1963
1968
2053
2114
1980
1985
2060
2088
2140
2119
2103
2202
2136
2253
2293
2230
2208
2151
2151
2250
2137
2310
2163
2220
2226
2130
2214
2220
2118
2037
2148
2118
2072
2090
2055
2118
2066
2077
2108
2171
2130
2014
2029
2036
1990
2036
2052
2072
2043
1914
1980
2023
1976
1941
1805
1868
2038
1969
1993
1909
2030
1913
1870
1962
1951
1974
2024
1976
1945
1894
1934
1972
1945
2047
2081
2060
2006
2104
2154
2134
2152
2093
2105
2141
2149
2146
2042
2042
2088
2026
2139
2089
2037
2070
2173
2083
2004
2150
2093
2082
1988
1949
2119
2055
1983
2024
2017
1997
2104
2010
1978
1935
2061
2011
1904
2015
1920
1973
2036
2016
1932
1960
2082
1986
2052
2016
2050
2019
1992
1929
1979
2126
2030
2082
2098
2051
2165
2191
2141
2165
2243
2152
2264
2246
2278
2251
2298
2311
2372
2347
2374
2383
2328
2355
2356
2409
2453
2325
2384
2335
2371
2441
2412
2357
2414
2366
2463
2426
2458
2388
2495
2420
2391
2411
2407
2458
2429
2382
2397
2330
2448
2337
2451
2486
2367
2396
2433
2436
2345
2427
2459
2408
2423
2448
2467
2384
2365
2317
2373
2395
2539
2465
2505
2408
2428
2435
2405
2432
2416
2491
2433
2405
2459
2436
2429
2435
2388
2440
2426
2493
2471
2381
2429
2491
2401
