2842
2861
2805
2858
2845
2911
2929
2995
2813
2954
2875
2886
2853
2786
2891
2869
2889
2976
2839
2887
2777
2784
2833
2832
2905
2958
2839
2928
2936
2968
2939
2882
2924
2911
2805
2897
2801
2847
2781
2873
2850
2887
2897
2962
2994
2852
2875
2862
2870
2789
2858
2821
2825
2818
2854
2846
2957
2898
2822
2782
2794
2818
2770
2883
2760
2747
2833
2806
2853
2788
2826
2787
2759
2702
2822
2752
2720
2802
2753
2685
2748
2669
2666
2570
2632
2585
2593
2501
2518
2521
2567
2504
2536
2449
2376
2407
2446
2371
2358
2343
2391
2373
2339
2373
2344
2435
2322
2370
2294
2302
2419
2330
2389
2377
2384
2346
2349
2446
2408
2425
2462
2385
2352
2368
2392
2379
2373
2401
2424
2475
2451
2494
2399
2435
2463
2421
2404
2471
2497
2452
2577
2473
2341
2485
2519
2464
2444
2497
2402
2350
2457
2384
2474
2440
2425
2333
2379
2294
2346
2311
2313
2342
2304
2393
2241
2286
2361
2290
2334
2335
2343
2328
2311
2358
2275
2322
2458
2384
2296
2296
2313
2398
2439
2426
2379
2374
2400
2374
2446
2442
2516
2463
2548
2635
2496
2425
2499
2467
2486
2482
2591
2560
2622
2584
2505
2573
2661
2581
2459
2610
2593
2499
2548
2660
2424
2528
2530
2580
2422
2466
2376
2377
2358
2331
2236
2390
2434
2471
2439
2373
2459
2463
2487
2482
2482
2480
2586
2452
2640
2614
2618
2591
2570
2585
2675
2649
2670
2664
2588
2749
2603
2644
2612
2628
2652
2551
2512
2625
2520
2543
2531
2467
2492
2469
2407
2485
2479
2335
2406
2363
2457
2387
2422
2400
2421
2499
2422
2486
2457
2579
2541
2555
2498
2664
2613
2479
2575
2605
2596
2521
2524
2571
2552
2576
2577
2562
2492
2584
2456
2525
2524
2589
2544
2494
2513
2430
2527
2456
2515
2462
2463
2348
2443
2427
2386
2330
2357
2385
2239
2331
2287
2345
2366
2334
2353
2306
2277
2336
2318
2367
2289
2294
2293
2420
2318
2305
2323
2275
2436
2426
2459
2394
2443
2438
2497
2484
2492
2447
2566
2415
2517
2405
2479
2473
2520
2425
2369
2497
2484
2555
2463
2468
2435
2497
2361
2460
2424
2463
2459
2440
2459
2388
2410
2369
2359
2403
2510
2305
2378
2433
2323
2408
2315
2335
2393
2368
2333
2349
2305
2466
2428
2391
2541
2380
2355
2265
2387
2377
2479
2420
2485
2459
2478
2521
2552
2499
2490
2543
2540
2662
2573
2729
2620
2689
2738
2706
2787
2736
2799
2719
2820
2814
2772
2839
2797
2801
2759
2849
2949
2891
2874
2842
2908
2882
2851
2917
2821
2778
2809
2812
2770
2874
2880
2894
2858
2846
2837
2741
2886
2783
2907
2783
2844
2846
2843
2913
2845
2880
2852
2789
2833
2777
2907
2866
2821
2767
2886
2811
2887
2861
2883
2883
2950
2874
2916
2898
2966
2821
2918
2841
2906
2841
2893
2906
2891
2848
2908
2875
2869
2802
2857
2833
2735
2837
2844
2823
2922
2885
2822
2861
2830
2906
2954
2810
2859
2894
2920
2932
2812
2818
2925
2880
2862
2921
2893
2930
2885
2919
2900
2836
2973
2877
2869
2929
2909
2866
2946
2898
2902
2980
2817
2813
2904
2868
2936
2899
2798
2943
2841
2817
2842
2883
2839
2788
2733
2908
2847
2995
2819
2880
2937
2842
2862
2857
2940
2829
2814
2814
2788
2907
2899
2869
2884
2801
2774
2801
2911
2888
2808
2840
2860
2831
2835
2773
2828
2746
2837
2854
2854
2860
2835
2880
2810
2785
2835
2853
2860
2864
2781
2884
2902
2754
2800
2831
2778
2716
2814
2837
2822
2872
2860
2785
2764
2785
2788
2829
2662
2729
2712
2679
2620
2653
2718
2553
2570
2555
2537
2439
2521
2371
2540
2439
2432
2375
2497
2523
2378
2354
2319
2353
2346
2380
2440
2344
2366
2345
2388
2345
2444
2380
2328
2282
2401
2363
2431
2380
2381
2439
2343
2452
2423
2452
2403
2389
2381
2491
2457
2528
2417
2401
2465
2420
2573
2588
2482
2478
2501
2439
2513
2455
2510
2471
2423
2489
2456
2577
2334
2450
2382
2456
2383
2397
2374
2391
2330
2367
2381
2299
2296
2286
2318
2253
2318
2258
2341
2289
2235
2317
2295
2346
2247
2397
2376
2333
2295
2316
2388
2319
2391
2364
2380
2352
2382
2389
2462
2524
2489
2445
2424
2427
2362
2553
2493
2562
2500
2588
2547
2539
2435
2527
2478
2544
2625
2545
2598
2557
2537
2562
2565
2527
2473
2455
2513
2429
2472
2527
2404
2458
2425
2326
2383
2359
2394
2304
2343
2265
2400
2378
2367
2542
2460
2477
2461
2505
2588
2519
2527
2583
2623
2644
2612
2609
2659
2717
2715
2640
2685
2650
2660
2647
2635
2650
2572
2650
2604
2529
2511
2476
2419
2423
2375
2430
2369
2366
2333
2340
2393
2323
2366
2482
2402
2333
2415
2430
2436
2483
2487
2474
2574
2552
2621
2581
2506
2547
2583
2589
2490
2494
2493
2506
2540
2489
2533
2459
2482
2500
2518
2526
2509
2551
2519
2553
2447
2538
2369
2392
2516
2467
2393
2361
2410
2420
2305
2351
2360
2288
2292
2387
2425
2371
2296
2279
2254
2240
2331
2317
2244
2292
2391
2299
2287
2320
2317
2351
2360
2407
2364
2409
2282
2392
2402
2441
2441
2401
2490
2445
2533
2427
2533
2501
2539
2473
2417
2530
2432
2461
2457
2458
2400
2417
2475
2545
2431
2368
2383
2334
2481
2365
2433
2302
2392
2517
2454
2396
2322
2457
2309
2342
2447
2395
2348
2425
2394
2505
2371
2384
2374
2377
2390
2328
2441
2399
2436
2353
2342
2440
2350
2427
2506
2396
2467
2528
2445
2572
2505
2616
2475
2661
2658
2649
2702
2623
2757
2668
2720
2877
2821
2800
2738
2731
2777
2867
2841
2783
2806
2970
2830
2873
2793
2801
2815
2873
2835
3030
2827
2879
2900
2873
2940
2919
2838
2828
2849
2846
2799
2873
2874
2815
2906
2891
2897
2831
2966
2845
2811
2917
2770
2897
2847
2878
2862
2772
2817
2785
2897
2797
2840
2985
2916
2805
2789
2841
2909
2905
2837
2884
2939
2918
2843
2885
2874
2817
2834
2842
2870
2848
2877
2891
2887
2896
2829
2912
2968
