2849
2787
2952
2784
2874
2872
2867
2916
2925
2878
2802
2946
2850
2826
2825
2921
2890
2782
2892
2840
2934
2842
2752
2870
2838
2880
2779
2849
2812
2819
2848
2916
2853
2811
2835
2805
2909
2869
2832
2945
2834
2954
2893
2873
2791
2839
2838
2915
2840
2906
2927
2767
2887
2912
2744
2837
2816
2841
2926
2901
2872
2874
2836
2779
2860
2833
2835
2849
2887
2769
2709
2817
2878
2842
2818
2836
2817
2877
2739
2755
2776
2772
2665
2688
2625
2737
2640
2709
2663
2567
2617
2627
2547
2604
2457
2490
2520
2561
2524
2472
2427
2490
2444
2353
2410
2404
2360
2373
2396
2456
2437
2436
2395
2379
2364
2318
2360
2356
2303
2426
2353
2413
2363
2381
2477
2381
2410
2465
2370
2419
2383
2325
2475
2447
2441
2412
2475
2382
2594
2446
2481
2434
2488
2453
2410
2464
2455
2414
2400
2480
2461
2356
2469
2407
2360
2366
2411
2349
2392
2309
2383
2298
2328
2321
2285
2308
2288
2345
2322
2313
2334
2326
2409
2365
2353
2376
2269
2278
2388
2290
2379
2387
2433
2349
2397
2387
2366
2422
2427
2511
2447
2445
2499
2467
2508
2416
2505
2480
2432
2506
2520
2480
2483
2609
2494
2524
2487
2453
2570
2556
2506
2498
2616
2565
2496
2474
2513
2437
2462
2400
2385
2370
2459
2385
2376
2449
2341
2402
2356
2460
2415
2410
2423
2513
2452
2440
2448
2490
2449
2566
2585
2676
2588
2615
2626
2687
2578
2578
2717
2572
2593
2567
2584
2606
2595
2481
2465
2533
2533
2501
2506
2466
2412
2298
2421
2371
2306
2348
2376
2394
2369
2365
2419
2378
2414
2321
2528
2337
2502
2530
2522
2532
2525
2453
2522
2562
2601
2478
2563
2468
2465
2450
2542
2474
2536
2571
2502
2529
2581
2475
2527
2546
2477
2371
2367
2377
2435
2355
2455
2403
2341
2324
2257
2374
2446
2248
2367
2292
2343
2289
2351
2374
2325
2335
2296
2306
2356
2267
2340
2326
2379
2362
2310
2374
2379
2333
2328
2455
2369
2433
2440
2370
2490
2454
2441
2486
2457
2439
2502
2541
2478
2502
2437
2462
2458
2419
2443
2466
2506
2417
2416
2504
2439
2499
2381
2405
2413
2388
2511
2334
2357
2400
2434
2413
2317
2329
2374
2365
2339
2413
2341
2352
2467
2317
2337
2328
2346
2351
2349
2398
2518
2483
2430
2438
2441
2408
2412
2493
2427
2423
2522
2477
2409
2610
2639
2583
2593
2658
2556
2635
2640
2670
2725
2763
2601
2735
2652
2792
2691
2760
2860
2809
2757
2766
2799
2880
2858
2750
2859
2805
2944
2807
2826
2853
2812
2824
2878
2811
2834
2900
2763
2879
2878
2862
2823
2952
2911
2809
2874
2805
2994
2789
2776
2881
2981
2748
2935
2896
2862
2865
2919
2852
2917
2790
2941
2813
2958
2872
2882
2863
2919
2833
2880
2859
2843
2881
2825
2915
2889
2948
2895
2903
2882
2871
2954
2884
2931
2944
2917
2893
2954
2908
2939
2862
2814
2832
2864
2881
2876
2899
2784
2909
2923
2893
2868
2893
2964
2933
2896
2860
2942
2907
2904
2969
2864
2860
2864
2824
2912
2896
2865
2809
2897
2937
2754
2840
2759
2878
2894
2857
2837
2943
2819
2916
2877
2974
2811
2846
2892
2895
2853
2858
2757
2851
2862
2730
2887
2896
2813
2866
2846
2877
2936
2830
2815
2776
2861
2914
2879
2948
2921
2856
2849
2821
2812
2808
2766
2877
2845
2802
2785
2860
2832
2787
2797
2808
2802
2786
2828
2850
2810
2902
2879
2810
2864
2843
2823
2847
2753
2792
2863
2847
2702
2846
2839
2816
2733
2833
2784
2762
2843
2824
2779
2837
2775
2746
2767
2636
2794
2695
2702
2667
2570
2520
2580
2561
2560
2571
2668
2558
2601
2597
2490
2479
2526
2498
2363
2460
2345
2348
2428
2468
2366
2327
2483
2487
2401
2443
2378
2436
2339
2334
2449
2293
2435
2371
2360
2389
2385
2488
2494
2404
2405
2492
2421
2399
2373
2399
2469
2425
2438
2390
2575
2523
2422
2445
2410
2437
2515
2394
2566
2401
2435
2431
2463
2367
2461
2413
2421
2343
2493
2404
2476
2327
2385
2342
2371
2378
2274
2419
2346
2346
2374
2253
2278
2267
2350
2282
2248
2316
2292
2330
2347
2312
2354
2407
2391
2367
2414
2370
2466
2411
2376
2414
2429
2388
2364
2426
2472
2444
2460
2454
2475
2495
2525
2502
2536
2512
2429
2499
2531
2481
2575
2562
2602
2533
2546
2462
2466
2586
2433
2513
2524
2436
2435
2424
2499
2426
2457
2377
2261
2369
2302
2258
2418
2311
2313
2341
2401
2390
2346
2339
2402
2538
2421
2485
2499
2520
2571
2605
2619
2621
2589
2594
2589
2614
2591
2568
2585
2566
2598
2537
2529
2506
2473
2495
2550
2490
2467
2423
2429
2430
2379
2237
2352
2442
2286
2331
2412
2407
2399
2422
2411
2328
2390
2414
2517
2552
2448
2459
2524
2506
2576
2493
2592
2422
2507
2536
2564
2609
2494
2516
2540
2574
2467
2494
2444
2459
2477
2417
2471
2445
2443
2321
2470
2454
2308
2364
2344
2450
2358
2393
2279
2332
2310
2352
2298
2393
2280
2223
2438
2319
2240
2317
2310
2186
2351
2349
2246
2392
2373
2384
2314
2411
2371
2366
2356
2439
2374
2412
2384
2440
2431
2494
2564
2474
2512
2500
2365
2448
2397
2408
2449
2428
2419
2526
2349
2482
2480
2440
2413
2380
2434
2362
2480
2324
2402
2452
2408
2434
2432
2384
2320
2389
2361
2344
2358
2353
2446
2314
2414
2414
2317
2387
2314
2465
2403
2372
2498
2448
2449
2415
2392
2402
2457
2428
2456
2459
2517
2561
2520
2546
2508
2658
2624
2700
2610
2614
2713
2684
2802
2751
2769
2808
2800
2835
2818
2789
2906
2730
2885
2707
2769
2783
2830
2755
2814
2792
2794
2855
2940
2780
2861
2912
2877
2801
2860
2864
3029
2968
2823
2790
2815
2811
2857
2935
2905
2824
2857
2888
2889
2814
2836
2884
2840
2856
2901
2745
2830
2811
2931
2813
2855
2928
2815
2936
2917
2844
2858
2763
2854
2982
2891
2842
2827
2915
2892
2931
2846
2872
2926
2842
2811
2824
2834
2939
2815
2855
2913
2846
2814
2858
2816
