2423
2409
2470
2437
2377
2347
2388
2479
2481
2497
2492
2411
2441
2502
2382
2474
2460
2457
2365
2360
2432
2431
2431
2474
2512
2429
2407
2493
2487
2462
2503
2401
2396
2461
2457
2422
2452
2418
2452
2428
2465
2397
2469
2412
2489
2491
2450
2329
2417
2431
2386
2443
2329
2368
2395
2442
2417
2473
2486
2412
2417
2347
2399
2513
2469
2342
2353
2354
2395
2391
2386
2423
2391
2484
2498
2348
2417
2407
2337
2308
2368
2350
2399
2322
2353
2267
2240
2361
2260
2219
2151
2311
2238
2115
2259
2174
2117
2118
2101
2080
2113
2071
2086
2009
2062
2038
2105
2123
2107
2036
2047
2145
2005
2031
2080
2029
2088
2017
2106
2052
2042
2077
2005
2118
2061
2119
2071
2108
2035
2067
2077
2063
2080
2032
2111
2095
2078
2055
2126
2163
2084
2102
2017
2059
2043
2128
2127
2079
2161
2082
2104
2141
2058
2077
2047
2052
1965
1987
2002
2057
2044
1945
2011
1988
1977
1988
1903
1937
2024
1940
1937
1991
1943
1976
2001
2018
1976
1932
2034
2031
1980
2055
2008
1984
1979
2055
2025
2055
2018
2087
2084
2109
2096
2085
2157
2127
2110
2104
2121
2151
2053
2103
2157
2161
2073
2095
2156
2184
2195
2056
2108
2065
2160
2083
2090
2149
2089
2090
2087
2078
1958
2080
1915
2031
2018
2061
1988
1921
2001
1981
2013
2109
2019
2054
2055
2129
2141
2172
2196
2066
2130
2165
2166
2210
2350
2213
2307
2147
2183
2198
2131
2133
2193
2141
2105
2173
2120
2110
2172
2130
2082
2101
2067
1994
2025
2017
2003
2030
1994
2111
2041
1946
2051
2072
2044
2063
2037
2101
2134
2072
2196
2031
2144
2138
2092
2159
2153
2136
2129
2110
2181
2187
2108
2070
2068
2132
2115
2147
2074
2050
2123
2121
2061
2077
2011
2119
2130
2045
2031
2030
2171
2003
2070
2022
1973
2002
1964
2064
1971
2000
1995
1899
1965
1941
1903
2064
2052
1963
1907
1997
1852
1946
1975
1996
1935
2070
1980
2071
2000
2074
2061
2097
2072
2095
2113
1973
2186
2067
2120
2119
2113
2102
2052
2129
2192
2160
2054
2079
2138
1993
2093
2097
2112
2064
2044
2031
2125
2100
2084
2068
2112
2068
2007
2020
2066
2032
2141
2090
2014
2104
2036
1969
1904
2059
2062
2054
2061
2098
2014
2133
2101
2020
2067
2074
2055
2085
2102
2105
2117
2116
2154
2215
2197
2150
2147
2279
2335
2269
2312
2364
2286
2294
2407
2334
2307
2339
2403
2363
2374
2410
2350
2446
2297
2347
2393
2395
2488
2455
2422
2379
2411
2441
2355
2522
2377
2397
2449
2477
2465
2458
2503
2512
2320
2455
2393
2477
2392
2437
2453
2507
2433
2447
2462
2449
2416
2481
2404
2408
2497
2510
2385
2480
2458
2428
2396
2430
2525
2425
2446
2433
2451
2425
2374
2469
2511
2453
2449
2373
2322
2332
2437
2444
2418
2428
2430
2410
2509
2376
2401
2421
2439
2633
2430
2319
2505
2560
2396
2419
2428
2441
2415
2441
2447
2387
2372
2451
2436
2414
2409
2428
2472
2370
2461
2455
2518
2460
2485
2434
2507
2490
2482
2395
2399
2455
2400
2407
2423
2441
2561
2515
2465
2414
2453
2442
2466
2445
2308
2400
2416
2381
2428
2410
2522
2478
2444
2476
2423
2399
2461
2492
2435
2444
2346
2340
2504
2434
2493
2496
2484
2494
2498
2389
2399
2462
2447
2382
2450
2456
2456
2336
2430
2493
2510
2375
2400
2376
2489
2518
2288
2399
2452
2309
2453
2382
2410
2447
2510
2433
2407
2375
2418
2455
2474
2412
2365
2456
2490
2352
2397
2379
2413
2436
2375
2335
2370
2359
2377
2319
2373
2328
2249
2379
2292
2220
2277
2307
2236
2261
2276
2124
2123
2210
2122
2161
2158
2185
2158
2085
2058
2006
2149
2053
2028
2034
1984
2087
2071
1990
2006
2061
1977
2061
2008
2035
2095
2109
2062
2045
2052
1968
2080
1966
2085
2078
2059
2078
2067
2019
2107
2045
2158
2158
2040
1975
2058
2102
2105
2107
2091
2053
2030
2106
2105
2108
2031
2113
2033
2124
2058
2020
2126
2027
2022
2107
2041
1987
2017
1982
1947
1930
1868
1895
1954
1949
1914
1979
1966
1947
1932
2005
1851
2039
1906
2005
1931
1949
1955
2005
1981
2081
1934
2006
1972
2037
1967
2056
2105
2039
2106
2022
2098
2090
2072
2133
2091
2125
2141
2123
2178
2115
2098
2120
2046
2214
2074
2129
2114
2122
2193
2210
2169
2070
2068
2092
2010
2123
2104
1994
2036
1971
2101
2055
1951
2014
1950
2078
2021
2054
2089
2105
2135
2092
2070
2145
2056
2083
2108
2092
2164
2129
2129
2254
2153
2200
2190
2159
2223
2143
2176
2207
2120
2191
2144
2063
2159
2082
2090
2085
2151
2062
2059
1994
1956
1954
2032
1956
2000
1976
2034
2006
1993
2036
2000
2068
2088
2071
2090
2080
2139
2160
2130
2142
2049
2113
2198
2172
2176
2114
2070
2084
2109
2104
1998
2129
2078
2164
2103
2073
2102
2071
2094
2106
2041
2027
2068
1982
2047
2068
2048
1906
2051
1959
1891
1960
2011
2059
1964
1997
1959
1961
1921
1865
1996
1946
2004
1955
1922
1972
1917
1958
1975
2015
1967
1905
2054
2004
1985
1968
2035
2080
2021
2052
2009
2043
2060
2068
2060
2166
2071
2121
2108
2009
2032
2160
2020
2070
2113
2052
2097
2113
2073
2013
2155
2081
2061
2042
2062
2059
2062
2084
2007
1991
2034
2022
2085
2062
2045
2073
2124
2092
2017
2004
2112
2091
2077
2090
1985
2069
2040
2112
2042
2119
2134
2129
2124
2169
2226
2156
2106
2147
2191
2220
2248
2249
2133
2228
2295
2235
2339
2294
2350
2283
2410
2359
2377
2355
2430
2444
2408
2451
2486
2355
2382
2485
2378
2372
2333
2400
2453
2409
2479
2390
2417
2518
2381
2422
2444
2338
2458
2456
2386
2423
2396
2453
2374
2362
2370
2406
2446
2449
2301
2399
2438
2438
2346
2456
2406
2382
2381
2366
2414
2452
2494
2466
2410
2408
2461
2400
2446
2453
2474
2470
2463
2431
2499
2391
2411
2435
2522
2461
2396
2460
2435
2427
2449
2452
2381
2427
2411
2482
2451
2451
2474
