2381
2469
2375
2386
2297
2470
2451
2496
2495
2453
2437
2481
2478
2438
2431
2360
2385
2467
2516
2396
2433
2456
2452
2463
2399
2484
2458
2343
2501
2376
2411
2439
2502
2538
2390
2448
2470
2425
2414
2404
2470
2325
2492
2388
2447
2509
2423
2382
2475
2405
2410
2361
2487
2431
2423
2414
2448
2462
2333
2292
2391
2416
2452
2516
2387
2393
2442
2418
2419
2408
2370
2420
2405
2408
2385
2416
2382
2460
2336
2379
2372
2371
2259
2263
2315
2264
2268
2281
2280
2268
2275
2229
2173
2206
2194
2186
2240
2129
2159
2219
2153
2138
2043
2113
2044
2156
2042
2013
2094
2118
2039
2039
2100
2164
1954
2090
2030
2093
2119
2107
1990
1981
2097
2034
2075
2035
2091
2055
1946
2083
2065
2139
2105
2093
2182
2020
2151
2092
2067
2143
2089
2083
2094
2137
2044
2049
2091
2063
2055
1990
2067
1980
2094
2016
2009
1987
2018
1957
1972
2022
2000
2024
1971
1981
2059
1957
1997
1949
1984
2031
1953
1941
1956
1902
1943
1990
1961
2046
1946
1993
1940
2038
1989
2044
1997
1988
1952
2056
2026
2103
2043
2119
2044
2044
2135
2044
2057
2091
2151
2144
2045
2064
2127
2158
2000
2107
2099
2128
2129
2150
2106
2184
2095
2156
2064
2109
2063
2108
2043
1985
2019
2062
2024
2045
2022
1956
1993
2001
1999
2073
2008
2072
2026
2005
2044
2119
2164
2093
2194
2133
2193
2136
2231
2203
2179
2112
2148
2220
2176
2277
2133
2175
2165
2137
2083
2134
2103
2093
2061
2104
2085
2081
2041
1936
2043
1994
2006
1966
2072
1991
1954
2050
1998
2074
1967
2031
2071
2118
2159
2174
2161
2049
2157
2118
2143
2118
2168
2120
2123
2069
2101
2063
2104
2146
2117
2042
2076
2031
2027
2006
2106
2096
2063
2047
2046
1988
2040
2016
2008
2013
1999
2070
2039
2000
1952
1891
1947
2068
1980
1975
1925
1887
1932
1955
1926
1914
1991
1890
1864
1936
1962
1923
2007
1995
1998
2133
1975
2013
2064
2040
1985
2060
2078
2136
2059
2007
1944
2088
2100
2090
2056
2047
2087
2095
2059
2068
2074
2073
2046
2115
2064
2063
2118
1998
2019
2197
2087
2077
2123
2072
2013
2068
1954
2000
2036
2064
1996
2029
2106
2022
1977
2023
1937
2025
2122
2078
2065
2098
2041
2066
2018
2061
2079
2040
2084
2067
2031
2045
2138
2165
2171
2161
2265
2169
2234
2234
2326
2194
2286
2355
2302
2255
2325
2427
2300
2338
2402
2437
2317
2447
2359
2446
2387
2398
2523
2433
2487
2435
2417
2483
2431
2458
2396
2458
2432
2308
2455
2380
2422
2421
2397
2419
2398
2509
2449
2465
2285
2476
2402
2350
2468
2397
2398
2474
2403
2515
2364
2410
2431
2431
2363
2450
2410
2409
2429
2471
2388
2383
2449
2467
2504
2429
2443
2456
2335
2534
2416
2397
2406
2453
2462
2519
2445
2470
2409
2468
2410
2489
2416
2445
2476
2529
2378
2446
2356
2427
2442
2436
2439
2465
2440
2481
2436
2354
2472
2508
2392
2493
2511
2464
2534
2385
2472
2451
2458
2394
2387
2460
2517
2465
2395
2426
2389
2496
2289
2440
2493
2381
2511
2413
2488
2376
2438
2420
2505
2620
2464
2493
2481
2495
2478
2459
2509
2449
2449
2440
2462
2393
2461
2448
2411
2410
2325
2397
2444
2468
2395
2373
2489
2377
2456
2421
2325
2445
2355
2383
2479
2371
2486
2445
2336
2477
2517
2422
2368
2377
2567
2453
2449
2419
2419
2433
2395
2352
2306
2482
2354
2467
2461
2438
2394
2361
2305
2419
2384
2402
2365
2384
2337
2401
2379
2433
2345
2390
2343
2412
2303
2390
2336
2376
2297
2274
2285
2236
2303
2183
2220
2269
2145
2220
2189
2206
2175
2161
2174
2111
2143
2151
2136
2107
2086
2132
2020
2048
2035
2045
2042
2075
2078
2100
2021
2002
2093
1988
2034
2092
2107
2084
1993
2021
2120
2005
2041
2074
2033
2051
2077
2026
2072
2079
2108
1932
2168
2101
2145
2076
2086
2050
2053
2123
2147
2164
2093
1982
2114
2080
2058
2141
2093
2089
1960
2001
1976
2069
2084
1986
1998
2012
1945
1950
2021
1934
1964
1904
2048
2034
1940
1967
2025
1990
1977
1964
1980
1931
1980
2003
1939
2006
1968
1981
2010
1987
1972
1976
1990
2014
2084
2053
2095
1991
2056
2064
2075
2046
2058
2087
2065
2134
2058
2107
2073
2129
2096
2028
2127
2121
2129
2069
2022
2119
2163
2092
2084
2074
2029
2088
2030
2012
2103
1982
2016
2004
2025
1981
1953
1995
2064
2018
2014
2084
2007
2028
2114
2028
2145
2102
2168
2173
2120
2185
2193
2170
2235
2191
2195
2184
2159
2120
2240
2213
2117
2193
2073
2122
2133
2075
2109
2043
2075
2038
1963
2028
1970
1961
2036
1936
2027
2003
1980
1931
2035
2052
2012
2118
1977
2048
2104
2085
2132
2113
2169
2053
2130
2068
2178
2078
2130
2143
2065
2115
2091
2139
2081
2115
2073
2085
2091
2049
2060
1979
2066
1978
2010
1981
1993
2018
1977
2056
2134
1987
1988
2018
2079
1926
1997
1969
1892
1976
1964
1942
1959
1948
2013
1946
1953
1965
2013
1934
1994
1974
1955
1963
1998
2080
2035
2061
2001
2031
2027
1976
2079
2111
2053
2074
2009
2069
2055
2062
2131
2101
2156
2199
2133
2126
2056
2119
1961
2039
2033
2064
2092
2023
2070
2085
2023
2020
2051
1999
2040
2047
2069
2017
2043
1938
2065
2005
2045
2190
2015
2090
2094
2098
2068
1982
2083
2075
2135
2063
2107
2088
2089
2047
2125
2199
2121
2164
2177
2217
2135
2154
2147
2225
2259
2211
2229
2285
2315
2284
2247
2264
2364
2312
2413
2415
2413
2422
2313
2417
2457
2439
2407
2476
2401
2375
2445
2363
2377
2378
2454
2348
2438
2389
2489
2414
2381
2414
2416
2339
2412
2382
2467
2383
2388
2439
2391
2355
2453
2489
2380
2432
2400
2343
2410
2289
2501
2486
2484
2447
2315
2455
2372
2405
2374
2376
2478
2423
2510
2443
2513
2494
2417
2397
2423
2476
2372
2379
2452
2483
2444
2440
2480
2404
2510
2411
2406
2445
2355
2383
2424
2407
2407
2494
2397
