2422
2476
2421
2346
2448
2495
2386
2471
2472
2452
2427
2544
2409
2390
2434
2387
2427
2438
2500
2393
2411
2450
2444
2462
2559
2370
2526
2444
2519
2438
2407
2470
2390
2380
2429
2450
2450
2407
2365
2427
2402
2468
2461
2371
2444
2436
2482
2387
2420
2397
2412
2426
2313
2420
2526
2457
2442
2366
2371
2469
2362
2486
2441
2433
2414
2379
2342
2427
2394
2545
2406
2450
2412
2368
2386
2365
2393
2337
2407
2279
2408
2413
2279
2276
2350
2359
2302
2205
2416
2287
2266
2272
2295
2200
2262
2219
2227
2160
2128
2207
2183
2158
2131
2172
2042
2132
2095
1997
2093
2040
2101
2060
2053
2060
2070
2045
2105
2008
2019
2135
1967
2005
2149
2112
2044
2073
2027
2085
2045
2050
2025
2061
1974
1989
2095
2099
2148
2076
2013
2157
2073
2149
2128
2096
2122
2110
1975
2141
2085
2121
1990
2058
2078
2071
2027
1943
2053
2023
2041
2033
2030
2049
2070
1839
1972
1990
1978
2061
1992
1922
2038
2043
2034
1983
1978
2033
1971
2001
1972
1980
1944
1948
2061
2037
1954
2039
2001
2041
2024
2073
2027
1958
1950
2028
2058
2085
2069
2081
2114
2150
2117
2098
2058
2129
2168
2182
2174
2087
2080
2146
2066
2072
2149
2127
2074
2066
2127
2113
2111
2113
2026
2050
2082
2060
1975
1948
2038
1972
1984
1952
1992
1961
2105
1977
2085
2060
1974
2067
2099
2148
2161
2157
2097
2170
2090
2290
2170
2141
2160
2204
2250
2196
2201
2172
2192
2196
2084
2116
2116
2191
2041
2090
2032
2005
1957
2024
1994
2015
1968
1925
1994
2007
1986
2000
1990
1982
2031
2076
2045
2122
2117
2047
2108
2124
2095
2133
2047
2089
2043
2114
2149
2119
2142
2125
2065
2079
2059
2110
2041
2062
2058
2055
1954
1976
1989
2003
2008
2051
2027
2037
1958
1941
2008
1977
2005
1973
1981
1927
1973
1970
1959
1970
2005
1986
2005
1938
1925
1944
1943
2057
2005
1983
1950
1955
2011
2030
2039
1964
2054
1976
2064
2125
2031
2064
2182
2039
2048
2069
2070
2156
2091
2093
2085
2013
1945
2184
2077
2117
2048
2094
2140
2101
2151
2086
1998
2114
2145
2062
2045
2112
2074
2136
2001
2106
2071
2044
2047
2067
2047
2123
2010
2070
2009
2007
2084
2118
2028
2120
2131
2084
2028
2126
2125
2133
2140
2180
2137
2153
2161
2184
2103
2165
2233
2202
2334
2278
2264
2227
2328
2251
2332
2350
2152
2317
2314
2413
2343
2388
2398
2341
2379
2369
2419
2401
2401
2443
2314
2423
2377
2442
2435
2397
2415
2434
2323
2395
2360
2429
2492
2396
2569
2379
2417
2418
2338
2335
2364
2380
2487
2446
2429
2472
2421
2477
2437
2519
2389
2390
2410
2441
2361
2378
2426
2353
2317
2438
2389
2484
2394
2529
2482
2464
2533
2530
2377
2460
2367
2415
2411
2542
2456
2501
2394
2427
2448
2502
2449
2418
2456
2414
2367
2409
2465
2317
2450
2451
2493
2421
2524
2393
2465
2321
2423
2433
2405
2441
2479
2459
2460
2513
2524
2386
2461
2353
2482
2422
2483
2457
2480
2451
2499
2447
2421
2474
2414
2547
2425
2444
2448
2453
2462
2379
2452
2512
2386
2441
2495
2388
2435
2383
2378
2468
2392
2520
2414
2473
2385
2532
2462
2332
2399
2392
2415
2366
2351
2494
2449
2346
2556
2445
2479
2460
2442
2362
2380
2493
2411
2461
2448
2366
2493
2334
2485
2469
2440
2479
2466
2363
2491
2406
2483
2397
2395
2450
2397
2413
2390
2394
2334
2408
2424
2481
2341
2366
2437
2388
2393
2411
2389
2302
2343
2366
2306
2423
2377
2360
2390
2325
2453
2347
2277
2370
2261
2320
2286
2234
2266
2159
2201
2224
2218
2231
2162
2222
2194
2085
2098
2129
2169
2074
2099
2153
2092
2116
2076
2119
2072
2077
2068
1978
2064
2074
1990
2057
2106
2035
2115
2066
2042
2036
2099
2037
2095
2052
2042
2039
2050
2078
2073
2059
2084
2072
2046
2033
2081
2068
2087
2039
2119
2025
2094
2109
2076
2088
2130
2011
1980
2078
2093
2089
2113
2007
2024
1992
1943
2107
2006
2063
2028
2065
1963
1988
1927
1968
1968
1893
1973
2037
1940
1968
1920
1961
1950
1921
1989
1918
1941
2031
1982
2006
1955
1938
1969
1971
1977
2047
1999
2072
1998
2039
2024
2013
2020
2102
2091
2062
2050
2122
2039
2025
2230
2055
2058
2076
2067
2050
2140
2169
2041
2096
2070
1985
2047
2069
2098
2103
2143
2081
1969
1950
2101
2066
1972
1994
1987
1988
1973
2012
2057
1957
2055
2056
2005
2066
2111
2062
2159
2105
2138
2136
2153
2193
2224
2084
2146
2252
2101
2222
2103
2082
2242
2157
2141
2133
2086
2094
2047
2008
2064
2053
1951
2050
2072
2030
2038
2035
2062
2042
2027
2034
2040
2037
1979
2047
2139
2031
2133
2029
2106
2084
2086
2154
2192
2168
2069
2152
2070
2050
2065
2168
2049
2144
2111
1988
2083
2036
2149
2062
2005
1927
1980
2030
1957
2006
1931
2038
2007
2023
1953
2005
2012
2076
1967
1986
1992
1964
2005
2035
1985
1923
1902
1959
1970
1975
2013
1986
1907
2017
1924
1942
1958
1962
1994
1994
1916
2030
2000
2085
2084
2022
2078
2129
2070
2106
2052
2113
2018
2168
2110
2080
2046
2097
2082
2130
2056
2049
2001
2079
2105
2067
2003
2112
2006
1983
2004
2003
2111
2129
2052
2072
2060
2042
2089
2072
2020
2057
2114
2051
2009
2117
2159
2047
2085
2051
2147
2050
2096
2061
2115
2183
2152
2109
2232
2124
2303
2149
2220
2210
2255
2300
2328
2283
2278
2245
2268
2236
2343
2304
2315
2322
2387
2358
2356
2434
2373
2463
2409
2381
2435
2343
2397
2417
2345
2427
2468
2435
2443
2491
2392
2445
2426
2430
2440
2362
2388
2493
2375
2382
2437
2488
2425
2322
2521
2440
2327
2430
2445
2447
2461
2408
2476
2423
2349
2382
2375
2414
2498
2508
2392
2443
2394
2480
2364
2380
2386
2463
2378
2405
2499
2476
2474
2428
2391
2410
2527
2389
2441
2441
2477
2441
2458
2444
2369
2394
2542
2432
2440
2490
2437
2466
2363
2482
2437
