2457
2492
2370
2438
2529
2390
2359
2430
2453
2399
2386
2442
2454
2415
2339
2454
2431
2435
2458
2386
2488
2377
2457
2380
2482
2348
2365
2387
2503
2382
2472
2463
2504
2343
2456
2431
2438
2371
2465
2434
2430
2422
2319
2450
2504
2398
2419
2414
2474
2519
2393
2404
2377
2410
2344
2403
2435
2431
2366
2359
2393
2417
2457
2364
2463
2447
2435
2470
2448
2338
2503
2383
2408
2365
2378
2390
2405
2400
2432
2373
2313
2441
2341
2285
2391
2390
2359
2299
2330
2371
2273
2306
2272
2213
2252
2215
2284
2244
2215
2183
2170
2181
2172
2219
2144
2089
2117
2123
2202
2097
2126
2207
2160
2173
2021
2159
2152
2141
2059
2044
2134
2115
2054
2133
2056
2102
2078
2045
2101
2029
2097
2100
2079
2054
2080
2030
1991
2025
2107
2105
2029
2135
2034
2028
2076
2151
2087
2131
2008
2092
2097
2088
1994
2079
2020
2020
2012
1958
2046
2070
2022
1981
1957
2071
1957
2020
2008
1995
1918
2018
2044
1911
1965
1976
1990
1953
2033
1987
2013
1976
1966
1957
2011
1989
1974
2040
2016
2003
1983
2042
2010
2024
2019
1968
2023
1949
2052
1989
2008
1990
2039
1967
2091
1990
2000
2076
2076
2056
1994
2099
2078
2121
2068
2160
2072
2072
2112
1990
2017
2019
2092
2061
1993
2004
1957
1935
1936
1930
1993
1987
1991
1997
1951
2042
1957
2052
2045
2030
1989
2071
2130
2156
2109
2093
2168
2118
2131
2163
2174
2142
2118
2037
2069
2119
2014
2092
2109
2111
2065
1994
2054
1984
2072
1959
2043
1993
1977
1992
1969
1958
1955
1957
1967
2051
2049
2017
2111
2065
2035
2013
2109
1990
2086
2080
2082
2044
2139
2035
2134
2042
2087
2091
2019
2125
2048
2005
1996
1955
1981
2076
2003
1988
2056
2021
1989
1989
2036
2085
1948
2018
1978
2005
2043
1970
1978
1973
1919
1996
2027
1985
1992
1953
1903
2039
2026
1982
1990
1980
1946
2042
1941
1991
2030
2062
2058
2084
1974
2071
2038
2095
2042
2114
2036
2035
2009
2077
2081
2074
2043
2089
2031
2092
2180
2078
2081
2052
2102
2077
2036
2047
2043
2096
2098
2064
2074
2044
2049
2051
2069
2036
2071
2067
2080
2082
2079
2052
2087
2099
2170
2087
2101
2139
2129
2110
2111
2111
2086
2139
2202
2067
2155
2217
2242
2229
2167
2231
2215
2198
2183
2284
2212
2261
2294
2283
2348
2269
2429
2310
2385
2366
2279
2302
2347
2379
2308
2416
2376
2458
2421
2391
2419
2378
2506
2459
2446
2381
2373
2491
2433
2384
2425
2373
2410
2357
2458
2358
2390
2414
2399
2510
2451
2379
2484
2492
2469
2428
2501
2421
2484
2417
2405
2462
2423
2381
2435
2530
2467
2455
2515
2443
2479
2434
2380
2429
2404
2430
2418
2506
2401
2428
2414
2393
2487
2457
2458
2450
2490
2437
2356
2452
2443
2463
2467
2455
2526
2406
2325
2430
2417
2478
2398
2440
2489
2357
2399
2405
2489
2347
2447
2472
2478
2438
2383
2511
2371
2428
2407
2392
2457
2357
2445
2338
2367
2405
2433
2460
2492
2504
2441
2423
2437
2449
2378
2465
2333
2428
2370
2443
2428
2384
2474
2418
2404
2433
2434
2439
2472
2433
2410
2403
2504
2453
2505
2501
2513
2384
2453
2547
2496
2523
2454
2461
2388
2410
2438
2465
2456
2450
2408
2424
2492
2388
2456
2421
2428
2406
2357
2439
2464
2385
2400
2385
2489
2468
2412
2446
2456
2394
2402
2406
2473
2454
2482
2448
2371
2442
2449
2371
2387
2421
2357
2446
2348
2409
2375
2400
2388
2462
2326
2348
2396
2324
2399
2411
2398
2335
2426
2347
2337
2399
2294
2347
2333
2285
2337
2399
2310
2238
2300
2238
2334
2281
2185
2172
2263
2218
2217
2146
2209
2145
2104
2102
2084
2135
2181
2157
2073
2061
2182
2101
2136
2103
2099
2075
2106
2049
2153
2159
2050
2052
2045
2061
2068
1995
1992
1995
2098
2024
2025
2033
2057
1989
2076
2102
1984
2016
2068
2098
2040
2066
2038
2100
2115
2002
2060
2078
2101
2003
2078
2041
2077
2019
2070
2087
1961
2052
1998
1980
1923
2031
1912
2061
2019
1959
1981
1958
1984
1962
2003
1980
1957
1983
1990
1939
1988
1923
1965
2007
1969
1980
1965
1930
1970
2032
2015
2009
1919
2033
1988
2056
1931
2017
1974
2077
1977
2031
1998
1984
2076
2006
2041
2015
2165
2087
2115
1986
2010
2066
2012
2158
2110
2069
2082
2116
2025
2093
2098
2103
1967
2036
2009
1927
1974
1948
1989
1958
2000
2039
1958
1884
1952
1983
1999
2051
2044
2074
2167
2104
2008
2080
2092
2105
2163
2171
2179
2165
2105
2121
2131
2109
2171
2174
2080
2080
2051
2057
2099
1984
1964
2052
1936
2037
1968
1986
2011
1942
2013
1986
1917
1982
2072
2045
2058
2060
2041
2062
2057
2014
1980
1956
2061
2056
2024
2097
2076
2106
2121
2017
1997
2074
1998
2058
2052
2035
2105
2024
1944
2061
1933
1954
1953
2020
1967
1998
1970
1993
2094
1993
1937
1982
1947
1989
1986
1992
1987
1935
1982
1930
1988
2008
1977
1962
1951
2032
2038
2020
2002
1967
2019
1980
1924
2155
2004
2029
1955
2080
2000
2022
2011
2058
2078
2075
2130
2053
2035
2110
2110
2066
2119
2048
2167
2068
1968
2062
2132
2118
2110
1997
2112
2016
2041
2094
2096
2017
2050
2081
2018
2113
2094
2061
2149
2066
2015
2052
2050
2110
2088
2128
2077
2105
2094
2119
2081
2171
2120
2074
2180
2199
2148
2121
2186
2179
2139
2188
2271
2230
2201
2305
2265
2211
2272
2420
2328
2276
2301
2313
2400
2324
2319
2332
2398
2436
2459
2361
2362
2433
2401
2428
2386
2436
2440
2337
2404
2436
2446
2418
2479
2382
2357
2501
2399
2408
2486
2543
2460
2432
2397
2458
2385
2407
2487
2414
2382
2438
2352
2397
2366
2432
2463
2439
2461
2455
2392
2565
2388
2484
2511
2404
2539
2429
2427
2454
2335
2427
2391
2486
2383
2408
2487
2426
2480
2419
2395
2362
2498
2454
2493
2447
2425
2469
2501
2453
2458
2375
2421
2432
2496
2494
2377
2503
2405
2482
2464
