2452
2496
2489
2367
2456
2392
2405
2438
2495
2374
2461
2529
2431
2220
2481
2385
2469
2347
2513
2461
2481
2496
2455
2459
2386
2407
2416
2434
2521
2372
2398
2534
2512
2367
2411
2350
2458
2345
2401
2392
2446
2519
2434
2388
2388
2390
2514
2429
2414
2458
2443
2473
2522
2369
2396
2417
2410
2479
2431
2405
2444
2415
2424
2389
2454
2377
2420
2397
2490
2364
2368
2356
2429
2379
2426
2396
2396
2412
2334
2397
2469
2356
2342
2366
2322
2389
2350
2284
2326
2349
2288
2284
2310
2302
2232
2272
2209
2300
2192
2203
2246
2205
2124
2125
2087
2110
2171
2160
2278
2182
2119
2191
2132
2176
2139
2132
2021
2062
2109
2095
2055
2113
2104
2049
2068
2102
2051
2057
2145
2102
2112
2045
1998
2086
2073
2017
1974
2148
2094
2142
2146
2129
2144
2086
2068
2083
2010
2038
2085
2044
2060
2009
2047
2015
2105
1962
2009
2024
2005
2037
2000
2047
1945
2051
1979
2006
1955
1980
1894
1904
1977
1930
1976
2085
1950
1942
1979
1962
1951
1953
1985
1990
1936
1951
1973
1966
2032
1963
2023
1937
2035
2015
1999
2105
2055
1981
1928
1966
1991
2015
2039
2077
2090
2114
1993
1952
2069
2056
2069
2022
2107
2104
2017
2059
2002
2085
2060
2036
2015
2051
1988
2005
1983
2057
2006
1970
1978
2043
1978
2046
2002
2035
2005
1977
1985
2027
2075
2099
2030
2021
2033
2144
2105
2177
2091
2127
2095
2064
2088
2086
2141
2078
2071
2072
2115
2073
2089
2036
2078
2021
2022
1962
2008
1959
1940
2019
2061
2000
1954
1952
2012
1968
1963
2073
2016
1988
2083
2035
2066
2053
2121
2101
1982
2115
2137
2111
2044
2103
2092
2135
2104
2035
2016
2011
2038
1921
1901
2014
1971
2040
2015
1982
1986
2043
2016
1981
1996
1998
1946
2020
1926
2003
1990
2000
1945
1997
1996
1952
1923
1961
1985
1960
1956
1908
2024
1918
2041
2093
1950
2020
1988
2075
2045
1940
1997
2027
2034
2033
2108
2094
2132
2076
2046
2063
2082
2136
2047
2021
2044
2056
2021
2106
2042
2065
2161
2180
2134
1979
2141
2077
2094
2061
2051
2173
2047
2032
2113
2045
2070
2045
2050
2161
2186
2101
2123
2004
2066
2098
2052
2079
2065
2118
2085
2080
2196
2064
2185
2143
2157
2098
2186
2170
2323
2185
2166
2212
2230
2191
2178
2246
2252
2197
2317
2302
2274
2288
2316
2232
2399
2299
2369
2346
2342
2434
2378
2418
2444
2418
2353
2397
2415
2329
2423
2394
2486
2413
2386
2449
2470
2395
2441
2450
2390
2374
2407
2434
2404
2338
2393
2338
2450
2418
2354
2426
2482
2360
2514
2400
2484
2454
2567
2385
2430
2383
2422
2366
2403
2483
2449
2510
2420
2440
2460
2435
2397
2411
2358
2335
2366
2506
2377
2416
2434
2473
2489
2499
2377
2406
2478
2471
2488
2472
2433
2471
2405
2453
2377
2444
2538
2451
2359
2424
2437
2476
2385
2377
2433
2431
2339
2373
2443
2410
2466
2385
2358
2409
2429
2400
2451
2414
2464
2374
2394
2452
2456
2481
2409
2473
2397
2428
2464
2526
2452
2409
2434
2462
2421
2495
2454
2388
2395
2373
2321
2495
2456
2496
2391
2484
2445
2487
2484
2480
2476
2413
2392
2424
2466
2493
2361
2444
2476
2438
2445
2457
2435
2405
2479
2475
2387
2392
2436
2492
2362
2456
2417
2386
2405
2449
2361
2385
2416
2469
2567
2399
2461
2386
2393
2492
2468
2344
2457
2367
2410
2448
2321
2384
2383
2424
2440
2409
2467
2345
2361
2481
2394
2434
2438
2368
2412
2462
2411
2353
2329
2406
2326
2356
2465
2338
2394
2425
2378
2365
2337
2413
2343
2420
2366
2363
2316
2251
2331
2250
2268
2261
2248
2250
2253
2239
2185
2212
2139
2170
2143
2227
2247
2174
2118
2135
2105
2150
2057
2152
2091
2096
2056
2120
2133
2086
2106
1989
2112
2105
2056
2029
2084
2159
2124
2070
1983
2072
2030
2094
2090
2112
2108
2035
2077
2071
2057
2072
2120
2123
2124
2109
2000
2111
2146
2083
2015
2069
2060
2048
2046
2068
2063
1974
2092
1989
1970
2153
1966
2076
1903
1952
2030
2039
2024
1985
1936
1953
1927
1984
1931
2008
1998
1917
1988
1953
1970
1966
1998
1906
1999
1960
1991
1960
1990
1990
2019
2039
2003
1913
2016
1963
1952
2008
2066
2007
2085
2040
2064
2046
2108
2029
2066
2083
2044
2020
2016
2091
2032
2013
2024
2129
2060
2027
2077
2067
2003
1990
2040
2018
1952
1910
2019
1936
1925
1939
1966
1985
1953
2007
1986
1929
2010
1983
1978
2079
2111
2128
2110
2060
2117
2075
2112
2151
2176
2169
2114
2052
2175
2098
1995
2045
2096
2028
2125
2015
1976
1985
1962
1954
1885
1986
1978
1919
1959
2001
1960
1969
1988
2098
1990
2007
2070
2076
2016
2042
1918
2033
2072
2085
2089
2070
2018
2077
2129
2059
2035
2036
2023
2085
2053
2062
2071
2084
2006
2100
2010
2018
1993
1978
1960
1998
2027
1994
1975
1946
1935
1989
1879
2010
1968
1992
2056
1888
1944
1993
1945
1947
1962
1973
1988
2060
1959
2012
1910
2005
2019
2059
1984
2092
2022
2014
2065
1999
2037
2033
2022
1992
2054
2020
2044
2074
2015
2078
2119
2045
2088
2041
1984
2058
2019
2082
2092
2022
2131
2099
2067
2060
2107
2005
2104
2098
2058
2006
2071
2103
2142
2023
2067
2061
2092
1994
2008
2114
2114
2090
2204
2141
2159
2088
2197
2139
2117
2112
2182
2125
2138
2162
2267
2245
2238
2279
2211
2141
2310
2272
2258
2176
2272
2292
2377
2240
2237
2292
2436
2393
2322
2304
2392
2403
2382
2417
2326
2383
2385
2420
2426
2399
2403
2413
2396
2422
2487
2445
2473
2423
2527
2397
2407
2468
2334
2377
2431
2340
2438
2429
2373
2360
2473
2386
2364
2465
2389
2376
2379
2372
2428
2470
2438
2452
2434
2388
2440
2411
2484
2440
2335
2371
2373
2377
2472
2414
2413
2489
2498
2388
2459
2461
2359
2376
2426
2416
2398
2452
2431
2428
2479
2417
2404
2391
2455
2374
2373
2375
2523
2432
2397
2328
2333
2494
2484
