2453
2439
2476
2480
2419
2288
2470
2486
2525
2459
2398
2468
2429
2420
2519
2455
2478
2426
2508
2423
2417
2385
2447
2457
2378
2427
2496
2469
2486
2456
2362
2288
2451
2469
2531
2443
2393
2462
2412
2491
2462
2392
2400
2424
2461
2465
2465
2372
2502
2451
2448
2348
2359
2381
2481
2375
2473
2483
2373
2393
2470
2426
2410
2457
2418
2331
2488
2419
2550
2485
2365
2342
2402
2411
2428
2407
2433
2389
2441
2427
2345
2343
2399
2416
2314
2348
2280
2437
2329
2346
2350
2302
2329
2303
2291
2298
2243
2312
2279
2250
2131
2277
2250
2202
2252
2288
2161
2245
2110
2140
2269
2206
2143
2206
2128
2155
2101
2113
2151
2240
2059
2111
2064
2187
2073
2119
2113
2090
2178
2097
2098
2115
2066
2098
2140
2058
2061
2107
2216
2031
2073
2044
2156
2048
2069
2165
2120
2091
2082
2112
2120
2030
2114
2071
1988
2040
2020
2004
2024
2057
2001
1990
2059
1968
1983
2018
2035
2011
1989
1974
1968
1985
1974
1870
1877
1922
2025
2047
2010
2017
1971
1982
1841
1988
2037
2053
1978
2026
2010
2030
1989
1916
2015
1974
2032
2029
2003
2025
1939
2064
1987
2056
2050
2103
2007
2110
2082
2045
2056
1964
2047
2008
2046
2059
2124
2085
1930
2022
2034
2064
2069
1977
2047
1968
1993
2003
1946
1952
1980
1948
2011
2057
1960
1972
2100
2089
2058
2083
1994
2085
2072
2081
2076
2079
2137
2106
2068
2108
2089
2054
2101
2105
2164
2004
2083
2043
2057
2062
2001
2041
1951
1930
1972
1940
1955
1945
1952
1979
1971
1906
2058
1957
2006
2055
2021
2090
2076
2103
2031
2109
2023
2038
1917
2053
2032
2142
2060
1997
2038
2040
2067
2045
1991
2094
2064
1976
1997
2007
2116
1972
2003
1998
2024
1925
2002
1957
1984
1981
1963
1921
1965
1959
1940
1933
1933
1997
1958
1965
1931
2041
1960
1937
1966
1939
2008
2011
2025
2017
2036
2002
2001
1964
2046
2047
2044
2050
2122
2115
2072
2033
2091
2040
2084
2083
2181
2082
2054
2107
2129
2135
2060
2078
2087
2046
2104
2049
2078
2106
2144
2089
2137
2074
2027
2106
2101
2006
2116
2074
2162
2067
2166
2216
2124
2157
2114
2205
2158
2128
2160
2134
2182
2112
2230
2172
2104
2151
2155
2131
2177
2186
2198
2195
2356
2300
2266
2223
2242
2252
2248
2260
2266
2368
2328
2366
2290
2392
2302
2287
2329
2361
2328
2358
2296
2525
2356
2471
2414
2455
2369
2431
2361
2389
2434
2361
2395
2384
2455
2439
2455
2407
2447
2484
2407
2348
2347
2451
2431
2434
2456
2432
2456
2374
2502
2480
2433
2375
2459
2482
2340
2395
2447
2465
2300
2435
2510
2496
2482
2377
2445
2403
2447
2392
2484
2448
2418
2451
2394
2476
2397
2529
2485
2481
2422
2474
2414
2387
2428
2453
2483
2393
2397
2393
2472
2437
2462
2473
2368
2359
2473
2455
2506
2392
2450
2335
2416
2476
2425
2425
2527
2452
2473
2474
2429
2519
2383
2478
2475
2430
2401
2416
2470
2347
2450
2472
2526
2489
2486
2420
2419
2495
2329
2391
2408
2442
2462
2431
2490
2507
2440
2468
2534
2483
2444
2461
2414
2394
2393
2368
2462
2475
2347
2498
2451
2400
2451
2500
2470
2443
2449
2465
2363
2348
2530
2449
2429
2397
2453
2380
2473
2523
2417
2561
2483
2472
2424
2496
2504
2507
2413
2500
2403
2540
2391
2444
2479
2397
2374
2421
2425
2480
2397
2488
2445
2495
2340
2324
2395
2400
2391
2459
2413
2395
2375
2404
2421
2385
2395
2497
2432
2460
2352
2500
2456
2394
2428
2465
2460
2331
2432
2335
2444
2387
2334
2286
2278
2382
2380
2337
2359
2252
2369
2249
2278
2294
2236
2225
2241
2163
2267
2275
2149
2209
2244
2135
2218
2177
2125
2101
2192
2146
2204
2097
2168
2129
2124
2115
2162
2152
2165
2174
2142
2117
2073
2113
2105
2123
2098
2081
2115
2080
2084
2152
2072
2082
2109
2155
2046
2157
2158
2015
2099
2012
2062
2079
2124
1991
2076
2080
2128
2111
2000
2068
2022
2094
2002
2152
1998
2048
2047
2052
2001
1966
2019
1995
1974
1969
1917
1955
1917
1994
1999
1995
1932
2000
1925
2027
2012
1975
2024
1912
1992
1904
1970
1960
1986
1976
1925
2016
1942
1997
2017
1912
2012
1960
2023
1970
1972
2089
2094
1977
1984
2029
1975
2022
2010
2000
1981
2094
2085
1983
2131
2137
2059
2014
2025
1973
2040
2059
2108
1974
1932
1938
1964
1992
1956
1940
1953
1942
1970
1964
1955
1997
1927
1996
2067
2058
2018
2051
2039
2118
2092
2091
2126
2107
2080
2068
2125
2047
2053
2063
2097
2119
2022
2035
2054
2027
1948
2076
1917
2021
1940
1974
2014
2019
1929
2042
1933
1972
1947
2058
1969
1961
2023
1951
2025
2100
2000
2015
1964
1989
1978
1981
2007
2029
2044
2057
2083
1998
2001
1970
2066
2068
1974
2026
2052
1951
1968
1981
2003
1932
1953
2007
1960
2005
1959
1988
1998
1977
1905
1996
1991
1955
2039
1957
1993
2074
1977
2055
1917
1943
1971
1968
2010
1966
2046
1966
1946
2007
1940
2085
1958
2046
2041
2015
2027
2103
2104
2032
2080
2075
1991
1954
2095
2113
2078
2076
2088
2154
2085
2135
2106
2089
2113
2111
2054
2101
2076
2104
2013
2193
2073
2110
2091
2132
2122
2075
2116
2143
2162
2099
2193
2062
2175
2223
2057
2133
2078
2084
2169
2208
2240
2267
2192
2209
2206
2173
2144
2175
2246
2255
2255
2279
2261
2227
2308
2280
2279
2256
2319
2361
2321
2297
2323
2341
2433
2278
2340
2398
2431
2334
2379
2364
2335
2415
2414
2507
2384
2448
2391
2386
2331
2380
2469
2406
2436
2397
2463
2396
2381
2509
2549
2484
2398
2351
2464
2484
2424
2467
2488
2396
2387
2469
2482
2423
2422
2445
2353
2412
2367
2389
2387
2393
2342
2369
2411
2406
2398
2327
2484
2430
2350
2369
2379
2479
2454
2408
2432
2418
2364
2427
2448
2465
2504
2428
2416
2608
2380
2365
2414
2397
2367
2428
2486
2475
2456
2457
2385
2402
2375
2500
2398
2342
2456
