2429
2402
2429
2356
2530
2480
2382
2387
2413
2397
2483
2393
2425
2452
2515
2439
2462
2509
2503
2484
2459
2459
2543
2518
2456
2435
2472
2513
2442
2474
2516
2426
2393
2375
2369
2401
2440
2457
2403
2392
2557
2438
2522
2452
2370
2415
2452
2418
2535
2480
2409
2381
2355
2454
2384
2461
2313
2371
2459
2452
2380
2423
2338
2372
2545
2444
2455
2394
2451
2460
2391
2402
2437
2420
2477
2333
2467
2409
2377
2421
2358
2462
2326
2374
2380
2421
2347
2396
2361
2286
2413
2388
2371
2379
2417
2319
2352
2339
2223
2255
2189
2249
2254
2246
2211
2246
2184
2272
2250
2157
2246
2238
2236
2173
2134
2161
2173
2241
2149
2075
2234
2078
2138
2141
2165
2135
2150
2160
2183
2045
2109
2132
2144
2125
2131
2102
2087
2125
2175
2133
2087
2084
2032
2045
2041
2071
2085
2070
2038
2091
2124
2154
2082
2119
2024
2053
2065
2032
2026
2120
2047
2011
2007
2050
2023
1965
1957
2003
2036
1976
1890
2011
1954
1999
1950
2004
1947
1983
1942
2019
1936
1959
1998
1991
1991
1915
2020
1942
2040
2025
1888
1969
1959
1966
1973
2021
2012
2077
1978
2039
1888
1983
2047
1991
2010
2010
2032
2027
1964
2052
2098
1961
2043
2017
2045
2080
1986
2121
2007
2064
2019
2006
2060
1944
1989
2007
1914
1942
1967
1955
2022
1999
1987
1948
2006
1998
2007
2017
2088
1986
2048
2060
2111
1997
2100
2158
2168
2054
2026
2077
2083
2044
2035
2078
2092
2066
2012
2098
2059
2023
1972
2010
2025
2088
1968
1901
2013
1979
1955
1988
2038
2031
1955
1957
2018
1953
1917
2146
2022
2112
1995
2093
1954
1988
2090
2066
2031
1968
2018
1982
2007
2028
1985
1925
1984
2016
1986
1990
2060
2004
1992
1990
2006
1961
2018
1991
2049
1991
1953
1934
2037
2030
2009
2065
2020
1932
1912
1979
2090
1891
2041
1960
1965
1978
1980
1964
2032
1934
2008
2037
2012
2016
2084
2009
2058
1950
2050
2100
2069
2096
1983
2091
2061
2091
2070
2152
2094
2080
2196
2116
2069
2012
2162
1999
2108
2083
2121
2100
2128
2149
2184
2100
2150
2230
2166
2102
2198
2143
2149
2105
2167
2176
2207
2044
2183
2165
2182
2153
2129
2187
2209
2155
2250
2239
2196
2153
2291
2267
2228
2221
2216
2199
2142
2261
2295
2362
2319
2282
2363
2312
2292
2303
2290
2332
2350
2316
2368
2463
2497
2444
2347
2431
2454
2330
2347
2343
2458
2349
2450
2420
2460
2411
2380
2426
2453
2379
2406
2365
2424
2434
2530
2449
2412
2411
2474
2391
2514
2428
2491
2410
2345
2384
2466
2458
2346
2406
2435
2408
2468
2353
2480
2504
2421
2423
2492
2416
2422
2475
2446
2364
2536
2496
2411
2453
2411
2555
2502
2452
2395
2429
2447
2440
2340
2448
2465
2396
2463
2448
2530
2441
2422
2429
2449
2407
2516
2414
2378
2459
2390
2488
2467
2379
2476
2500
2490
2384
2438
2472
2401
2404
2350
2517
2488
2386
2377
2411
2527
2457
2463
2498
2363
2461
2513
2416
2437
2475
2468
2425
2445
2451
2504
2466
2494
2396
2415
2424
2454
2449
2455
2553
2487
2473
2455
2529
2464
2438
2432
2476
2407
2502
2442
2451
2438
2573
2439
2508
2399
2408
2454
2422
2419
2471
2439
2480
2485
2391
2448
2402
2393
2432
2466
2495
2494
2413
2446
2378
2476
2529
2452
2347
2495
2528
2409
2498
2498
2452
2439
2409
2467
2401
2376
2387
2405
2335
2340
2436
2425
2381
2340
2476
2410
2399
2510
2442
2435
2486
2454
2436
2373
2404
2413
2438
2414
2392
2400
2392
2401
2404
2417
2415
2334
2326
2281
2351
2284
2366
2505
2340
2393
2396
2385
2285
2322
2243
2354
2282
2322
2329
2297
2281
2263
2308
2262
2227
2215
2164
2247
2138
2256
2135
2282
2164
2178
2190
2208
2184
2126
2179
2143
2160
2206
2091
2030
2093
2107
2172
2129
2128
2101
2186
2113
2072
2157
2148
2144
2138
2088
2110
2101
2103
2094
2183
2106
2080
2157
2009
2135
2171
2132
2082
2123
2028
2061
2034
2065
2039
2099
2068
2037
2012
1976
2059
1985
2082
1940
1987
1985
2032
2051
2101
1934
1953
1967
1930
1922
2053
1916
1953
1951
1965
2027
2025
1975
1999
2063
2117
1929
1950
1935
1958
2036
1957
2122
2060
1982
2010
2011
1991
1994
2004
2052
2027
1970
2119
2046
2087
2022
2072
1987
1988
2024
2102
2090
1988
1977
2072
2010
2005
2022
1979
2059
1961
1941
2030
1983
1974
1993
1941
1947
1914
1949
1931
1923
1965
2034
1999
2068
2026
2053
2127
2043
2012
2070
2158
2075
2114
2135
2015
2089
2107
2056
1990
2024
2023
2019
1941
1994
1950
1983
1895
2006
2036
2037
1964
2063
2029
2007
1964
1963
1949
2004
2005
2015
1966
1966
1981
2100
1980
2013
1964
2027
1977
2036
2056
2039
2003
2062
1988
1959
2014
2006
2060
1968
2086
2061
1973
2029
1976
1949
2035
1944
1996
2046
1968
1956
1930
1967
1957
2048
2099
1934
1996
1989
1984
1983
1953
1977
2080
1973
1899
2005
1982
1976
1943
2010
2012
1941
1972
1994
2132
2062
2020
2076
2121
2055
2027
1983
2086
2070
2132
2114
2091
2063
2121
2110
2070
2100
2143
2069
2130
2045
2118
2054
2148
1996
2059
2101
2130
2087
2080
2167
2145
2179
2150
2147
2153
2142
2132
2161
2144
2116
2115
2167
2189
2051
2261
2199
2146
2268
2161
2177
2206
2188
2150
2222
2267
2222
2229
2249
2283
2290
2349
2222
2350
2291
2316
2269
2327
2303
2331
2320
2249
2354
2323
2384
2337
2387
2406
2363
2326
2370
2333
2413
2391
2397
2430
2471
2331
2406
2433
2490
2339
2390
2414
2439
2409
2498
2467
2491
2492
2434
2287
2408
2381
2473
2446
2491
2466
2489
2495
2500
2378
2542
2477
2459
2402
2435
2403
2462
2403
2450
2533
2455
2448
2432
2472
2420
2443
2446
2480
2545
2495
2485
2419
2431
2423
2346
2426
2367
2430
2523
2452
2452
2413
2543
2433
2502
2462
2500
2504
2518
2383
2439
2416
2476
2513
2322
2484
2411
2490
2411
2421
2546
