3298
3276
3291
3282
3344
3305
3294
3338
3202
3348
3163
3324
3300
3343
3353
3226
3437
3313
3358
3216
3243
3300
3250
3278
3377
3336
3329
3394
3347
3285
3203
3268
3271
3281
3327
3394
3285
3323
3333
3324
3420
3289
3303
3345
3445
3260
3427
3317
3282
3235
3283
3396
3364
3365
3210
3255
3245
3255
3347
3185
3290
3292
3335
3317
3269
3277
3291
3324
3265
3251
3373
3350
3323
3295
3353
3279
3318
3288
3222
3269
3335
3332
3204
3286
3321
3257
3283
3151
3246
3185
3220
3149
3254
3236
3223
3173
3214
3067
3235
3083
3082
3068
3009
3015
3084
3013
2992
3092
3045
3102
2911
3013
2955
3106
3008
2917
3059
2967
2985
2938
2927
2883
2942
2891
2963
2886
2907
2888
2902
2822
2853
2926
2890
2847
2946
2894
2877
2897
2831
2845
2849
2809
2852
2906
2800
2888
2894
2897
2802
2792
2788
2794
2790
2803
2710
2772
2921
2801
2730
2647
2865
2867
2755
2720
2669
2697
2827
2786
2745
2726
2796
2792
2674
2665
2640
2756
2718
2729
2611
2606
2719
2710
2706
2659
2605
2670
2717
2726
2772
2673
2704
2705
2648
2728
2607
2643
2707
2654
2657
2598
2735
2649
2690
2684
2709
2700
2717
2719
2688
2671
2754
2686
2661
2755
2726
2704
2725
2743
2751
2686
2675
2732
2715
2656
2675
2789
2603
2615
2605
2627
2636
2728
2711
2690
2741
2731
2718
2635
2719
2778
2827
2784
2775
2765
2809
2728
2647
2789
2791
2776
2743
2873
2837
2812
2775
2692
2713
2760
2681
2694
2679
2665
2633
2628
2700
2693
2632
2717
2590
2664
2658
2606
2626
2684
2654
2737
2741
2754
2728
2772
2724
2701
2741
2713
2764
2863
2722
2707
2721
2785
2748
2673
2709
2709
2739
2786
2667
2791
2766
2706
2686
2739
2739
2646
2640
2691
2618
2752
2740
2654
2560
2680
2661
2623
2657
2718
2721
2658
2583
2746
2733
2648
2723
2685
2681
2691
2780
2745
2708
2694
2686
2707
2757
2706
2825
2807
2725
2744
2797
2724
2912
2790
2772
2878
2859
2779
2832
2876
2925
2737
2754
2808
2896
2891
2897
2790
2884
2829
2930
2836
3004
2893
2935
2970
2889
2941
2875
2905
2954
2937
3004
2934
2901
2897
2892
3013
2974
3030
2971
2977
2923
2973
2917
3056
3010
3011
2897
3028
3117
3125
3012
3063
3061
3096
3138
3124
3126
3120
3100
3204
3250
3128
3146
3289
3293
3259
3271
3297
3271
3329
3265
3246
3223
3191
3291
3214
3201
3287
3241
3351
3248
3366
3178
3207
3252
3254
3352
3263
3397
3283
3375
3250
3259
3238
3224
3271
3273
3326
3323
3363
3328
3373
3207
3333
3339
3327
3315
3353
3256
3407
3225
3242
3272
3296
3359
3373
3261
3306
3297
3282
3259
3370
3239
3346
3328
3291
3281
3339
3267
3279
3291
3268
3255
3358
3351
3279
3334
3261
3262
3426
3264
3299
3203
3296
3360
3398
3261
3328
3318
3299
3241
3381
3276
3305
3303
3335
3291
3400
3328
3335
3327
3209
3334
3296
3387
3370
3348
3317
3310
3372
3302
3274
3330
3314
3417
3323
3314
3292
3369
3336
3337
3299
3368
3336
3402
3336
3323
3357
3311
3268
3316
3403
3318
3280
3237
3289
3324
3311
3374
3348
3279
3346
3362
3356
3429
3334
3418
3339
3341
3352
3298
3186
3390
3314
3384
3264
3320
3250
3405
3356
3327
3268
3382
3264
3322
3296
3384
3369
3359
3324
3252
3302
3322
3289
3304
3238
3287
3317
3244
3369
3253
3341
3250
3344
3266
3340
3233
3298
3334
3249
3259
3443
3179
3246
3283
3248
3281
3238
3335
3300
3255
3244
3234
3294
3229
3312
3177
3166
3212
3260
3182
3223
3132
3234
3226
3243
3201
3249
3161
3112
3181
3085
3192
3121
3168
3128
3138
3115
3201
3076
3081
3068
3024
3040
3047
3024
2980
2956
2893
3000
2969
2947
2873
3004
2988
3002
2922
2988
2949
2893
3028
2904
2870
2929
2948
2958
2856
2945
2938
2869
2862
2844
2854
2957
2905
2880
2824
2926
2876
2824
2857
2798
2839
2870
2849
2855
2865
2785
2845
2811
2872
2871
2852
2754
2738
2893
2748
2746
2774
2647
2807
2679
2805
2731
2746
2800
2694
2748
2701
2748
2825
2799
2742
2729
2649
2585
2702
2675
2718
2769
2718
2747
2660
2676
2731
2705
2586
2684
2720
2720
2708
2637
2670
2599
2713
2700
2665
2672
2707
2727
2653
2689
2699
2820
2686
2734
2717
2762
2619
2721
2698
2791
2677
2779
2703
2730
2803
2702
2608
2683
2631
2682
2702
2683
2645
2580
2724
2683
2695
2599
2675
2703
2768
2694
2812
2653
2754
2706
2780
2828
2740
2763
2761
2816
2818
2761
2725
2755
2868
2797
2729
2738
2715
2733
2789
2724
2585
2741
2663
2590
2710
2531
2663
2661
2671
2648
2689
2656
2628
2732
2697
2656
2677
2686
2713
2747
2783
2647
2779
2699
2739
2726
2708
2689
2752
2763
2598
2671
2583
2651
2681
2639
2740
2637
2671
2732
2613
2660
2716
2666
2755
2718
2540
2721
2673
2722
2722
2633
2669
2677
2627
2766
2626
2635
2811
2623
2650
2656
2724
2711
2715
2745
2748
2657
2677
2718
2849
2744
2687
2723
2707
2805
2720
2782
2759
2729
2784
2815
2793
2757
2797
2898
2889
2770
2756
2792
2846
2873
2812
2729
2877
2906
2876
2839
2981
2888
2939
2919
2864
2832
2914
2866
2893
2918
2918
2920
2862
2960
2868
3027
2874
2973
2999
2975
2914
3017
2953
2979
2951
2985
3048
2991
2989
2988
2929
3211
3045
2978
3107
3148
2962
3081
3176
3204
3173
3170
3193
3138
3174
3082
3233
3097
3216
3299
3258
3205
3289
3229
3340
3285
3256
3260
3284
3226
3387
3334
3280
3342
3308
3280
3272
3291
3321
3262
3344
3246
3326
3287
3278
3340
3271
3244
3273
3250
3280
3343
3258
3390
3291
3303
3349
3375
3263
3502
3337
3286
3306
3300
3342
3334
3265
3330
3380
3255
3256
3361
3357
3227
3358
3298
3299
3430
3294
3370
3217
3364
3267
3266
3318
3249
3247
3375
3319
3253
3368
3411
3227
3400
3360
3306
3326
3410
3316
3291
3205
3366
3347
3334
3293
3296
3352
3284
3329
