2406
2374
2333
2421
2498
2461
2464
2402
2434
2406
2502
2511
2479
2384
2451
2369
2431
2383
2416
2468
2470
2385
2423
2405
2438
2468
2438
2393
2484
2520
2491
2546
2506
2481
2553
2472
2590
2403
2478
2506
2386
2498
2486
2444
2512
2455
2509
2415
2414
2397
2436
2460
2514
2473
2354
2376
2352
2396
2453
2401
2437
2423
2432
2378
2478
2377
2395
2457
2420
2403
2410
2431
2321
2401
2374
2484
2433
2341
2370
2411
2434
2504
2354
2352
2430
2373
2394
2375
2384
2367
2356
2363
2349
2398
2355
2380
2403
2336
2408
2347
2310
2385
2287
2240
2294
2308
2306
2289
2225
2239
2296
2312
2221
2332
2289
2202
2183
2247
2220
2189
2130
2121
2204
2192
2204
2198
2205
2258
2284
2186
2200
2244
2128
2124
2207
2121
2226
2211
2154
2099
2138
2178
2160
2085
2148
2105
2125
2090
2076
2162
2100
2062
2169
2104
2121
2112
2090
2074
2064
2043
1978
2105
2110
1983
1958
2044
2025
2034
2008
1984
2001
2034
1967
2010
1982
2076
2032
2023
2014
1964
2045
1999
1918
1970
1927
1967
1991
1899
1984
1984
1950
2003
1953
2012
1952
2071
1917
1964
1969
1969
1969
1968
2013
1964
1998
2000
1927
2062
1940
1922
1963
1959
1952
2021
1960
2052
2024
1995
1960
2020
1956
1916
2072
2138
1919
1896
1923
1942
1984
1868
1927
1932
1986
1918
1962
2008
2018
2009
2042
1994
2013
2071
2005
1995
2053
1997
2031
2099
2094
2030
1982
1992
2023
1962
1943
2011
2008
1970
1991
1914
1997
1982
1926
1919
1896
2014
1955
1909
1922
1918
1943
1982
2052
1898
2011
1933
1996
1926
1929
1940
2058
2050
2027
1910
1969
2028
2017
2040
2023
2017
1990
1952
1979
2019
2031
2001
1957
1890
2048
1969
2010
1948
1947
1923
1956
1925
1983
1950
1912
1950
2007
1921
1892
1982
1986
1971
2026
2015
1961
1962
1987
2032
2028
2056
2026
1946
2089
2084
1951
2068
2134
1991
2166
2056
2039
2090
2122
2061
1984
2110
2053
2064
2082
2082
2131
2094
2128
2051
2066
2139
2087
2228
2186
2069
2162
2049
2182
2070
2136
2233
2267
2143
2103
2126
2167
2154
2158
2179
2247
2058
2243
2188
2149
2119
2216
2142
2286
2261
2156
2237
2236
2158
2221
2238
2333
2237
2283
2265
2331
2275
2236
2312
2465
2370
2271
2308
2376
2315
2276
2430
2298
2335
2289
2363
2289
2402
2438
2385
2348
2403
2402
2401
2412
2453
2410
2447
2414
2357
2422
2513
2346
2433
2491
2462
2471
2457
2405
2383
2455
2369
2397
2456
2418
2404
2456
2364
2460
2386
2358
2450
2452
2391
2449
2468
2535
2413
2484
2444
2383
2508
2504
2389
2504
2445
2468
2434
2447
2484
2389
2453
2473
2419
2414
2493
2381
2464
2480
2484
2469
2491
2387
2489
2399
2390
2459
2418
2394
2391
2404
2497
2417
2423
2395
2432
2537
2385
2428
2428
2493
2504
2450
2416
2452
2466
2439
2479
2442
2506
2428
2410
2393
2469
2416
2477
2380
2419
2461
2431
2400
2389
2340
2406
2435
2361
2401
2475
2470
2491
2407
2424
2441
2368
2448
2487
2452
2504
2423
2422
2436
2382
2415
2435
2439
2403
2530
2491
2458
2462
2526
2474
2461
2418
2484
2431
2450
2529
2497
2382
2453
2399
2460
2474
2435
2461
2428
2402
2487
2436
2408
2430
2578
2432
2396
2459
2500
2489
2508
2498
2426
2447
2431
2413
2450
2473
2375
2431
2507
2477
2502
2403
2420
2414
2348
2411
2425
2433
2450
2385
2416
2388
2345
2395
2343
2354
2492
2371
2448
2376
2527
2413
2334
2458
2388
2365
2439
2500
2448
2387
2405
2393
2440
2375
2343
2414
2371
2436
2332
2351
2325
2297
2327
2364
2401
2268
2323
2311
2286
2306
2316
2225
2303
2344
2332
2312
2278
2266
2258
2229
2279
2293
2223
2180
2162
2230
2177
2168
2228
2096
2188
2173
2226
2081
2275
2192
2179
2151
2134
2104
2115
2191
2113
2224
2052
2086
2151
2148
2100
2097
2177
2035
2186
2124
2177
2148
2118
2067
2115
2136
2165
2013
2103
2105
2107
2091
2094
2107
2020
2035
2078
2023
2038
2027
2103
2049
2039
2030
1937
2053
2001
2013
1992
1953
2073
1997
1968
1940
1935
1932
1996
1928
1961
1943
1945
1946
1981
1920
1977
2005
1939
1998
1934
1942
2013
1983
1999
1947
2031
1979
1992
2017
1993
2000
1876
1988
2012
1996
2010
1940
1997
2019
2018
1991
2040
2004
2015
1948
2019
1953
1906
2009
1976
1938
1938
1951
1943
2032
1904
1927
1945
1921
1949
2001
1911
1884
2008
1952
1924
1995
1980
1951
1968
1989
2026
1981
1972
2015
2067
2041
2077
2007
2002
1969
1979
2019
1999
1964
2023
1892
1928
1931
1999
1949
1937
1927
1938
1889
1942
1903
1961
2029
2041
2056
1964
1968
1945
1912
1976
2020
2017
2000
2020
1983
2020
1948
1986
1991
2027
2019
1954
1914
2019
1957
1920
1973
1979
1939
1929
2031
1995
1999
1993
1944
1958
2013
1868
1954
1968
1955
2019
1972
1958
1967
1909
1966
1959
2020
1955
1980
1959
1927
2023
2006
2035
2018
2013
2060
2049
2022
2045
2107
1954
2041
2126
2092
2052
2075
2076
2052
2096
2035
2175
2100
2068
2111
2039
2088
2128
2170
2170
2198
2192
2196
2105
2143
2097
2191
2170
2123
2132
2123
2146
2129
2216
2151
2097
2173
2197
2103
2203
2181
2136
2266
2237
2174
2185
2204
2178
2242
2246
2202
2261
2192
2178
2262
2337
2316
2277
2264
2250
2324
2247
2289
2258
2281
2412
2344
2386
2333
2400
2318
2447
2350
2314
2431
2345
2410
2342
2302
2396
2390
2355
2339
2412
2380
2459
2462
2410
2424
2441
2455
2446
2491
2414
2470
2432
2379
2513
2364
2403
2487
2452
2452
2403
2446
2399
2393
2342
2450
2440
2409
2422
2420
2429
2408
2527
2466
2396
2409
2363
2469
2476
2508
2344
2428
2424
2454
2427
2460
2504
2446
2476
2449
2432
2456
2454
2511
2485
2374
2381
2420
2459
2433
2463
2510
2433
2376
2413
2383
2369
2503
2470
2374
2441
2400
2478
2469
2549
2409
2512
2475
2496
2431
2533
