2449
2454
2454
2398
2490
2471
2435
2400
2394
2447
2482
2481
2436
2531
2417
2432
2383
2437
2452
2498
2476
2479
2491
2494
2424
2464
2449
2395
2432
2396
2443
2480
2423
2384
2398
2390
2452
2436
2447
2506
2383
2450
2438
2466
2487
2437
2459
2379
2541
2492
2496
2512
2506
2520
2420
2522
2429
2424
2468
2442
2555
2475
2352
2534
2401
2488
2470
2443
2417
2430
2368
2437
2398
2373
2493
2436
2475
2413
2416
2351
2386
2508
2454
2398
2370
2489
2362
2391
2368
2338
2445
2433
2390
2364
2335
2362
2419
2291
2436
2299
2332
2334
2347
2260
2293
2346
2224
2273
2305
2237
2328
2216
2318
2319
2318
2212
2242
2288
2287
2230
2236
2207
2226
2238
2279
2273
2210
2318
2209
2210
2172
2075
2163
2161
2181
2127
2132
2185
2187
2245
2151
2160
2129
2094
2136
2243
2182
2018
2141
2066
2093
2146
1991
2136
2092
2049
2141
2134
2124
2090
2159
1981
2005
2127
1995
2040
2058
2098
1987
2007
2005
2001
2041
2030
1974
2033
2022
2001
1997
1898
1994
2132
1922
2105
1973
2005
1999
2002
2025
1983
1995
1958
2042
1932
2022
2041
1997
1993
1960
1966
1985
1955
1893
1989
1983
1978
1995
2032
2054
1992
1979
2013
2020
1949
2087
2022
2039
2028
1976
1862
1930
1952
1952
1892
1995
1928
1923
1896
1914
1905
1889
1901
1955
1968
1931
1997
1896
1988
1933
1999
1938
1952
1982
1932
2009
2048
2007
2055
1923
2036
1974
1961
1930
1996
1980
1897
1931
1976
1962
1992
1858
1964
2003
1874
1935
1924
1973
2005
1989
2000
1988
1974
1957
2017
1979
1972
2039
1897
1977
1930
1944
1943
1983
1956
2029
2011
2000
1969
2046
1951
2025
1940
2029
1960
1905
2004
2031
1905
1982
1925
1922
1905
1926
2062
1996
1970
1972
2019
1984
1999
1969
1953
2037
2001
2028
1945
1988
1929
1932
1976
1997
2026
2008
2019
1978
2047
2053
2063
1966
2105
2093
2058
2006
2117
2124
2091
2096
2037
2113
2105
2160
2109
2184
2109
2101
2066
2087
2136
2208
2186
2159
2029
2097
2235
2138
2119
2115
2129
2155
2169
2185
2203
2159
2154
2189
2215
2265
2195
2251
2148
2219
2166
2228
2188
2208
2222
2252
2283
2318
2240
2294
2235
2340
2245
2171
2285
2265
2313
2250
2317
2298
2317
2307
2390
2346
2423
2278
2343
2357
2329
2380
2365
2472
2368
2270
2426
2385
2389
2437
2254
2353
2469
2374
2396
2382
2423
2443
2450
2416
2478
2401
2484
2424
2441
2477
2425
2423
2443
2422
2378
2410
2422
2490
2396
2443
2458
2418
2435
2463
2501
2443
2393
2476
2362
2440
2393
2455
2481
2488
2406
2495
2467
2382
2437
2503
2470
2481
2526
2481
2438
2407
2358
2452
2451
2537
2373
2421
2399
2400
2431
2450
2505
2388
2463
2409
2453
2401
2446
2341
2351
2407
2406
2446
2439
2535
2432
2448
2407
2479
2399
2453
2415
2395
2521
2496
2517
2413
2501
2397
2451
2438
2411
2376
2538
2411
2421
2424
2467
2464
2415
2372
2488
2454
2457
2432
2427
2441
2382
2394
2429
2380
2523
2505
2461
2421
2421
2375
2472
2479
2357
2402
2386
2448
2469
2497
2464
2534
2362
2378
2402
2412
2475
2515
2464
2469
2423
2508
2359
2456
2467
2456
2452
2519
2369
2515
2478
2450
2448
2392
2451
2545
2415
2411
2381
2427
2430
2459
2449
2446
2472
2408
2390
2410
2393
2373
2396
2436
2422
2532
2465
2432
2453
2440
2530
2443
2415
2395
2450
2417
2437
2372
2373
2456
2474
2459
2402
2411
2408
2412
2435
2397
2375
2376
2523
2453
2456
2489
2403
2380
2386
2426
2499
2446
2430
2346
2328
2392
2335
2294
2330
2372
2335
2326
2363
2431
2451
2348
2290
2342
2275
2299
2271
2295
2252
2340
2346
2365
2264
2253
2231
2247
2229
2278
2235
2259
2230
2239
2235
2183
2238
2264
2222
2192
2118
2226
2179
2246
2186
2183
2145
2115
2128
2115
2234
2204
2133
2177
2103
2224
2143
2082
2095
2108
2173
2178
2156
2058
2088
2132
2108
2154
2073
2061
2075
1982
2131
2013
2080
1984
2083
2029
2035
1968
2049
2117
2023
2081
2050
1997
2034
2014
2033
1976
2008
2019
2114
2021
2016
2031
1952
2000
1989
1925
1977
2014
2015
1941
1958
2029
1996
2009
1976
1978
1915
1950
2025
2003
1926
1946
1968
1984
1963
1982
2006
1959
2034
1956
2050
1946
1945
2038
1977
2011
1911
1976
1974
1958
1997
1968
2012
1931
1870
1936
1936
1978
1865
1970
1959
1888
1897
1955
1971
1933
1938
1910
1868
1909
1972
2048
1958
1945
2017
1979
1949
1921
2005
1950
2001
1997
1937
2011
1940
2060
1966
2009
1960
1994
1932
1903
1987
2008
1880
1928
1881
1938
1917
1921
1934
1962
1915
1896
1989
2013
2016
2012
1944
1910
1988
2084
1946
1996
1996
2001
1953
1889
2002
2021
1971
2007
1964
1883
2004
1987
1997
1969
2009
1954
1973
1996
1984
2020
2040
2012
2038
1944
2022
1960
1989
1989
2065
1845
2039
2087
1989
1990
2026
1970
1964
1946
1998
2076
2068
2034
1970
2012
1978
2064
2088
2028
1996
2062
2117
2047
2031
2057
2036
2060
2145
2060
2190
2121
2088
2065
2089
2155
2094
2171
2127
2044
2031
2206
2135
2221
2221
2173
2138
2142
2179
2163
2156
2184
2145
2206
2195
2120
2298
2262
2270
2240
2267
2159
2213
2178
2265
2213
2232
2217
2309
2218
2279
2321
2210
2255
2325
2258
2267
2263
2216
2358
2331
2346
2407
2347
2370
2421
2363
2347
2381
2363
2371
2416
2402
2281
2400
2374
2440
2374
2432
2397
2428
2452
2467
2381
2404
2410
2419
2427
2422
2467
2447
2445
2483
2399
2428
2498
2436
2454
2414
2435
2384
2456
2491
2386
2459
2481
2400
2445
2474
2477
2452
2487
2401
2401
2464
2405
2327
2422
2454
2489
2380
2374
2437
2484
2414
2482
2427
2373
2502
2415
2447
2407
2456
2513
2525
2505
2402
2364
2445
2481
2458
2452
2391
2520
2359
2522
2460
2426
2416
2448
2385
2481
2406
2492
2454
2488
2414
2485
2462
2549
2464
2429
2503
2487
