2462
2424
2480
2454
2492
2363
2496
2396
2530
2479
2426
2456
2486
2440
2313
2478
2474
2436
2471
2415
2361
2406
2466
2450
2419
2496
2462
2385
2550
2318
2461
2432
2449
2400
2480
2437
2419
2542
2470
2384
2501
2403
2505
2431
2410
2475
2479
2523
2377
2453
2483
2420
2418
2481
2460
2474
2427
2433
2515
2467
2472
2433
2384
2489
2480
2466
2479
2458
2467
2392
2400
2481
2537
2311
2425
2405
2448
2495
2416
2401
2436
2384
2362
2431
2396
2371
2413
2396
2472
2402
2461
2467
2321
2395
2401
2430
2415
2401
2421
2402
2349
2365
2432
2234
2416
2317
2351
2349
2360
2314
2391
2290
2306
2294
2311
2249
2231
2251
2197
2325
2240
2232
2208
2275
2169
2141
2235
2241
2203
2180
2254
2187
2375
2185
2113
2216
2225
2202
2142
2181
2223
2117
2232
2154
2213
2131
2140
2160
2129
2141
2190
2087
2168
2107
2142
2148
2024
2129
2169
2117
2102
2100
2110
2068
2132
2023
2105
2032
2024
2073
1944
2067
2021
2023
2020
2030
2111
2084
2048
1998
2075
1952
1951
2056
1958
1988
2087
1989
1951
1976
1973
1933
1992
2015
1951
1955
1985
1995
1971
2015
1984
2012
1963
2001
1921
1994
1918
2088
2012
1972
1990
1930
1951
2020
1929
1932
1879
1937
1951
1932
1937
1934
1969
1913
1953
1965
1984
1940
1924
1937
1963
1889
1882
1991
1946
1914
2004
1935
1955
1901
2004
1996
1987
2046
1930
2009
1890
1957
1960
1959
1922
2013
2004
1966
1952
1904
1919
2011
1903
1859
1908
1943
1943
1898
1954
1917
1913
1928
1926
1947
1954
1961
1911
2038
1940
1878
1934
1968
1940
1965
2003
1981
1948
1934
2011
1885
2001
2013
1960
1999
2000
2008
1978
1997
2021
1994
2039
1945
2049
2007
2036
2015
1977
1982
2054
2048
1901
1985
1943
1912
1932
2089
2094
1949
1975
1993
2038
2119
1990
2024
2050
2022
1977
2054
2120
2029
2094
2074
2016
2070
2015
2028
2184
2163
2067
2022
2159
2115
2185
2106
2105
2119
2147
2178
2084
2212
2156
2087
2068
2259
2166
2118
2099
2100
2202
2174
2217
2232
2137
2109
2155
2195
2146
2326
2259
2273
2232
2239
2270
2302
2199
2288
2247
2279
2212
2255
2258
2229
2255
2461
2149
2290
2252
2337
2308
2293
2302
2287
2360
2321
2336
2206
2398
2343
2408
2349
2325
2361
2378
2308
2379
2375
2381
2398
2454
2399
2444
2419
2378
2426
2442
2482
2488
2407
2371
2400
2545
2479
2447
2353
2364
2557
2382
2448
2459
2382
2457
2486
2412
2367
2437
2545
2412
2545
2447
2467
2544
2432
2333
2393
2401
2497
2449
2494
2438
2361
2469
2296
2459
2477
2469
2418
2448
2442
2427
2449
2493
2514
2427
2368
2463
2485
2369
2404
2497
2398
2507
2458
2440
2407
2370
2447
2444
2484
2384
2474
2438
2400
2457
2434
2468
2375
2531
2491
2450
2508
2473
2431
2446
2558
2533
2432
2519
2315
2503
2405
2476
2455
2476
2435
2496
2429
2452
2500
2443
2534
2482
2415
2471
2394
2555
2439
2482
2423
2492
2501
2464
2396
2468
2415
2405
2517
2463
2488
2484
2356
2394
2495
2467
2445
2518
2542
2399
2472
2457
2423
2488
2388
2445
2449
2415
2360
2503
2455
2431
2475
2524
2471
2426
2491
2463
2519
2429
2508
2511
2458
2462
2418
2484
2551
2349
2434
2557
2394
2524
2424
2422
2494
2417
2436
2364
2478
2410
2459
2492
2488
2555
2454
2482
2378
2377
2486
2458
2405
2539
2426
2438
2547
2480
2509
2477
2381
2416
2484
2492
2424
2394
2414
2509
2432
2364
2433
2414
2298
2412
2431
2463
2479
2406
2420
2467
2468
2377
2397
2387
2432
2328
2378
2417
2384
2414
2428
2443
2422
2408
2433
2420
2304
2295
2321
2348
2285
2327
2289
2425
2316
2283
2239
2268
2286
2409
2135
2236
2304
2267
2230
2215
2340
2234
2162
2219
2264
2228
2265
2120
2268
2312
2211
2217
2122
2271
2207
2128
2216
2165
2263
2165
2097
2173
2136
2207
2150
2124
2197
2116
2134
2126
2133
2219
2197
2075
2064
2098
2094
2225
2229
2184
2012
2135
1985
2035
2065
2082
2024
2079
2004
2063
2071
2058
2036
2079
2013
2061
2045
2090
2075
2074
1941
1970
1978
2044
1931
2000
2032
1952
1996
1993
1991
1863
1954
2035
1934
1920
1949
2028
1930
2031
1961
1981
1967
1975
1970
1940
2011
1934
1996
1961
2035
1992
2022
1962
1959
1948
1926
1950
1947
1965
1913
1852
1942
1914
1878
1921
1920
1933
1912
1947
1908
1791
1959
1932
1949
1878
1969
1932
1875
1938
1960
1925
1977
1960
1923
1980
1997
2017
1921
2030
1990
1990
1941
1961
1958
1991
1932
1965
1810
1877
1979
1888
1935
1967
1947
1865
1918
1854
1944
1950
1932
1924
1955
1954
1908
1923
1956
1993
1966
1919
2056
1963
1954
2024
1964
1970
1913
1987
2078
2041
2043
2040
1990
2008
2065
1959
1925
1963
1943
1868
1902
1913
1949
2018
1976
1989
1954
2009
2004
1925
1992
1994
2014
2014
2012
1963
1993
1968
2087
1966
2006
2024
2033
2068
2043
2082
2044
2098
2111
2053
2069
2073
2058
2128
2020
2103
2102
2049
2099
2201
1998
2181
2143
2083
2048
2174
2212
2158
2250
2211
2185
2223
2113
2130
2185
2234
2216
2172
2198
2151
2195
2211
2160
2212
2259
2231
2183
2239
2268
2255
2226
2278
2231
2238
2268
2219
2302
2171
2241
2253
2381
2358
2278
2285
2295
2350
2340
2299
2340
2358
2334
2332
2340
2305
2277
2364
2258
2393
2377
2425
2386
2404
2369
2442
2351
2415
2400
2430
2407
2325
2487
2442
2501
2413
2453
2493
2410
2474
2466
2400
2414
2362
2364
2328
2526
2470
2399
2498
2452
2454
2445
2432
2449
2482
2511
2397
2420
2422
2389
2452
2415
2501
2413
2457
2437
2483
2459
2447
2500
2438
2448
2389
2423
2443
2456
2587
2300
2486
2482
2435
2438
2510
2487
2470
2400
2398
2483
2402
2470
2446
2487
2470
2480
2439
2484
2438
2482
2431
2501
2457
2473
2543
2510
2475
2446
2436
2477
2468
2395
2487
2476
2468
2496
2476
2427
2460
