2468
2431
2477
2507
2458
2409
2444
2466
2477
2498
2424
2551
2534
2413
2494
2498
2488
2510
2450
2500
2525
2456
2335
2417
2481
2537
2483
2451
2417
2486
2447
2391
2467
2419
2467
2491
2448
2460
2466
2491
2411
2450
2495
2465
2445
2525
2536
2500
2401
2464
2395
2516
2426
2414
2471
2389
2449
2467
2452
2436
2455
2446
2486
2486
2440
2550
2511
2477
2364
2448
2440
2418
2432
2418
2480
2474
2492
2328
2427
2373
2415
2413
2451
2482
2463
2485
2423
2458
2470
2341
2469
2449
2470
2328
2376
2399
2441
2397
2336
2411
2322
2415
2309
2381
2343
2337
2373
2457
2331
2423
2370
2424
2376
2280
2330
2360
2372
2298
2330
2297
2206
2270
2238
2260
2256
2365
2259
2250
2266
2237
2260
2265
2216
2250
2310
2147
2223
2291
2169
2239
2169
2199
2200
2202
2189
2172
2251
2203
2141
2210
2162
2124
2130
2143
2134
2204
2134
2139
2109
2112
2135
2107
2109
2072
2129
2130
2081
2141
2059
2105
2104
2092
2070
2005
2066
2024
2024
1954
1951
1986
2031
2029
1977
2040
1995
2010
2022
1966
1972
2039
1982
1976
1995
2028
2014
1964
1976
2021
1930
1975
1931
1993
1991
1963
1966
2020
1880
1975
1997
1968
1944
1959
1954
1981
2017
1988
2008
2002
1955
1917
1960
1960
1928
1871
1884
1961
1941
1937
1917
1835
1922
1876
1934
1881
1886
1946
1878
1938
1882
1852
1906
1924
1937
1902
1955
1981
1920
1923
1966
1894
1876
1903
1862
1917
1917
1912
1881
1874
1933
1969
1920
1889
1979
1975
1882
1858
1920
1972
1948
2005
1939
1991
1904
1964
1974
2056
2012
1987
1915
1985
1964
1875
1929
1922
1964
1949
1978
1956
1959
1933
1932
1902
1972
1893
1978
1940
1957
1960
2027
1970
2007
2003
2003
1928
2043
2096
2037
2003
2081
2033
2022
2065
1975
2069
1976
2106
2045
2018
2029
2070
2096
2116
2078
2086
2041
2091
2066
2058
2076
2124
2178
2155
2065
2107
2056
2088
2159
2150
2134
2079
2190
2186
2113
2119
2126
2145
2130
2224
2213
2169
2105
2192
2167
2211
2191
2226
2191
2187
2205
2249
2246
2290
2278
2258
2264
2247
2256
2332
2276
2249
2194
2309
2269
2211
2396
2272
2374
2380
2235
2296
2315
2351
2402
2278
2402
2299
2366
2382
2389
2310
2412
2305
2335
2306
2487
2337
2310
2420
2358
2423
2348
2427
2436
2432
2438
2462
2397
2448
2363
2423
2405
2419
2479
2429
2487
2509
2423
2378
2430
2371
2522
2494
2378
2541
2469
2428
2462
2426
2468
2439
2431
2450
2558
2438
2481
2399
2431
2532
2477
2439
2516
2451
2536
2488
2438
2482
2460
2454
2476
2450
2508
2393
2497
2504
2432
2510
2436
2413
2413
2532
2454
2497
2494
2462
2417
2583
2505
2405
2421
2475
2433
2405
2411
2518
2491
2438
2478
2449
2520
2476
2473
2440
2401
2493
2416
2451
2435
2464
2416
2536
2499
2485
2485
2467
2449
2397
2504
2418
2413
2423
2401
2408
2504
2440
2408
2533
2500
2524
2505
2508
2498
2471
2467
2468
2381
2564
2506
2558
2477
2430
2453
2526
2373
2445
2436
2529
2563
2491
2468
2506
2513
2455
2504
2435
2488
2431
2407
2468
2482
2439
2501
2495
2491
2464
2368
2456
2532
2446
2460
2448
2441
2523
2444
2494
2461
2508
2498
2449
2379
2476
2530
2424
2410
2535
2453
2476
2514
2432
2432
2542
2484
2497
2537
2468
2518
2459
2404
2510
2481
2466
2449
2415
2474
2521
2491
2495
2493
2506
2492
2491
2466
2419
2464
2442
2377
2410
2587
2477
2413
2417
2507
2483
2428
2392
2449
2463
2411
2401
2402
2444
2413
2423
2479
2408
2417
2472
2465
2396
2438
2404
2443
2424
2400
2394
2402
2385
2352
2411
2361
2331
2392
2453
2271
2368
2341
2321
2350
2348
2439
2419
2324
2319
2353
2186
2252
2368
2373
2292
2216
2266
2301
2278
2245
2256
2235
2174
2246
2292
2188
2199
2240
2151
2242
2261
2183
2265
2198
2177
2164
2154
2211
2235
2182
2167
2243
2195
2177
2192
2206
2173
2179
2151
2087
2067
2104
2116
2169
2003
2048
2142
2066
2189
2104
2002
2097
2071
2023
2140
2023
2107
2012
2071
2002
1958
2044
2074
2053
2013
1978
2099
1983
2002
1895
2108
2068
2006
1952
2064
1940
1997
2066
2024
2006
2025
2000
1924
2043
1984
1980
1975
2005
1992
1981
1884
2033
1914
1960
1968
1915
2058
1967
1944
1887
1998
1925
2030
1900
1976
1895
1935
1914
1898
1863
1897
2003
1960
1924
1980
1945
1908
1844
1836
1953
1936
1939
1926
1945
1906
1869
1904
1937
1946
1943
1900
2002
1912
1940
1964
1981
1922
1952
1919
1936
1919
1882
1840
2034
1944
1945
1861
1919
1903
1974
1987
1874
2009
1966
1932
1888
1916
1932
1909
1911
1890
1981
1962
1953
1973
1960
1911
2007
1869
1995
1931
1959
2002
2056
1893
1972
1897
1969
2012
2014
1926
1987
1925
1979
2058
1942
2053
1942
2064
1925
2033
1914
1957
1971
2021
2051
2009
1991
1953
2066
2167
1981
2004
2001
2040
2038
1986
1989
2021
2098
2059
2121
2045
2080
2188
2206
2080
2065
2055
2098
2119
2168
2094
2168
2123
2152
2111
2228
2184
2129
2171
2224
2137
2199
2174
2188
2303
2238
2237
2128
2165
2315
2266
2272
2302
2249
2138
2270
2259
2259
2242
2245
2206
2270
2261
2288
2279
2310
2267
2345
2396
2343
2232
2237
2272
2330
2291
2354
2319
2271
2396
2398
2390
2324
2355
2318
2308
2348
2360
2355
2391
2479
2436
2416
2430
2448
2377
2469
2313
2423
2320
2409
2500
2458
2437
2409
2406
2422
2470
2501
2425
2384
2478
2334
2490
2439
2465
2539
2419
2512
2519
2433
2501
2445
2425
2460
2532
2478
2401
2437
2414
2458
2490
2470
2420
2528
2458
2432
2409
2525
2479
2363
2439
2428
2439
2416
2425
2446
2503
2489
2462
2444
2491
2433
2425
2422
2386
2414
2409
2406
2400
2506
2484
2485
2405
2478
2460
2388
2416
2514
2445
2549
2477
2404
2503
2438
2434
2385
2510
2380
2473
2413
2476
2489
2417
2502
2443
2600
2481
2499
