2712
2711
2711
2699
2727
2760
2691
2686
2705
2630
2764
2700
2774
2785
2700
2778
2674
2884
2698
2706
2730
2692
2705
2816
2699
2684
2754
2675
2817
2729
2885
2853
2700
2674
2701
2742
2734
2694
2735
2677
2805
2706
2707
2663
2760
2798
2809
2784
2693
2660
2671
2624
2756
2747
2748
2734
2755
2744
2672
2714
2646
2674
2784
2756
2704
2707
2762
2672
2769
2743
2674
2701
2758
2732
2774
2657
2656
2695
2725
2699
2778
2694
2710
2716
2647
2684
2693
2719
2742
2753
2618
2698
2763
2599
2641
2658
2609
2694
2668
2676
2601
2635
2652
2591
2743
2657
2598
2627
2577
2579
2651
2614
2585
2625
2576
2601
2556
2600
2576
2512
2442
2593
2590
2487
2540
2496
2518
2569
2508
2475
2646
2532
2584
2542
2502
2467
2566
2467
2456
2428
2556
2478
2433
2377
2460
2515
2309
2450
2446
2378
2465
2357
2364
2423
2412
2379
2437
2337
2350
2432
2285
2429
2353
2401
2367
2422
2383
2379
2366
2289
2315
2297
2229
2313
2346
2285
2290
2333
2240
2386
2294
2217
2237
2228
2190
2202
2235
2222
2282
2177
2281
2208
2114
2258
2309
2203
2194
2300
2260
2139
2128
2236
2133
2184
2141
2195
2135
2129
2192
2160
2147
2198
2251
2153
2050
2181
2233
2203
2064
2149
2178
2141
2144
2143
2198
2112
2093
2041
2172
2060
2125
2091
2042
2196
2118
2081
2066
2125
2108
2183
2120
2115
2180
2141
2060
2100
2138
2121
2168
2126
2101
2123
2123
2077
2135
2082
2116
2103
2171
2094
2112
2139
2045
2094
2094
2186
2178
2097
2205
2064
2157
2196
2100
2148
2174
2110
2125
2165
2130
2133
2230
2161
2175
2131
2329
2173
2110
2223
2219
2140
2210
2189
2247
2154
2150
2206
2196
2184
2178
2287
2198
2162
2139
2188
2185
2286
2325
2286
2225
2249
2279
2168
2237
2327
2275
2306
2303
2425
2339
2406
2387
2197
2321
2263
2316
2297
2328
2342
2350
2325
2410
2460
2427
2383
2406
2343
2332
2292
2370
2442
2397
2420
2361
2363
2396
2400
2439
2491
2427
2427
2440
2410
2509
2549
2525
2481
2604
2481
2581
2535
2509
2527
2491
2559
2476
2573
2504
2578
2516
2505
2546
2572
2595
2586
2595
2548
2560
2589
2552
2593
2559
2534
2560
2572
2590
2630
2596
2628
2685
2565
2655
2664
2700
2738
2626
2636
2660
2622
2785
2687
2740
2604
2709
2627
2787
2674
2750
2666
2712
2778
2662
2731
2727
2709
2714
2608
2656
2731
2767
2663
2789
2758
2858
2748
2770
2705
2657
2780
2792
2740
2802
2811
2800
2793
2718
2760
2764
2738
2679
2774
2841
2720
2759
2698
2779
2803
2737
2654
2730
2694
2777
2661
2773
2766
2751
2811
2780
2698
2669
2718
2776
2708
2721
2752
2698
2732
2663
2720
2779
2742
2830
2722
2690
2745
2654
2797
2719
2783
2709
2732
2792
2810
2768
2828
2783
2708
2715
2835
2758
2760
2790
2638
2767
2769
2782
2878
2735
2687
2704
2695
2692
2648
2760
2751
2757
2795
2761
2632
2728
2745
2672
2702
2795
2819
2806
2716
2841
2751
2746
2805
2769
2706
2739
2784
2843
2713
2809
2696
2820
2729
2707
2697
2678
2806
2762
2791
2665
2695
2804
2660
2803
2710
2649
2706
2739
2607
2652
2818
2697
2755
2652
2731
2742
2697
2706
2740
2754
2670
2701
2757
2834
2688
2701
2708
2728
2707
2773
2744
2810
2731
2729
2614
2722
2706
2844
2727
2758
2720
2651
2812
2722
2797
2730
2674
2713
2737
2744
2740
2721
2677
2729
2664
2712
2766
2750
2656
2796
2709
2686
2766
2739
2643
2750
2700
2746
2677
2633
2684
2735
2646
2663
2634
2689
2805
2747
2684
2607
2614
2719
2723
2677
2694
2615
2749
2585
2632
2607
2859
2654
2615
2572
2621
2683
2613
2637
2676
2556
2631
2630
2631
2583
2649
2631
2574
2515
2586
2654
2536
2635
2595
2529
2504
2522
2525
2599
2645
2533
2562
2581
2486
2545
2513
2554
2574
2504
2541
2645
2491
2466
2521
2504
2492
2467
2461
2432
2496
2416
2371
2431
2476
2425
2416
2478
2461
2445
2385
2372
2381
2386
2400
2325
2416
2355
2408
2323
2250
2357
2275
2382
2352
2326
2256
2302
2306
2226
2235
2233
2338
2293
2284
2271
2271
2180
2310
2248
2181
2216
2217
2247
2214
2181
2206
2290
2237
2179
2215
2227
2235
2228
2196
2187
2183
2221
2138
2069
2079
2165
2181
2169
2266
2196
2167
2133
2123
2125
2160
2139
2134
2165
2200
2119
2105
2134
2191
2084
2151
2054
2088
2132
2124
2057
2051
2096
2113
2093
2116
1984
2097
2033
2112
2098
2060
2125
2073
2233
2046
2164
2075
2084
2072
2083
2102
2111
2114
2142
2049
2013
2114
2046
2028
2110
2212
2001
2137
2148
2105
2036
2148
2101
2190
2180
2136
2138
2154
2129
2132
2204
2146
2099
2177
2179
2112
2197
2237
2180
2155
2137
2206
2215
2266
2209
2235
2201
2155
2197
2234
2196
2139
2191
2214
2204
2138
2221
2177
2269
2259
2162
2173
2334
2284
2179
2253
2335
2191
2239
2247
2272
2337
2331
2307
2264
2321
2333
2262
2360
2342
2330
2357
2425
2320
2441
2348
2430
2384
2402
2364
2494
2379
2427
2404
2351
2443
2460
2362
2407
2351
2433
2359
2438
2459
2513
2512
2452
2453
2499
2461
2424
2499
2568
2460
2437
2519
2512
2570
2528
2596
2547
2476
2594
2481
2525
2601
2568
2617
2570
2554
2637
2569
2525
2482
2566
2564
2649
2637
2647
2672
2574
2664
2592
2594
2683
2631
2704
2625
2625
2700
2655
2632
2687
2613
2635
2746
2663
2660
2656
2665
2726
2581
2773
2671
2766
2670
2720
2710
2712
2729
2689
2768
2790
2688
2772
2760
2773
2692
2713
2634
2633
2695
2693
2639
2741
2732
2766
2644
2655
2679
2766
2684
2749
2707
2782
2664
2787
2722
2633
2630
2731
2674
2755
2756
2726
2677
2741
2720
2810
2823
2779
2748
2764
2736
2785
2762
2699
2652
2647
2730
2719
2790
2734
2767
2769
2733
2793
2736
2815
2748
2698
2728
2789
2783
2745
2718
2785
2774
2754
2740
2678
2743
2726
2755
2752
2735
2792
