2470
2477
2437
2512
2457
2535
2472
2399
2480
2460
2505
2497
2458
2413
2425
2405
2406
2505
2451
2445
2532
2426
2513
2510
2491
2576
2424
2419
2380
2402
2492
2426
2501
2463
2422
2408
2510
2569
2397
2390
2422
2411
2517
2423
2472
2481
2480
2393
2495
2453
2423
2418
2441
2463
2533
2474
2505
2383
2475
2423
2305
2425
2444
2446
2435
2352
2420
2364
2438
2430
2522
2457
2446
2441
2416
2387
2434
2433
2393
2372
2462
2438
2548
2415
2443
2383
2369
2411
2534
2439
2288
2373
2457
2399
2460
2308
2406
2422
2343
2364
2358
2336
2368
2312
2358
2422
2409
2312
2300
2414
2344
2348
2358
2335
2336
2382
2299
2370
2400
2235
2266
2317
2320
2326
2340
2251
2284
2272
2280
2310
2248
2258
2277
2343
2250
2315
2202
2271
2248
2237
2233
2265
2158
2155
2214
2135
2289
2249
2251
2210
2218
2179
2271
2218
2187
2177
2183
2183
2117
2199
2166
2151
2122
2198
2192
2157
2133
2157
2123
2149
2196
2161
2147
2190
2035
2098
2027
2042
2066
2053
1985
2035
2055
2023
1974
2019
2032
2099
2008
1944
2033
2066
2132
1940
2075
2016
2002
1916
2049
1964
1959
2018
2005
1923
2005
1902
1965
1935
1971
1906
1903
1906
1917
2029
1979
1958
1916
1929
1921
1914
1836
1827
1895
1970
1840
1870
1894
1862
1854
1871
1823
1905
1874
1803
1762
1912
1777
1870
1859
1877
1870
1854
1872
1901
1897
1821
1800
1859
1902
1883
1805
1871
1882
1853
1803
1836
1884
1894
1854
1864
1745
1883
1869
1842
1877
1889
1811
1903
1858
1890
1925
1908
1877
1961
1927
1869
1922
1908
1884
1923
1955
1934
1874
1999
1953
1967
1925
1936
1940
1962
1926
1969
1989
1924
1974
1906
1938
1940
1963
1934
2009
2053
1974
2023
1935
1975
2009
2006
2076
2061
2039
2087
2147
2041
2016
2117
2000
2079
2133
2127
2152
2049
2033
2116
2075
2011
2132
2166
2206
2116
2143
2120
2130
2101
2174
2163
2118
2239
2183
2188
2168
2203
2130
2110
2259
2220
2216
2157
2282
2210
2196
2199
2304
2303
2333
2167
2183
2290
2309
2209
2251
2205
2199
2346
2349
2286
2289
2292
2237
2348
2272
2372
2312
2232
2296
2235
2334
2369
2324
2335
2387
2390
2317
2378
2359
2373
2351
2339
2334
2274
2427
2439
2285
2442
2344
2393
2485
2426
2301
2447
2508
2370
2378
2346
2452
2392
2371
2351
2378
2433
2322
2420
2464
2469
2419
2365
2390
2374
2494
2360
2503
2433
2359
2528
2376
2525
2461
2409
2425
2428
2424
2431
2412
2418
2436
2459
2470
2439
2382
2416
2465
2419
2441
2536
2439
2406
2471
2377
2408
2439
2447
2496
2371
2412
2339
2436
2468
2529
2524
2373
2445
2415
2493
2416
2431
2509
2413
2532
2486
2438
2471
2428
2448
2443
2446
2459
2414
2460
2546
2463
2442
2467
2491
2508
2429
2366
2371
2408
2446
2452
2454
2486
2599
2461
2468
2469
2403
2425
2484
2397
2409
2444
2533
2499
2452
2475
2417
2466
2463
2469
2457
2428
2441
2382
2545
2477
2446
2507
2420
2480
2387
2389
2402
2457
2477
2459
2340
2508
2466
2546
2454
2467
2476
2475
2407
2480
2437
2514
2417
2413
2588
2390
2415
2530
2436
2426
2450
2497
2433
2479
2332
2546
2373
2402
2464
2501
2521
2415
2371
2447
2456
2406
2427
2518
2412
2326
2417
2432
2490
2500
2509
2451
2637
2419
2426
2392
2548
2428
2467
2418
2344
2516
2531
2351
2451
2422
2489
2387
2390
2357
2457
2418
2381
2480
2450
2435
2489
2497
2445
2393
2448
2431
2410
2464
2359
2390
2348
2423
2439
2527
2355
2386
2410
2465
2510
2418
2320
2472
2367
2351
2417
2338
2392
2400
2491
2344
2433
2366
2337
2353
2340
2326
2293
2414
2437
2381
2337
2337
2363
2467
2419
2294
2353
2255
2273
2281
2306
2207
2297
2353
2297
2256
2251
2228
2294
2309
2270
2320
2302
2216
2312
2295
2298
2246
2330
2259
2245
2287
2239
2278
2206
2195
2263
2212
2181
2195
2154
2194
2182
2219
2205
2234
2187
2146
2173
2105
2168
2184
2221
2184
2058
2184
2111
2046
2141
2132
2031
2061
2108
2070
2040
2081
2087
2106
2027
2139
2086
2061
2028
2024
2062
2082
2021
1984
2066
2017
2003
1908
2033
1972
2002
1968
1892
1972
1912
1976
1960
2015
1885
1990
2027
1963
1975
1919
1895
1968
1952
1931
1981
1967
1910
1928
1947
1862
1998
1962
1900
1933
1918
1831
1836
1940
1871
1805
1832
1876
1831
1891
1875
1797
1848
1803
1813
1837
1791
1838
1836
1787
1859
1855
1813
1851
1880
1882
1878
1902
1866
1880
1886
1842
1831
1846
1839
1783
1862
1840
1837
1860
1845
1823
1874
1808
1943
1814
1865
1893
1875
1872
1844
1888
1915
1887
1977
1892
1975
1909
1909
1921
1946
1951
1902
1867
1990
1967
2002
1950
1983
1885
1911
1915
2005
2013
1976
2004
1951
2013
1986
2027
1950
2065
2052
2042
1953
1992
1988
2043
2039
1945
2035
2050
2020
2058
2052
2031
1991
2116
2107
2124
2036
2096
2101
2208
2113
2107
2072
2095
2103
2115
2117
2111
2126
2037
2147
2212
2203
2144
2221
2199
2186
2212
2245
2233
2264
2246
2211
2191
2269
2227
2305
2147
2229
2207
2273
2288
2216
2196
2292
2272
2267
2224
2205
2265
2265
2289
2325
2277
2263
2274
2268
2246
2334
2370
2308
2365
2332
2359
2251
2245
2360
2257
2338
2338
2384
2365
2391
2354
2453
2331
2364
2458
2349
2434
2386
2362
2485
2360
2403
2429
2381
2382
2401
2369
2325
2440
2380
2432
2338
2433
2409
2503
2338
2434
2397
2485
2395
2508
2447
2387
2393
2411
2431
2487
2424
2502
2374
2398
2423
2417
2392
2329
2409
2455
2450
2445
2420
2450
2487
2381
2477
2447
2464
2423
2401
2486
2499
2451
2434
2457
2520
2436
2518
2480
2508
2488
2445
2523
2548
2482
2455
2388
2474
2490
2446
2561
2393
2463
2478
2516
2446
2435
2427
2497
2460
2479
2465
2390
2408
2528
2472
2433
2467
2452
2479
2464
2490
2412
2545
2424
2420
2468
2482
2475
2526
