2441
2446
2458
2436
2427
2386
2456
2468
2519
2485
2427
2415
2484
2481
2397
2447
2516
2522
2438
2447
2528
2523
2482
2476
2564
2381
2443
2454
2509
2462
2486
2423
2426
2511
2465
2414
2541
2395
2509
2512
2409
2434
2493
2512
2446
2476
2556
2414
2406
2404
2437
2507
2481
2376
2419
2521
2382
2496
2475
2458
2467
2445
2415
2443
2441
2369
2497
2491
2394
2373
2423
2491
2420
2561
2423
2407
2449
2425
2489
2527
2538
2466
2399
2500
2437
2432
2439
2519
2497
2492
2434
2384
2395
2419
2379
2512
2481
2336
2397
2376
2394
2378
2418
2477
2353
2392
2358
2437
2281
2377
2392
2323
2367
2371
2308
2411
2369
2314
2382
2285
2337
2371
2320
2323
2310
2320
2362
2256
2350
2231
2370
2388
2365
2379
2341
2302
2256
2267
2295
2325
2305
2264
2223
2299
2167
2270
2316
2210
2355
2209
2227
2205
2252
2251
2246
2155
2208
2221
2124
2155
2155
2180
2182
2115
2149
2178
2156
2113
2173
2095
2131
2022
2110
2074
2108
2156
2210
2053
2106
2074
2101
2189
2062
1964
2041
2060
1946
2110
2039
2139
2024
2053
1966
2033
1972
1956
1932
2052
1970
1979
1966
1948
1986
1991
2078
1985
1914
1943
1992
1982
1940
1960
1987
1893
1940
1881
1889
1919
1916
1994
1950
1875
1905
1957
1809
1826
1882
1899
1850
1871
1827
1833
1806
1941
1812
1851
1880
1912
1844
1855
1846
1846
1865
1852
1823
1861
1828
1848
1853
1775
1849
1866
1823
1776
1843
1802
1882
1808
1813
1835
1857
1819
1886
1873
1795
1813
1869
1796
1861
1899
1910
1930
1880
1873
1909
1835
1911
1894
1905
1899
1925
1982
1928
1896
1893
1826
1903
2015
1973
1985
1881
1986
1959
1988
1941
1978
1980
2010
1898
2007
1961
1907
2048
1949
1941
2035
2072
2046
2071
2031
2085
2034
2079
2075
2153
2150
2034
2103
2069
2059
2120
2104
2086
2147
2199
2160
2169
2143
2136
2174
2160
2151
2124
2164
2183
2234
2247
2107
2227
2239
2236
2301
2216
2319
2154
2283
2249
2250
2243
2192
2246
2232
2222
2303
2282
2224
2252
2266
2317
2234
2265
2237
2283
2313
2329
2323
2288
2411
2307
2278
2311
2362
2299
2313
2246
2287
2286
2238
2289
2348
2301
2390
2280
2343
2368
2390
2295
2402
2256
2435
2441
2357
2341
2479
2422
2386
2317
2360
2476
2463
2397
2479
2476
2465
2396
2406
2358
2405
2445
2427
2438
2527
2385
2486
2434
2505
2502
2428
2386
2395
2444
2482
2400
2525
2423
2419
2406
2397
2459
2418
2459
2506
2396
2454
2392
2391
2493
2358
2356
2501
2434
2440
2488
2523
2445
2414
2498
2450
2530
2431
2490
2515
2428
2483
2345
2484
2508
2445
2461
2473
2478
2476
2381
2334
2447
2506
2444
2514
2485
2537
2535
2429
2356
2484
2426
2377
2432
2513
2484
2466
2536
2448
2432
2504
2470
2444
2400
2505
2467
2466
2443
2401
2405
2454
2462
2498
2422
2473
2357
2477
2432
2423
2572
2485
2461
2467
2473
2413
2489
2429
2537
2464
2445
2449
2629
2494
2449
2481
2443
2487
2481
2443
2444
2505
2460
2441
2418
2430
2455
2459
2453
2354
2417
2404
2466
2436
2549
2527
2476
2394
2428
2449
2494
2452
2457
2462
2456
2454
2415
2461
2457
2402
2350
2554
2444
2496
2442
2448
2492
2434
2553
2503
2454
2412
2485
2491
2477
2423
2511
2420
2444
2360
2384
2484
2417
2401
2487
2496
2408
2449
2479
2441
2414
2550
2501
2454
2420
2413
2503
2397
2414
2466
2413
2408
2445
2422
2442
2414
2464
2341
2384
2480
2443
2421
2481
2448
2401
2387
2432
2344
2409
2441
2410
2385
2403
2406
2356
2403
2364
2444
2372
2337
2365
2465
2430
2325
2392
2416
2382
2387
2373
2363
2363
2418
2279
2383
2340
2382
2287
2323
2311
2392
2366
2252
2372
2311
2344
2267
2290
2364
2328
2299
2323
2401
2355
2284
2293
2317
2279
2359
2304
2292
2238
2230
2331
2300
2338
2290
2245
2265
2186
2177
2202
2217
2254
2274
2237
2181
2231
2282
2221
2202
2211
2198
2168
2271
2167
2225
2143
2109
2220
2152
2136
2174
2172
2146
2123
2152
2169
2172
2148
2196
2067
2102
2201
2157
2050
2089
2150
1983
2076
2149
2105
2076
2064
2036
2012
2042
2051
1993
2000
2049
2040
1924
1947
2054
2058
2052
1934
1984
1988
1986
2025
1900
1942
1963
1974
1962
1930
1924
1940
1830
1850
1863
1878
1928
1862
1836
1888
1925
1853
1873
1948
1936
1865
1754
1825
1814
1855
1835
1789
1786
1806
1751
1896
1895
1882
1832
1820
1711
1840
1832
1858
1826
1781
1770
1819
1865
1751
1819
1798
1902
1790
1788
1769
1823
1821
1843
1762
1816
1915
1813
1850
1818
1891
1877
1847
1878
1892
1828
1944
1904
1813
1931
1981
1979
1894
1912
1881
1852
1936
1909
1952
1917
1990
1971
1976
1994
1910
1994
1976
1968
1925
1998
2026
2049
2048
2052
1952
1985
2015
2049
2015
1947
2121
2055
2093
2090
2065
2048
2144
2105
2093
2072
2075
2125
2079
2077
2171
2130
2115
2155
2050
2077
2125
2080
2123
2119
2130
2167
2242
2066
2243
2135
2251
2310
2210
2299
2243
2272
2185
2232
2245
2276
2224
2282
2249
2289
2228
2308
2298
2162
2323
2211
2256
2269
2294
2208
2275
2242
2263
2338
2324
2281
2327
2272
2413
2273
2338
2363
2293
2326
2341
2394
2333
2362
2297
2379
2285
2331
2351
2414
2387
2386
2347
2439
2393
2449
2454
2361
2400
2394
2413
2435
2352
2404
2551
2372
2476
2393
2329
2334
2392
2310
2486
2404
2416
2476
2452
2539
2359
2456
2554
2447
2438
2529
2503
2450
2430
2390
2429
2452
2379
2445
2412
2421
2479
2459
2480
2449
2415
2453
2439
2354
2459
2385
2396
2504
2380
2421
2335
2442
2339
2444
2499
2399
2445
2528
2503
2415
2420
2515
2474
2452
2459
2491
2493
2509
2463
2510
2426
2440
2452
2440
2466
2372
2402
2343
2424
2418
2427
2501
2524
2395
2431
2493
2437
2427
2440
2486
2417
2480
2420
2544
2465
2466
2442
2411
2467
2560
2423
2486
2375
