2451
2409
2453
2438
2507
2464
2497
2398
2397
2456
2461
2491
2477
2456
2465
2461
2468
2466
2397
2466
2547
2402
2502
2437
2470
2478
2405
2353
2455
2504
2530
2449
2440
2388
2471
2437
2529
2432
2509
2445
2446
2460
2469
2436
2545
2515
2455
2438
2465
2430
2528
2503
2411
2460
2421
2454
2405
2439
2473
2404
2441
2508
2486
2434
2469
2544
2525
2497
2483
2465
2413
2538
2386
2550
2436
2461
2502
2437
2490
2533
2467
2423
2545
2470
2458
2447
2487
2516
2438
2384
2395
2535
2491
2380
2405
2395
2448
2429
2431
2478
2358
2442
2452
2396
2342
2483
2445
2380
2406
2348
2403
2476
2351
2483
2376
2392
2434
2440
2399
2388
2402
2334
2381
2341
2389
2313
2417
2367
2413
2378
2315
2299
2339
2370
2296
2356
2312
2399
2343
2322
2375
2417
2316
2378
2219
2232
2325
2249
2301
2261
2261
2187
2244
2281
2226
2190
2210
2197
2235
2170
2252
2251
2144
2214
2212
2147
2257
2177
2129
2185
2141
2182
2163
2156
2119
2114
2136
2107
2190
2114
2119
2194
2127
2123
2100
2090
2035
2041
2149
2069
2066
2032
2007
1973
2036
2083
2055
2037
1974
1984
1955
2037
2036
1996
2083
1978
2011
2019
2053
1958
1990
1885
1989
2037
1895
1946
1971
1875
1898
1845
1881
1821
1865
1919
1873
1852
1814
1813
1878
1831
1835
1854
1810
1829
1866
1800
1807
1778
1813
1819
1790
1818
1758
1783
1842
1752
1782
1825
1719
1730
1799
1784
1773
1804
1834
1789
1847
1758
1756
1766
1860
1796
1835
1827
1866
1841
1871
1824
1848
1915
1868
1857
1862
1928
1796
1892
1873
1946
1888
1959
1940
1921
1936
1907
1977
1981
2024
2012
1959
1943
1904
1974
1996
2060
1953
2038
2024
2023
2006
2071
1999
2037
2051
2085
2017
2106
2065
2150
2044
2081
2147
2104
2074
2136
2123
2137
2150
2179
2114
2230
2145
2253
2177
2163
2084
2240
2156
2259
2156
2173
2284
2198
2163
2318
2298
2228
2347
2145
2291
2314
2232
2366
2259
2306
2184
2285
2213
2282
2277
2366
2307
2191
2345
2273
2296
2292
2284
2324
2357
2252
2358
2310
2258
2306
2221
2285
2267
2338
2362
2362
2414
2346
2418
2385
2393
2337
2350
2381
2436
2369
2333
2326
2457
2460
2417
2413
2400
2410
2455
2331
2394
2435
2307
2391
2332
2491
2458
2298
2466
2480
2487
2474
2404
2434
2464
2417
2480
2449
2459
2417
2409
2519
2500
2444
2434
2521
2396
2437
2381
2495
2432
2422
2467
2444
2496
2350
2449
2450
2467
2329
2468
2403
2549
2401
2526
2475
2485
2417
2484
2502
2482
2514
2437
2450
2403
2459
2504
2440
2376
2475
2492
2530
2467
2506
2460
2441
2515
2464
2453
2506
2465
2404
2448
2403
2440
2449
2470
2534
2455
2449
2470
2421
2438
2450
2458
2429
2397
2502
2412
2471
2484
2583
2468
2519
2533
2446
2435
2509
2468
2480
2492
2563
2450
2503
2512
2505
2406
2424
2455
2421
2422
2473
2464
2468
2494
2501
2390
2459
2387
2510
2552
2508
2470
2435
2471
2437
2435
2543
2513
2376
2465
2462
2496
2508
2457
2356
2435
2483
2442
2394
2494
2446
2518
2594
2521
2497
2502
2417
2547
2519
2507
2503
2443
2443
2452
2456
2388
2495
2464
2484
2494
2476
2522
2437
2458
2531
2483
2445
2390
2447
2422
2505
2453
2517
2502
2462
2446
2453
2496
2427
2417
2503
2479
2515
2382
2489
2454
2384
2398
2428
2442
2512
2567
2594
2444
2415
2449
2459
2473
2511
2405
2493
2435
2435
2578
2601
2383
2435
2378
2349
2492
2497
2420
2420
2428
2476
2511
2445
2424
2458
2460
2543
2389
2451
2441
2408
2383
2543
2387
2406
2354
2443
2403
2423
2426
2372
2451
2385
2446
2470
2272
2382
2428
2425
2374
2403
2355
2395
2364
2419
2320
2357
2355
2369
2298
2338
2332
2403
2299
2295
2455
2382
2370
2368
2313
2248
2340
2345
2377
2360
2381
2335
2355
2251
2252
2308
2277
2305
2245
2266
2321
2261
2310
2386
2335
2220
2201
2309
2278
2281
2248
2139
2197
2202
2310
2270
2310
2257
2260
2235
2181
2221
2152
2144
2309
2142
2183
2189
2186
2168
2081
2171
2215
2204
2180
2181
2169
2073
2074
2060
2114
2071
2081
2048
2118
2027
2042
2097
2075
2004
2070
2001
2064
2144
1985
1978
2088
2052
1959
2074
1968
2010
1952
1879
2001
1960
2003
1946
2011
1884
1943
1893
2036
1949
1841
1906
1871
1837
1999
1851
1893
1845
1910
1791
1875
1715
1895
1804
1736
1855
1868
1835
1819
1870
1811
1760
1717
1762
1777
1781
1872
1852
1780
1798
1889
1907
1763
1740
1740
1761
1766
1759
1809
1824
1828
1767
1761
1798
1775
1836
1866
1898
1847
1829
1838
1836
1903
1839
1898
1915
1928
1796
1996
1908
1906
1942
1878
1945
1897
1958
1940
1899
2013
1858
1948
1976
1955
1953
1958
1983
1944
1952
1999
2007
1943
1946
1966
2061
1994
2100
1985
2061
2065
2020
2042
2069
2162
2112
2060
2119
2090
2115
2146
2169
2098
2144
2286
2094
2126
2127
2164
2107
2204
2240
2225
2211
2190
2101
2202
2187
2166
2192
2149
2229
2251
2221
2275
2279
2322
2307
2193
2252
2204
2270
2234
2259
2220
2301
2287
2292
2276
2301
2282
2313
2358
2341
2343
2287
2348
2277
2414
2360
2314
2343
2347
2305
2385
2312
2409
2348
2335
2370
2339
2370
2300
2418
2423
2420
2386
2369
2381
2358
2343
2408
2367
2387
2393
2501
2476
2432
2480
2455
2399
2388
2490
2386
2296
2465
2398
2386
2422
2379
2394
2476
2410
2451
2399
2430
2344
2447
2410
2409
2316
2526
2431
2440
2381
2385
2476
2476
2477
2367
2402
2471
2443
2425
2432
2473
2402
2471
2480
2427
2367
2490
2425
2437
2427
2533
2471
2545
2392
2447
2372
2428
2477
2486
2523
2406
2454
2511
2488
2493
2497
2439
2400
2465
2371
2484
2461
2445
2530
2521
2399
2443
2487
2412
2537
2440
2480
2418
2491
2472
2542
2431
2383
2433
2460
2531
2428
2437
2425
2507
2446
2444
2550
2563
2524
2479
2450
2447
2458
2416
2427
