2440
2368
2429
2494
2470
2470
2459
2417
2452
2486
2488
2483
2483
2483
2445
2459
2535
2375
2518
2407
2451
2469
2449
2393
2416
2503
2454
2444
2501
2485
2440
2433
2538
2479
2505
2551
2513
2548
2575
2442
2529
2439
2472
2510
2480
2436
2401
2448
2535
2485
2408
2425
2470
2444
2394
2449
2489
2498
2512
2416
2471
2476
2489
2428
2470
2496
2408
2444
2420
2435
2402
2518
2416
2451
2511
2519
2443
2477
2488
2449
2515
2439
2414
2450
2325
2526
2493
2393
2487
2454
2469
2521
2387
2422
2313
2484
2440
2418
2446
2419
2379
2423
2435
2333
2382
2503
2396
2502
2411
2378
2517
2407
2507
2368
2419
2348
2436
2365
2458
2392
2387
2346
2414
2320
2383
2373
2333
2313
2437
2381
2371
2379
2294
2280
2409
2326
2429
2376
2246
2307
2226
2234
2299
2368
2281
2343
2256
2326
2242
2261
2301
2307
2423
2234
2304
2250
2215
2286
2247
2314
2179
2261
2223
2245
2172
2202
2273
2164
2164
2254
2277
2184
2272
2178
2144
2173
2152
2072
2176
2117
2111
2181
2026
2215
2125
2103
2071
2110
2165
2032
2129
2082
2075
2079
2077
1970
2009
2107
2030
2040
2010
2013
1984
2048
2024
1986
2021
1990
1997
1931
1888
1987
1944
1974
1820
1937
1902
1877
1856
1956
1856
1853
1820
1888
1947
1826
1890
1868
1782
1812
1840
1817
1830
1826
1757
1835
1699
1784
1750
1715
1723
1778
1818
1761
1736
1775
1784
1741
1719
1724
1765
1802
1804
1767
1756
1738
1754
1729
1741
1721
1741
1854
1782
1831
1734
1781
1749
1786
1803
1816
1828
1887
1936
1824
1882
1936
1894
1845
1853
1959
1908
1875
1938
1951
1997
1996
1987
2016
1993
2006
2060
1981
2053
2118
2025
2065
2059
2033
2021
2073
2128
2060
2054
2085
2077
2103
2023
2194
2120
2102
2117
2182
2124
2117
2194
2134
2131
2239
2132
2169
2102
2147
2198
2183
2184
2204
2246
2218
2297
2268
2193
2234
2135
2225
2184
2319
2306
2258
2246
2289
2324
2274
2221
2275
2307
2317
2328
2280
2274
2367
2308
2329
2279
2371
2266
2288
2379
2282
2282
2373
2430
2391
2257
2306
2354
2300
2373
2382
2455
2378
2362
2307
2449
2373
2308
2395
2436
2350
2362
2357
2368
2347
2415
2354
2421
2377
2457
2488
2389
2359
2388
2364
2433
2388
2384
2421
2441
2461
2421
2406
2415
2442
2458
2425
2405
2481
2461
2425
2441
2373
2359
2427
2443
2540
2435
2475
2421
2402
2437
2388
2473
2512
2456
2430
2440
2540
2394
2527
2484
2502
2404
2463
2462
2432
2435
2445
2426
2472
2457
2346
2464
2396
2466
2517
2477
2420
2415
2419
2449
2421
2385
2527
2492
2467
2475
2367
2491
2468
2466
2500
2475
2416
2472
2396
2423
2375
2396
2451
2381
2541
2458
2463
2455
2468
2433
2382
2449
2492
2479
2459
2424
2542
2423
2447
2538
2402
2403
2420
2448
2496
2453
2459
2481
2466
2444
2473
2431
2440
2521
2478
2528
2482
2446
2475
2411
2475
2410
2477
2422
2560
2393
2358
2495
2417
2538
2495
2476
2559
2480
2463
2476
2567
2395
2413
2484
2421
2485
2412
2442
2461
2548
2458
2424
2376
2399
2436
2509
2395
2459
2519
2478
2391
2479
2491
2538
2443
2509
2482
2435
2421
2506
2456
2438
2522
2356
2427
2496
2467
2400
2370
2437
2476
2444
2438
2424
2508
2458
2499
2410
2415
2435
2517
2441
2522
2519
2441
2513
2407
2434
2498
2461
2480
2454
2515
2516
2393
2456
2509
2372
2377
2469
2472
2442
2436
2470
2424
2503
2424
2472
2410
2479
2468
2412
2415
2443
2488
2424
2449
2344
2466
2467
2450
2438
2329
2374
2475
2434
2406
2450
2467
2386
2414
2428
2350
2444
2414
2402
2481
2342
2437
2453
2428
2342
2428
2372
2391
2405
2411
2418
2505
2329
2461
2357
2387
2321
2335
2364
2418
2386
2372
2423
2335
2284
2431
2406
2349
2366
2281
2329
2255
2394
2296
2296
2352
2398
2198
2335
2270
2327
2301
2271
2357
2295
2247
2270
2203
2318
2297
2175
2199
2271
2267
2267
2278
2385
2227
2302
2270
2256
2228
2189
2210
2189
2186
2239
2216
2179
2196
2244
2191
2087
2148
2138
2254
2089
2130
2127
2187
2144
2139
2156
2107
2116
2133
2100
2096
2090
2125
2068
2028
2017
2039
2087
2072
2120
2033
2061
2040
1964
1975
1989
2032
1977
2033
2008
1950
2043
1982
1938
1859
1957
1954
1894
1936
1870
1932
1936
1951
1853
1925
1900
1814
1914
1863
1835
1823
1783
1808
1840
1755
1750
1819
1771
1696
1755
1770
1726
1806
1700
1781
1714
1759
1695
1747
1677
1661
1841
1799
1786
1727
1751
1737
1768
1727
1747
1763
1766
1871
1813
1794
1809
1842
1850
1811
1858
1861
1902
1763
1914
1899
1817
1830
1882
1937
1909
2011
1936
1940
1940
1902
1920
1940
1930
1985
2002
1915
1972
2007
1961
2038
1988
2065
2007
1973
2064
2011
1976
2088
2115
2098
2181
2081
2063
2062
2153
2191
2045
2123
2115
2099
2131
2054
2045
2147
2203
2151
2224
2138
2190
2147
2126
2120
2164
2179
2174
2170
2271
2269
2269
2220
2244
2200
2183
2229
2236
2223
2177
2150
2179
2306
2315
2334
2280
2292
2315
2344
2223
2279
2250
2395
2271
2271
2316
2362
2354
2386
2297
2344
2290
2308
2375
2390
2241
2411
2264
2367
2449
2364
2395
2366
2440
2432
2326
2358
2361
2326
2312
2417
2459
2332
2361
2399
2470
2386
2424
2484
2335
2486
2484
2388
2468
2414
2438
2385
2439
2382
2432
2439
2325
2468
2421
2417
2452
2378
2444
2383
2435
2411
2406
2417
2436
2477
2436
2376
2337
2377
2377
2427
2482
2547
2426
2385
2458
2474
2494
2452
2471
2489
2429
2461
2416
2469
2507
2489
2396
2488
2433
2409
2380
2459
2531
2499
2408
2476
2479
2511
2475
2556
2399
2515
2437
2410
2352
2497
2388
2387
2474
2368
2437
2457
2449
2446
2463
2446
2467
2388
2360
2457
2510
2442
2446
2478
2391
2403
2553
2464
2524
2482
2490
2427
2442
2426
2514
2390
2345
2455
2493
2435
2421
2539
2460
2392
2410
