2459
2526
2498
2438
2374
2531
2437
2493
2498
2517
2550
2500
2364
2514
2453
2528
2445
2483
2499
2379
2534
2431
2480
2501
2553
2418
2451
2517
2496
2518
2452
2484
2496
2480
2385
2493
2463
2437
2417
2470
2417
2479
2445
2493
2515
2485
2412
2504
2474
2437
2496
2514
2426
2485
2535
2473
2526
2370
2397
2519
2393
2485
2475
2494
2424
2524
2485
2563
2407
2355
2331
2418
2421
2451
2455
2438
2426
2443
2384
2493
2460
2394
2484
2427
2465
2378
2457
2429
2429
2399
2437
2404
2415
2538
2398
2366
2432
2490
2431
2434
2516
2454
2405
2416
2407
2425
2479
2462
2368
2412
2457
2413
2365
2487
2447
2322
2454
2481
2404
2403
2368
2381
2355
2321
2396
2313
2366
2412
2396
2489
2386
2417
2466
2335
2339
2407
2312
2369
2402
2340
2348
2356
2362
2336
2320
2348
2341
2378
2418
2351
2316
2317
2251
2319
2365
2347
2293
2302
2225
2294
2192
2295
2242
2310
2302
2255
2242
2305
2219
2158
2236
2185
2189
2206
2219
2297
2172
2164
2210
2218
2233
2176
2198
2163
2100
2180
2177
2129
2144
2129
2077
2102
2073
2134
2063
2171
1999
2045
2102
2081
2078
1973
2060
1998
2041
2027
1989
2033
1954
2053
2030
1989
1890
1953
1956
1959
1979
1991
1957
1887
1868
1874
1860
1824
1890
1816
1834
1795
1805
1797
1873
1805
1831
1754
1847
1742
1791
1773
1766
1731
1760
1753
1831
1768
1725
1698
1750
1744
1730
1721
1761
1735
1755
1713
1694
1737
1714
1846
1749
1714
1696
1775
1763
1836
1794
1834
1753
1861
1802
1879
1859
1897
1897
1968
1868
1891
1893
1909
1936
1883
1924
1963
1930
2018
2075
2034
1999
2065
2028
2015
2045
1997
2045
2088
2042
2007
2074
2104
2217
2068
2100
2049
2104
2102
2155
2094
2114
2157
2185
2204
2110
2078
2121
2189
2116
2173
2088
2095
2237
2193
2204
2265
2229
2077
2290
2338
2185
2218
2268
2220
2233
2269
2226
2244
2229
2364
2272
2317
2354
2249
2340
2261
2303
2293
2360
2338
2328
2365
2345
2442
2290
2340
2362
2326
2246
2394
2268
2320
2315
2314
2378
2373
2424
2377
2311
2286
2379
2299
2284
2391
2403
2375
2362
2362
2394
2412
2441
2373
2405
2318
2385
2398
2437
2409
2439
2449
2414
2356
2323
2572
2353
2437
2430
2458
2404
2431
2410
2465
2542
2449
2469
2429
2574
2413
2392
2463
2498
2413
2420
2490
2323
2405
2395
2442
2464
2506
2382
2401
2350
2421
2504
2433
2453
2403
2547
2596
2508
2419
2427
2462
2445
2453
2483
2476
2495
2519
2447
2518
2469
2459
2482
2389
2436
2395
2431
2348
2475
2477
2420
2413
2506
2586
2424
2379
2481
2584
2494
2458
2441
2565
2477
2474
2427
2505
2547
2510
2476
2492
2387
2449
2487
2443
2485
2450
2464
2418
2465
2380
2460
2523
2487
2567
2484
2427
2441
2532
2487
2496
2406
2441
2515
2431
2427
2465
2489
2426
2399
2429
2400
2457
2464
2473
2481
2440
2513
2532
2473
2397
2401
2511
2476
2432
2510
2495
2441
2517
2413
2544
2455
2491
2505
2398
2525
2494
2477
2465
2435
2423
2457
2448
2453
2464
2481
2493
2412
2516
2449
2526
2514
2470
2470
2450
2521
2459
2488
2541
2435
2583
2454
2484
2390
2437
2528
2465
2342
2483
2476
2478
2379
2451
2473
2508
2471
2479
2454
2562
2461
2495
2521
2500
2462
2441
2453
2503
2484
2547
2468
2469
2458
2432
2491
2426
2438
2471
2418
2450
2491
2519
2452
2471
2477
2374
2389
2464
2438
2469
2433
2466
2502
2468
2467
2458
2509
2426
2526
2434
2522
2429
2399
2388
2513
2509
2454
2420
2323
2368
2419
2378
2422
2572
2509
2483
2458
2435
2385
2408
2402
2403
2437
2344
2359
2426
2391
2392
2399
2415
2361
2442
2413
2566
2394
2329
2404
2436
2442
2357
2521
2406
2288
2413
2427
2397
2429
2389
2423
2372
2441
2353
2431
2320
2291
2397
2300
2348
2307
2300
2369
2346
2331
2392
2436
2343
2446
2402
2319
2311
2317
2350
2274
2309
2335
2239
2223
2328
2296
2269
2320
2247
2279
2258
2313
2142
2196
2300
2151
2273
2276
2252
2221
2254
2184
2259
2046
2203
2237
2126
2139
2150
2175
2171
2098
2089
2129
2199
2069
2059
2075
2165
2104
2071
2037
2045
2110
1968
2086
2056
2083
2030
2075
2048
2089
2099
2049
1939
2017
1993
1919
1997
1879
1929
1920
1976
1953
1941
1936
1877
1867
1842
1866
1849
1868
1863
1835
1822
1795
1809
1816
1753
1839
1783
1779
1758
1697
1746
1699
1778
1722
1718
1751
1703
1720
1718
1775
1753
1765
1781
1733
1727
1723
1707
1676
1831
1751
1688
1729
1709
1772
1792
1810
1793
1847
1868
1816
1786
1839
1834
1846
1844
1851
1901
1920
1930
1916
1991
1893
1992
1973
1966
1945
1954
1907
1948
1954
2026
1991
1920
2049
1990
2011
2048
1942
1961
2010
2080
2081
2053
2137
2002
2022
2071
2063
2057
2090
2204
2114
2111
2113
2184
2166
2152
2149
2138
2196
2161
2218
2163
2097
2201
2257
2183
2213
2232
2199
2217
2275
2162
2284
2224
2198
2225
2269
2250
2282
2289
2310
2255
2213
2302
2320
2328
2378
2263
2359
2409
2394
2369
2317
2415
2310
2292
2338
2297
2363
2392
2381
2343
2388
2312
2402
2385
2388
2322
2394
2366
2368
2348
2398
2339
2471
2294
2390
2423
2442
2335
2414
2422
2350
2365
2417
2292
2375
2380
2392
2457
2382
2360
2545
2463
2411
2395
2408
2505
2440
2456
2446
2456
2407
2506
2556
2538
2403
2410
2439
2314
2458
2375
2383
2425
2455
2435
2432
2473
2399
2463
2474
2489
2471
2455
2486
2441
2397
2513
2397
2494
2471
2337
2403
2435
2464
2435
2434
2559
2396
2486
2500
2507
2484
2500
2485
2506
2470
2489
2463
2417
2449
2502
2417
2432
2529
2475
2470
2439
2509
2390
2421
2421
2427
2469
2455
2557
2506
2367
2484
2474
2354
2487
2379
2462
2575
2424
2425
2506
2440
2495
2525
2475
2573
2475
2446
2487
2382
2450
2467
2387
2518
2457
2470
2471
2478
2445
2420
2441
2480
