2476
2506
2474
2514
2410
2508
2484
2510
2396
2504
2576
2585
2528
2517
2500
2406
2455
2442
2490
2481
2551
2514
2446
2468
2486
2469
2462
2423
2516
2513
2453
2502
2516
2421
2551
2434
2495
2468
2456
2529
2415
2462
2393
2513
2428
2377
2462
2437
2506
2475
2449
2426
2399
2503
2462
2455
2525
2441
2498
2478
2496
2432
2500
2486
2498
2438
2397
2499
2408
2601
2453
2420
2400
2453
2397
2440
2460
2495
2458
2486
2467
2505
2435
2485
2447
2412
2533
2402
2501
2509
2417
2343
2465
2416
2403
2419
2429
2456
2468
2385
2491
2383
2467
2456
2459
2499
2495
2466
2372
2457
2443
2364
2470
2481
2494
2415
2460
2361
2421
2460
2442
2486
2385
2401
2478
2417
2477
2363
2405
2377
2379
2332
2468
2483
2318
2456
2366
2314
2344
2395
2316
2318
2337
2371
2312
2341
2395
2338
2362
2296
2366
2288
2326
2342
2336
2282
2343
2276
2319
2371
2248
2361
2355
2345
2250
2355
2297
2305
2242
2290
2253
2251
2272
2151
2229
2156
2246
2265
2254
2271
2213
2168
2341
2192
2192
2165
2170
2169
2227
2123
2124
2125
2183
2109
2178
2168
2076
2211
2105
2085
2039
2026
2025
2132
2097
2130
2048
2019
2001
2050
1985
2015
2017
1997
2030
1983
1973
1937
1859
1897
1996
1925
1873
1828
1885
1820
1867
1816
1842
1733
1673
1814
1731
1723
1810
1702
1711
1761
1770
1711
1710
1700
1684
1693
1748
1685
1695
1747
1727
1715
1714
1718
1694
1768
1682
1709
1745
1703
1866
1750
1758
1742
1847
1718
1824
1866
1836
1881
1826
1869
1949
1870
1921
1903
1909
1954
1970
1927
1979
1929
1951
1989
1922
1955
1907
1960
1969
1984
2005
2040
2062
2084
2028
2066
2112
2112
2154
2177
2148
2133
2149
2054
2158
2240
2096
2166
2196
2210
2207
2227
2061
2235
2144
2182
2276
2271
2253
2201
2296
2235
2149
2198
2309
2227
2213
2306
2276
2325
2273
2331
2255
2341
2283
2297
2310
2339
2313
2310
2291
2320
2417
2315
2350
2327
2359
2315
2407
2365
2281
2352
2305
2406
2371
2382
2400
2302
2377
2437
2320
2438
2370
2472
2419
2423
2358
2404
2485
2381
2415
2362
2445
2338
2456
2453
2427
2397
2447
2407
2430
2456
2414
2348
2506
2351
2462
2426
2420
2379
2440
2467
2430
2378
2496
2472
2502
2479
2516
2470
2425
2467
2412
2519
2478
2532
2475
2489
2504
2424
2458
2389
2476
2436
2317
2534
2466
2471
2536
2416
2481
2472
2480
2525
2358
2496
2521
2430
2514
2557
2529
2380
2430
2411
2495
2503
2423
2493
2513
2413
2453
2437
2460
2423
2467
2521
2512
2581
2351
2566
2449
2542
2465
2447
2420
2369
2486
2422
2480
2473
2497
2476
2455
2411
2389
2501
2476
2485
2510
2494
2526
2372
2526
2450
2474
2480
2547
2468
2418
2487
2575
2453
2477
2479
2466
2445
2492
2470
2466
2455
2497
2454
2460
2482
2658
2452
2440
2457
2497
2365
2484
2447
2500
2449
2538
2463
2451
2521
2508
2526
2440
2388
2457
2529
2531
2508
2515
2381
2402
2525
2439
2488
2451
2511
2408
2368
2513
2504
2443
2511
2468
2545
2416
2394
2421
2440
2538
2464
2458
2388
2457
2423
2542
2379
2483
2488
2497
2515
2503
2555
2352
2446
2454
2420
2432
2419
2501
2465
2393
2422
2417
2426
2501
2469
2398
2463
2433
2481
2504
2359
2470
2439
2418
2477
2465
2525
2484
2451
2448
2377
2583
2411
2449
2406
2502
2439
2461
2424
2448
2479
2386
2510
2491
2494
2402
2415
2358
2410
2476
2461
2464
2457
2424
2397
2485
2415
2444
2382
2514
2523
2368
2491
2539
2457
2391
2443
2411
2487
2393
2411
2433
2489
2463
2451
2370
2393
2506
2402
2421
2437
2386
2400
2457
2457
2314
2404
2401
2395
2488
2505
2388
2422
2482
2340
2398
2369
2409
2405
2345
2420
2478
2464
2293
2388
2399
2391
2422
2411
2476
2422
2295
2452
2341
2463
2348
2445
2416
2348
2330
2361
2344
2317
2307
2392
2360
2231
2376
2335
2374
2336
2367
2284
2335
2310
2377
2274
2398
2356
2329
2326
2281
2274
2316
2135
2258
2229
2314
2303
2257
2222
2254
2178
2275
2229
2177
2167
2197
2262
2288
2238
2174
2223
2209
2231
2187
2271
2197
2197
2084
2145
2148
2149
2153
2151
2082
2105
2127
2161
2051
2011
2046
2060
2140
2127
2071
1991
2035
1935
2045
2082
1987
1909
1988
2015
1942
1894
1974
1951
1953
1873
1930
1832
1863
1835
1887
1860
1763
1859
1808
1744
1810
1762
1778
1804
1755
1703
1728
1701
1717
1688
1688
1797
1731
1682
1688
1726
1748
1705
1690
1752
1709
1723
1765
1751
1705
1720
1718
1721
1755
1756
1683
1729
1761
1772
1816
1782
1893
1774
1835
1778
1859
1959
1845
1886
1948
1870
1986
1911
1906
1877
1941
1900
2017
2016
2076
2094
2014
2007
2064
2047
2063
2098
2177
2184
2048
2101
2212
2120
2116
2160
2182
2110
2165
2119
2134
2149
2148
2109
2180
2117
2214
2161
2108
2205
2195
2152
2207
2195
2212
2248
2296
2282
2307
2269
2245
2320
2308
2257
2323
2307
2171
2406
2375
2275
2349
2355
2289
2252
2380
2330
2313
2327
2329
2410
2371
2356
2357
2355
2367
2347
2328
2384
2424
2336
2310
2351
2455
2323
2398
2473
2448
2346
2461
2334
2332
2287
2383
2419
2379
2370
2442
2475
2385
2410
2379
2431
2451
2407
2404
2432
2411
2445
2465
2365
2416
2385
2472
2408
2412
2374
2419
2455
2433
2393
2462
2432
2413
2521
2429
2493
2463
2466
2555
2521
2520
2393
2477
2460
2496
2430
2410
2414
2403
2463
2488
2384
2391
2474
2376
2530
2429
2448
2451
2465
2494
2440
2403
2367
2522
2400
2430
2474
2479
2387
2430
2468
2523
2444
2525
2459
2462
2538
2489
2551
2454
2521
2402
2486
2463
2482
2463
2496
2484
2451
2422
2514
2539
2466
2472
2453
2546
2352
2423
2416
2431
2474
2572
2389
2387
2457
2467
2513
2532
2532
2457
2429
2421
2531
2482
2431
2524
2432
2429
2447
2508
2565
2608
2479
2418
2438
2504
2493
2524
2415
2615
