2480
2482
2492
2455
2494
2426
2449
2436
2412
2503
2499
2456
2455
2528
2457
2502
2362
2466
2486
2385
2393
2507
2595
2368
2464
2471
2403
2479
2392
2391
2403
2406
2452
2471
2485
2463
2409
2455
2521
2474
2533
2397
2460
2501
2445
2468
2434
2409
2419
2457
2389
2496
2572
2539
2526
2461
2466
2487
2406
2476
2453
2511
2328
2457
2414
2520
2452
2458
2520
2392
2495
2432
2470
2452
2529
2473
2442
2363
2540
2497
2524
2444
2350
2486
2327
2453
2362
2492
2477
2403
2378
2462
2463
2420
2393
2427
2439
2476
2424
2428
2482
2481
2443
2499
2508
2426
2481
2443
2515
2439
2375
2420
2406
2417
2460
2454
2402
2384
2379
2525
2427
2452
2453
2427
2420
2453
2357
2431
2417
2452
2453
2509
2393
2403
2416
2336
2309
2417
2368
2426
2311
2413
2419
2373
2321
2362
2338
2382
2460
2429
2378
2345
2364
2365
2309
2375
2358
2381
2414
2352
2344
2291
2344
2298
2393
2265
2264
2282
2329
2361
2333
2343
2288
2385
2256
2290
2251
2347
2323
2242
2246
2240
2271
2298
2263
2294
2216
2192
2232
2283
2261
2292
2160
2229
2159
2214
2193
2120
2183
2143
2159
2126
2145
2127
2011
2009
2093
2091
2112
2139
2079
2020
2004
2056
2030
1989
1995
2021
1971
1939
1982
1947
1907
1907
1908
1901
1835
1838
1775
1811
1801
1770
1670
1666
1664
1743
1712
1718
1687
1705
1696
1634
1673
1622
1677
1680
1686
1606
1655
1693
1593
1667
1712
1675
1556
1706
1649
1673
1718
1733
1655
1696
1676
1810
1719
1761
1864
1770
1816
1759
1892
1930
1961
1873
1935
1951
1907
2003
1972
2020
2041
2135
2150
2087
2088
2052
2104
2115
2047
2123
2231
2133
2232
2175
2185
2136
2157
2192
2182
2180
2195
2301
2195
2240
2258
2281
2225
2400
2254
2209
2301
2323
2316
2296
2295
2201
2295
2313
2359
2353
2268
2299
2284
2300
2318
2349
2329
2359
2343
2330
2293
2354
2425
2359
2392
2345
2409
2429
2333
2441
2435
2345
2382
2394
2372
2362
2334
2340
2385
2422
2441
2410
2430
2431
2373
2410
2372
2359
2291
2510
2400
2377
2398
2422
2438
2366
2434
2362
2361
2385
2473
2408
2404
2482
2410
2542
2444
2476
2526
2502
2442
2421
2400
2392
2482
2437
2383
2381
2462
2524
2369
2430
2436
2469
2424
2426
2441
2492
2386
2394
2399
2528
2433
2569
2470
2458
2491
2494
2438
2476
2424
2497
2419
2470
2445
2460
2513
2389
2424
2570
2393
2406
2524
2457
2497
2403
2422
2519
2383
2571
2507
2462
2442
2458
2443
2469
2481
2488
2451
2461
2465
2553
2386
2441
2403
2527
2485
2432
2514
2504
2476
2538
2482
2526
2505
2440
2441
2561
2510
2501
2404
2464
2484
2338
2502
2395
2494
2468
2464
2543
2462
2499
2435
2447
2415
2501
2437
2496
2447
2476
2494
2426
2411
2385
2444
2480
2443
2456
2478
2455
2426
2418
2542
2355
2448
2485
2493
2421
2497
2518
2502
2453
2538
2554
2536
2488
2414
2425
2427
2537
2506
2367
2457
2518
2438
2451
2535
2510
2400
2437
2458
2484
2467
2498
2468
2473
2443
2555
2557
2527
2502
2421
2450
2487
2480
2497
2459
2453
2470
2487
2432
2502
2531
2463
2424
2462
2504
2406
2477
2485
2439
2544
2543
2500
2498
2496
2443
2349
2367
2519
2442
2471
2367
2511
2504
2618
2477
2494
2533
2392
2473
2382
2540
2467
2486
2400
2507
2427
2479
2413
2467
2500
2433
2445
2461
2438
2491
2535
2439
2498
2453
2446
2460
2544
2485
2472
2437
2433
2540
2483
2515
2466
2502
2424
2443
2455
2391
2442
2394
2449
2484
2436
2350
2562
2453
2397
2438
2500
2390
2407
2517
2376
2416
2377
2406
2358
2426
2432
2458
2344
2452
2353
2481
2437
2475
2437
2407
2455
2402
2448
2369
2328
2404
2397
2439
2345
2458
2438
2443
2411
2423
2403
2431
2539
2382
2379
2323
2430
2454
2429
2476
2397
2422
2368
2377
2380
2403
2444
2574
2326
2464
2368
2423
2429
2369
2311
2299
2307
2367
2358
2412
2402
2386
2366
2345
2347
2277
2354
2405
2355
2375
2330
2235
2395
2325
2322
2317
2318
2301
2342
2302
2259
2288
2249
2327
2296
2233
2274
2220
2232
2246
2323
2247
2217
2278
2157
2150
2248
2187
2226
2272
2183
2149
2278
2208
2185
2207
2162
2169
2104
2182
2094
2123
2098
2134
2129
2062
2057
2054
2024
2003
2005
1987
2015
1945
1957
1894
1971
1933
1911
1917
1812
1849
1877
1768
1774
1796
1761
1742
1717
1684
1684
1715
1670
1700
1641
1720
1761
1696
1682
1684
1694
1668
1695
1690
1697
1703
1632
1678
1628
1625
1607
1745
1695
1671
1662
1648
1690
1702
1694
1712
1788
1734
1820
1835
1808
1884
1846
1864
1941
1866
1948
1922
1887
2039
1920
1931
2076
1969
2035
2073
2074
2067
2117
2092
2121
2136
2100
2089
2132
2183
2206
2141
2172
2213
2163
2139
2238
2269
2207
2135
2235
2220
2309
2220
2213
2306
2236
2248
2228
2269
2273
2296
2261
2373
2301
2254
2252
2263
2395
2335
2323
2256
2410
2345
2251
2204
2286
2398
2304
2321
2314
2367
2313
2361
2286
2354
2287
2348
2392
2361
2390
2396
2464
2370
2333
2384
2313
2339
2361
2413
2423
2372
2415
2465
2360
2338
2397
2380
2479
2369
2396
2500
2358
2240
2431
2421
2377
2438
2460
2414
2351
2438
2405
2378
2407
2493
2502
2442
2421
2456
2461
2466
2439
2437
2443
2428
2445
2444
2512
2476
2484
2437
2459
2456
2402
2417
2469
2499
2497
2504
2431
2468
2492
2419
2368
2502
2526
2512
2344
2401
2364
2416
2517
2472
2456
2541
2477
2429
2473
2469
2462
2485
2431
2429
2485
2484
2401
2441
2491
2436
2422
2587
2449
2505
2403
2366
2450
2571
2445
2534
2405
2435
2509
2400
2481
2530
2489
2394
2487
2477
2490
2512
2415
2386
2428
2459
2405
2402
2523
2446
2429
2455
2517
2426
2428
2505
2447
2529
2509
2460
2324
2475
2439
2451
2441
2551
2526
2491
2483
2557
2472
2489
2475
2598
2496
2467
2508
2435
2429
2453
2456
2453
