2437
2493
2357
2426
2475
2373
2453
2577
2425
2515
2507
2441
2486
2528
2423
2496
2433
2637
2535
2485
2446
2467
2343
2483
2534
2443
2451
2460
2447
2508
2486
2458
2463
2536
2504
2547
2520
2431
2388
2532
2522
2497
2431
2515
2445
2548
2538
2471
2504
2458
2483
2459
2453
2449
2442
2446
2420
2517
2506
2452
2450
2459
2545
2515
2520
2497
2517
2446
2602
2491
2393
2493
2433
2464
2509
2530
2497
2580
2455
2420
2530
2477
2455
2646
2460
2458
2444
2410
2469
2478
2469
2518
2441
2497
2544
2310
2518
2479
2462
2454
2456
2407
2450
2446
2457
2461
2489
2471
2481
2463
2526
2411
2420
2489
2408
2398
2441
2414
2529
2387
2399
2363
2471
2413
2378
2447
2448
2387
2473
2377
2364
2420
2466
2421
2485
2461
2449
2567
2425
2419
2383
2427
2414
2374
2394
2506
2429
2384
2448
2358
2405
2394
2361
2418
2404
2315
2393
2372
2320
2319
2425
2398
2434
2436
2292
2420
2360
2268
2353
2342
2354
2326
2413
2316
2346
2304
2348
2317
2336
2323
2327
2371
2337
2239
2364
2278
2319
2214
2280
2268
2240
2272
2200
2287
2303
2225
2168
2325
2197
2209
2236
2169
2189
2134
2160
2139
2172
2076
2149
2179
2074
2172
2124
2166
2128
2017
2065
2079
2098
1991
1995
1970
1952
1932
1881
1904
1852
1826
1925
1775
1785
1777
1743
1694
1705
1669
1734
1663
1696
1588
1704
1660
1686
1748
1647
1664
1698
1716
1693
1711
1654
1670
1708
1733
1658
1721
1700
1685
1705
1669
1697
1732
1723
1863
1789
1757
1802
1814
1826
1881
1954
1876
1878
1985
1975
1968
2048
2008
2001
2019
2005
2109
2132
2066
2041
2184
2119
2064
2208
2155
2167
2126
2211
2216
2198
2265
2248
2216
2108
2278
2263
2233
2280
2268
2250
2310
2323
2258
2308
2240
2336
2313
2347
2367
2256
2306
2336
2435
2368
2410
2307
2426
2336
2375
2332
2439
2418
2469
2400
2348
2353
2341
2357
2405
2351
2359
2366
2410
2353
2433
2468
2384
2432
2417
2327
2429
2368
2383
2384
2365
2406
2373
2423
2425
2439
2401
2358
2460
2477
2381
2462
2321
2456
2480
2435
2397
2443
2381
2414
2380
2462
2451
2472
2499
2339
2419
2371
2412
2415
2435
2428
2462
2404
2440
2358
2437
2510
2481
2489
2411
2470
2518
2451
2502
2410
2451
2409
2506
2484
2473
2391
2475
2452
2394
2416
2491
2465
2507
2542
2469
2373
2590
2529
2456
2497
2461
2384
2537
2499
2482
2510
2496
2473
2533
2562
2459
2519
2467
2421
2413
2502
2536
2480
2538
2617
2461
2536
2490
2462
2466
2451
2464
2534
2563
2599
2432
2460
2429
2419
2438
2504
2440
2458
2450
2468
2420
2445
2451
2567
2404
2530
2408
2475
2391
2541
2484
2546
2437
2553
2487
2398
2491
2422
2505
2468
2564
2551
2499
2462
2453
2450
2435
2488
2425
2443
2482
2503
2521
2504
2341
2474
2445
2487
2567
2584
2377
2443
2527
2503
2471
2470
2475
2475
2554
2526
2460
2476
2445
2477
2476
2460
2543
2429
2522
2496
2475
2533
2352
2546
2534
2388
2565
2582
2501
2450
2513
2438
2479
2464
2543
2544
2382
2405
2493
2469
2464
2474
2521
2457
2442
2412
2451
2501
2560
2491
2435
2461
2439
2537
2492
2478
2404
2492
2389
2503
2520
2518
2439
2520
2480
2413
2389
2420
2444
2475
2449
2440
2426
2416
2530
2576
2490
2513
2499
2445
2461
2468
2485
2428
2463
2531
2501
2460
2526
2535
2422
2472
2459
2532
2452
2450
2403
2464
2367
2428
2494
2518
2495
2610
2421
2466
2447
2511
2415
2594
2490
2523
2563
2389
2504
2519
2438
2442
2559
2430
2516
2419
2532
2499
2459
2519
2428
2456
2322
2472
2392
2518
2412
2373
2490
2350
2413
2558
2395
2436
2494
2411
2470
2451
2363
2480
2357
2458
2370
2430
2438
2464
2398
2521
2421
2370
2365
2385
2555
2362
2403
2415
2463
2432
2460
2419
2438
2447
2431
2392
2388
2387
2385
2495
2388
2467
2362
2387
2467
2307
2361
2433
2483
2355
2433
2480
2366
2437
2409
2364
2366
2402
2375
2365
2444
2334
2314
2322
2336
2303
2371
2335
2339
2404
2397
2353
2326
2358
2359
2325
2323
2264
2375
2340
2287
2271
2289
2326
2268
2287
2218
2340
2266
2339
2247
2218
2267
2218
2286
2241
2171
2195
2294
2158
2227
2124
2226
2154
2135
2068
2172
2182
2204
2115
2035
2111
2019
2063
2007
1974
1998
1923
1901
2016
1896
1952
1816
1877
1900
1908
1789
1786
1805
1719
1728
1766
1627
1672
1696
1741
1651
1673
1676
1702
1684
1702
1650
1693
1728
1697
1674
1648
1627
1632
1629
1647
1621
1631
1708
1644
1655
1669
1704
1692
1749
1763
1697
1769
1809
1811
1848
1843
1858
2012
1950
1943
2001
1985
1973
2024
2000
2064
2014
2077
2072
2039
2045
2085
2118
2125
2166
2119
2187
2122
2146
2243
2186
2263
2196
2203
2158
2229
2161
2238
2296
2249
2242
2207
2249
2311
2316
2289
2274
2284
2334
2278
2248
2291
2190
2344
2283
2353
2378
2322
2233
2290
2374
2333
2363
2292
2347
2303
2368
2359
2257
2350
2219
2435
2411
2364
2325
2338
2458
2381
2346
2352
2407
2348
2338
2364
2433
2406
2332
2348
2477
2371
2372
2412
2560
2310
2349
2420
2426
2431
2410
2409
2415
2375
2404
2436
2377
2510
2408
2455
2399
2422
2396
2542
2421
2465
2419
2388
2412
2317
2419
2392
2405
2471
2440
2429
2431
2467
2448
2448
2448
2469
2372
2501
2496
2359
2564
2504
2450
2470
2361
2469
2478
2460
2435
2511
2496
2380
2414
2458
2335
2433
2444
2493
2476
2480
2469
2461
2502
2406
2354
2356
2427
2435
2410
2500
2496
2473
2435
2484
2418
2498
2561
2408
2360
2494
2439
2442
2464
2389
2395
2530
2482
2480
2488
2506
2483
2418
2466
2518
2463
2471
2397
2459
2523
2544
2455
2490
2446
2558
2467
2481
2528
2508
2456
2412
2454
2498
2420
2410
2485
2518
2504
2531
2446
2500
2555
2486
2464
2488
2458
2465
2476
2498
2550
2529
2460
2520
2526
2447
2509
2527
2421
2546
