2454
2421
2440
2520
2437
2495
2457
2462
2515
2458
2462
2492
2403
2480
2531
2412
2464
2513
2416
2506
2521
2530
2385
2492
2545
2469
2474
2490
2478
2518
2417
2423
2540
2377
2479
2552
2424
2436
2482
2518
2485
2522
2456
2435
2428
2497
2515
2472
2436
2485
2475
2471
2470
2505
2514
2420
2593
2371
2514
2467
2474
2448
2512
2537
2519
2453
2489
2427
2556
2489
2390
2424
2476
2416
2506
2429
2427
2489
2452
2581
2467
2436
2501
2557
2475
2505
2509
2437
2463
2452
2509
2536
2474
2443
2516
2439
2427
2448
2528
2429
2527
2490
2444
2470
2528
2444
2431
2464
2506
2386
2393
2423
2460
2390
2345
2436
2510
2432
2451
2384
2511
2413
2373
2398
2420
2405
2428
2396
2425
2305
2401
2513
2434
2464
2416
2463
2407
2494
2468
2496
2412
2448
2453
2440
2354
2481
2473
2399
2431
2360
2376
2441
2388
2399
2424
2395
2412
2355
2353
2493
2477
2386
2401
2444
2353
2381
2332
2332
2470
2388
2436
2411
2340
2366
2297
2393
2361
2328
2389
2395
2260
2282
2291
2352
2298
2290
2385
2346
2301
2300
2257
2212
2274
2311
2214
2250
2303
2220
2209
2251
2197
2145
2248
2236
2220
2191
2150
2124
2227
2218
2125
2264
2097
2076
2148
2062
2074
2081
2069
2028
2050
1916
2057
1874
1956
1864
1884
1907
1846
1813
1835
1737
1716
1710
1692
1687
1655
1674
1583
1654
1681
1633
1609
1653
1619
1671
1642
1679
1665
1665
1680
1591
1695
1592
1675
1561
1587
1633
1685
1664
1688
1665
1783
1739
1812
1826
1860
1875
1849
1891
1882
2047
1952
2008
2048
2007
2104
2051
2004
2142
2082
2103
2154
2179
2190
2116
2107
2170
2179
2173
2207
2158
2231
2247
2207
2170
2234
2320
2331
2308
2248
2291
2248
2259
2281
2254
2250
2387
2321
2341
2182
2387
2355
2331
2336
2320
2338
2339
2390
2304
2314
2458
2349
2397
2361
2374
2411
2405
2349
2345
2418
2472
2394
2282
2389
2359
2361
2368
2444
2378
2395
2476
2399
2325
2446
2500
2379
2443
2471
2358
2396
2406
2394
2465
2343
2413
2383
2399
2457
2501
2369
2453
2482
2468
2382
2473
2375
2511
2456
2454
2468
2432
2395
2358
2352
2460
2433
2463
2442
2470
2443
2400
2504
2494
2525
2433
2413
2450
2334
2464
2487
2472
2418
2429
2402
2536
2447
2479
2439
2453
2453
2511
2451
2493
2443
2354
2470
2511
2454
2395
2420
2453
2424
2506
2539
2425
2374
2393
2561
2507
2480
2397
2470
2555
2471
2358
2441
2434
2518
2450
2509
2438
2404
2606
2515
2489
2423
2460
2481
2536
2428
2466
2489
2412
2474
2407
2500
2456
2508
2445
2524
2509
2491
2480
2536
2460
2428
2509
2533
2504
2533
2527
2461
2533
2476
2451
2450
2506
2428
2545
2528
2409
2548
2502
2467
2394
2525
2463
2486
2480
2468
2470
2503
2422
2492
2528
2473
2432
2477
2494
2494
2386
2510
2445
2474
2490
2467
2538
2452
2471
2498
2447
2423
2465
2521
2507
2613
2415
2558
2465
2482
2448
2528
2525
2477
2388
2461
2411
2464
2570
2396
2527
2484
2484
2519
2483
2479
2475
2479
2410
2542
2438
2466
2443
2469
2493
2451
2464
2459
2462
2549
2446
2493
2503
2486
2436
2381
2409
2415
2466
2431
2457
2493
2411
2461
2463
2512
2453
2502
2479
2520
2532
2490
2522
2420
2512
2481
2446
2439
2412
2412
2535
2488
2476
2454
2445
2477
2438
2487
2482
2482
2507
2451
2428
2516
2462
2534
2420
2421
2390
2511
2470
2470
2438
2427
2540
2483
2453
2414
2489
2463
2609
2495
2382
2455
2525
2469
2427
2470
2509
2421
2450
2524
2445
2490
2468
2484
2426
2467
2398
2488
2416
2493
2436
2456
2420
2542
2487
2505
2441
2412
2408
2475
2470
2468
2387
2493
2425
2421
2447
2380
2431
2354
2413
2470
2415
2424
2499
2454
2420
2536
2462
2503
2454
2472
2380
2406
2461
2458
2380
2554
2401
2409
2380
2409
2448
2428
2438
2406
2423
2480
2466
2450
2467
2370
2425
2388
2347
2359
2264
2409
2494
2358
2413
2369
2437
2341
2348
2400
2361
2357
2456
2341
2368
2286
2423
2378
2370
2284
2346
2400
2247
2266
2466
2308
2334
2267
2298
2335
2327
2249
2321
2311
2316
2371
2272
2246
2291
2295
2145
2225
2283
2160
2274
2290
2234
2222
2235
2175
2174
2167
2185
2228
2138
2195
2213
2087
2227
2059
2141
2075
2066
2101
2060
2005
2007
2082
2007
1966
1961
1908
1892
1961
1895
1807
1821
1869
1777
1750
1751
1687
1646
1718
1657
1655
1703
1751
1579
1602
1557
1614
1644
1701
1641
1681
1686
1696
1717
1653
1651
1661
1645
1717
1664
1658
1745
1692
1644
1705
1725
1791
1775
1775
1806
1839
1780
2008
1941
1879
1952
2037
2022
2004
1975
2150
2194
2045
2090
2085
2033
2081
2076
2144
2151
2184
2214
2197
2252
2182
2114
2250
2181
2296
2263
2203
2265
2229
2242
2278
2218
2243
2291
2366
2288
2324
2262
2336
2372
2342
2238
2326
2338
2274
2365
2286
2374
2363
2382
2324
2299
2361
2343
2418
2359
2366
2240
2331
2348
2400
2336
2360
2353
2364
2421
2302
2317
2400
2377
2471
2391
2468
2409
2480
2361
2423
2454
2357
2328
2421
2412
2365
2496
2387
2436
2447
2463
2460
2440
2395
2302
2411
2364
2450
2489
2427
2576
2320
2441
2525
2425
2504
2438
2417
2418
2436
2499
2500
2455
2463
2427
2380
2404
2401
2465
2378
2415
2377
2451
2454
2426
2462
2456
2386
2432
2475
2449
2463
2465
2468
2508
2445
2453
2446
2494
2467
2395
2494
2452
2406
2492
2485
2417
2455
2416
2463
2449
2528
2514
2432
2445
2417
2409
2521
2534
2450
2504
2548
2480
2463
2384
2453
2572
2421
2448
2412
2464
2517
2463
2435
2390
2442
2393
2449
2485
2466
2472
2467
2474
2490
2430
2438
2509
2529
2476
2477
2477
2440
2479
2476
2413
2468
2459
2469
2482
2512
2448
2457
2434
2439
2559
2522
2549
2471
2485
2422
2449
2477
2462
2506
2516
2522
2523
2434
2474
2442
2483
2455
2490
2485
2418
2553
2481
2466
