2477
2484
2402
2521
2503
2537
2561
2534
2486
2522
2527
2448
2500
2486
2526
2462
2488
2435
2456
2460
2502
2425
2411
2476
2530
2444
2565
2551
2529
2469
2472
2550
2623
2454
2552
2443
2479
2464
2466
2407
2444
2558
2511
2511
2431
2479
2433
2499
2437
2483
2483
2435
2492
2518
2424
2579
2437
2561
2462
2508
2590
2509
2600
2499
2443
2473
2474
2484
2502
2453
2490
2482
2506
2462
2536
2487
2477
2508
2555
2511
2500
2503
2447
2547
2531
2576
2476
2354
2495
2435
2491
2512
2495
2513
2486
2488
2432
2534
2469
2541
2498
2468
2459
2457
2469
2525
2533
2375
2494
2393
2448
2479
2448
2478
2458
2525
2465
2516
2454
2524
2544
2495
2478
2458
2503
2461
2481
2518
2413
2481
2539
2441
2490
2455
2434
2399
2400
2439
2476
2409
2440
2454
2363
2504
2455
2419
2457
2378
2468
2499
2471
2414
2407
2457
2482
2420
2419
2411
2368
2422
2398
2396
2438
2436
2345
2437
2439
2460
2473
2392
2362
2375
2348
2371
2424
2332
2373
2393
2498
2352
2385
2421
2357
2423
2364
2363
2291
2285
2270
2349
2291
2255
2310
2249
2242
2263
2279
2258
2280
2288
2234
2264
2263
2215
2248
2233
2282
2172
2194
2209
2229
2185
2200
2218
2101
2140
2073
2067
2045
2027
2040
2023
2000
1962
2021
1974
1864
1819
1875
1762
1827
1684
1680
1695
1692
1668
1636
1655
1665
1673
1636
1650
1617
1674
1668
1582
1709
1711
1659
1668
1675
1688
1645
1670
1623
1632
1665
1609
1612
1724
1655
1697
1743
1728
1830
1793
1854
1877
1890
1924
2069
2000
2049
2024
2067
2021
2072
2096
2132
2131
2119
2103
2202
2191
2223
2197
2208
2266
2190
2382
2308
2242
2293
2413
2205
2303
2265
2356
2314
2344
2400
2308
2279
2243
2285
2412
2299
2303
2343
2346
2405
2331
2323
2289
2325
2342
2325
2369
2331
2433
2419
2314
2371
2343
2348
2422
2330
2445
2419
2328
2304
2371
2407
2436
2425
2416
2393
2471
2545
2528
2362
2423
2434
2417
2456
2465
2522
2386
2400
2492
2534
2415
2449
2474
2478
2504
2390
2404
2439
2424
2497
2489
2418
2408
2380
2407
2374
2458
2397
2564
2412
2491
2408
2470
2454
2426
2500
2451
2381
2460
2487
2491
2456
2534
2472
2413
2443
2370
2401
2453
2436
2501
2469
2485
2488
2427
2384
2439
2480
2466
2486
2477
2425
2422
2566
2554
2476
2478
2505
2524
2411
2521
2501
2441
2440
2555
2429
2412
2441
2590
2488
2468
2470
2442
2541
2404
2475
2572
2469
2475
2468
2517
2539
2484
2540
2453
2468
2488
2432
2532
2525
2543
2526
2361
2526
2604
2489
2485
2461
2465
2523
2496
2426
2509
2520
2460
2495
2529
2497
2529
2504
2508
2473
2602
2479
2431
2560
2373
2489
2474
2484
2455
2502
2570
2534
2577
2530
2488
2488
2489
2537
2528
2423
2499
2469
2432
2527
2425
2478
2422
2395
2441
2474
2589
2471
2536
2522
2451
2509
2463
2387
2544
2495
2572
2543
2485
2515
2409
2403
2417
2446
2463
2521
2519
2591
2436
2506
2479
2508
2406
2429
2461
2488
2505
2500
2436
2505
2509
2459
2546
2480
2458
2454
2344
2495
2485
2481
2454
2480
2529
2460
2557
2459
2370
2457
2532
2503
2449
2498
2546
2456
2518
2494
2474
2643
2494
2536
2447
2425
2508
2437
2509
2434
2450
2464
2506
2477
2483
2516
2463
2452
2543
2463
2522
2503
2454
2499
2547
2449
2487
2421
2463
2421
2429
2531
2409
2496
2586
2524
2511
2463
2466
2394
2497
2502
2464
2560
2456
2529
2455
2411
2504
2501
2483
2503
2481
2479
2477
2412
2443
2610
2428
2476
2421
2469
2461
2472
2499
2424
2516
2494
2495
2476
2483
2395
2426
2448
2510
2497
2506
2478
2412
2471
2501
2441
2552
2448
2477
2449
2515
2367
2440
2410
2334
2529
2407
2488
2446
2499
2490
2435
2444
2509
2324
2445
2450
2449
2463
2366
2422
2401
2445
2448
2434
2438
2405
2462
2355
2522
2441
2381
2394
2396
2474
2485
2504
2363
2440
2467
2413
2446
2439
2482
2409
2383
2334
2400
2347
2394
2363
2498
2430
2432
2381
2406
2367
2357
2379
2343
2441
2288
2282
2400
2427
2338
2401
2387
2390
2357
2329
2397
2337
2287
2325
2384
2358
2328
2313
2315
2277
2347
2260
2264
2333
2308
2285
2267
2203
2236
2214
2198
2181
2271
2269
2245
2185
2221
2205
2208
2158
2147
2102
2043
2117
2149
2064
2034
2061
1997
2047
1951
1994
1947
1918
1865
1816
1805
1804
1755
1670
1743
1731
1765
1686
1656
1669
1652
1614
1687
1661
1730
1671
1666
1653
1663
1728
1665
1679
1600
1637
1713
1651
1629
1647
1652
1676
1713
1741
1671
1763
1753
1754
1871
1820
1917
1872
1862
1846
1879
2021
1979
2056
1967
2107
2087
2053
2185
2126
2188
2209
2148
2202
2196
2140
2278
2230
2219
2167
2230
2273
2214
2240
2286
2341
2266
2252
2227
2329
2335
2349
2368
2264
2324
2329
2350
2363
2349
2399
2300
2321
2355
2401
2384
2445
2302
2377
2363
2416
2333
2395
2340
2404
2330
2400
2321
2269
2349
2226
2381
2337
2467
2341
2467
2363
2453
2369
2445
2482
2403
2349
2470
2425
2474
2437
2409
2488
2433
2467
2413
2432
2359
2508
2453
2405
2429
2481
2434
2410
2456
2446
2493
2455
2436
2503
2400
2434
2449
2529
2561
2513
2491
2443
2477
2507
2499
2431
2453
2481
2477
2487
2500
2387
2468
2511
2441
2510
2459
2465
2454
2542
2416
2487
2475
2453
2501
2414
2479
2472
2502
2418
2405
2518
2389
2500
2522
2423
2476
2495
2465
2477
2454
2368
2410
2485
2486
2519
2469
2502
2571
2472
2453
2571
2491
2463
2509
2570
2474
2468
2491
2456
2517
2552
2514
2444
2486
2467
2540
2350
2513
2466
2497
2588
2558
2576
2499
2548
2505
2501
2523
2454
2498
2487
2474
2413
2473
2470
2480
2435
2483
2439
2520
2483
2514
2536
2393
2473
2480
2568
2527
2540
2431
2492
2423
2497
2390
2493
2434
2495
2472
2528
2528
2463
2470
2474
2472
2409
2460
2524
2477
2538
2570
2448
2514
