2268
2337
2254
2226
2258
2363
2274
2274
2234
2275
2316
2304
2256
2175
2331
2322
2227
2238
2257
2257
2248
2306
2270
2366
2218
2257
2295
2264
2237
2277
2293
2302
2211
2283
2300
2371
2298
2283
2240
2212
2239
2243
2236
2303
2296
2294
2257
2173
2279
2271
2313
2170
2266
2245
2254
2274
2156
2240
2180
2172
2176
2149
2100
2040
2019
2001
1893
1871
1873
1809
1831
1717
1774
1746
1779
1834
1681
1711
1666
1669
1615
1786
1739
1698
1799
1805
1664
1769
1821
1848
1846
1884
1823
1898
1858
1853
1905
1924
1931
2057
2017
2048
1906
2071
2097
2074
2052
2001
2117
2204
2191
2123
2262
2123
2188
2241
2251
2189
2198
2294
2187
2272
2189
2276
2250
2215
2234
2203
2253
2147
2174
2178
2249
2223
2211
2083
2203
2039
2058
2007
2059
1961
1843
1872
1882
1732
1825
1811
1737
1694
1800
1641
1748
1705
1678
1727
1752
1837
1871
1959
1921
1865
1902
1934
1978
2069
2089
2021
2090
2109
2111
2232
2179
2209
2193
2232
2209
2185
2251
2295
2213
2151
2286
2226
2235
2176
2200
2346
2268
2144
2246
2209
2326
2307
2260
2263
2322
2251
2160
2194
2297
2266
2207
2277
2210
2186
2112
2231
2176
2167
2146
2100
2078
1990
1973
1939
1901
1911
1843
1778
1832
1906
1873
1920
1879
1960
1891
1975
2086
2085
2054
2114
2246
2169
2184
2121
2243
2308
2262
2269
2150
2335
2266
2208
2160
2209
2272
2344
2173
2233
2278
2209
2245
2288
2182
2282
2160
2245
2208
2193
2248
2159
2142
2102
2109
2062
2082
2020
1883
1867
1851
1842
1873
1838
1842
1808
1862
1797
1896
1976
1933
2082
2033
2050
2084
2150
2083
2244
2226
2237
2277
2243
2215
2322
2234
2341
2235
2324
2292
2243
2198
2394
2291
2280
2210
2240
2241
2227
2301
2363
2250
2245
2279
2247
2235
2182
2272
2218
2177
2260
2190
2144
2181
2126
2091
2129
2098
2065
2124
2028
2034
1997
1932
1877
1882
1859
1780
1766
1716
1815
1740
1737
1717
1740
1655
1710
1731
1771
1745
1811
1800
1829
1886
1884
1953
2047
2075
2137
2086
2129
2146
2196
2157
2193
2161
2216
2216
2282
2173
2287
2205
2227
2207
2267
2144
2306
2251
2281
2292
2154
2263
2222
2153
2221
2166
2125
2090
2194
2132
2157
2180
2090
2076
2110
2006
2026
2019
1990
1954
1862
1917
1805
1831
1794
1864
1810
1803
1767
1617
1725
1640
1738
1701
1640
1713
1690
1736
1699
1704
1650
1611
1707
1783
1735
1761
1874
1826
1935
1951
1998
2084
2022
2096
2119
2107
2217
2168
2251
2246
2157
2250
2223
2271
2164
2217
2316
2264
2332
2228
2282
2251
2212
2365
2288
2217
2285
2222
2277
2287
2154
2325
2270
2273
2298
2293
2230
2253
2252
2307
2361
2340
2241
2261
2308
2229
2204
2362
2240
2271
2277
2322
2281
2312
2286
2263
2306
2253
2323
2277
2241
2313
2298
2315
2248
2354
2249
2367
2251
2237
2303
2284
2319
2335
2312
2283
2324
2251
2322
2313
2292
2325
2254
2327
2373
2276
2361
2228
2252
2343
2328
2210
2328
2175
2352
2259
2206
2271
2244
2293
2291
2264
2179
2317
2255
2253
2355
2195
2377
2245
2336
2198
2250
2287
2274
2268
2202
2258
2260
2258
2190
2289
2343
2302
2264
2250
2229
2199
2226
2293
2259
2229
2309
2281
2328
2276
2278
2236
2372
2341
2191
2133
2254
2299
2269
2216
2168
2258
2260
2304
2257
2232
2196
2288
2302
2169
2270
2277
2136
2144
2139
2223
2070
2007
1934
1951
1888
1915
1809
1833
1758
1715
1744
1707
1710
1658
1660
1685
1633
1699
1685
1675
1648
1670
1712
1779
1741
1844
1763
1849
1807
1906
1884
1838
1927
1974
1972
2023
1981
2046
2114
2097
2078
2132
2049
2162
2171
2144
2165
2186
2212
2159
2208
2236
2246
2225
2155
2270
2175
2180
2227
2279
2259
2287
2284
2298
2136
2260
2284
2198
2149
2180
2259
2121
2223
2124
2009
1997
1948
1917
1938
1892
1847
1788
1839
1730
1733
1754
1737
1681
1688
1795
1765
1686
1837
1808
1823
1822
1920
1838
1917
1940
1948
2044
1969
2076
2141
2086
2150
2213
2171
2212
2213
2161
2179
2219
2202
2201
2218
2290
2263
2278
2213
2297
2180
2253
2196
2179
2261
2297
2168
2206
2233
2213
2186
2300
2239
2179
2220
2222
2283
2217
2268
2209
2195
2269
2285
2123
2147
2079
2032
2088
1948
1871
1852
1851
1892
1769
1829
1812
1786
1834
1817
1823
1932
1925
1961
2022
2152
2110
2094
2135
2199
2122
2244
2185
2194
2160
2202
2232
2240
2283
2205
2256
2283
2207
2282
2277
2273
2296
2183
2135
2217
2237
2277
2202
2272
2236
2128
2229
2089
2105
2113
2008
2028
2012
1970
1927
1843
1872
1817
1867
1760
1812
1810
1888
1913
1832
2015
1981
2018
2073
1974
2084
2185
2169
2149
2164
2272
2148
2224
2152
2246
2315
2207
2216
2269
2200
2220
2195
2278
2242
2232
2212
2245
2255
2250
2242
2290
2269
2257
2240
2308
2280
2135
2219
2335
2212
2182
2169
2146
2209
2206
2108
2095
2010
2003
1988
1947
2003
2033
1820
1890
1832
1827
1836
1802
1777
1836
1732
1792
1748
1691
1703
1642
1673
1793
1678
1749
1862
1864
1933
1958
1995
2053
2090
2131
2096
2232
2138
2250
2071
2170
2284
2203
2261
2103
2204
2225
2289
2153
2204
2250
2205
2131
2132
2143
2242
2247
2185
2205
2143
2149
2137
2109
2125
2005
2151
2064
2069
1986
1947
2024
2049
2014
1923
1925
1910
1917
1898
1806
1777
1850
1800
1836
1846
1786
1852
1758
1692
1697
1740
1727
1655
1776
1673
1645
1725
1782
1743
1741
1756
1808
1810
1808
1812
1908
1974
1981
2076
2062
2078
2079
2120
2240
2230
2181
2200
2189
2190
2250
2239
2267
2276
2218
2247
2326
2223
2226
2237
2278
2330
2288
2237
2355
2373
2187
2242
2276
2176
2269
2389
2233
2288
2300
2275
2257
2341
2298
2232
2291
2214
2296
2269
2265
2274
2251
2255
2332
2312
2282
2163
2302
2211
2253
2248
2228
2251
2374
2270
2273
2343
2357
2228
