2455
2440
2465
2449
2469
2451
2436
2388
2377
2461
2437
2471
2431
2458
2557
2516
2471
2490
2457
2505
2477
2498
2465
2499
2463
2571
2472
2475
2396
2488
2422
2488
2457
2513
2436
2405
2514
2530
2431
2421
2566
2472
2540
2475
2503
2593
2478
2403
2516
2444
2407
2475
2492
2524
2457
2491
2467
2470
2520
2494
2480
2634
2435
2479
2463
2527
2416
2434
2538
2496
2369
2455
2495
2513
2433
2528
2516
2487
2433
2532
2436
2444
2461
2455
2504
2473
2376
2527
2467
2521
2424
2465
2496
2444
2486
2453
2530
2480
2463
2466
2450
2365
2560
2541
2460
2421
2507
2402
2446
2472
2484
2400
2495
2387
2401
2427
2485
2493
2484
2434
2418
2374
2369
2537
2484
2474
2458
2374
2458
2394
2398
2485
2488
2413
2478
2387
2481
2479
2501
2342
2426
2523
2416
2465
2461
2405
2397
2454
2568
2510
2429
2386
2464
2491
2369
2364
2470
2507
2514
2396
2436
2323
2402
2363
2476
2404
2505
2422
2344
2381
2364
2311
2380
2440
2334
2397
2304
2340
2334
2367
2367
2359
2318
2392
2321
2352
2234
2286
2310
2246
2273
2308
2402
2390
2291
2338
2369
2408
2327
2276
2323
2276
2364
2292
2268
2233
2314
2221
2294
2193
2262
2207
2273
2137
2128
2127
2124
2107
2107
2066
2020
2081
1905
1983
1960
1954
1909
1916
1782
1939
1825
1768
1690
1680
1684
1722
1665
1661
1747
1618
1662
1619
1595
1582
1688
1671
1673
1655
1705
1684
1699
1617
1661
1631
1659
1652
1643
1580
1665
1651
1781
1693
1722
1750
1826
1792
1822
1890
1864
1910
1910
1928
1993
1939
2108
2129
2072
2150
2088
2104
2243
2092
2233
2266
2187
2197
2179
2129
2275
2264
2344
2251
2284
2225
2263
2174
2262
2409
2302
2279
2347
2325
2303
2377
2321
2314
2240
2279
2333
2425
2336
2259
2255
2409
2392
2264
2341
2475
2407
2493
2293
2385
2440
2436
2406
2361
2458
2421
2392
2377
2409
2391
2414
2417
2397
2374
2484
2470
2402
2370
2415
2373
2437
2447
2387
2392
2418
2376
2446
2395
2504
2508
2321
2504
2416
2406
2349
2551
2496
2456
2517
2453
2449
2392
2481
2460
2392
2403
2391
2402
2467
2460
2498
2505
2480
2473
2528
2474
2474
2493
2458
2466
2335
2519
2458
2463
2462
2445
2528
2504
2451
2498
2397
2485
2475
2493
2454
2414
2526
2474
2430
2409
2503
2378
2479
2427
2405
2458
2495
2432
2381
2410
2466
2341
2510
2396
2397
2439
2470
2392
2421
2542
2484
2537
2429
2535
2495
2409
2466
2373
2406
2505
2466
2434
2511
2479
2620
2431
2422
2461
2407
2468
2549
2459
2495
2442
2435
2472
2443
2483
2429
2466
2517
2469
2530
2393
2492
2520
2481
2543
2468
2471
2372
2464
2490
2485
2456
2407
2414
2395
2570
2533
2498
2519
2537
2500
2437
2486
2468
2487
2548
2426
2497
2534
2541
2537
2484
2465
2465
2473
2468
2489
2535
2478
2439
2437
2432
2391
2522
2517
2463
2449
2526
2498
2382
2455
2434
2493
2463
2491
2550
2471
2510
2456
2482
2475
2501
2529
2441
2457
2474
2375
2469
2403
2481
2367
2496
2503
2416
2515
2466
2495
2404
2520
2510
2541
2507
2479
2429
2545
2528
2503
2510
2483
2456
2519
2452
2526
2494
2461
2432
2514
2477
2492
2539
2408
2420
2558
2469
2432
2512
2509
2539
2441
2572
2468
2429
2460
2457
2503
2489
2496
2414
2505
2472
2520
2505
2546
2455
2377
2510
2432
2446
2493
2535
2489
2435
2388
2510
2452
2463
2486
2534
2504
2521
2571
2441
2489
2518
2371
2475
2447
2458
2467
2496
2460
2492
2471
2468
2554
2528
2459
2519
2452
2545
2511
2418
2448
2392
2525
2498
2397
2404
2378
2489
2498
2508
2523
2383
2450
2504
2409
2463
2497
2426
2486
2428
2456
2484
2554
2485
2402
2459
2452
2480
2445
2509
2397
2350
2454
2438
2408
2452
2407
2373
2427
2482
2338
2434
2348
2377
2432
2486
2393
2368
2480
2459
2426
2444
2416
2469
2426
2463
2340
2373
2434
2478
2422
2502
2416
2348
2428
2393
2403
2367
2389
2420
2377
2505
2313
2381
2468
2391
2393
2361
2446
2394
2401
2319
2344
2458
2342
2437
2426
2365
2410
2318
2333
2405
2392
2389
2499
2387
2320
2320
2386
2305
2350
2406
2312
2281
2399
2321
2351
2310
2289
2341
2385
2315
2259
2272
2310
2312
2255
2238
2259
2181
2213
2159
2159
2155
2081
2094
2114
2130
2123
2136
2054
2079
1979
1913
1999
1930
1953
1918
1785
1881
1796
1792
1776
1719
1701
1674
1634
1639
1714
1625
1613
1594
1651
1573
1650
1681
1697
1650
1706
1616
1599
1668
1622
1617
1624
1660
1675
1628
1654
1623
1636
1719
1707
1786
1746
1787
1800
1873
1817
1908
1919
2018
1940
2091
2037
2065
2091
2112
2067
2053
2143
2118
2203
2235
2195
2299
2254
2150
2155
2292
2207
2260
2247
2268
2269
2261
2241
2274
2236
2370
2289
2332
2348
2324
2372
2351
2297
2346
2308
2338
2348
2350
2392
2390
2266
2353
2356
2454
2365
2378
2362
2307
2371
2378
2366
2330
2382
2437
2349
2435
2408
2413
2436
2499
2385
2366
2426
2302
2425
2454
2391
2338
2345
2340
2448
2398
2422
2462
2400
2483
2424
2343
2345
2399
2393
2435
2328
2511
2394
2480
2395
2467
2404
2471
2390
2455
2424
2476
2450
2435
2424
2482
2498
2462
2473
2558
2558
2492
2432
2431
2436
2436
2522
2519
2389
2411
2502
2474
2528
2529
2412
2564
2604
2427
2421
2385
2462
2448
2466
2401
2480
2376
2476
2502
2479
2437
2474
2460
2462
2470
2440
2523
2580
2490
2525
2457
2484
2465
2493
2374
2425
2488
2467
2550
2433
2504
2412
2474
2427
2475
2420
2473
2461
2487
2345
2606
2540
2370
2477
2453
2420
2498
2454
2390
2415
2430
2465
2501
2547
2487
2473
2483
2468
2448
2427
2488
2420
2516
2469
2501
2400
2549
2507
2423
2441
2431
2530
2446
2533
2456
2426
2499
2474
2465
2479
2456
2432
2469
2507
2485
2441
2475
2460
2536
2447
2516
2529
2397
2464
2466
2461
2450
2496
2495
2487
2581
