2514
2577
2511
2430
2538
2431
2490
2474
2515
2527
2499
2487
2402
2539
2456
2462
2400
2507
2554
2474
2474
2492
2449
2471
2496
2469
2449
2500
2364
2428
2475
2541
2450
2501
2463
2442
2496
2436
2506
2421
2467
2501
2473
2607
2462
2394
2465
2496
2471
2536
2455
2493
2524
2458
2516
2442
2464
2528
2383
2501
2470
2532
2510
2548
2530
2398
2551
2454
2513
2365
2422
2447
2471
2493
2395
2532
2473
2501
2500
2549
2516
2426
2454
2480
2390
2544
2542
2453
2420
2413
2504
2446
2480
2444
2499
2494
2446
2467
2456
2437
2415
2393
2452
2510
2450
2455
2460
2480
2452
2411
2548
2491
2523
2465
2474
2463
2491
2441
2393
2485
2375
2455
2462
2432
2409
2464
2530
2428
2487
2482
2409
2404
2540
2520
2503
2548
2537
2445
2408
2386
2543
2445
2390
2431
2443
2475
2456
2428
2380
2472
2440
2511
2499
2461
2452
2508
2442
2435
2429
2365
2436
2361
2420
2528
2391
2401
2445
2474
2363
2426
2359
2411
2445
2434
2407
2358
2402
2410
2465
2418
2368
2355
2298
2407
2350
2357
2412
2324
2421
2427
2380
2398
2352
2402
2252
2254
2334
2303
2278
2329
2371
2292
2265
2368
2411
2279
2225
2296
2276
2247
2214
2191
2232
2233
2184
2273
2178
2186
2144
2089
2122
2052
2023
1989
1977
1893
1878
1905
1927
1832
1783
1792
1732
1694
1758
1682
1682
1650
1592
1714
1606
1609
1608
1690
1709
1682
1667
1703
1718
1655
1647
1655
1666
1651
1624
1604
1640
1653
1621
1749
1651
1750
1745
1801
1811
1796
1768
1930
1899
1963
1914
2042
1989
2125
2110
2075
2085
2120
2179
2080
2235
2227
2198
2314
2262
2235
2237
2305
2184
2236
2279
2217
2312
2201
2292
2390
2333
2284
2250
2317
2258
2344
2381
2378
2331
2253
2369
2276
2361
2394
2395
2391
2476
2397
2377
2319
2366
2417
2465
2405
2420
2528
2374
2412
2389
2474
2435
2416
2331
2408
2418
2449
2594
2436
2499
2438
2427
2459
2460
2441
2453
2447
2470
2442
2427
2423
2484
2407
2442
2346
2390
2400
2476
2376
2518
2485
2358
2457
2432
2507
2409
2537
2590
2461
2474
2472
2541
2489
2507
2481
2430
2473
2433
2536
2359
2489
2527
2445
2412
2527
2444
2421
2488
2490
2552
2523
2447
2589
2474
2457
2452
2513
2537
2470
2439
2467
2517
2427
2482
2513
2518
2455
2463
2554
2396
2482
2513
2488
2507
2463
2508
2441
2470
2391
2477
2427
2515
2568
2486
2419
2485
2403
2442
2510
2539
2480
2540
2393
2457
2542
2520
2433
2462
2508
2527
2555
2502
2437
2458
2500
2459
2581
2508
2472
2394
2467
2550
2516
2499
2397
2435
2464
2527
2492
2444
2534
2419
2432
2487
2438
2482
2419
2491
2451
2472
2448
2505
2447
2482
2480
2450
2473
2510
2498
2476
2420
2485
2464
2610
2465
2434
2476
2496
2465
2489
2548
2524
2422
2517
2433
2579
2461
2626
2417
2449
2510
2516
2595
2629
2500
2599
2493
2443
2401
2484
2470
2482
2449
2441
2497
2504
2496
2522
2511
2505
2479
2437
2438
2503
2441
2488
2540
2451
2526
2415
2492
2491
2487
2508
2579
2526
2600
2516
2423
2463
2468
2502
2490
2599
2572
2514
2496
2543
2451
2440
2554
2498
2473
2474
2493
2518
2454
2454
2548
2465
2491
2446
2450
2424
2512
2486
2550
2458
2548
2451
2456
2424
2469
2474
2416
2450
2579
2436
2531
2471
2528
2453
2372
2489
2562
2461
2466
2438
2519
2479
2439
2318
2404
2498
2460
2450
2509
2430
2522
2490
2494
2369
2545
2433
2486
2426
2538
2550
2474
2498
2439
2429
2495
2575
2483
2555
2496
2437
2455
2526
2481
2457
2517
2546
2481
2456
2407
2476
2447
2469
2407
2464
2450
2459
2389
2354
2487
2484
2410
2495
2445
2449
2459
2525
2438
2457
2421
2474
2427
2461
2461
2459
2374
2405
2482
2429
2480
2438
2408
2491
2445
2411
2428
2487
2408
2461
2360
2459
2453
2470
2467
2484
2499
2499
2445
2396
2425
2446
2422
2438
2391
2387
2458
2471
2521
2431
2445
2394
2444
2360
2418
2415
2453
2424
2353
2356
2466
2338
2415
2420
2376
2514
2328
2345
2360
2411
2467
2421
2343
2410
2458
2392
2419
2381
2356
2348
2354
2367
2445
2304
2373
2324
2359
2283
2388
2296
2334
2289
2300
2297
2367
2359
2322
2316
2187
2260
2323
2284
2351
2374
2237
2244
2285
2297
2235
2099
2174
2238
2177
2155
2187
2074
2105
2079
2052
1958
2027
1925
1962
1842
1848
1785
1784
1800
1777
1755
1676
1696
1689
1660
1633
1601
1645
1620
1601
1751
1661
1681
1722
1669
1679
1690
1664
1610
1660
1632
1579
1626
1658
1626
1642
1691
1661
1676
1672
1755
1741
1790
1815
1792
1834
1932
1833
1946
1920
2041
2095
2058
2140
2176
2208
2237
2135
2209
2136
2250
2226
2264
2263
2341
2209
2282
2353
2305
2268
2240
2333
2372
2310
2346
2305
2414
2384
2315
2365
2279
2396
2385
2275
2321
2449
2291
2427
2400
2359
2395
2394
2337
2426
2351
2380
2377
2394
2405
2385
2440
2375
2447
2367
2446
2337
2360
2403
2501
2424
2403
2408
2427
2415
2371
2369
2356
2499
2450
2492
2443
2431
2440
2484
2465
2425
2483
2344
2394
2499
2311
2437
2387
2453
2415
2441
2413
2510
2348
2503
2440
2438
2523
2421
2474
2435
2473
2487
2476
2435
2505
2503
2385
2417
2484
2390
2456
2482
2522
2426
2370
2430
2479
2462
2517
2389
2473
2496
2387
2478
2374
2364
2448
2545
2509
2421
2512
2416
2392
2468
2381
2397
2471
2466
2516
2444
2458
2541
2493
2452
2448
2369
2495
2458
2465
2491
2460
2454
2507
2432
2415
2326
2511
2531
2515
2473
2393
2503
2421
2392
2504
2475
2471
2426
2429
2481
2448
2427
2415
2537
2529
2421
2480
2544
2484
2522
2446
2516
2474
2503
2489
2476
2398
2463
2526
2545
2513
2488
2459
2410
2436
2557
2482
2423
2431
2505
2542
2429
2526
2492
2482
2473
2452
2421
2420
2484
2591
2501
2541
2449
2468
2515
2525
2494
2525
2452
2467
2451
2576
2443
2565
2553
2465
