2485
2416
2477
2567
2482
2406
2510
2493
2524
2545
2440
2430
2453
2487
2460
2466
2541
2480
2409
2550
2480
2501
2476
2489
2468
2531
2444
2447
2461
2452
2555
2536
2453
2494
2429
2483
2504
2483
2458
2592
2481
2425
2444
2470
2526
2465
2477
2411
2409
2453
2478
2478
2455
2492
2469
2472
2522
2487
2481
2494
2551
2407
2468
2456
2504
2482
2451
2448
2440
2434
2477
2576
2514
2454
2468
2522
2447
2446
2443
2474
2461
2479
2418
2617
2463
2542
2471
2327
2517
2475
2496
2543
2436
2457
2479
2498
2407
2447
2478
2462
2516
2493
2403
2491
2404
2519
2438
2478
2581
2525
2388
2420
2425
2413
2418
2536
2525
2391
2407
2509
2500
2519
2376
2465
2406
2434
2439
2421
2407
2461
2518
2417
2375
2553
2425
2383
2492
2474
2380
2495
2523
2488
2556
2479
2451
2517
2430
2449
2405
2431
2443
2470
2449
2397
2509
2427
2450
2487
2379
2480
2423
2439
2509
2477
2429
2433
2413
2395
2444
2415
2338
2444
2361
2307
2485
2491
2398
2446
2336
2349
2366
2423
2394
2381
2322
2464
2395
2311
2338
2326
2326
2365
2357
2333
2300
2329
2329
2309
2352
2439
2366
2388
2312
2246
2245
2250
2214
2288
2377
2281
2268
2203
2210
2191
2179
2119
2207
2202
2159
2155
2112
2142
2114
1854
1967
1891
1890
1888
1833
1832
1820
1749
1662
1730
1706
1687
1674
1639
1667
1650
1660
1598
1666
1695
1608
1693
1639
1611
1661
1680
1706
1669
1602
1616
1673
1651
1599
1650
1649
1632
1719
1681
1734
1785
1789
1861
1821
1875
1942
1998
2005
2049
2007
2086
2086
2114
2098
2169
2196
2269
2186
2196
2203
2251
2214
2130
2256
2271
2368
2310
2265
2281
2235
2323
2321
2342
2362
2313
2423
2243
2390
2330
2360
2391
2373
2296
2371
2356
2347
2351
2430
2431
2388
2346
2443
2436
2418
2383
2368
2429
2418
2383
2437
2349
2372
2440
2438
2360
2346
2408
2405
2466
2426
2396
2492
2389
2370
2469
2537
2485
2400
2403
2434
2485
2404
2400
2449
2440
2372
2453
2454
2513
2387
2565
2517
2472
2434
2511
2499
2438
2446
2420
2528
2425
2461
2467
2453
2534
2481
2457
2432
2464
2365
2426
2330
2471
2379
2578
2384
2328
2512
2483
2521
2402
2535
2448
2476
2522
2419
2394
2435
2419
2448
2457
2536
2480
2442
2530
2509
2480
2484
2513
2483
2467
2411
2485
2493
2479
2439
2482
2442
2449
2495
2451
2536
2468
2386
2549
2435
2555
2464
2433
2499
2463
2486
2464
2525
2481
2380
2475
2526
2543
2440
2513
2436
2489
2430
2469
2436
2512
2443
2412
2479
2420
2458
2514
2521
2508
2508
2459
2536
2456
2400
2416
2480
2408
2446
2487
2442
2540
2498
2438
2513
2411
2475
2434
2525
2508
2403
2435
2479
2493
2528
2580
2468
2544
2511
2463
2453
2402
2532
2497
2460
2510
2497
2511
2469
2501
2405
2587
2445
2467
2491
2459
2580
2597
2516
2533
2484
2485
2509
2510
2483
2513
2427
2408
2483
2481
2493
2482
2491
2533
2497
2455
2501
2456
2408
2490
2524
2466
2501
2509
2527
2561
2461
2471
2515
2593
2481
2529
2511
2510
2541
2449
2462
2478
2563
2449
2497
2356
2531
2501
2429
2465
2463
2478
2461
2539
2472
2499
2371
2542
2536
2509
2571
2467
2536
2493
2468
2502
2427
2473
2537
2505
2500
2522
2520
2463
2456
2407
2536
2553
2387
2525
2516
2512
2500
2430
2462
2439
2428
2466
2602
2466
2448
2447
2566
2493
2503
2422
2480
2502
2460
2465
2518
2552
2467
2528
2459
2461
2452
2471
2423
2499
2502
2495
2499
2341
2475
2530
2473
2487
2373
2477
2480
2440
2406
2337
2443
2436
2502
2502
2506
2425
2393
2484
2376
2463
2447
2536
2417
2558
2425
2424
2480
2545
2449
2457
2455
2419
2438
2527
2436
2437
2522
2463
2480
2415
2461
2423
2518
2465
2486
2492
2440
2427
2482
2406
2402
2482
2415
2418
2472
2413
2387
2419
2421
2438
2479
2429
2465
2417
2343
2524
2443
2485
2434
2440
2423
2471
2400
2440
2501
2444
2378
2363
2404
2459
2484
2397
2442
2430
2455
2457
2377
2430
2404
2396
2432
2456
2382
2279
2467
2382
2461
2235
2357
2466
2451
2345
2418
2372
2419
2340
2363
2342
2326
2354
2361
2425
2414
2429
2406
2326
2370
2236
2321
2274
2289
2416
2184
2371
2245
2305
2251
2225
2290
2275
2230
2275
2266
2192
2203
2250
2107
2178
2101
2122
2115
2070
2100
1993
1957
1908
1935
1772
1781
1801
1756
1695
1708
1647
1690
1661
1622
1573
1565
1621
1581
1625
1587
1709
1671
1727
1716
1623
1679
1665
1604
1690
1611
1645
1664
1639
1616
1672
1636
1730
1646
1734
1756
1765
1730
1849
1924
1956
1937
1997
1992
2024
1997
2087
2063
2136
2168
2128
2181
2220
2249
2174
2228
2264
2200
2349
2275
2246
2288
2292
2355
2322
2316
2259
2385
2360
2303
2251
2388
2287
2355
2381
2333
2330
2320
2392
2428
2378
2357
2385
2345
2395
2387
2415
2397
2406
2395
2394
2406
2397
2390
2415
2338
2368
2368
2395
2474
2457
2464
2473
2413
2380
2406
2373
2491
2426
2415
2444
2483
2505
2425
2505
2416
2399
2443
2430
2490
2423
2458
2427
2554
2445
2440
2482
2428
2418
2349
2466
2476
2528
2492
2479
2435
2433
2381
2440
2403
2445
2416
2471
2482
2479
2471
2501
2558
2431
2433
2479
2451
2430
2451
2404
2540
2499
2440
2463
2450
2363
2502
2376
2431
2514
2429
2540
2444
2454
2462
2410
2450
2522
2501
2474
2427
2401
2425
2507
2456
2435
2467
2476
2447
2373
2484
2457
2423
2458
2487
2453
2469
2511
2389
2492
2429
2392
2523
2495
2488
2546
2556
2502
2431
2452
2496
2537
2394
2362
2437
2438
2578
2388
2522
2487
2416
2518
2480
2512
2540
2518
2469
2414
2524
2528
2552
2570
2489
2490
2466
2404
2589
2402
2489
2386
2433
2517
2426
2469
2487
2457
2540
2388
2461
2547
2424
2451
2431
2486
2507
2530
2511
2450
2547
2469
2421
2511
2504
2477
2458
2488
2481
2557
2485
2400
2472
2440
2428
