2499
2480
2547
2460
2512
2433
2487
2415
2499
2471
2531
2483
2542
2443
2492
2535
2528
2534
2512
2470
2500
2498
2508
2423
2393
2589
2515
2447
2460
2538
2530
2555
2439
2461
2426
2553
2475
2538
2430
2615
2532
2492
2450
2417
2466
2524
2559
2513
2456
2451
2398
2515
2481
2468
2507
2490
2407
2475
2487
2559
2475
2508
2421
2471
2465
2460
2468
2520
2497
2433
2535
2438
2432
2572
2502
2506
2499
2461
2532
2514
2458
2571
2377
2540
2415
2483
2553
2501
2404
2489
2484
2484
2451
2523
2417
2440
2499
2507
2494
2479
2405
2491
2503
2451
2483
2473
2488
2492
2518
2518
2538
2458
2496
2479
2468
2534
2390
2486
2445
2454
2506
2457
2348
2437
2417
2467
2536
2517
2378
2452
2447
2381
2551
2521
2512
2451
2499
2475
2417
2476
2492
2382
2362
2439
2424
2426
2457
2435
2411
2426
2552
2388
2412
2429
2452
2443
2453
2466
2485
2468
2487
2486
2492
2527
2391
2406
2377
2485
2417
2402
2476
2373
2332
2398
2337
2376
2461
2421
2392
2351
2366
2460
2433
2400
2352
2435
2482
2440
2460
2412
2431
2398
2390
2280
2344
2315
2378
2295
2368
2304
2296
2335
2346
2312
2321
2271
2292
2297
2260
2228
2336
2266
2217
2173
2193
2263
2122
2113
2130
2156
2093
2079
2114
2042
2066
1902
1916
1926
1816
1842
1818
1789
1772
1617
1682
1748
1661
1681
1646
1643
1552
1631
1622
1656
1706
1678
1651
1677
1623
1618
1654
1665
1610
1653
1620
1639
1599
1588
1633
1658
1688
1678
1692
1810
1770
1788
1858
1911
1898
1939
1942
2024
2065
2104
2098
2123
2158
2163
2081
2205
2226
2305
2264
2281
2269
2272
2225
2217
2414
2378
2336
2421
2247
2426
2371
2313
2417
2317
2425
2327
2318
2439
2364
2392
2374
2393
2356
2280
2332
2414
2345
2384
2456
2412
2430
2386
2327
2454
2428
2380
2363
2373
2442
2348
2412
2469
2474
2302
2473
2383
2448
2431
2354
2515
2481
2502
2435
2424
2445
2415
2381
2488
2429
2561
2490
2449
2575
2537
2485
2410
2490
2409
2504
2497
2398
2505
2500
2419
2379
2410
2462
2424
2479
2493
2392
2404
2367
2441
2453
2445
2501
2493
2481
2422
2454
2427
2505
2513
2429
2446
2516
2433
2445
2396
2443
2501
2495
2420
2493
2483
2527
2519
2396
2458
2509
2448
2485
2405
2459
2465
2450
2411
2482
2529
2415
2470
2563
2464
2470
2471
2496
2514
2421
2419
2385
2471
2447
2559
2602
2461
2467
2505
2483
2486
2498
2457
2438
2475
2451
2405
2463
2595
2521
2483
2504
2517
2529
2490
2519
2425
2475
2400
2434
2544
2562
2437
2439
2447
2490
2470
2451
2506
2446
2490
2425
2514
2515
2509
2510
2470
2506
2479
2515
2544
2507
2468
2444
2460
2460
2516
2462
2503
2521
2469
2434
2515
2555
2495
2455
2487
2479
2453
2459
2547
2477
2481
2513
2483
2486
2524
2546
2528
2575
2430
2462
2411
2456
2531
2513
2490
2442
2443
2435
2520
2492
2483
2495
2549
2393
2493
2440
2534
2478
2501
2470
2507
2486
2502
2554
2440
2498
2551
2457
2514
2567
2540
2360
2507
2405
2451
2405
2541
2425
2476
2575
2502
2558
2464
2396
2467
2464
2522
2541
2565
2527
2456
2454
2481
2518
2457
2502
2477
2436
2432
2317
2496
2498
2520
2457
2501
2464
2474
2396
2460
2504
2407
2490
2514
2432
2470
2458
2551
2533
2463
2464
2450
2518
2530
2473
2492
2492
2478
2512
2591
2483
2484
2465
2468
2449
2516
2501
2470
2485
2516
2413
2429
2475
2471
2475
2483
2477
2458
2495
2423
2422
2425
2468
2507
2539
2443
2460
2528
2502
2493
2455
2575
2477
2481
2469
2503
2524
2445
2393
2463
2481
2405
2444
2535
2480
2461
2467
2370
2520
2420
2479
2367
2560
2459
2407
2516
2471
2473
2425
2429
2558
2437
2443
2332
2454
2407
2458
2423
2510
2410
2484
2505
2473
2387
2422
2437
2429
2454
2369
2347
2471
2440
2446
2344
2406
2445
2482
2399
2432
2427
2426
2391
2445
2372
2434
2498
2432
2460
2401
2437
2413
2436
2453
2494
2459
2429
2397
2444
2361
2406
2412
2455
2457
2392
2431
2433
2370
2397
2270
2513
2442
2448
2416
2364
2344
2422
2373
2338
2392
2315
2385
2379
2333
2353
2418
2365
2287
2315
2326
2398
2296
2325
2360
2329
2313
2305
2348
2314
2320
2305
2223
2314
2210
2277
2295
2200
2245
2221
2146
2099
2164
2169
2173
2126
2053
2038
2001
2047
2015
1952
1919
1902
1905
1841
1690
1727
1654
1742
1647
1660
1591
1604
1579
1662
1616
1669
1643
1625
1673
1608
1660
1630
1656
1688
1595
1665
1567
1519
1691
1616
1663
1619
1706
1689
1734
1761
1773
1758
1865
1865
1938
1866
1963
1995
1954
1995
2123
2145
2143
2161
2186
2174
2097
2244
2179
2254
2162
2316
2241
2345
2234
2260
2283
2314
2462
2307
2331
2262
2279
2407
2374
2412
2293
2262
2275
2412
2395
2300
2340
2322
2380
2360
2416
2463
2418
2385
2502
2443
2401
2434
2324
2401
2394
2484
2484
2308
2418
2369
2388
2431
2375
2299
2438
2464
2460
2427
2426
2398
2525
2441
2518
2353
2450
2467
2501
2439
2410
2368
2511
2589
2424
2434
2465
2484
2451
2438
2521
2444
2448
2482
2434
2405
2553
2419
2449
2470
2441
2392
2350
2435
2528
2386
2482
2499
2445
2436
2500
2443
2523
2483
2424
2459
2336
2373
2465
2444
2398
2497
2507
2457
2435
2402
2500
2404
2464
2480
2520
2484
2430
2438
2447
2493
2457
2565
2536
2457
2430
2413
2509
2450
2446
2477
2509
2440
2431
2442
2460
2424
2396
2446
2470
2463
2518
2421
2454
2505
2468
2539
2480
2423
2524
2410
2435
2531
2493
2522
2511
2388
2517
2416
2552
2518
2540
2446
2441
2494
2405
2573
2403
2514
2525
2399
2413
2469
2508
2445
2492
2509
2511
2574
2446
2536
2505
2420
2502
2486
2522
2498
2530
2568
2480
2463
2455
2531
2490
2382
2463
2582
2494
2526
2501
2471
2460
2568
2517
2417
2590
2508
2448
2566
2482
2483
2397
2448
2461
2485
2454
2504
2477
