2515
2560
2457
2557
2486
2504
2449
2474
2533
2506
2445
2443
2499
2462
2440
2470
2502
2453
2501
2365
2519
2532
2470
2517
2462
2480
2438
2454
2500
2473
2421
2464
2457
2445
2525
2505
2493
2462
2476
2440
2525
2492
2381
2480
2491
2490
2457
2510
2523
2470
2513
2438
2495
2535
2515
2524
2364
2442
2480
2566
2569
2540
2526
2424
2430
2464
2561
2445
2452
2494
2462
2516
2585
2521
2538
2421
2465
2524
2465
2473
2589
2536
2485
2459
2463
2470
2395
2471
2517
2455
2487
2488
2515
2491
2475
2468
2442
2432
2431
2463
2445
2554
2469
2432
2478
2533
2422
2434
2532
2557
2458
2470
2476
2412
2485
2438
2392
2455
2451
2456
2498
2477
2410
2508
2566
2360
2573
2479
2464
2481
2558
2414
2496
2435
2517
2584
2522
2572
2547
2477
2569
2422
2492
2456
2510
2444
2494
2400
2520
2451
2586
2439
2511
2392
2439
2412
2558
2386
2375
2419
2506
2571
2431
2464
2382
2426
2495
2430
2505
2413
2481
2433
2430
2413
2379
2496
2462
2351
2373
2457
2387
2462
2459
2375
2423
2374
2360
2288
2362
2455
2359
2360
2301
2393
2325
2438
2347
2389
2330
2342
2338
2346
2402
2372
2380
2351
2361
2355
2315
2278
2225
2290
2274
2367
2346
2240
2224
2192
2158
2294
2167
2148
2168
2064
2065
1992
1976
1884
1853
1823
1905
1757
1705
1696
1668
1807
1641
1650
1612
1641
1608
1696
1566
1626
1679
1622
1703
1686
1617
1623
1657
1639
1596
1575
1604
1601
1642
1630
1622
1633
1698
1721
1639
1758
1791
1844
1983
1881
1954
2050
2048
2029
2087
2130
2105
2194
2316
2142
2225
2278
2284
2281
2208
2396
2244
2171
2167
2331
2330
2343
2312
2402
2318
2334
2415
2341
2395
2335
2303
2472
2321
2459
2371
2355
2333
2402
2442
2370
2482
2420
2421
2438
2380
2452
2444
2407
2410
2412
2494
2467
2469
2381
2421
2398
2392
2448
2553
2419
2492
2436
2588
2427
2441
2364
2346
2345
2447
2439
2496
2465
2417
2434
2538
2403
2404
2516
2505
2431
2514
2406
2478
2479
2552
2419
2409
2441
2444
2535
2496
2455
2498
2467
2443
2423
2450
2441
2546
2421
2480
2437
2528
2403
2534
2432
2384
2438
2426
2523
2490
2458
2517
2442
2426
2496
2400
2477
2474
2494
2407
2577
2502
2430
2499
2460
2511
2422
2457
2497
2489
2509
2453
2445
2452
2543
2493
2470
2403
2494
2491
2559
2581
2453
2510
2352
2535
2539
2494
2522
2467
2518
2453
2467
2489
2450
2463
2446
2525
2479
2486
2415
2433
2442
2513
2556
2532
2488
2465
2521
2429
2496
2605
2520
2443
2524
2547
2435
2449
2595
2484
2545
2497
2540
2430
2535
2445
2488
2496
2505
2521
2514
2452
2486
2554
2501
2505
2520
2579
2484
2522
2378
2511
2515
2475
2543
2450
2466
2516
2426
2439
2473
2486
2477
2541
2550
2462
2519
2524
2507
2530
2465
2428
2465
2404
2483
2375
2480
2495
2522
2463
2480
2498
2529
2551
2561
2430
2441
2516
2476
2410
2515
2502
2501
2554
2440
2536
2497
2446
2565
2471
2432
2535
2525
2469
2482
2555
2505
2455
2502
2531
2481
2447
2493
2511
2439
2489
2525
2515
2436
2507
2428
2522
2463
2445
2542
2453
2464
2511
2556
2432
2511
2432
2464
2459
2460
2463
2506
2542
2535
2427
2472
2390
2380
2518
2552
2561
2517
2460
2504
2507
2458
2494
2529
2465
2451
2427
2432
2538
2477
2452
2507
2438
2409
2491
2383
2440
2489
2466
2499
2390
2547
2436
2485
2405
2496
2502
2481
2434
2475
2411
2393
2574
2529
2407
2512
2437
2507
2506
2448
2477
2540
2497
2528
2468
2436
2468
2441
2441
2512
2520
2465
2510
2502
2480
2515
2506
2376
2465
2418
2518
2445
2559
2497
2383
2495
2585
2400
2434
2463
2519
2460
2447
2423
2491
2464
2489
2489
2486
2491
2544
2431
2529
2478
2448
2509
2522
2385
2466
2376
2483
2465
2491
2407
2484
2436
2457
2505
2413
2481
2403
2539
2405
2404
2495
2459
2402
2581
2491
2451
2482
2492
2350
2480
2489
2372
2410
2474
2524
2431
2443
2453
2509
2573
2394
2322
2391
2487
2329
2314
2497
2405
2335
2515
2389
2378
2462
2364
2363
2428
2437
2442
2412
2423
2380
2477
2399
2413
2473
2347
2361
2309
2298
2381
2296
2464
2342
2354
2383
2364
2349
2355
2311
2282
2412
2301
2324
2285
2271
2310
2285
2354
2334
2321
2252
2259
2129
2105
2181
2098
2127
2139
2015
2104
2006
1929
1884
1923
1819
1808
1807
1761
1807
1665
1691
1641
1677
1685
1672
1664
1643
1564
1607
1666
1687
1663
1733
1686
1661
1718
1655
1570
1690
1641
1618
1606
1559
1624
1689
1673
1788
1712
1760
1771
1836
1884
1940
1897
1988
2027
2008
2122
2147
2104
2139
2227
2182
2180
2220
2293
2222
2275
2301
2200
2294
2296
2317
2285
2350
2274
2426
2457
2349
2305
2329
2368
2363
2436
2484
2441
2382
2304
2275
2381
2373
2339
2468
2383
2351
2445
2394
2396
2334
2365
2334
2365
2384
2412
2428
2428
2456
2477
2422
2341
2380
2424
2443
2495
2334
2478
2397
2447
2477
2480
2412
2408
2471
2441
2504
2451
2402
2413
2473
2468
2526
2511
2463
2517
2493
2449
2532
2426
2450
2485
2389
2501
2559
2406
2439
2459
2501
2442
2452
2370
2431
2405
2427
2474
2561
2376
2503
2433
2366
2493
2508
2542
2481
2430
2449
2411
2466
2517
2464
2459
2449
2454
2450
2428
2545
2400
2449
2502
2519
2479
2480
2457
2499
2480
2362
2463
2456
2526
2488
2455
2429
2456
2451
2419
2527
2474
2520
2440
2575
2470
2584
2542
2506
2484
2398
2436
2453
2493
2403
2449
2527
2499
2458
2398
2571
2530
2501
2393
2478
2520
2448
2464
2583
2487
2511
2390
2510
2474
2508
2525
2517
2553
2437
2397
2523
2502
2616
2466
2512
2470
2499
2460
2547
2482
2471
2474
2630
2530
2544
2417
2508
2503
2537
2449
2440
2471
2393
2476
2451
2447
2504
2510
2550
2462
2585
2478
2507
2479
2449
2554
2439
2502
2426
2471
2410
2514
2387
2427
2448
2498
2466
