2508
2442
2537
2477
2576
2455
2427
2488
2490
2542
2525
2491
2430
2505
2501
2501
2482
2486
2385
2461
2549
2530
2549
2571
2451
2450
2454
2461
2506
2491
2480
2412
2550
2452
2494
2493
2486
2460
2451
2491
2471
2462
2520
2470
2529
2486
2553
2479
2474
2461
2527
2455
2661
2390
2447
2456
2453
2434
2464
2459
2448
2427
2521
2442
2470
2491
2548
2479
2470
2498
2472
2422
2425
2427
2492
2528
2418
2408
2468
2520
2569
2448
2505
2476
2496
2497
2450
2537
2431
2465
2526
2501
2402
2408
2494
2458
2528
2389
2407
2641
2531
2463
2404
2471
2506
2526
2510
2468
2466
2508
2478
2465
2499
2448
2445
2484
2400
2440
2582
2460
2399
2558
2519
2417
2496
2519
2423
2492
2405
2443
2473
2532
2465
2382
2434
2402
2444
2438
2571
2532
2407
2486
2499
2502
2477
2522
2405
2443
2481
2453
2438
2385
2493
2413
2447
2483
2514
2406
2463
2333
2519
2421
2436
2483
2380
2446
2487
2482
2374
2424
2489
2508
2508
2440
2400
2457
2426
2444
2371
2457
2384
2472
2400
2411
2411
2522
2452
2347
2451
2369
2394
2411
2362
2383
2406
2411
2291
2373
2325
2396
2377
2401
2431
2298
2348
2366
2277
2333
2393
2339
2423
2237
2243
2305
2262
2250
2244
2279
2186
2141
2116
2224
2098
2087
2089
2092
1953
1954
1910
1827
1806
1803
1865
1734
1654
1648
1658
1744
1644
1650
1624
1621
1652
1645
1626
1772
1708
1712
1721
1744
1641
1689
1646
1605
1664
1655
1591
1664
1659
1672
1729
1641
1796
1789
1813
1888
1851
1908
1954
1994
2011
2058
2118
2159
2176
2183
2230
2189
2201
2305
2279
2271
2348
2236
2281
2310
2355
2365
2249
2311
2304
2344
2352
2427
2384
2391
2278
2333
2394
2330
2445
2405
2385
2463
2395
2418
2343
2439
2396
2463
2487
2414
2324
2473
2475
2397
2427
2440
2425
2446
2454
2446
2490
2405
2428
2522
2516
2409
2563
2390
2388
2473
2414
2409
2390
2483
2459
2498
2545
2505
2469
2383
2493
2467
2453
2480
2371
2473
2449
2472
2460
2483
2553
2498
2502
2504
2497
2437
2567
2566
2462
2527
2491
2469
2486
2288
2475
2554
2426
2453
2564
2459
2469
2468
2471
2517
2472
2466
2377
2563
2468
2478
2468
2471
2495
2442
2500
2419
2484
2415
2427
2551
2443
2457
2449
2521
2476
2494
2496
2534
2419
2463
2483
2510
2481
2416
2438
2478
2518
2504
2529
2525
2485
2540
2537
2437
2484
2529
2535
2557
2547
2534
2384
2524
2427
2465
2460
2426
2543
2524
2524
2468
2480
2536
2494
2519
2531
2445
2463
2441
2507
2468
2529
2440
2516
2484
2507
2413
2412
2464
2463
2420
2474
2514
2531
2468
2519
2642
2474
2446
2410
2520
2458
2488
2470
2520
2610
2409
2535
2476
2492
2507
2439
2478
2533
2466
2499
2543
2503
2495
2512
2536
2571
2462
2336
2421
2511
2518
2501
2412
2451
2496
2503
2473
2501
2463
2544
2469
2440
2581
2527
2391
2471
2544
2483
2435
2484
2429
2541
2391
2414
2437
2429
2588
2529
2538
2454
2476
2496
2473
2542
2457
2487
2512
2432
2461
2458
2497
2466
2476
2484
2434
2422
2528
2455
2446
2501
2490
2455
2513
2526
2442
2483
2526
2464
2475
2535
2440
2421
2512
2450
2577
2488
2447
2540
2471
2513
2534
2438
2483
2490
2478
2473
2587
2503
2589
2406
2531
2477
2470
2574
2450
2501
2436
2439
2532
2431
2434
2526
2565
2420
2428
2469
2484
2470
2501
2491
2506
2492
2443
2433
2443
2483
2478
2449
2536
2519
2426
2459
2536
2458
2479
2496
2384
2519
2484
2521
2468
2509
2492
2462
2498
2428
2489
2426
2418
2429
2492
2435
2472
2524
2473
2430
2456
2472
2507
2565
2382
2452
2386
2515
2480
2420
2452
2541
2429
2500
2569
2416
2484
2493
2496
2486
2496
2435
2552
2418
2464
2478
2546
2461
2537
2440
2499
2370
2458
2435
2476
2414
2441
2467
2447
2493
2490
2495
2425
2432
2462
2453
2404
2513
2466
2450
2398
2505
2417
2448
2539
2513
2444
2406
2524
2455
2378
2473
2472
2421
2484
2485
2388
2405
2428
2341
2479
2424
2389
2448
2419
2487
2455
2444
2367
2495
2388
2430
2431
2410
2415
2336
2394
2463
2361
2458
2364
2440
2370
2418
2375
2395
2443
2389
2442
2406
2371
2351
2352
2349
2456
2397
2391
2354
2301
2328
2293
2350
2330
2313
2275
2339
2297
2236
2250
2172
2182
2148
2269
2149
2121
2159
2025
2118
2026
2081
1933
1923
1848
1805
1793
1790
1739
1784
1589
1654
1727
1641
1612
1647
1644
1592
1555
1676
1606
1696
1661
1682
1712
1659
1649
1632
1622
1657
1561
1673
1615
1646
1677
1652
1705
1685
1732
1724
1798
1905
1904
1988
1982
1995
2031
2044
2101
2065
2136
2182
2201
2278
2266
2265
2196
2281
2279
2283
2206
2315
2251
2293
2284
2349
2376
2384
2361
2427
2360
2319
2419
2344
2395
2327
2449
2382
2412
2384
2381
2392
2354
2443
2373
2378
2467
2442
2395
2458
2330
2424
2335
2437
2429
2494
2357
2487
2406
2309
2422
2409
2388
2469
2410
2478
2496
2473
2417
2375
2423
2427
2427
2490
2485
2471
2452
2368
2301
2440
2455
2410
2478
2424
2446
2345
2451
2510
2484
2517
2535
2395
2441
2529
2430
2537
2440
2529
2448
2465
2462
2427
2438
2456
2461
2374
2494
2563
2512
2476
2395
2533
2495
2437
2475
2428
2445
2452
2469
2537
2449
2378
2368
2405
2431
2484
2447
2474
2512
2512
2469
2466
2467
2471
2459
2502
2531
2490
2451
2504
2472
2468
2543
2472
2517
2493
2454
2552
2433
2552
2460
2522
2419
2554
2488
2530
2489
2556
2404
2456
2424
2504
2431
2459
2465
2503
2527
2460
2400
2475
2543
2419
2425
2512
2466
2539
2450
2442
2486
2524
2502
2487
2489
2536
2478
2435
2484
2487
2465
2436
2431
2399
2514
2514
2477
2555
2539
2564
2463
2446
2491
2547
2521
2542
2497
2482
2477
2407
2499
2506
2467
2561
2542
2482
2470
2478
2478
2473
2457
2493
2456
2549
2445
2518
2418
2493
2576
2425
2455
2546
2536
2514
