2473
2419
2463
2526
2485
2493
2456
2418
2483
2479
2466
2499
2398
2494
2431
2503
2533
2506
2458
2531
2442
2456
2473
2532
2453
2436
2487
2562
2504
2494
2496
2388
2446
2501
2493
2452
2443
2573
2459
2509
2497
2568
2446
2401
2491
2508
2645
2422
2436
2524
2427
2578
2580
2502
2473
2375
2525
2536
2481
2466
2552
2448
2503
2512
2412
2502
2478
2463
2416
2445
2508
2515
2453
2387
2500
2476
2512
2412
2479
2415
2565
2442
2461
2480
2464
2594
2500
2527
2543
2433
2534
2548
2488
2420
2489
2471
2440
2524
2552
2521
2519
2432
2555
2558
2531
2511
2463
2393
2478
2588
2413
2501
2467
2426
2483
2532
2526
2441
2496
2449
2466
2454
2432
2519
2387
2456
2541
2448
2490
2453
2485
2534
2428
2476
2499
2471
2367
2553
2453
2515
2411
2555
2464
2396
2529
2427
2545
2449
2452
2432
2494
2487
2445
2449
2458
2390
2567
2501
2484
2413
2510
2422
2504
2444
2423
2402
2427
2467
2437
2483
2506
2412
2407
2454
2354
2414
2410
2560
2453
2410
2465
2450
2445
2454
2390
2487
2346
2371
2446
2480
2373
2368
2384
2412
2425
2425
2427
2326
2513
2387
2332
2330
2491
2375
2345
2323
2406
2360
2292
2312
2297
2219
2369
2302
2265
2265
2189
2258
2184
2258
2149
2264
2119
2015
2099
2073
2115
1946
1880
1937
1827
1767
1794
1707
1687
1678
1637
1626
1575
1628
1703
1638
1606
1673
1593
1625
1696
1669
1634
1775
1675
1643
1639
1606
1633
1577
1607
1733
1706
1699
1659
1700
1789
1780
1834
1849
1835
1957
1980
2022
2012
2091
2076
2087
2162
2224
2144
2247
2251
2296
2225
2353
2402
2375
2267
2363
2340
2364
2371
2346
2238
2411
2426
2311
2387
2276
2372
2455
2404
2283
2335
2378
2482
2428
2364
2458
2506
2423
2397
2415
2446
2509
2377
2486
2438
2477
2513
2509
2372
2452
2456
2379
2458
2464
2442
2468
2466
2483
2455
2378
2470
2415
2423
2374
2395
2428
2395
2494
2410
2482
2493
2577
2476
2490
2456
2398
2471
2467
2527
2475
2432
2452
2411
2463
2450
2545
2447
2560
2469
2402
2451
2525
2474
2460
2436
2476
2428
2569
2499
2475
2465
2504
2442
2557
2469
2457
2537
2310
2451
2514
2430
2465
2480
2464
2553
2499
2504
2391
2522
2462
2513
2426
2436
2505
2516
2457
2336
2498
2475
2488
2513
2459
2491
2454
2410
2493
2419
2506
2407
2509
2454
2567
2463
2509
2399
2518
2384
2442
2505
2452
2412
2442
2455
2615
2511
2472
2589
2490
2537
2456
2445
2613
2551
2432
2544
2551
2445
2561
2509
2476
2438
2493
2430
2429
2427
2520
2494
2401
2513
2384
2434
2464
2486
2437
2547
2505
2552
2480
2481
2512
2502
2486
2467
2497
2494
2518
2414
2506
2479
2571
2523
2498
2445
2550
2485
2503
2516
2447
2551
2418
2442
2528
2470
2430
2499
2503
2440
2546
2453
2461
2541
2518
2607
2428
2450
2455
2471
2405
2482
2520
2452
2525
2440
2458
2458
2562
2494
2454
2509
2387
2511
2542
2491
2577
2451
2418
2491
2506
2503
2460
2511
2529
2452
2503
2471
2451
2523
2471
2499
2476
2473
2511
2481
2496
2554
2496
2527
2424
2421
2427
2470
2552
2437
2505
2504
2465
2609
2517
2549
2508
2497
2476
2536
2421
2519
2456
2476
2447
2384
2483
2448
2477
2420
2509
2429
2561
2433
2459
2499
2492
2529
2486
2476
2545
2466
2476
2449
2585
2542
2514
2470
2533
2473
2529
2406
2516
2507
2523
2427
2492
2472
2434
2494
2520
2485
2396
2561
2583
2521
2499
2542
2478
2466
2525
2446
2421
2455
2496
2457
2537
2473
2432
2449
2487
2526
2465
2507
2561
2502
2419
2479
2390
2462
2453
2396
2489
2426
2365
2431
2462
2489
2510
2449
2440
2510
2481
2522
2492
2491
2427
2503
2466
2507
2459
2468
2506
2498
2500
2461
2429
2480
2524
2408
2468
2449
2436
2448
2512
2397
2378
2429
2533
2423
2477
2505
2384
2514
2409
2463
2516
2484
2438
2506
2412
2459
2461
2379
2435
2452
2514
2462
2419
2475
2446
2386
2465
2495
2510
2480
2503
2433
2393
2486
2468
2453
2451
2440
2560
2526
2497
2396
2408
2432
2493
2420
2424
2378
2444
2400
2473
2306
2347
2305
2399
2495
2462
2489
2419
2414
2480
2499
2360
2375
2436
2272
2393
2374
2344
2389
2459
2359
2356
2413
2320
2361
2229
2338
2273
2339
2315
2285
2235
2240
2195
2264
2213
2208
2082
2217
2053
2111
2129
1985
2068
2016
1938
1862
1816
1901
1745
1657
1727
1602
1666
1658
1536
1670
1639
1638
1623
1689
1601
1675
1658
1641
1630
1690
1681
1642
1583
1633
1632
1608
1643
1627
1689
1612
1645
1736
1787
1673
1848
1866
1936
1972
2061
1981
2048
2088
2068
2072
2146
2196
2186
2236
2328
2197
2284
2307
2304
2324
2290
2339
2244
2406
2301
2329
2344
2290
2359
2300
2427
2299
2331
2321
2403
2368
2341
2430
2473
2387
2372
2400
2313
2349
2478
2519
2346
2390
2468
2416
2390
2460
2445
2401
2394
2455
2410
2453
2386
2461
2427
2447
2419
2477
2484
2387
2402
2439
2525
2477
2548
2471
2405
2395
2457
2514
2432
2360
2482
2487
2442
2400
2474
2366
2361
2464
2470
2462
2438
2420
2445
2459
2442
2485
2405
2525
2465
2413
2336
2583
2436
2419
2395
2425
2387
2466
2457
2409
2432
2540
2451
2496
2484
2455
2525
2500
2483
2472
2435
2488
2598
2410
2448
2474
2463
2470
2567
2429
2565
2448
2480
2533
2536
2517
2470
2438
2513
2528
2501
2453
2492
2434
2508
2472
2505
2326
2513
2421
2588
2488
2442
2509
2502
2475
2414
2561
2531
2449
2497
2465
2471
2463
2547
2535
2570
2501
2489
2416
2491
2496
2481
2528
2519
2555
2622
2553
2435
2569
2459
2486
2467
2500
2558
2523
2507
2544
2516
2501
2425
2476
2455
2570
2399
2450
2481
2488
2473
2567
2440
2476
2516
2493
2496
2475
2507
2545
2421
2427
2486
2492
2517
2478
2555
2459
2402
2411
2494
2453
2375
2570
2470
2454
2487
2502
2503
2531
2447
2531
2524
2549
2488
2493
