2460
2380
2497
2478
2488
2529
2517
2511
2503
2462
2629
2557
2545
2495
2505
2517
2444
2469
2466
2460
2395
2552
2527
2554
2484
2464
2513
2517
2550
2374
2465
2414
2544
2477
2537
2498
2529
2540
2439
2488
2511
2499
2525
2462
2540
2514
2527
2584
2551
2411
2493
2402
2434
2493
2482
2539
2542
2403
2459
2459
2473
2463
2414
2539
2569
2488
2428
2422
2471
2554
2490
2559
2464
2527
2439
2560
2466
2444
2436
2486
2443
2519
2482
2508
2490
2486
2504
2477
2474
2400
2443
2544
2502
2426
2522
2466
2576
2436
2455
2514
2502
2532
2612
2535
2516
2500
2490
2523
2518
2389
2451
2436
2516
2507
2521
2446
2462
2470
2412
2513
2489
2458
2572
2440
2481
2518
2472
2473
2556
2463
2556
2502
2551
2424
2496
2634
2575
2427
2497
2554
2445
2475
2506
2406
2494
2477
2463
2487
2438
2422
2514
2471
2503
2458
2484
2437
2471
2416
2585
2493
2509
2402
2532
2443
2536
2409
2471
2468
2469
2396
2418
2398
2454
2369
2432
2492
2519
2535
2467
2383
2412
2485
2477
2406
2399
2425
2561
2368
2418
2507
2492
2450
2363
2437
2465
2354
2409
2394
2456
2352
2344
2447
2418
2308
2329
2305
2335
2291
2374
2432
2373
2377
2332
2287
2290
2342
2231
2234
2231
2172
2165
2217
2126
2199
2113
2111
2088
1909
2010
1969
1920
1839
1752
1744
1709
1632
1595
1617
1664
1632
1612
1661
1642
1637
1643
1730
1673
1707
1693
1695
1656
1594
1635
1644
1637
1708
1614
1659
1639
1625
1716
1656
1805
1843
1861
1873
1827
1885
1952
2033
2071
2159
2170
2172
2195
2195
2237
2255
2204
2179
2244
2323
2267
2178
2346
2353
2251
2306
2304
2356
2308
2302
2392
2402
2404
2394
2377
2312
2454
2408
2377
2442
2456
2438
2384
2436
2370
2407
2410
2413
2466
2491
2476
2425
2380
2495
2511
2375
2437
2475
2389
2482
2444
2473
2448
2425
2484
2431
2494
2454
2425
2462
2493
2484
2464
2435
2423
2454
2504
2491
2409
2474
2491
2488
2499
2476
2378
2495
2468
2511
2385
2463
2473
2491
2494
2509
2539
2492
2513
2452
2473
2443
2494
2469
2497
2467
2457
2415
2479
2482
2581
2415
2512
2511
2413
2545
2625
2496
2474
2419
2419
2537
2483
2566
2555
2513
2458
2483
2454
2522
2486
2516
2424
2474
2492
2507
2512
2507
2591
2408
2467
2499
2421
2466
2413
2490
2401
2506
2538
2474
2502
2480
2481
2457
2530
2382
2434
2445
2512
2376
2485
2544
2531
2429
2413
2546
2466
2540
2484
2458
2437
2494
2489
2433
2582
2433
2443
2542
2560
2473
2558
2554
2458
2364
2544
2542
2423
2486
2473
2505
2507
2493
2428
2482
2465
2615
2384
2518
2533
2479
2525
2498
2509
2517
2507
2577
2572
2520
2539
2508
2398
2440
2544
2415
2543
2489
2515
2492
2439
2519
2523
2554
2442
2526
2369
2505
2495
2410
2570
2560
2453
2489
2466
2480
2583
2372
2511
2503
2526
2495
2482
2517
2470
2457
2530
2522
2449
2535
2515
2479
2467
2565
2464
2577
2461
2637
2528
2495
2477
2465
2536
2512
2474
2500
2528
2555
2482
2431
2467
2480
2459
2474
2492
2519
2531
2470
2547
2546
2499
2512
2500
2402
2519
2552
2630
2470
2434
2500
2422
2528
2479
2474
2533
2450
2434
2553
2445
2479
2524
2507
2530
2571
2552
2510
2424
2432
2474
2439
2494
2387
2418
2429
2469
2480
2574
2468
2439
2493
2457
2495
2622
2568
2470
2544
2484
2439
2436
2473
2428
2505
2468
2458
2470
2544
2499
2602
2577
2607
2497
2488
2486
2512
2465
2519
2472
2543
2499
2491
2531
2475
2434
2472
2458
2538
2463
2416
2506
2499
2457
2483
2536
2458
2425
2525
2567
2438
2582
2585
2513
2468
2466
2450
2461
2573
2504
2465
2448
2537
2490
2502
2522
2401
2486
2566
2487
2498
2489
2498
2441
2454
2472
2506
2479
2478
2469
2533
2504
2490
2422
2484
2463
2521
2459
2493
2432
2512
2475
2435
2512
2477
2435
2448
2405
2459
2466
2460
2503
2573
2449
2450
2468
2467
2469
2371
2535
2385
2508
2478
2468
2350
2415
2469
2460
2467
2456
2440
2408
2445
2525
2433
2371
2426
2533
2475
2454
2468
2425
2427
2339
2450
2454
2476
2467
2469
2393
2477
2485
2482
2387
2408
2427
2449
2468
2385
2504
2405
2302
2368
2335
2350
2315
2332
2392
2298
2444
2324
2434
2284
2331
2309
2252
2319
2348
2240
2180
2239
2192
2201
2098
2118
2162
1958
2024
2039
1994
1965
1873
1847
1777
1686
1807
1760
1702
1645
1667
1666
1616
1625
1645
1527
1592
1650
1664
1654
1716
1676
1692
1688
1671
1650
1647
1673
1577
1612
1628
1672
1605
1655
1772
1769
1788
1741
1941
1862
1964
1912
1988
2067
2108
2141
2154
2200
2228
2161
2308
2255
2274
2299
2275
2306
2331
2265
2291
2414
2268
2268
2438
2327
2407
2349
2457
2337
2380
2359
2310
2386
2434
2488
2374
2380
2351
2330
2419
2384
2402
2430
2362
2367
2502
2503
2386
2451
2414
2389
2407
2517
2373
2426
2363
2386
2506
2403
2468
2429
2445
2500
2362
2393
2517
2404
2462
2473
2461
2441
2423
2495
2435
2419
2419
2512
2547
2456
2448
2515
2452
2382
2457
2417
2465
2431
2487
2495
2456
2458
2535
2451
2424
2424
2600
2424
2405
2498
2388
2433
2356
2432
2435
2502
2515
2430
2427
2475
2473
2444
2484
2472
2537
2423
2464
2510
2461
2499
2476
2480
2501
2513
2433
2429
2484
2410
2554
2424
2423
2455
2524
2543
2495
2509
2491
2440
2448
2545
2567
2597
2515
2489
2469
2450
2534
2515
2504
2432
2466
2482
2469
2514
2546
2426
2523
2509
2427
2559
2501
2512
2383
2410
2540
2483
2512
2417
2449
2544
2532
2550
2492
2507
2546
2562
2537
2508
2502
2529
2558
2542
2504
2419
2519
2528
2516
2464
2485
2425
2475
2510
2479
2594
2536
2399
2565
2514
2462
2453
2480
2459
2497
2463
2476
2549
2578
2530
2468
2553
2479
2510
2407
2577
2490
2508
2557
2418
2430
2454
2572
2465
2461
2572
2482
2556
2429
2514
2431
2473
2427
