3243
3228
3266
3266
3214
3153
3198
3125
3208
3363
3262
3233
3218
3242
3258
3159
3254
3223
3192
3122
3166
3195
3240
3253
3280
3297
3157
3171
3277
3286
3151
3194
3211
3199
3238
3199
3234
3170
3147
3247
3240
3227
3283
3168
3270
3254
3182
3332
3248
3194
3206
3275
3219
3159
3179
3187
3155
3219
3155
3252
3167
3190
3188
3249
3289
3202
3268
3145
3240
3229
3213
3261
3136
3147
3196
3196
3223
3158
3235
3246
3153
3230
3204
3238
3272
3271
3217
3207
3177
3191
3194
3198
3153
3263
3239
3297
3194
3339
3131
3212
3193
3169
3259
3320
3196
3153
3254
3188
3219
3191
3159
3255
3155
3240
3147
3210
3172
3252
3262
3201
3245
3257
3174
3220
3293
3188
3239
3250
3152
3218
3182
3261
3196
3288
3136
3353
3249
3099
3183
3292
3126
3227
3221
3228
3283
3094
3144
3299
3239
3188
3197
3306
3267
3158
3212
3127
3255
3224
3209
3109
3247
3236
3295
3192
3204
3142
3142
3167
3210
3080
3258
3256
3211
3207
3190
3146
3116
3252
3094
3141
3114
3289
3158
3232
3072
3202
3243
3211
3064
3069
3114
3161
3162
3065
3198
3081
3087
3156
3100
3093
3144
3154
3069
3115
3134
3053
3210
3131
3131
3017
3020
3117
3023
2979
2864
2950
3036
2939
2939
2850
2845
2890
2808
2754
2717
2709
2572
2536
2475
2454
2293
2308
2316
2184
2209
2254
2183
2113
2079
2052
2053
2181
2150
2032
2229
2200
2278
2168
2258
2200
2224
2130
2179
2125
2166
2175
2084
2154
2086
2125
2189
2197
2308
2356
2396
2361
2508
2550
2676
2622
2681
2774
2695
2725
2755
2834
2932
2963
2930
3082
3076
3028
3053
3072
3054
3084
2984
3037
3003
3110
3089
3195
3065
3103
3064
3115
3046
3142
3094
3096
3037
3114
3058
3083
3130
3151
3149
3167
3152
3234
3225
3145
3226
3221
3208
3081
3214
3180
3195
3195
3104
3181
3182
3163
3233
3126
3138
3207
3156
3201
3159
3212
3174
3159
3131
3195
3149
3196
3139
3162
3284
3143
3145
3262
3243
3165
3234
3198
3191
3140
3134
3318
3161
3201
3205
3249
3231
3204
3175
3148
3145
3191
3162
3154
3221
3190
3182
3206
3211
3259
3387
3259
3276
3239
3333
3252
3198
3193
3276
3259
3114
3261
3282
3255
3169
3277
3135
3263
3055
3281
3107
3243
3230
3258
3333
3168
3209
3186
3282
3238
3188
3309
3179
3234
3192
3056
3324
3280
3204
3239
3206
3206
3270
3142
3168
3210
3226
3289
3250
3279
3209
3162
3337
3306
3205
3176
3262
3285
3183
3233
3228
3151
3301
3298
3169
3191
3302
3261
3172
3229
3265
3137
3354
3348
3249
3199
3219
3211
3310
3227
3299
3204
3094
3217
3217
3093
3267
3220
3134
3180
3202
3293
3132
3142
3160
3305
3287
3200
3182
3039
3125
3204
3182
3238
3300
3215
3217
3221
3240
3232
3223
3355
3293
3216
3277
3238
3219
3213
3263
3305
3252
3243
3216
3236
3234
3223
3113
3230
3276
3252
3191
3181
3297
3242
3316
3194
3161
3169
3220
3178
3243
3347
3209
3293
3127
3186
3192
3236
3243
3208
3264
3234
3255
3211
3252
3157
3198
3358
3320
3244
3128
3351
3299
3263
3302
3169
3220
3350
3305
3262
3247
3145
3223
3229
3203
3248
3246
3202
3204
3295
3271
3248
3298
3103
3132
3153
3165
3296
3296
3367
3254
3153
3201
3203
3191
3227
3263
3173
3159
3231
3210
3172
3283
3175
3302
3188
3191
3148
3177
3207
3224
3197
3300
3271
3203
3142
3347
3168
3282
3140
3165
3191
3197
3201
3217
3186
3342
3194
3297
3255
3268
3278
3328
3362
3252
3341
3219
3270
3192
3262
3213
3174
3243
3310
3245
3229
3162
3263
3235
3119
3196
3181
3131
3192
3196
3266
3200
3225
3228
3304
3096
3128
3210
3144
3210
3082
3218
3226
3257
3210
3248
3199
3299
3208
3262
3273
3248
3156
3256
3182
3167
3252
3218
3216
3191
3197
3168
3228
3140
3200
3227
3395
3147
3264
3185
3198
3192
3252
3108
3255
3268
3211
3297
3274
3246
3216
3164
3134
3237
3186
3178
3105
3175
3218
3230
3160
3262
3218
3249
3205
3207
3151
3133
3203
3244
3171
3126
3239
3105
3165
3151
3169
3115
3192
3144
3130
3008
3042
3235
3171
3234
3193
3149
3091
3113
3146
3082
3140
3079
3105
3176
3072
3113
3102
3206
2979
3060
3000
3132
3159
3142
3018
3050
3033
3035
3027
3048
3001
3066
2890
2927
2998
2952
2941
2896
2873
2853
2840
2760
2634
2678
2709
2700
2702
2552
2567
2474
2339
2348
2255
2243
2102
2236
2157
2100
2088
2110
2018
2111
2056
2075
2171
2158
2192
2141
2155
2187
2171
2184
2144
2106
2083
2049
2123
2057
2077
2167
2146
2160
2234
2213
2276
2450
2502
2531
2490
2565
2657
2721
2817
2819
2772
2817
2870
2961
2913
2950
2902
2969
2989
3051
3068
2917
2976
3051
2983
3096
2988
3103
3017
2978
3054
3073
3120
3169
3198
3072
3060
3124
3153
3176
3180
3162
3083
3158
3175
3082
3109
3154
3185
3123
3020
3146
3133
3264
3143
3185
3118
3221
3124
3152
3200
3192
3123
3130
3192
3238
3198
3149
3223
3189
3234
3230
3156
3141
3225
3051
3062
3199
3336
3254
3154
3233
3209
3139
3171
3271
3156
3248
3203
3238
3171
3190
3091
3208
3235
3204
3156
3342
3232
3224
3212
3276
3201
3233
3221
3233
3174
3244
3130
3196
3293
3296
3208
3298
3170
3211
3236
3330
3217
3319
3215
3272
3204
3226
3244
3357
3248
3217
3190
3175
3238
3303
3232
3345
3209
3262
3269
3209
3198
3317
3148
3190
3170
3109
3168
3281
3274
3202
3265
3327
3190
3264
3236
3185
3107
3208
3134
3276
3215
3187
3149
3173
3175
3289
3350
3184
3151
3125
3224
3247
3345
3256
3163
3169
3192
3290
3264
3227
3158
3201
3173
3312
3252
3274
3155
3222
3161
3121
3226
3187
3343
3160
3207
3248
3195
3218
3229
3323
3194
3137
3219
3256
3189
3311
3161
3319
3336
3279
3234
3297
3144
3263
3166
3190
3241
3175
3247
3129
3234
3294
3250
3315
3266
3256
3139
3339
3249
3229
3097
3286
3329
3249
