2489
2493
2569
2419
2476
2444
2501
2453
2502
2586
2468
2558
2464
2513
2432
2494
2465
2482
2580
2619
2395
2466
2409
2549
2402
2543
2505
2508
2489
2441
2478
2532
2503
2468
2527
2479
2547
2443
2434
2416
2468
2505
2447
2464
2474
2434
2540
2510
2490
2474
2527
2465
2539
2516
2567
2537
2545
2427
2545
2467
2502
2453
2444
2497
2527
2475
2542
2464
2452
2456
2529
2467
2571
2457
2525
2423
2478
2519
2500
2433
2460
2496
2444
2532
2469
2470
2597
2485
2481
2510
2534
2536
2580
2518
2470
2517
2481
2541
2526
2500
2475
2419
2503
2496
2538
2419
2488
2471
2553
2487
2398
2458
2493
2539
2515
2486
2486
2493
2522
2432
2523
2458
2457
2525
2458
2471
2508
2464
2442
2416
2461
2445
2487
2469
2503
2473
2590
2487
2578
2566
2485
2405
2433
2501
2456
2526
2503
2469
2462
2494
2559
2454
2464
2532
2477
2537
2436
2391
2465
2503
2472
2356
2449
2365
2525
2443
2481
2424
2446
2491
2340
2437
2386
2479
2542
2475
2502
2575
2447
2447
2409
2374
2479
2532
2426
2400
2539
2448
2444
2459
2427
2387
2360
2503
2321
2385
2496
2418
2456
2415
2435
2335
2345
2403
2379
2419
2339
2380
2396
2335
2347
2297
2326
2289
2286
2241
2302
2257
2275
2238
2286
2215
2076
2149
2081
2038
2058
1987
1947
1936
1840
1823
1781
1652
1665
1707
1655
1624
1652
1609
1619
1677
1669
1588
1678
1713
1755
1736
1759
1649
1701
1628
1677
1561
1626
1503
1578
1629
1685
1705
1707
1705
1720
1814
1895
1938
1908
1943
1941
2030
2116
2173
2115
2191
2255
2231
2298
2234
2286
2279
2322
2297
2296
2291
2341
2386
2313
2359
2457
2433
2401
2478
2445
2391
2504
2419
2381
2460
2349
2415
2501
2411
2366
2436
2454
2427
2410
2460
2532
2419
2445
2427
2461
2348
2386
2490
2354
2444
2504
2553
2410
2417
2511
2431
2516
2511
2449
2490
2529
2498
2493
2437
2585
2518
2452
2478
2422
2481
2470
2438
2485
2531
2456
2493
2486
2441
2489
2529
2500
2469
2423
2520
2476
2495
2498
2427
2479
2430
2435
2559
2449
2466
2508
2500
2566
2493
2414
2513
2492
2495
2506
2441
2495
2548
2436
2461
2597
2435
2514
2466
2425
2424
2504
2484
2517
2500
2524
2576
2475
2605
2455
2588
2531
2552
2438
2512
2413
2463
2471
2411
2536
2536
2444
2458
2496
2437
2488
2513
2491
2506
2458
2458
2495
2539
2479
2487
2476
2461
2436
2461
2551
2507
2420
2459
2464
2472
2499
2423
2532
2500
2535
2487
2459
2521
2611
2528
2456
2550
2567
2513
2455
2443
2470
2434
2504
2422
2506
2534
2554
2481
2537
2524
2444
2477
2469
2444
2473
2594
2504
2462
2560
2503
2441
2463
2505
2537
2572
2530
2485
2484
2448
2517
2457
2508
2485
2568
2563
2527
2570
2392
2512
2551
2506
2473
2510
2477
2555
2487
2488
2543
2459
2545
2399
2478
2574
2528
2439
2381
2556
2522
2531
2349
2490
2440
2466
2470
2535
2576
2488
2562
2537
2556
2458
2479
2493
2410
2465
2538
2491
2483
2479
2471
2512
2400
2584
2487
2569
2447
2467
2530
2453
2521
2545
2434
2525
2450
2509
2443
2484
2429
2432
2420
2588
2547
2528
2506
2405
2493
2470
2472
2390
2359
2570
2456
2485
2533
2464
2517
2436
2627
2460
2499
2488
2491
2544
2474
2476
2543
2528
2507
2477
2550
2556
2469
2580
2523
2504
2544
2516
2374
2416
2484
2406
2536
2489
2463
2460
2518
2524
2575
2477
2537
2497
2430
2506
2572
2463
2447
2498
2456
2533
2417
2515
2396
2460
2418
2450
2419
2469
2512
2438
2433
2527
2466
2555
2521
2408
2492
2479
2534
2469
2542
2447
2459
2474
2409
2499
2603
2481
2472
2473
2454
2479
2567
2517
2534
2401
2467
2520
2447
2471
2437
2470
2588
2441
2517
2512
2514
2457
2468
2431
2498
2525
2506
2531
2570
2519
2567
2499
2395
2380
2407
2534
2529
2527
2583
2489
2368
2531
2381
2516
2385
2482
2491
2496
2403
2396
2457
2387
2427
2403
2489
2482
2471
2485
2466
2468
2456
2474
2496
2432
2488
2461
2525
2490
2453
2484
2511
2386
2448
2353
2461
2490
2440
2425
2482
2445
2432
2413
2464
2405
2488
2463
2368
2395
2472
2444
2373
2423
2435
2385
2328
2465
2431
2381
2390
2376
2401
2339
2298
2418
2447
2379
2334
2405
2312
2291
2359
2329
2375
2203
2291
2350
2282
2297
2223
2296
2217
2170
2200
2115
2100
2084
2017
1964
1904
1923
1865
1808
1735
1760
1673
1671
1588
1541
1597
1618
1634
1650
1641
1676
1645
1715
1718
1736
1758
1697
1730
1607
1619
1652
1555
1578
1603
1625
1697
1653
1664
1738
1706
1731
1842
1851
1924
1960
1997
2041
2128
2188
2152
2229
2159
2216
2240
2187
2238
2259
2248
2319
2447
2374
2361
2349
2378
2345
2401
2389
2356
2330
2376
2440
2285
2383
2358
2432
2396
2363
2398
2414
2385
2414
2448
2466
2486
2421
2383
2437
2435
2393
2372
2395
2362
2461
2462
2516
2427
2469
2465
2545
2432
2484
2386
2360
2451
2491
2495
2526
2554
2496
2483
2465
2498
2538
2433
2474
2415
2483
2412
2441
2488
2459
2432
2499
2456
2450
2374
2484
2517
2420
2435
2516
2534
2412
2508
2440
2496
2500
2546
2469
2535
2492
2419
2493
2441
2503
2474
2431
2507
2470
2464
2468
2494
2526
2480
2468
2470
2517
2400
2468
2525
2511
2474
2487
2408
2519
2385
2513
2481
2456
2462
2521
2451
2460
2459
2474
2420
2469
2543
2498
2572
2548
2478
2545
2463
2456
2490
2445
2475
2429
2440
2412
2498
2555
2538
2523
2415
2472
2533
2531
2435
2456
2454
2475
2532
2488
2523
2531
2504
2508
2422
2582
2465
2373
2402
2468
2547
2505
2465
2471
2469
2514
2498
2536
2495
2438
2479
2451
2429
2427
2542
2494
2472
2441
2447
2555
2457
2538
2509
2492
2497
2560
2427
2529
2519
2473
2460
2449
2503
2475
2512
2457
2538
2505
2612
2656
2468
2585
2489
2417
2507
2504
2461
2484
2589
2467
2418
2492
2420
2515
2585
2485
2514
2488
