2295
2268
2287
2322
2306
2281
2240
2251
2343
2188
2211
2282
2247
2357
2245
2256
2266
2251
2343
2258
2274
2305
2247
2299
2308
2268
2289
2344
2301
2300
2302
2453
2256
2222
2373
2302
2335
2353
2291
2255
2228
2365
2291
2225
2325
2339
2253
2265
2235
2330
2232
2268
2261
2268
2247
2299
2236
2206
2225
2221
2123
2118
2175
2080
1984
1953
2020
1927
1928
1787
1795
1801
1784
1770
1675
1710
1750
1700
1787
1690
1646
1708
1713
1766
1720
1709
1757
1777
1739
1736
1887
1842
1825
1794
1794
1891
1934
1951
1988
2005
2070
1985
1991
1986
2109
2119
2024
2094
2143
2113
2184
2197
2208
2183
2216
2214
2236
2124
2256
2247
2192
2218
2193
2329
2233
2183
2238
2220
2249
2259
2160
2172
2135
2309
2130
2178
2116
2086
2121
2033
2052
2016
1956
1835
1780
1785
1795
1761
1788
1774
1723
1767
1742
1729
1811
1837
1851
1933
1867
1853
1898
1985
1979
1940
1980
1984
2014
2053
2110
2036
2119
2105
2230
2242
2140
2195
2217
2228
2238
2183
2286
2182
2229
2318
2190
2230
2263
2309
2262
2219
2253
2260
2183
2280
2248
2350
2207
2255
2306
2283
2268
2236
2298
2315
2163
2315
2226
2174
2226
2207
2112
2129
2081
2024
2029
1925
1890
1808
1824
1811
1827
1758
1849
1797
1879
1922
1992
2025
2018
2078
2145
2202
2166
2117
2140
2263
2212
2174
2244
2268
2230
2269
2177
2278
2275
2153
2292
2274
2228
2310
2250
2325
2275
2210
2274
2292
2243
2259
2224
2175
2212
2246
2271
2124
2135
2085
2035
1976
1947
1839
1876
1887
1820
1780
1879
1854
1829
1840
1879
1974
2022
2020
2092
2110
2154
2087
2161
2225
2265
2221
2245
2264
2245
2299
2205
2287
2191
2273
2239
2276
2216
2224
2228
2264
2313
2355
2316
2227
2387
2278
2244
2330
2273
2318
2277
2257
2187
2189
2211
2187
2143
2149
2155
2128
2157
2108
2134
2122
2043
2085
1968
1972
1978
1843
1878
1835
1911
1868
1825
1743
1732
1726
1719
1708
1736
1791
1714
1703
1822
1769
1782
1929
1862
1981
1953
2038
2098
2107
2159
2173
2107
2195
2245
2133
2228
2309
2196
2272
2209
2291
2188
2268
2157
2265
2184
2259
2285
2236
2236
2210
2197
2167
2233
2213
2145
2137
2133
2118
2105
2201
2024
2057
2096
2022
2099
1958
1997
2026
1935
1901
1913
1882
1820
1854
1864
1816
1801
1808
1735
1736
1704
1652
1671
1714
1799
1692
1717
1746
1614
1653
1728
1736
1716
1789
1868
1890
1853
1896
1921
1909
2027
2106
2041
2075
2173
2184
2191
2278
2264
2244
2236
2261
2240
2282
2214
2204
2227
2286
2277
2313
2328
2251
2277
2271
2314
2214
2287
2228
2293
2265
2244
2276
2283
2304
2265
2351
2359
2277
2343
2246
2279
2293
2355
2289
2272
2276
2281
2350
2359
2350
2333
2337
2327
2361
2227
2344
2191
2339
2296
2310
2341
2300
2294
2291
2269
2367
2325
2297
2281
2298
2234
2385
2206
2192
2214
2352
2203
2321
2250
2350
2225
2299
2351
2275
2289
2371
2244
2339
2306
2211
2297
2227
2280
2315
2350
2305
2349
2150
2387
2293
2262
2292
2291
2242
2369
2283
2272
2365
2311
2239
2271
2297
2274
2339
2297
2283
2367
2228
2199
2218
2275
2359
2299
2267
2248
2216
2293
2197
2293
2269
2355
2241
2292
2242
2323
2346
2292
2340
2236
2285
2376
2243
2273
2210
2274
2314
2211
2344
2239
2248
2244
2201
2332
2174
2200
2126
2156
2171
2235
2106
2049
2089
2102
2041
1977
1863
1891
1829
1773
1770
1746
1703
1764
1729
1744
1711
1697
1702
1618
1695
1793
1666
1688
1696
1793
1768
1765
1728
1841
1809
1952
1916
1932
1974
1961
1902
1985
2010
2052
2032
2131
2115
2074
2110
2202
2146
2136
2172
2199
2155
2183
2221
2277
2216
2184
2237
2271
2284
2188
2224
2188
2174
2219
2263
2195
2261
2251
2182
2207
2153
2137
2170
2137
2105
2169
2051
2028
2001
1954
1893
1865
1848
1745
1828
1785
1734
1708
1652
1685
1725
1817
1718
1762
1757
1871
1808
1858
1889
1890
2035
1982
1991
2067
2028
2104
2113
2201
2084
2205
2206
2225
2276
2097
2275
2183
2240
2315
2254
2172
2217
2256
2229
2249
2222
2211
2290
2240
2267
2274
2225
2238
2185
2217
2270
2269
2208
2217
2194
2337
2262
2197
2242
2170
2174
2129
2135
2170
2144
2168
2076
2018
1997
1937
1954
1869
1813
1832
1812
1870
1748
1763
1817
1891
1935
2040
1958
1973
2119
2077
2149
2133
2135
2197
2159
2257
2173
2294
2210
2311
2218
2275
2216
2226
2100
2163
2298
2213
2277
2192
2223
2290
2333
2209
2231
2249
2174
2185
2079
2181
2171
2148
2137
1971
2008
2038
2026
1966
1954
1936
1822
1796
1865
1816
1878
1888
1838
1890
1939
1935
2027
2090
2160
2173
2224
2227
2157
2270
2322
2256
2255
2188
2275
2219
2211
2184
2196
2286
2214
2283
2167
2304
2245
2221
2272
2301
2207
2184
2251
2243
2270
2263
2256
2308
2206
2104
2142
2229
2175
2129
2127
2094
2073
2138
2090
2035
2023
2011
2015
1946
2053
1927
1901
1901
1871
1885
1802
1783
1772
1711
1799
1721
1732
1770
1755
1758
1768
1742
1790
1905
1891
1952
1958
2016
2083
2052
2088
2156
2156
2146
2235
2256
2206
2260
2228
2208
2309
2238
2173
2202
2161
2247
2292
2267
2246
2175
2297
2097
2206
2236
2166
2209
2166
2163
2121
2098
2126
2083
2094
2060
2050
2030
1928
1963
1934
1909
2001
1928
1845
1858
1854
1794
1815
1742
1755
1802
1790
1793
1710
1767
1646
1619
1707
1710
1748
1713
1629
1732
1759
1742
1803
1800
1778
1855
1874
1956
1981
1937
2057
1991
2054
2146
2076
2186
2203
2229
2171
2216
2178
2274
2309
2164
2268
2168
2299
2291
2226
2180
2226
2268
2257
2230
2238
2268
2261
2253
2341
2254
2269
2323
2318
2262
2328
2352
2269
2272
2251
2339
2202
2251
2301
2266
2253
2275
2297
2347
2296
2281
2284
2302
2268
2335
2284
2317
2350
2235
2352
2305
2305
2242
2231
2366
2215
2252
