2518
2585
2468
2564
2458
2549
2534
2485
2513
2435
2455
2553
2440
2480
2408
2515
2499
2437
2511
2470
2518
2423
2550
2463
2503
2472
2461
2544
2398
2507
2475
2524
2578
2438
2564
2540
2419
2521
2472
2456
2459
2459
2457
2529
2508
2469
2558
2531
2438
2437
2527
2534
2491
2433
2487
2454
2527
2451
2502
2498
2485
2456
2505
2516
2467
2450
2468
2500
2476
2394
2461
2525
2424
2456
2458
2558
2503
2492
2439
2497
2564
2463
2489
2483
2482
2538
2500
2370
2597
2531
2527
2505
2567
2411
2484
2494
2493
2542
2479
2517
2525
2461
2438
2519
2508
2485
2449
2495
2431
2499
2497
2492
2495
2513
2493
2549
2416
2553
2508
2491
2491
2456
2505
2565
2451
2514
2490
2428
2476
2498
2482
2494
2506
2376
2466
2522
2442
2517
2529
2407
2473
2469
2496
2436
2457
2439
2431
2435
2415
2497
2524
2495
2470
2427
2500
2412
2536
2459
2394
2443
2476
2469
2420
2480
2594
2537
2497
2508
2424
2433
2468
2494
2393
2488
2508
2460
2519
2477
2471
2497
2475
2414
2394
2383
2487
2444
2483
2413
2429
2460
2436
2429
2494
2428
2407
2347
2378
2426
2371
2392
2383
2392
2369
2344
2420
2399
2325
2359
2383
2281
2360
2459
2343
2323
2259
2339
2371
2274
2325
2185
2211
2186
2226
2232
2080
2146
2083
2019
1934
1902
1730
1820
1731
1729
1768
1645
1631
1738
1640
1680
1603
1611
1616
1682
1596
1681
1710
1672
1749
1682
1720
1644
1662
1664
1551
1638
1624
1609
1612
1689
1610
1720
1742
1730
1835
1892
1882
1955
2019
2092
2011
2039
2116
2187
2176
2143
2324
2308
2243
2270
2315
2318
2309
2411
2330
2371
2434
2407
2341
2326
2370
2357
2294
2417
2444
2453
2428
2388
2325
2432
2447
2392
2470
2438
2374
2446
2448
2451
2435
2423
2408
2424
2488
2478
2514
2409
2375
2463
2426
2447
2405
2482
2443
2480
2481
2465
2469
2514
2516
2452
2378
2499
2492
2576
2460
2520
2453
2433
2423
2417
2501
2417
2524
2540
2402
2494
2495
2602
2497
2534
2388
2495
2442
2479
2547
2484
2501
2408
2468
2502
2485
2521
2404
2423
2448
2436
2421
2474
2519
2412
2457
2456
2510
2419
2549
2521
2493
2420
2513
2497
2513
2469
2542
2418
2442
2528
2422
2551
2489
2442
2506
2506
2496
2446
2431
2537
2482
2488
2552
2535
2600
2456
2495
2539
2431
2396
2475
2556
2500
2460
2472
2490
2562
2607
2530
2514
2481
2574
2535
2399
2396
2569
2383
2467
2553
2446
2482
2459
2373
2497
2468
2419
2410
2546
2442
2459
2545
2546
2496
2480
2474
2510
2479
2398
2473
2470
2543
2548
2434
2533
2632
2477
2472
2509
2453
2469
2495
2587
2563
2434
2516
2501
2471
2420
2519
2434
2479
2467
2473
2469
2550
2475
2505
2506
2557
2493
2475
2558
2548
2492
2482
2530
2459
2595
2456
2462
2551
2453
2488
2509
2484
2476
2542
2470
2494
2496
2481
2474
2438
2560
2436
2488
2490
2442
2529
2450
2609
2564
2472
2526
2522
2491
2544
2535
2481
2425
2469
2544
2513
2514
2491
2544
2509
2433
2439
2507
2474
2404
2513
2481
2499
2530
2484
2485
2455
2553
2330
2441
2517
2510
2493
2519
2505
2521
2524
2407
2557
2585
2576
2547
2458
2510
2474
2421
2499
2533
2495
2427
2499
2532
2479
2426
2544
2466
2536
2525
2437
2466
2487
2471
2534
2491
2477
2523
2536
2490
2479
2557
2529
2553
2432
2505
2526
2496
2479
2494
2481
2469
2478
2480
2486
2500
2564
2475
2553
2510
2468
2486
2480
2454
2504
2529
2465
2493
2517
2495
2481
2415
2427
2463
2528
2535
2463
2530
2570
2512
2404
2445
2504
2406
2514
2454
2484
2495
2461
2568
2548
2513
2430
2504
2352
2545
2496
2443
2491
2520
2558
2393
2503
2470
2396
2522
2420
2446
2571
2461
2542
2427
2394
2460
2545
2431
2512
2439
2386
2511
2389
2516
2393
2492
2519
2448
2461
2381
2606
2478
2343
2538
2372
2364
2554
2521
2455
2506
2513
2533
2439
2473
2514
2409
2463
2491
2508
2523
2401
2416
2460
2399
2471
2492
2371
2518
2539
2538
2474
2499
2527
2417
2407
2442
2377
2397
2407
2419
2363
2391
2473
2438
2481
2406
2502
2519
2426
2468
2461
2449
2485
2427
2361
2398
2471
2342
2446
2272
2402
2422
2409
2504
2354
2367
2405
2378
2319
2460
2379
2299
2358
2297
2336
2302
2321
2267
2270
2299
2288
2235
2214
2207
2260
2176
2178
2088
2048
2013
1912
1908
1884
1826
1818
1793
1674
1663
1698
1607
1627
1649
1609
1614
1588
1677
1591
1619
1676
1700
1690
1657
1656
1717
1654
1610
1683
1643
1628
1664
1588
1659
1659
1658
1678
1695
1758
1880
1881
1848
1962
1949
2031
2103
2110
2163
2217
2166
2220
2296
2277
2243
2282
2283
2318
2375
2349
2372
2277
2441
2324
2407
2306
2383
2302
2291
2374
2428
2463
2372
2386
2370
2376
2348
2482
2461
2459
2377
2370
2447
2398
2438
2449
2414
2393
2526
2463
2525
2514
2427
2393
2400
2464
2472
2503
2446
2389
2413
2519
2475
2458
2424
2516
2468
2460
2465
2418
2469
2504
2408
2496
2497
2397
2391
2419
2458
2500
2421
2464
2466
2390
2499
2456
2473
2509
2514
2414
2412
2439
2417
2483
2481
2456
2428
2489
2409
2495
2446
2494
2471
2478
2559
2470
2514
2390
2455
2539
2436
2397
2398
2480
2549
2446
2517
2427
2652
2484
2423
2427
2472
2505
2466
2539
2479
2544
2523
2402
2466
2391
2414
2588
2523
2570
2407
2479
2576
2494
2426
2522
2505
2416
2430
2453
2431
2427
2599
2557
2455
2511
2462
2515
2476
2555
2509
2492
2515
2521
2405
2561
2535
2491
2451
2430
2448
2525
2541
2414
2448
2396
2455
2423
2393
2554
2500
2474
2491
2451
2504
2494
2481
2494
2538
2571
2489
2573
2538
2422
2442
2471
2487
2427
2501
2467
2546
2530
2460
2510
2454
2484
2523
2350
2568
2548
2427
2490
2507
2503
2469
2447
2449
2481
2442
2490
2506
2453
2461
2492
2496
2477
2505
2504
2395
2411
2521
2488
2521
2553
2508
2511
