2441
2424
2427
2445
2468
2574
2515
2550
2524
2536
2514
2467
2448
2397
2511
2558
2502
2506
2443
2479
2514
2527
2527
2547
2558
2535
2513
2522
2531
2419
2593
2546
2486
2569
2408
2441
2503
2510
2571
2503
2492
2538
2481
2486
2458
2459
2514
2458
2510
2526
2427
2514
2490
2506
2506
2519
2538
2439
2490
2506
2473
2528
2440
2516
2460
2528
2434
2560
2548
2473
2441
2495
2450
2491
2645
2450
2350
2609
2473
2553
2552
2473
2500
2600
2473
2423
2550
2467
2524
2519
2535
2486
2450
2495
2520
2485
2481
2508
2479
2435
2477
2523
2493
2458
2518
2582
2423
2522
2484
2495
2472
2532
2552
2452
2468
2455
2446
2540
2525
2502
2577
2512
2577
2464
2435
2485
2482
2519
2456
2429
2486
2460
2494
2487
2467
2509
2435
2519
2506
2426
2486
2494
2553
2502
2501
2422
2490
2546
2472
2520
2444
2534
2451
2435
2488
2419
2412
2497
2430
2556
2512
2473
2410
2352
2465
2513
2443
2482
2330
2463
2395
2414
2495
2598
2572
2521
2429
2422
2411
2448
2378
2351
2491
2492
2466
2496
2407
2442
2464
2431
2468
2367
2484
2553
2401
2501
2470
2453
2431
2416
2425
2398
2398
2464
2474
2379
2489
2420
2291
2382
2359
2404
2325
2380
2403
2284
2314
2239
2327
2271
2217
2266
2131
2194
2112
2124
1985
2136
1940
1911
1849
1823
1737
1733
1710
1663
1641
1611
1722
1634
1679
1639
1683
1746
1644
1702
1746
1710
1645
1673
1706
1736
1694
1675
1739
1652
1676
1567
1650
1693
1672
1739
1742
1825
1779
1823
1934
2044
1984
2100
2080
2177
2072
2247
2257
2242
2222
2166
2208
2219
2306
2374
2328
2384
2311
2300
2383
2388
2323
2306
2447
2395
2369
2425
2469
2413
2509
2451
2411
2363
2389
2463
2393
2400
2519
2406
2354
2350
2484
2467
2471
2458
2514
2463
2468
2450
2427
2470
2428
2420
2448
2507
2513
2493
2462
2481
2480
2497
2441
2433
2389
2510
2420
2567
2465
2490
2466
2460
2477
2528
2520
2483
2507
2453
2434
2508
2461
2586
2495
2522
2555
2549
2540
2470
2526
2549
2485
2522
2501
2524
2558
2499
2539
2511
2537
2501
2427
2463
2495
2451
2532
2553
2533
2528
2500
2572
2522
2478
2550
2456
2476
2518
2446
2450
2490
2497
2491
2574
2462
2530
2529
2516
2545
2383
2439
2665
2462
2490
2495
2592
2553
2435
2483
2515
2443
2555
2579
2482
2425
2513
2472
2410
2466
2522
2511
2485
2514
2516
2432
2509
2477
2528
2477
2578
2552
2508
2547
2419
2413
2572
2543
2414
2508
2531
2483
2494
2471
2501
2590
2504
2514
2507
2475
2474
2430
2584
2452
2421
2419
2536
2520
2469
2467
2508
2445
2487
2519
2501
2441
2509
2485
2494
2452
2454
2511
2569
2517
2598
2478
2504
2542
2483
2600
2471
2494
2450
2401
2469
2456
2495
2571
2408
2532
2549
2443
2574
2521
2548
2462
2458
2449
2517
2457
2385
2527
2531
2480
2445
2502
2473
2531
2563
2544
2507
2456
2451
2459
2488
2485
2619
2475
2522
2431
2542
2457
2538
2516
2490
2495
2545
2454
2474
2476
2455
2532
2586
2556
2570
2460
2630
2520
2588
2502
2449
2404
2520
2528
2512
2440
2430
2484
2519
2458
2464
2476
2473
2479
2449
2656
2447
2456
2540
2516
2634
2512
2421
2474
2489
2528
2452
2517
2465
2371
2470
2513
2418
2556
2564
2456
2488
2497
2437
2550
2422
2571
2529
2429
2398
2539
2488
2403
2437
2500
2526
2479
2531
2546
2475
2495
2487
2478
2499
2542
2497
2464
2460
2522
2424
2470
2566
2533
2434
2499
2491
2516
2584
2410
2453
2502
2456
2487
2501
2442
2491
2429
2505
2463
2575
2460
2470
2471
2441
2555
2496
2502
2540
2346
2455
2440
2503
2574
2508
2446
2480
2449
2535
2564
2448
2488
2506
2486
2668
2462
2454
2420
2499
2541
2478
2494
2476
2579
2529
2488
2484
2507
2473
2479
2507
2534
2551
2423
2566
2450
2553
2365
2439
2446
2370
2522
2536
2541
2531
2456
2496
2504
2480
2407
2423
2408
2369
2550
2493
2445
2491
2514
2477
2420
2472
2424
2502
2452
2397
2450
2445
2376
2475
2468
2466
2368
2409
2457
2421
2402
2433
2447
2327
2488
2431
2420
2501
2466
2410
2480
2385
2399
2374
2439
2377
2296
2491
2447
2402
2376
2476
2398
2439
2387
2407
2372
2421
2447
2383
2319
2375
2363
2403
2408
2386
2239
2400
2209
2276
2252
2329
2319
2232
2183
2261
2157
2115
2137
2066
2102
2072
2054
1911
1875
1906
1874
1774
1746
1641
1665
1617
1671
1651
1657
1674
1585
1662
1633
1678
1676
1766
1752
1680
1745
1618
1605
1594
1572
1556
1614
1642
1653
1617
1649
1657
1676
1846
1835
1806
1940
1957
1992
2068
2036
2047
2104
2180
2258
2164
2202
2167
2376
2277
2314
2331
2278
2265
2367
2318
2395
2439
2339
2363
2418
2426
2401
2439
2359
2478
2441
2444
2473
2332
2474
2399
2334
2420
2471
2499
2453
2434
2477
2427
2473
2453
2390
2472
2494
2466
2463
2450
2425
2477
2496
2485
2435
2513
2387
2409
2455
2481
2429
2465
2447
2490
2463
2575
2453
2458
2528
2520
2433
2531
2491
2472
2409
2497
2416
2483
2488
2449
2496
2455
2469
2473
2362
2449
2460
2451
2564
2496
2495
2536
2552
2512
2415
2529
2500
2526
2406
2527
2552
2507
2567
2619
2456
2469
2546
2489
2438
2511
2431
2456
2494
2491
2522
2448
2441
2566
2578
2434
2426
2504
2450
2539
2488
2464
2462
2494
2480
2430
2493
2540
2402
2511
2555
2463
2560
2544
2513
2470
2498
2392
2402
2449
2489
2430
2394
2494
2470
2591
2467
2395
2466
2549
2473
2489
2420
2472
2539
2585
2408
2489
2479
2491
2575
2478
2446
2488
2509
2431
2539
2531
2479
2534
2553
2515
2403
2590
2513
2508
2551
2537
2463
2567
2482
2520
2411
2519
2545
2438
2550
2489
2538
2471
2478
2554
2506
2541
2504
2514
2503
2502
2478
2449
2462
2443
2463
2428
2484
2369
2500
2489
2397
2528
2514
2481
2501
2494
2543
2454
2485
2554
2575
2573
2560
2510
2520
2493
2480
