2779
2791
2762
2772
2791
2863
2733
2781
2692
2800
2756
2746
2832
2781
2762
2780
2720
2687
2812
2787
2705
2822
2799
2757
2719
2805
2759
2725
2798
2923
2861
2740
2855
2808
2739
2686
2771
2718
2749
2736
2753
2782
2791
2798
2821
2705
2757
2761
2785
2844
2802
2756
2825
2775
2888
2768
2688
2800
2697
2825
2770
2764
2799
2771
2776
2780
2892
2847
2854
2768
2723
2760
2730
2875
2745
2745
2753
2761
2801
2750
2736
2790
2819
2805
2748
2807
2716
2799
2762
2772
2651
2791
2770
2807
2809
2821
2715
2801
2718
2826
2809
2862
2835
2734
2789
2747
2783
2862
2736
2849
2777
2883
2775
2764
2689
2787
2783
2739
2796
2762
2810
2735
2866
2746
2717
2809
2812
2860
2779
2780
2739
2794
2805
2865
2696
2790
2762
2795
2803
2777
2790
2671
2754
2654
2735
2755
2741
2835
2733
2817
2814
2766
2789
2722
2710
2770
2714
2800
2806
2807
2809
2674
2659
2743
2723
2773
2680
2832
2826
2798
2577
2746
2691
2783
2793
2629
2714
2813
2696
2813
2741
2823
2768
2687
2696
2707
2756
2697
2668
2758
2707
2786
2719
2767
2785
2740
2718
2703
2750
2663
2851
2744
2689
2762
2631
2678
2739
2722
2637
2559
2663
2729
2595
2645
2623
2617
2535
2559
2507
2578
2551
2433
2390
2416
2367
2346
2319
2293
2153
2135
2078
2029
1951
1940
1952
1935
1844
1824
1847
1785
1774
1773
1824
1818
1879
1862
1942
1952
1863
1806
1876
1890
1876
1886
1943
1860
1768
1791
1853
1834
1886
1899
1977
2001
2087
2040
2172
2275
2267
2275
2351
2364
2495
2424
2493
2432
2564
2589
2532
2596
2632
2613
2630
2574
2658
2619
2566
2722
2753
2648
2643
2653
2712
2686
2645
2732
2627
2656
2780
2809
2695
2726
2632
2667
2713
2740
2678
2767
2739
2729
2766
2744
2731
2689
2712
2781
2732
2696
2721
2777
2857
2761
2821
2726
2793
2713
2714
2785
2812
2831
2751
2803
2751
2783
2786
2750
2774
2917
2741
2777
2752
2757
2757
2824
2849
2793
2796
2796
2790
2691
2828
2790
2761
2847
2847
2740
2795
2729
2732
2838
2829
2823
2684
2763
2718
2722
2725
2795
2791
2796
2819
2815
2817
2781
2870
2747
2760
2836
2836
2808
2705
2815
2694
2739
2811
2758
2753
2751
2755
2816
2807
2742
2765
2719
2846
2840
2898
2770
2716
2701
2815
2740
2737
2858
2817
2765
2801
2787
2772
2757
2836
2826
2708
2785
2857
2842
2820
2760
2764
2931
2794
2830
2828
2737
2828
2833
2898
2815
2827
2771
2794
2890
2782
2756
2717
2855
2846
2826
2782
2914
2760
2856
2854
2744
2909
2870
2813
2769
2712
2843
2729
2736
2930
2740
2818
2717
2880
2724
2863
2741
2675
2831
2871
2838
2812
2731
2808
2738
2833
2717
2847
2745
2741
2887
2857
2779
2727
2867
2832
2849
2800
2889
2812
2768
2861
2829
2763
2785
2760
2765
2763
2817
2767
2851
2792
2797
2808
2736
2753
2793
2779
2829
2645
2819
2763
2852
2789
2798
2726
2788
2761
2784
2706
2742
2770
2779
2724
2734
2801
2793
2739
2734
2779
2760
2830
2746
2795
2786
2838
2755
2776
2766
2672
2819
2723
2743
2900
2797
2858
2678
2782
2770
2867
2808
2911
2731
2743
2694
2703
2802
2707
2779
2768
2716
2809
2801
2746
2818
2826
2782
2772
2790
2829
2806
2757
2817
2707
2879
2756
2790
2752
2811
2801
2677
2778
2860
2859
2785
2735
2711
2868
2793
2887
2847
2803
2851
2797
2853
2824
2782
2816
2773
2732
2876
2773
2720
2853
2740
2786
2892
2709
2692
2809
2771
2771
2734
2742
2786
2733
2794
2764
2813
2669
2798
2755
2750
2821
2733
2855
2702
2793
2707
2832
2770
2877
2817
2758
2802
2746
2753
2704
2795
2766
2626
2892
2801
2730
2740
2652
2791
2710
2781
2763
2737
2847
2777
2709
2723
2737
2789
2666
2839
2808
2748
2807
2795
2761
2799
2793
2768
2756
2702
2730
2842
2781
2792
2749
2730
2733
2695
2727
2736
2781
2721
2796
2743
2626
2718
2793
2828
2848
2746
2844
2734
2778
2829
2775
2833
2685
2689
2784
2807
2790
2711
2790
2754
2668
2721
2793
2743
2811
2721
2755
2714
2799
2728
2882
2635
2699
2883
2751
2668
2766
2671
2753
2734
2776
2727
2800
2748
2674
2720
2741
2741
2681
2667
2674
2709
2728
2659
2662
2696
2642
2604
2700
2674
2664
2578
2614
2594
2632
2573
2621
2627
2671
2509
2579
2552
2543
2480
2474
2376
2282
2297
2263
2221
2090
2059
1980
1884
1886
1957
1880
1857
1818
1852
1880
1811
1790
1893
1832
1827
1835
1867
1937
1920
1839
1930
1898
1746
1832
1809
1827
1931
1746
1834
1865
1897
1903
1847
2049
2055
2022
2183
2259
2166
2370
2335
2347
2430
2415
2407
2510
2451
2531
2511
2630
2613
2645
2625
2588
2621
2732
2580
2741
2672
2710
2657
2562
2701
2761
2639
2681
2786
2735
2661
2711
2705
2799
2799
2676
2653
2653
2649
2721
2722
2883
2721
2618
2646
2754
2786
2732
2720
2717
2687
2648
2829
2802
2712
2762
2756
2816
2701
2706
2692
2747
2732
2696
2763
2785
2843
2771
2730
2711
2701
2805
2804
2830
2880
2775
2739
2755
2801
2734
2741
2782
2776
2760
2726
2751
2818
2802
2721
2752
2737
2762
2827
2851
2764
2793
2835
2713
2791
2756
2740
2766
2798
2749
2822
2777
2805
2755
2814
2785
2772
2739
2777
2779
2760
2754
2798
2792
2619
2822
2816
2808
2786
2780
2780
2725
2770
2777
2739
2705
2843
2837
2752
2698
2781
2652
2768
2760
2812
2751
2909
2800
2777
2789
2738
2850
2821
2742
2826
2662
2739
2698
2788
2771
2848
2708
2777
2757
2651
2791
2778
2749
2811
2785
2752
2801
2793
2749
2728
2862
2804
2787
2806
2773
2757
2704
2774
2830
2780
2799
2841
2773
2830
2798
2707
2748
2786
2721
2810
2862
2830
2844
2839
2775
2773
2827
2773
2723
2739
2806
2794
2725
2722
2706
2740
2720
2842
2724
2771
2900
2727
2796
2864
2804
2793
2820
2793
2822
2859
2717
2780
2784
2874
2825
2713
2773
2800
2770
