2462
2451
2462
2485
2450
2525
2492
2503
2546
2495
2536
2444
2581
2496
2407
2481
2482
2527
2560
2515
2524
2436
2541
2481
2525
2603
2461
2459
2528
2539
2479
2474
2579
2477
2490
2436
2515
2398
2481
2514
2562
2467
2481
2529
2450
2560
2489
2404
2464
2461
2521
2500
2466
2454
2478
2481
2542
2466
2562
2509
2463
2437
2492
2451
2522
2496
2503
2546
2548
2495
2519
2575
2412
2559
2520
2443
2529
2569
2516
2354
2382
2502
2496
2466
2529
2500
2527
2581
2512
2359
2469
2504
2541
2486
2563
2551
2475
2489
2511
2576
2538
2427
2576
2430
2469
2501
2512
2441
2519
2395
2511
2519
2485
2597
2522
2520
2513
2451
2485
2491
2510
2452
2543
2520
2431
2419
2550
2523
2524
2526
2550
2494
2543
2507
2501
2448
2561
2457
2538
2465
2429
2487
2474
2545
2436
2508
2478
2558
2462
2484
2443
2531
2502
2471
2441
2451
2585
2425
2521
2450
2522
2474
2503
2437
2459
2579
2473
2530
2482
2421
2505
2518
2512
2477
2472
2518
2475
2439
2441
2477
2439
2453
2410
2380
2512
2471
2413
2457
2360
2489
2443
2479
2421
2410
2416
2505
2363
2408
2384
2352
2467
2417
2432
2431
2369
2480
2505
2403
2340
2372
2333
2334
2280
2296
2345
2336
2238
2164
2256
2235
2282
2219
2140
2147
2163
2005
2010
2036
1911
1909
1913
1822
1751
1823
1680
1630
1680
1640
1587
1576
1561
1604
1688
1681
1652
1693
1743
1777
1760
1705
1619
1624
1674
1588
1600
1604
1604
1680
1658
1604
1719
1714
1702
1865
1865
1822
1951
1960
2030
2064
2172
2139
2228
2259
2285
2254
2298
2305
2295
2277
2398
2334
2263
2290
2440
2419
2275
2349
2371
2484
2337
2549
2433
2480
2357
2404
2463
2429
2395
2493
2363
2483
2407
2407
2451
2418
2474
2496
2454
2436
2404
2492
2429
2430
2487
2535
2371
2564
2471
2619
2459
2488
2478
2389
2510
2530
2450
2512
2574
2491
2555
2475
2441
2432
2474
2464
2538
2517
2485
2484
2488
2545
2526
2526
2528
2543
2519
2427
2444
2449
2468
2397
2491
2525
2446
2565
2484
2469
2480
2500
2428
2446
2551
2470
2499
2580
2521
2504
2513
2494
2455
2532
2564
2463
2406
2445
2574
2537
2476
2447
2555
2506
2497
2478
2499
2491
2485
2534
2498
2440
2491
2459
2485
2452
2444
2550
2517
2496
2536
2472
2438
2501
2561
2424
2540
2479
2507
2431
2523
2507
2435
2506
2439
2421
2349
2524
2570
2542
2513
2531
2555
2488
2479
2468
2526
2461
2418
2461
2471
2522
2341
2546
2443
2519
2541
2571
2428
2506
2505
2520
2439
2435
2463
2591
2459
2554
2506
2533
2529
2482
2436
2529
2443
2536
2525
2458
2570
2506
2589
2541
2518
2554
2468
2580
2492
2569
2514
2521
2464
2531
2447
2531
2535
2521
2514
2503
2475
2528
2464
2403
2561
2498
2473
2472
2460
2448
2460
2649
2480
2554
2546
2553
2520
2509
2505
2471
2477
2601
2456
2518
2456
2494
2457
2548
2435
2523
2480
2475
2455
2437
2548
2472
2399
2458
2480
2544
2552
2339
2486
2578
2489
2598
2588
2579
2654
2569
2471
2568
2440
2421
2460
2495
2480
2483
2553
2496
2462
2531
2516
2529
2476
2513
2571
2504
2459
2449
2461
2384
2526
2519
2565
2475
2538
2521
2534
2526
2565
2454
2526
2522
2529
2512
2415
2502
2518
2547
2461
2584
2441
2457
2503
2413
2522
2517
2451
2497
2454
2402
2503
2584
2457
2568
2485
2459
2464
2505
2410
2522
2552
2532
2426
2453
2519
2495
2454
2584
2483
2517
2554
2542
2474
2477
2503
2489
2455
2428
2561
2451
2529
2487
2570
2472
2498
2491
2530
2418
2459
2514
2459
2458
2412
2387
2579
2461
2553
2534
2407
2402
2555
2529
2462
2484
2548
2515
2490
2599
2545
2463
2452
2460
2520
2492
2483
2493
2385
2433
2496
2523
2455
2435
2510
2493
2520
2486
2463
2412
2443
2529
2468
2439
2436
2493
2480
2486
2490
2384
2485
2529
2545
2449
2383
2460
2456
2433
2434
2497
2533
2486
2553
2510
2521
2522
2530
2536
2402
2457
2489
2480
2465
2435
2495
2492
2541
2452
2376
2534
2430
2416
2466
2535
2438
2524
2445
2504
2491
2485
2429
2566
2522
2318
2485
2514
2437
2470
2352
2452
2430
2447
2430
2468
2448
2443
2449
2385
2363
2458
2384
2420
2425
2507
2403
2395
2349
2445
2415
2381
2367
2366
2377
2281
2315
2298
2318
2286
2308
2294
2338
2195
2261
2150
2153
2197
2043
2078
2094
1975
1951
1849
1837
1785
1744
1671
1683
1665
1609
1635
1572
1638
1677
1595
1654
1678
1658
1737
1718
1751
1734
1742
1660
1648
1607
1678
1648
1653
1624
1624
1615
1720
1771
1870
1774
1943
1844
1908
1969
2122
2030
2157
2220
2178
2209
2257
2283
2308
2203
2266
2314
2368
2420
2344
2390
2365
2321
2354
2432
2360
2354
2325
2424
2492
2379
2373
2365
2505
2467
2436
2369
2425
2502
2456
2379
2460
2408
2538
2376
2484
2470
2421
2381
2552
2504
2479
2504
2395
2490
2599
2497
2477
2557
2542
2467
2458
2474
2448
2521
2436
2465
2497
2428
2406
2474
2480
2548
2504
2548
2510
2419
2492
2482
2467
2451
2447
2511
2565
2442
2459
2489
2477
2508
2424
2462
2385
2515
2475
2517
2570
2516
2466
2488
2484
2514
2471
2440
2401
2388
2434
2447
2460
2509
2518
2517
2443
2540
2586
2515
2477
2525
2506
2453
2567
2506
2468
2506
2436
2538
2474
2420
2440
2421
2398
2396
2457
2538
2470
2427
2458
2479
2439
2488
2466
2512
2529
2554
2481
2501
2486
2526
2482
2480
2467
2527
2413
2545
2578
2538
2521
2519
2526
2524
2559
2506
2521
2554
2531
2526
2467
2427
2503
2386
2482
2508
2494
2512
2549
2559
2460
2520
2576
2514
2474
2549
2493
2571
2567
2432
2524
2478
2534
2549
2565
2478
2430
2424
2472
2527
2421
2580
2488
2460
2454
2537
2513
2419
2530
2438
2473
2543
2465
2417
2491
2537
2590
2539
2535
2474
2638
2593
2462
2509
2495
2508
2486
2538
2574
2501
2518
2556
2553
2459
2488
2560
2424
2482
