2502
2443
2561
2496
2508
2445
2493
2496
2523
2580
2549
2530
2548
2457
2475
2483
2470
2505
2579
2498
2582
2585
2533
2482
2514
2479
2535
2558
2474
2506
2477
2564
2567
2383
2562
2557
2553
2423
2511
2538
2639
2548
2463
2376
2547
2526
2613
2549
2404
2424
2464
2509
2644
2489
2569
2550
2549
2556
2486
2478
2434
2394
2486
2527
2486
2533
2562
2475
2513
2480
2478
2543
2561
2476
2557
2483
2456
2554
2495
2509
2553
2529
2465
2533
2529
2515
2586
2498
2433
2549
2501
2583
2428
2485
2471
2514
2529
2459
2381
2498
2545
2502
2513
2526
2434
2474
2558
2553
2509
2570
2502
2492
2530
2404
2461
2474
2481
2483
2564
2548
2487
2471
2576
2445
2487
2522
2596
2480
2504
2588
2564
2422
2490
2537
2480
2464
2522
2478
2539
2441
2546
2548
2531
2494
2493
2516
2473
2592
2511
2414
2545
2497
2533
2416
2467
2448
2530
2562
2433
2449
2389
2523
2453
2542
2561
2568
2509
2473
2555
2547
2604
2473
2486
2454
2511
2476
2505
2529
2449
2485
2487
2436
2401
2493
2459
2448
2475
2465
2508
2507
2407
2582
2478
2463
2492
2476
2452
2488
2431
2495
2454
2410
2513
2342
2405
2393
2463
2473
2437
2388
2353
2353
2437
2331
2293
2330
2291
2281
2225
2274
2255
2236
2236
2145
2095
2096
2174
2019
1891
1818
1883
1860
1847
1812
1700
1715
1680
1594
1636
1620
1655
1517
1689
1716
1657
1643
1726
1787
1691
1690
1789
1678
1673
1702
1669
1576
1550
1626
1700
1698
1682
1647
1797
1826
1864
1885
1906
2047
2033
2092
2120
2149
2182
2193
2203
2300
2373
2282
2308
2433
2303
2321
2298
2261
2329
2325
2358
2422
2288
2466
2385
2375
2412
2382
2442
2405
2429
2497
2522
2455
2461
2485
2445
2467
2425
2491
2460
2487
2446
2441
2507
2429
2451
2499
2453
2457
2472
2549
2458
2491
2510
2512
2510
2560
2432
2403
2477
2512
2525
2515
2505
2482
2488
2442
2535
2563
2546
2552
2386
2451
2457
2567
2476
2513
2498
2557
2487
2467
2535
2468
2488
2494
2487
2488
2559
2477
2566
2549
2523
2411
2461
2441
2501
2449
2497
2481
2476
2532
2632
2486
2516
2555
2437
2456
2442
2452
2453
2618
2479
2507
2502
2484
2455
2493
2564
2558
2512
2405
2520
2549
2665
2546
2579
2439
2472
2559
2457
2565
2452
2590
2536
2558
2528
2484
2601
2505
2572
2471
2417
2586
2483
2539
2515
2470
2659
2557
2495
2562
2532
2589
2539
2469
2525
2448
2396
2570
2542
2418
2538
2465
2468
2509
2599
2525
2535
2525
2585
2505
2483
2475
2457
2543
2498
2517
2460
2556
2489
2535
2510
2522
2473
2465
2392
2435
2532
2584
2516
2514
2503
2561
2434
2465
2494
2493
2471
2489
2511
2506
2489
2510
2531
2486
2515
2493
2556
2530
2427
2517
2481
2528
2482
2581
2514
2476
2548
2484
2550
2539
2501
2448
2464
2429
2402
2419
2528
2565
2560
2530
2532
2508
2525
2571
2508
2574
2487
2479
2506
2543
2553
2504
2551
2522
2612
2424
2581
2502
2534
2495
2535
2452
2419
2514
2563
2423
2518
2544
2600
2542
2540
2564
2623
2469
2488
2500
2500
2448
2560
2508
2480
2412
2605
2544
2481
2541
2537
2513
2520
2450
2478
2523
2489
2574
2442
2508
2551
2640
2550
2447
2620
2538
2591
2551
2524
2494
2510
2504
2443
2449
2440
2495
2528
2487
2559
2518
2489
2441
2515
2501
2571
2436
2505
2636
2549
2449
2484
2516
2550
2543
2512
2505
2394
2478
2526
2471
2477
2543
2575
2563
2443
2452
2469
2476
2513
2513
2462
2541
2508
2393
2499
2472
2416
2520
2484
2439
2464
2427
2454
2624
2437
2576
2563
2387
2502
2418
2458
2506
2463
2472
2539
2522
2480
2416
2478
2458
2489
2460
2549
2507
2491
2485
2423
2570
2489
2477
2506
2553
2434
2576
2510
2498
2592
2452
2607
2543
2555
2523
2420
2465
2512
2511
2517
2509
2494
2528
2437
2500
2571
2572
2526
2516
2480
2538
2469
2522
2520
2522
2468
2515
2456
2507
2534
2489
2396
2465
2423
2578
2490
2487
2503
2454
2454
2461
2435
2446
2402
2481
2493
2505
2411
2397
2496
2502
2469
2436
2429
2392
2510
2475
2434
2425
2433
2437
2410
2542
2530
2385
2425
2454
2344
2453
2435
2382
2412
2451
2453
2440
2407
2436
2467
2406
2400
2465
2415
2395
2351
2423
2429
2386
2389
2444
2336
2258
2418
2271
2285
2324
2337
2259
2281
2220
2259
2100
2065
2021
2158
1893
1894
1840
1830
1818
1719
1646
1659
1685
1668
1614
1591
1571
1571
1679
1620
1639
1690
1712
1697
1711
1710
1706
1672
1678
1643
1625
1614
1675
1626
1581
1661
1713
1659
1785
1854
1896
1867
1943
1960
2176
2092
2137
2161
2159
2222
2229
2315
2308
2335
2282
2365
2422
2400
2322
2320
2411
2408
2438
2413
2355
2421
2412
2456
2463
2373
2385
2465
2478
2450
2399
2400
2391
2354
2537
2489
2546
2394
2472
2477
2471
2446
2475
2518
2490
2607
2484
2498
2510
2484
2421
2458
2366
2542
2456
2552
2437
2493
2556
2447
2536
2405
2511
2465
2481
2518
2471
2513
2475
2486
2564
2413
2525
2422
2549
2458
2520
2446
2463
2449
2551
2460
2503
2568
2580
2499
2558
2577
2510
2462
2438
2511
2440
2554
2506
2565
2507
2547
2454
2530
2492
2505
2480
2460
2474
2530
2455
2487
2521
2463
2417
2462
2550
2489
2479
2558
2518
2479
2497
2460
2454
2494
2396
2506
2544
2420
2472
2544
2456
2516
2398
2482
2584
2529
2503
2536
2567
2506
2536
2477
2546
2585
2476
2545
2458
2541
2488
2497
2597
2445
2563
2386
2491
2585
2597
2478
2561
2507
2464
2561
2522
2507
2451
2508
2530
2466
2497
2464
2430
2534
2448
2526
2516
2530
2430
2475
2566
2540
2495
2454
2401
2479
2533
2449
2497
2529
2447
2466
2538
2503
2487
2541
2508
2531
2638
2456
2508
2545
2528
2607
2497
2503
2494
2502
2461
2513
2498
2513
2455
2465
2496
2548
2494
2591
2491
2562
2509
2546
2569
2571
2498
2457
2464
2596
2560
2545
2585
2453
