2523
2571
2575
2480
2467
2533
2424
2497
2358
2471
2506
2564
2580
2531
2452
2538
2449
2526
2480
2489
2586
2503
2583
2542
2583
2570
2547
2606
2478
2560
2545
2439
2430
2458
2551
2483
2481
2505
2488
2574
2501
2406
2541
2483
2490
2492
2511
2493
2556
2536
2498
2365
2513
2471
2541
2540
2454
2520
2464
2482
2618
2473
2512
2416
2486
2455
2560
2515
2530
2495
2524
2451
2496
2586
2465
2543
2504
2421
2496
2546
2408
2550
2500
2470
2530
2491
2484
2491
2572
2557
2559
2467
2459
2564
2546
2531
2504
2527
2500
2535
2533
2515
2466
2428
2487
2520
2430
2536
2513
2443
2473
2512
2483
2479
2478
2543
2409
2424
2440
2459
2453
2406
2406
2486
2558
2447
2486
2495
2459
2445
2457
2549
2521
2480
2473
2565
2433
2511
2458
2483
2552
2472
2585
2469
2566
2522
2454
2485
2466
2468
2479
2511
2480
2422
2467
2461
2464
2467
2502
2422
2524
2518
2508
2494
2562
2455
2477
2542
2445
2435
2432
2514
2475
2476
2416
2521
2485
2450
2503
2417
2490
2517
2436
2493
2470
2480
2468
2461
2447
2440
2449
2428
2456
2383
2472
2538
2450
2399
2369
2373
2493
2357
2440
2415
2412
2418
2421
2430
2364
2382
2309
2364
2379
2366
2326
2283
2357
2235
2324
2300
2261
2264
2222
2209
2139
2218
2045
2063
1949
1981
1906
1816
1793
1781
1706
1759
1668
1595
1681
1613
1644
1625
1598
1680
1649
1702
1719
1679
1717
1758
1696
1594
1604
1608
1617
1642
1640
1598
1643
1616
1722
1718
1728
1792
1892
1879
1882
1963
2030
2112
2086
2193
2244
2230
2235
2266
2342
2323
2326
2297
2460
2329
2393
2442
2288
2340
2420
2442
2407
2388
2353
2409
2353
2467
2411
2414
2308
2511
2390
2393
2379
2479
2460
2428
2416
2505
2388
2317
2488
2492
2408
2578
2524
2495
2396
2483
2434
2384
2502
2448
2527
2450
2558
2491
2565
2499
2472
2435
2422
2466
2444
2551
2444
2416
2507
2534
2470
2546
2467
2470
2572
2457
2425
2460
2531
2513
2470
2510
2488
2447
2553
2624
2486
2549
2457
2395
2494
2508
2586
2490
2440
2552
2520
2468
2434
2373
2523
2536
2465
2528
2505
2444
2500
2577
2535
2509
2453
2420
2530
2557
2465
2604
2420
2581
2509
2471
2472
2574
2526
2496
2596
2453
2510
2494
2533
2493
2525
2551
2487
2409
2475
2493
2456
2481
2490
2449
2544
2509
2557
2487
2522
2499
2431
2428
2498
2462
2463
2496
2373
2498
2587
2541
2468
2544
2512
2400
2485
2525
2493
2552
2584
2580
2531
2516
2522
2472
2474
2543
2538
2545
2555
2611
2460
2503
2519
2488
2501
2563
2481
2505
2435
2434
2469
2540
2528
2507
2514
2416
2536
2407
2474
2480
2465
2483
2505
2400
2521
2566
2484
2500
2504
2480
2465
2516
2604
2548
2443
2485
2435
2457
2429
2477
2509
2486
2521
2601
2401
2446
2505
2546
2613
2514
2529
2581
2480
2645
2459
2517
2527
2544
2576
2462
2550
2445
2399
2565
2480
2424
2553
2560
2502
2527
2525
2502
2462
2454
2523
2491
2528
2461
2403
2439
2520
2503
2534
2575
2543
2456
2501
2470
2486
2562
2439
2604
2489
2505
2537
2474
2522
2497
2436
2559
2568
2383
2548
2519
2570
2513
2481
2539
2446
2450
2573
2466
2584
2437
2514
2476
2614
2457
2458
2440
2528
2479
2507
2472
2589
2564
2580
2487
2435
2461
2548
2536
2514
2558
2504
2534
2577
2494
2456
2566
2487
2513
2459
2457
2479
2573
2508
2468
2487
2441
2501
2520
2551
2494
2492
2470
2503
2541
2527
2440
2542
2477
2486
2524
2572
2570
2581
2479
2570
2543
2469
2512
2477
2532
2512
2561
2536
2512
2538
2484
2478
2527
2461
2498
2618
2448
2499
2522
2551
2474
2498
2479
2542
2598
2431
2515
2519
2516
2483
2608
2471
2542
2454
2494
2422
2494
2459
2510
2558
2546
2581
2458
2491
2526
2434
2482
2432
2564
2402
2491
2495
2472
2514
2434
2512
2529
2455
2455
2492
2534
2479
2492
2493
2541
2453
2465
2419
2465
2444
2491
2484
2513
2505
2582
2460
2523
2388
2555
2421
2455
2499
2387
2399
2473
2529
2489
2474
2497
2458
2342
2472
2406
2403
2399
2421
2422
2355
2488
2442
2477
2511
2472
2411
2423
2440
2519
2348
2436
2388
2469
2427
2436
2397
2421
2356
2351
2435
2289
2419
2452
2364
2438
2480
2372
2476
2463
2286
2347
2343
2399
2327
2305
2378
2395
2238
2162
2203
2387
2231
2160
2005
2064
1997
1953
1888
1798
1785
1798
1795
1662
1695
1640
1596
1594
1645
1598
1616
1561
1646
1657
1672
1712
1635
1694
1716
1676
1693
1665
1662
1599
1653
1573
1571
1665
1687
1683
1702
1701
1836
1874
1943
2018
1977
2041
2112
2153
2203
2205
2322
2218
2197
2419
2279
2263
2404
2393
2409
2454
2410
2395
2295
2361
2372
2486
2406
2465
2335
2426
2450
2428
2420
2438
2382
2478
2457
2477
2433
2411
2426
2412
2426
2455
2427
2445
2358
2340
2478
2454
2432
2466
2408
2496
2530
2478
2397
2514
2396
2474
2538
2449
2476
2553
2484
2386
2483
2491
2480
2410
2512
2501
2429
2504
2446
2459
2522
2504
2463
2462
2449
2524
2619
2551
2466
2361
2458
2429
2521
2448
2455
2533
2553
2379
2412
2507
2560
2467
2461
2442
2487
2538
2521
2447
2516
2436
2561
2474
2505
2530
2455
2495
2472
2525
2535
2495
2442
2504
2491
2528
2452
2463
2540
2445
2507
2529
2383
2526
2426
2506
2538
2400
2489
2390
2449
2497
2588
2446
2444
2473
2489
2532
2448
2514
2470
2564
2504
2610
2499
2545
2555
2592
2551
2524
2498
2438
2503
2480
2535
2520
2461
2476
2417
2453
2426
2567
2518
2459
2561
2523
2531
2371
2606
2428
2467
2465
2563
2456
2513
2512
2537
2517
2500
2459
2418
2481
2513
2471
2462
2400
2470
2523
2533
2514
2476
2567
2507
2489
2502
2436
2520
2498
2599
2442
2523
2551
2515
2528
2515
2550
2481
2530
2457
2498
2588
2450
2524
2488
2531
2500
2474
2557
2563
2482
2487
2554
2485
2526
2578
2503
2528
2565
2442
