2488
2506
2445
2519
2483
2595
2538
2508
2525
2502
2415
2490
2450
2380
2497
2495
2542
2424
2521
2605
2543
2433
2580
2527
2499
2446
2505
2494
2563
2492
2486
2534
2455
2406
2525
2475
2607
2417
2551
2439
2426
2532
2554
2559
2486
2437
2528
2470
2402
2485
2526
2524
2468
2475
2495
2587
2554
2417
2546
2444
2548
2517
2469
2502
2452
2506
2505
2453
2461
2512
2432
2476
2479
2501
2435
2513
2532
2484
2527
2452
2540
2440
2527
2560
2543
2496
2501
2505
2545
2467
2437
2510
2493
2508
2534
2485
2492
2431
2522
2461
2486
2459
2460
2518
2428
2462
2434
2481
2492
2526
2534
2493
2409
2514
2447
2418
2503
2608
2486
2526
2470
2555
2510
2461
2445
2460
2452
2471
2447
2457
2511
2500
2406
2481
2511
2494
2573
2490
2538
2452
2462
2483
2546
2470
2454
2493
2549
2427
2498
2470
2420
2404
2438
2434
2450
2470
2457
2470
2496
2474
2428
2427
2449
2504
2452
2444
2457
2561
2534
2345
2352
2378
2484
2453
2483
2519
2403
2508
2534
2522
2463
2404
2465
2519
2451
2543
2363
2483
2382
2490
2469
2396
2400
2438
2476
2471
2436
2322
2493
2470
2410
2461
2421
2402
2406
2457
2421
2425
2406
2383
2326
2314
2342
2329
2378
2363
2281
2249
2311
2225
2263
2231
2222
2144
2128
2154
2087
2028
1990
1945
1927
1898
1827
1736
1776
1715
1657
1628
1673
1710
1568
1576
1675
1731
1660
1652
1684
1720
1703
1705
1644
1641
1619
1639
1609
1631
1583
1598
1569
1661
1688
1855
1724
1809
1843
1899
1980
2004
2056
2085
2227
2246
2160
2141
2250
2308
2279
2278
2272
2337
2365
2436
2381
2402
2315
2422
2275
2425
2372
2388
2430
2381
2414
2455
2486
2432
2410
2536
2408
2415
2428
2456
2487
2427
2426
2481
2474
2498
2459
2543
2490
2393
2384
2366
2420
2445
2481
2475
2477
2455
2464
2507
2417
2500
2503
2464
2541
2508
2553
2495
2553
2409
2491
2459
2471
2557
2494
2499
2480
2439
2469
2456
2432
2454
2513
2528
2574
2490
2470
2415
2480
2439
2487
2484
2561
2628
2416
2479
2436
2459
2406
2458
2480
2551
2572
2550
2544
2441
2560
2545
2493
2475
2466
2471
2523
2437
2495
2464
2503
2477
2502
2529
2494
2466
2510
2399
2490
2459
2497
2526
2428
2526
2585
2501
2585
2520
2461
2569
2602
2474
2507
2463
2518
2498
2436
2477
2553
2539
2492
2521
2463
2482
2455
2480
2441
2394
2535
2516
2523
2429
2564
2527
2564
2451
2521
2467
2528
2428
2487
2520
2480
2515
2585
2485
2584
2549
2529
2574
2514
2553
2529
2482
2540
2377
2456
2561
2430
2502
2517
2465
2561
2477
2552
2511
2426
2579
2547
2470
2483
2437
2565
2454
2485
2554
2465
2533
2518
2422
2497
2579
2441
2571
2528
2464
2472
2487
2508
2382
2540
2489
2534
2517
2559
2509
2446
2471
2454
2523
2397
2466
2542
2511
2497
2502
2446
2512
2570
2470
2534
2436
2424
2507
2451
2445
2441
2454
2364
2593
2512
2534
2434
2592
2501
2489
2479
2547
2502
2484
2472
2428
2455
2573
2529
2599
2527
2442
2399
2452
2482
2497
2489
2508
2443
2450
2411
2517
2564
2563
2455
2499
2485
2485
2484
2496
2465
2574
2573
2557
2523
2582
2524
2525
2560
2515
2503
2493
2532
2517
2439
2515
2412
2436
2495
2574
2430
2426
2476
2459
2518
2446
2542
2507
2568
2478
2458
2564
2575
2566
2520
2604
2490
2463
2485
2511
2495
2475
2509
2491
2603
2522
2508
2465
2520
2451
2503
2483
2379
2463
2476
2431
2502
2441
2468
2523
2458
2522
2467
2481
2460
2491
2430
2505
2505
2509
2447
2502
2489
2540
2384
2507
2512
2444
2411
2497
2509
2496
2515
2507
2440
2523
2477
2484
2484
2494
2473
2485
2428
2482
2415
2505
2457
2461
2528
2502
2480
2535
2435
2596
2436
2530
2460
2398
2456
2429
2513
2492
2450
2507
2519
2505
2467
2432
2486
2564
2508
2464
2579
2489
2421
2423
2510
2540
2451
2532
2457
2463
2551
2465
2491
2561
2444
2554
2558
2542
2453
2604
2407
2428
2533
2500
2499
2412
2468
2331
2512
2399
2481
2547
2489
2435
2468
2423
2495
2540
2458
2561
2486
2450
2497
2420
2373
2438
2498
2402
2460
2435
2410
2529
2434
2505
2407
2403
2488
2486
2525
2391
2424
2384
2502
2331
2435
2332
2305
2407
2345
2416
2421
2380
2404
2263
2384
2343
2425
2322
2216
2233
2292
2215
2291
2166
2223
2203
2163
2131
1994
1974
1974
1891
1851
1808
1760
1698
1642
1699
1661
1586
1606
1645
1564
1589
1633
1706
1694
1680
1634
1744
1659
1676
1674
1591
1578
1665
1599
1583
1652
1606
1660
1742
1774
1687
1741
1860
1869
1925
1993
2137
2086
2109
2092
2221
2150
2320
2251
2333
2275
2281
2291
2413
2389
2361
2393
2423
2322
2508
2358
2374
2367
2319
2484
2410
2394
2403
2404
2413
2514
2419
2428
2486
2411
2444
2480
2443
2437
2502
2470
2439
2389
2488
2489
2453
2441
2484
2506
2431
2446
2488
2469
2421
2423
2414
2480
2391
2522
2353
2441
2483
2480
2471
2473
2421
2514
2457
2421
2453
2536
2570
2412
2464
2518
2506
2551
2570
2492
2431
2421
2480
2474
2490
2413
2462
2500
2456
2518
2511
2507
2518
2451
2429
2423
2447
2508
2508
2535
2439
2376
2529
2521
2559
2384
2509
2549
2442
2494
2459
2460
2530
2621
2480
2394
2525
2576
2400
2503
2555
2541
2549
2543
2510
2520
2424
2505
2563
2538
2540
2535
2389
2516
2436
2533
2530
2454
2427
2501
2437
2562
2517
2614
2482
2492
2498
2407
2546
2494
2473
2497
2445
2454
2494
2480
2512
2472
2453
2492
2573
2487
2439
2482
2625
2511
2504
2531
2498
2501
2576
2477
2505
2601
2500
2492
2500
2459
2471
2421
2537
2480
2470
2504
2450
2507
2534
2417
2458
2451
2462
2553
2527
2426
2444
2467
2576
2440
2476
2464
2464
2372
2571
2493
2474
2526
2470
2441
2412
2488
2478
2562
2454
2483
2519
2533
2503
2522
2515
2484
2473
2493
2470
2534
2513
2465
2521
2570
2439
2493
