2793
2876
2723
2733
2842
2790
2841
2715
2734
2784
2762
2741
2842
2768
2749
2732
2776
2854
2855
2755
2750
2814
2831
2732
2766
2775
2827
2790
2795
2749
2872
2768
2822
2780
2975
2803
2818
2811
2929
2828
2776
2721
2792
2753
2832
2847
2839
2709
2858
2683
2769
2831
2747
2750
2859
2835
2871
2745
2756
2737
2879
2771
2750
2815
2767
2801
2818
2793
2780
2745
2752
2866
2786
2809
2791
2794
2806
2855
2824
2758
2771
2808
2780
2742
2828
2754
2726
2826
2805
2869
2774
2858
2940
2802
2692
2825
2726
2834
2761
2799
2735
2838
2852
2708
2781
2779
2856
2752
2714
2819
2785
2767
2699
2816
2792
2797
2759
2784
2741
2840
2781
2823
2882
2809
2813
2716
2796
2748
2802
2796
2765
2801
2767
2781
2737
2848
2840
2844
2709
2731
2764
2717
2702
2852
2823
2793
2782
2753
2709
2799
2621
2790
2846
2808
2760
2791
2829
2781
2671
2703
2765
2740
2835
2717
2767
2781
2728
2736
2746
2789
2809
2774
2751
2782
2789
2755
2792
2765
2832
2783
2720
2660
2781
2757
2725
2745
2680
2735
2685
2766
2732
2697
2798
2719
2782
2666
2773
2674
2719
2707
2850
2601
2608
2803
2716
2741
2691
2630
2703
2653
2748
2626
2715
2684
2594
2627
2581
2487
2576
2598
2497
2450
2542
2356
2408
2457
2331
2383
2132
2175
2061
2097
1962
1929
1962
1825
1801
1873
1848
1796
1794
1757
1815
1905
1815
1847
1932
2008
1944
1872
1825
1841
1768
1771
1890
1842
1761
1856
1893
1833
1934
1989
1939
2030
2095
2091
2142
2260
2273
2329
2349
2367
2491
2479
2528
2442
2603
2578
2626
2684
2675
2695
2698
2650
2732
2682
2659
2701
2561
2665
2729
2728
2639
2744
2649
2793
2681
2593
2697
2714
2659
2767
2776
2719
2739
2776
2814
2749
2729
2720
2766
2712
2836
2805
2763
2790
2731
2828
2763
2716
2782
2614
2816
2695
2766
2757
2798
2750
2740
2717
2806
2694
2665
2748
2791
2805
2797
2749
2788
2766
2797
2721
2799
2769
2772
2740
2738
2816
2814
2759
2791
2747
2764
2782
2838
2890
2712
2656
2708
2761
2742
2768
2752
2765
2677
2821
2784
2730
2805
2773
2786
2749
2835
2802
2820
2870
2690
2838
2803
2727
2791
2825
2781
2752
2858
2781
2797
2817
2834
2780
2717
2770
2762
2819
2780
2791
2806
2736
2826
2889
2840
2812
2762
2780
2890
2752
2836
2770
2849
2748
2776
2728
2844
2678
2845
2696
2811
2752
2751
2744
2819
2738
2833
2806
2742
2807
2705
2797
2782
2783
2763
2733
2835
2791
2794
2893
2820
2847
2796
2794
2822
2840
2775
2832
2897
2787
2819
2749
2738
2828
2767
2831
2745
2825
2715
2853
2689
2778
2896
2775
2721
2775
2798
2828
2806
2783
2784
2756
2737
2770
2792
2701
2832
2692
2745
2718
2688
2732
2760
2718
2809
2718
2776
2820
2844
2842
2844
2805
2766
2884
2723
2710
2854
2788
2781
2695
2760
2689
2815
2785
2832
2865
2850
2830
2780
2854
2800
2838
2855
2783
2813
2768
2722
2735
2888
2786
2887
2712
2707
2733
2777
2813
2755
2710
2781
2751
2774
2761
2770
2758
2781
2854
2865
2778
2741
2786
2772
2819
2857
2762
2773
2815
2748
2802
2839
2811
2787
2858
2691
2755
2716
2777
2705
2752
2899
2780
2766
2773
2775
2753
2710
2767
2765
2833
2726
2797
2738
2794
2764
2804
2775
2765
2829
2836
2735
2731
2807
2737
2705
2786
2769
2778
2947
2836
2811
2780
2783
2738
2750
2705
2828
2726
2785
2830
2748
2770
2790
2710
2814
2823
2833
2799
2794
2736
2833
2709
2754
2867
2832
2760
2807
2767
2866
2763
2747
2711
2806
2820
2886
2802
2762
2769
2818
2703
2829
2717
2837
2788
2799
2798
2738
2732
2815
2838
2857
2868
2813
2852
2816
2785
2870
2741
2843
2721
2729
2789
2722
2808
2667
2917
2723
2756
2674
2748
2713
2890
2704
2694
2884
2821
2737
2787
2779
2811
2828
2720
2767
2771
2805
2729
2880
2722
2768
2727
2792
2771
2785
2760
2817
2811
2814
2723
2772
2793
2736
2846
2725
2851
2706
2887
2801
2752
2739
2791
2680
2734
2714
2737
2754
2709
2805
2861
2794
2799
2726
2604
2849
2727
2793
2744
2730
2803
2671
2805
2728
2719
2640
2719
2682
2725
2688
2675
2759
2778
2714
2667
2732
2722
2722
2679
2803
2640
2612
2690
2648
2655
2653
2658
2619
2590
2664
2572
2605
2552
2588
2576
2469
2494
2475
2487
2510
2345
2370
2323
2257
2217
2145
2056
2074
1930
1984
1897
1924
1830
1796
1863
1804
1759
1800
1856
1834
1827
1916
1834
1963
1934
1906
1834
1848
1787
1872
1763
1797
1755
1889
1845
1809
1888
1924
2025
2017
2005
2092
2107
2240
2267
2311
2308
2366
2436
2479
2477
2615
2533
2568
2539
2607
2615
2595
2597
2639
2595
2629
2653
2705
2645
2719
2728
2732
2693
2774
2691
2768
2727
2729
2644
2689
2788
2732
2767
2805
2685
2764
2765
2758
2734
2771
2732
2811
2674
2764
2680
2835
2718
2801
2750
2814
2746
2730
2760
2699
2733
2777
2786
2740
2796
2705
2853
2792
2897
2706
2685
2743
2760
2717
2668
2739
2722
2775
2749
2738
2708
2725
2772
2696
2821
2739
2829
2887
2812
2772
2837
2699
2664
2671
2767
2797
2726
2855
2890
2757
2784
2769
2740
2802
2776
2729
2771
2751
2772
2781
2791
2766
2798
2776
2769
2762
2743
2890
2719
2705
2762
2821
2737
2669
2775
2841
2819
2703
2811
2831
2706
2786
2762
2819
2767
2755
2753
2815
2797
2856
2773
2792
2754
2782
2702
2760
2748
2847
2864
2780
2748
2850
2841
2860
2811
2715
2777
2734
2765
2775
2844
2802
2853
2884
2792
2816
2816
2773
2794
2802
2800
2773
2875
2833
2856
2781
2806
2835
2717
2798
2873
2788
2853
2770
2773
2792
2837
2938
2801
2826
2805
2780
2802
2702
2745
2777
2786
2856
2780
2855
2779
2741
2778
2762
2903
2748
2820
2818
2772
2844
2809
2743
2805
2819
2780
2672
2749
2814
2749
2831
2743
2812
2881
2793
2823
2815
2767
2824
2805
2858
2775
2737
