2514
2514
2534
2472
2539
2551
2553
2550
2525
2558
2578
2394
2531
2523
2471
2560
2529
2434
2521
2598
2498
2544
2463
2437
2551
2599
2529
2541
2515
2496
2461
2527
2531
2511
2480
2480
2518
2554
2535
2448
2609
2493
2472
2461
2539
2413
2520
2553
2517
2479
2497
2553
2521
2385
2549
2488
2558
2543
2582
2485
2520
2520
2522
2619
2458
2530
2546
2531
2573
2525
2465
2439
2460
2491
2459
2502
2493
2560
2503
2570
2459
2578
2593
2430
2503
2487
2435
2538
2499
2525
2500
2451
2481
2568
2464
2519
2446
2431
2491
2507
2470
2516
2460
2502
2426
2460
2512
2475
2441
2463
2477
2442
2482
2484
2590
2490
2515
2367
2527
2432
2487
2437
2518
2520
2547
2428
2558
2488
2556
2554
2516
2468
2557
2578
2482
2515
2461
2531
2453
2568
2494
2502
2480
2471
2433
2468
2596
2492
2559
2421
2449
2474
2432
2486
2441
2457
2516
2475
2505
2445
2489
2571
2511
2378
2446
2533
2541
2427
2451
2487
2415
2536
2572
2515
2484
2483
2444
2512
2474
2455
2487
2484
2443
2524
2539
2543
2444
2507
2561
2445
2459
2381
2525
2466
2474
2428
2401
2430
2433
2459
2534
2567
2416
2521
2437
2442
2318
2425
2426
2504
2436
2413
2371
2380
2382
2346
2347
2382
2298
2378
2333
2272
2200
2137
2200
2149
2104
2092
2025
1939
1921
1865
1794
1663
1707
1659
1630
1679
1646
1612
1580
1692
1683
1671
1684
1792
1791
1710
1759
1771
1734
1675
1617
1642
1550
1581
1676
1642
1675
1663
1709
1772
1780
1776
1831
1848
1912
1977
2078
2128
2128
2183
2209
2241
2369
2141
2318
2330
2355
2315
2442
2395
2338
2419
2407
2365
2427
2422
2462
2356
2409
2473
2475
2518
2432
2467
2487
2516
2451
2407
2361
2453
2440
2456
2451
2435
2467
2484
2504
2510
2455
2446
2484
2476
2457
2514
2453
2511
2442
2464
2459
2489
2396
2490
2410
2508
2490
2510
2560
2475
2569
2469
2506
2512
2449
2559
2548
2400
2519
2595
2420
2503
2499
2482
2570
2492
2513
2453
2529
2449
2429
2553
2513
2543
2468
2534
2507
2487
2549
2421
2512
2530
2553
2506
2489
2472
2474
2437
2471
2467
2425
2528
2528
2605
2489
2495
2458
2583
2495
2579
2461
2527
2567
2502
2508
2393
2437
2608
2481
2431
2522
2522
2607
2504
2475
2416
2492
2491
2547
2583
2482
2507
2489
2556
2472
2548
2587
2511
2522
2529
2559
2529
2559
2556
2465
2541
2472
2544
2491
2566
2611
2537
2544
2524
2572
2492
2435
2607
2592
2503
2567
2503
2514
2550
2516
2600
2401
2547
2503
2500
2428
2467
2575
2523
2565
2583
2522
2508
2459
2410
2613
2487
2431
2513
2470
2538
2510
2585
2528
2557
2482
2554
2520
2538
2562
2573
2476
2468
2510
2511
2394
2591
2504
2475
2421
2448
2462
2525
2472
2487
2413
2517
2452
2452
2503
2507
2465
2536
2569
2409
2514
2484
2493
2545
2516
2521
2450
2512
2437
2500
2566
2540
2487
2463
2485
2522
2474
2460
2514
2509
2536
2440
2406
2522
2589
2586
2481
2462
2538
2419
2555
2549
2560
2566
2489
2447
2580
2502
2462
2572
2514
2534
2447
2568
2426
2464
2464
2641
2572
2521
2511
2504
2446
2510
2475
2435
2473
2446
2516
2490
2463
2435
2547
2579
2514
2467
2485
2501
2559
2417
2557
2407
2479
2511
2555
2549
2483
2466
2624
2580
2564
2437
2503
2514
2552
2558
2510
2508
2463
2420
2539
2506
2589
2590
2540
2453
2540
2470
2538
2574
2540
2576
2492
2461
2450
2461
2497
2427
2533
2481
2524
2541
2470
2506
2558
2461
2485
2512
2423
2474
2556
2393
2484
2519
2484
2528
2525
2475
2545
2501
2478
2528
2548
2467
2471
2390
2486
2505
2580
2530
2551
2568
2548
2524
2476
2510
2570
2472
2523
2593
2499
2466
2502
2509
2501
2467
2502
2535
2388
2537
2503
2446
2448
2396
2536
2546
2473
2452
2498
2571
2487
2502
2526
2615
2391
2481
2480
2464
2493
2573
2474
2537
2571
2462
2529
2500
2515
2483
2489
2458
2535
2467
2417
2477
2512
2547
2466
2486
2419
2558
2483
2547
2519
2481
2507
2412
2457
2412
2483
2494
2498
2505
2357
2438
2531
2340
2460
2439
2447
2473
2370
2443
2534
2472
2566
2478
2384
2437
2512
2375
2459
2392
2381
2404
2405
2382
2458
2434
2402
2463
2496
2385
2326
2369
2398
2443
2400
2423
2424
2397
2340
2323
2386
2231
2234
2275
2246
2267
2270
2116
2185
2185
2082
2072
2024
1965
1897
1916
1920
1785
1772
1643
1687
1617
1691
1629
1706
1672
1670
1616
1634
1638
1618
1727
1788
1641
1710
1682
1626
1705
1649
1572
1665
1660
1700
1599
1627
1691
1699
1763
1837
1850
1893
2099
1914
2057
2097
2218
2187
2317
2206
2266
2257
2271
2273
2305
2304
2375
2337
2350
2334
2380
2345
2342
2389
2438
2418
2365
2397
2472
2406
2405
2461
2396
2567
2392
2423
2504
2445
2439
2477
2418
2531
2538
2433
2453
2411
2543
2520
2502
2498
2355
2505
2426
2407
2543
2502
2433
2446
2507
2525
2474
2528
2476
2512
2502
2465
2492
2484
2536
2488
2534
2476
2513
2457
2507
2502
2529
2506
2496
2444
2488
2557
2428
2460
2479
2440
2480
2411
2490
2462
2543
2498
2539
2538
2509
2515
2482
2443
2517
2494
2560
2467
2485
2555
2439
2402
2475
2470
2448
2452
2449
2527
2534
2475
2509
2574
2561
2508
2484
2463
2551
2494
2549
2522
2500
2495
2511
2416
2559
2407
2501
2493
2517
2510
2530
2502
2495
2544
2515
2517
2476
2463
2476
2484
2473
2537
2561
2454
2405
2487
2469
2456
2498
2566
2507
2425
2470
2519
2548
2437
2532
2473
2534
2411
2522
2455
2372
2537
2524
2500
2562
2487
2459
2484
2553
2426
2569
2617
2495
2545
2450
2580
2493
2550
2471
2553
2525
2492
2499
2479
2551
2558
2407
2520
2508
2498
2492
2522
2445
2525
2523
2518
2405
2528
2576
2447
2564
2594
2505
2485
2558
2425
2433
2492
2528
2504
2450
2486
2522
2568
2506
2418
2611
2501
2530
2528
2535
2512
2416
2526
2517
2423
