2518
2454
2496
2524
2600
2565
2546
2463
2483
2501
2597
2439
2539
2526
2502
2509
2497
2516
2556
2465
2542
2464
2510
2534
2491
2605
2583
2531
2544
2439
2443
2557
2541
2554
2504
2527
2534
2494
2458
2535
2538
2492
2505
2486
2512
2596
2519
2491
2464
2506
2449
2582
2570
2517
2535
2514
2587
2516
2548
2529
2511
2476
2574
2548
2580
2562
2523
2504
2564
2551
2464
2538
2499
2562
2477
2501
2517
2547
2514
2526
2471
2480
2455
2522
2411
2482
2453
2582
2481
2493
2527
2449
2510
2532
2504
2507
2460
2579
2482
2494
2583
2538
2546
2518
2487
2545
2508
2597
2444
2498
2616
2522
2570
2503
2573
2561
2549
2540
2473
2597
2363
2541
2459
2454
2563
2614
2455
2481
2551
2568
2445
2472
2398
2519
2518
2536
2503
2516
2536
2545
2526
2439
2489
2586
2463
2454
2476
2537
2537
2625
2529
2505
2468
2547
2434
2553
2412
2520
2621
2528
2562
2582
2533
2561
2564
2452
2488
2543
2435
2653
2396
2525
2536
2473
2544
2604
2439
2538
2442
2439
2502
2447
2575
2565
2431
2495
2424
2490
2420
2466
2442
2545
2532
2490
2495
2402
2443
2426
2478
2496
2439
2572
2502
2380
2495
2416
2433
2323
2489
2408
2430
2390
2296
2435
2406
2379
2338
2339
2253
2297
2261
2207
2239
2174
2145
2209
2044
2075
1936
1949
1964
1871
1889
1755
1683
1664
1717
1600
1648
1679
1578
1570
1674
1685
1710
1679
1702
1697
1719
1802
1689
1639
1680
1664
1623
1692
1651
1645
1701
1736
1734
1777
1764
1815
1827
1918
1937
1951
2047
2137
2103
2154
2228
2311
2314
2238
2263
2291
2397
2440
2303
2291
2417
2368
2389
2450
2445
2332
2357
2436
2381
2396
2428
2367
2464
2488
2431
2393
2489
2458
2429
2491
2499
2457
2503
2431
2470
2475
2569
2516
2444
2493
2512
2491
2504
2425
2575
2461
2490
2559
2543
2491
2529
2466
2528
2483
2556
2431
2475
2497
2506
2401
2490
2551
2511
2494
2505
2609
2422
2513
2491
2500
2555
2497
2466
2542
2607
2524
2497
2543
2590
2564
2560
2522
2471
2536
2538
2512
2584
2561
2459
2600
2601
2507
2527
2536
2433
2516
2521
2551
2651
2570
2571
2551
2529
2477
2468
2471
2531
2542
2512
2510
2544
2510
2520
2483
2585
2460
2493
2549
2557
2481
2577
2510
2491
2594
2487
2543
2441
2495
2532
2509
2525
2486
2532
2463
2489
2506
2511
2479
2568
2454
2516
2568
2523
2589
2616
2461
2552
2517
2617
2544
2470
2440
2610
2516
2524
2499
2518
2462
2537
2605
2562
2503
2588
2572
2603
2594
2536
2553
2565
2508
2461
2541
2481
2549
2449
2451
2518
2419
2567
2560
2553
2585
2504
2525
2534
2430
2480
2590
2495
2528
2527
2471
2503
2581
2467
2531
2585
2475
2573
2552
2582
2566
2518
2595
2479
2499
2581
2602
2509
2461
2483
2571
2502
2510
2541
2565
2554
2542
2581
2456
2534
2502
2516
2470
2498
2531
2528
2454
2529
2480
2555
2476
2533
2554
2511
2498
2539
2566
2440
2510
2552
2493
2537
2479
2511
2544
2555
2469
2528
2444
2602
2467
2489
2502
2398
2435
2571
2562
2526
2535
2565
2653
2558
2546
2524
2576
2513
2471
2448
2590
2563
2534
2526
2531
2587
2553
2588
2476
2573
2564
2507
2505
2507
2568
2579
2630
2568
2489
2544
2501
2426
2620
2516
2472
2503
2504
2568
2528
2530
2507
2599
2487
2504
2556
2532
2540
2628
2588
2517
2569
2568
2580
2489
2594
2483
2543
2509
2529
2450
2477
2505
2502
2494
2467
2442
2511
2577
2503
2526
2520
2622
2535
2546
2425
2571
2560
2499
2437
2563
2492
2534
2451
2549
2457
2584
2565
2508
2558
2500
2433
2497
2488
2454
2473
2453
2514
2560
2528
2539
2461
2553
2553
2472
2433
2475
2482
2510
2543
2510
2400
2448
2562
2561
2502
2477
2516
2639
2543
2426
2474
2494
2549
2519
2472
2579
2492
2483
2490
2468
2483
2577
2525
2502
2467
2509
2396
2454
2461
2472
2498
2492
2540
2560
2484
2505
2447
2482
2503
2515
2543
2412
2578
2500
2533
2463
2382
2460
2581
2477
2519
2447
2465
2496
2472
2457
2403
2540
2485
2463
2594
2501
2573
2549
2470
2464
2434
2506
2448
2514
2454
2519
2417
2572
2501
2483
2461
2464
2442
2507
2421
2490
2467
2440
2369
2407
2409
2481
2429
2429
2475
2454
2415
2398
2429
2417
2323
2396
2330
2371
2340
2380
2367
2339
2361
2317
2298
2256
2247
2229
2221
2179
2073
2035
1971
1901
1880
1893
1823
1717
1682
1647
1676
1706
1620
1624
1603
1590
1629
1733
1653
1728
1714
1733
1767
1685
1667
1662
1617
1590
1622
1623
1643
1661
1691
1702
1713
1730
1862
1910
1796
1937
1949
2037
2090
2130
2120
2166
2273
2220
2126
2310
2297
2374
2393
2299
2441
2270
2469
2481
2365
2379
2381
2487
2391
2443
2462
2381
2439
2449
2379
2372
2456
2367
2441
2403
2507
2485
2464
2498
2417
2449
2409
2480
2562
2521
2400
2533
2448
2570
2498
2392
2447
2456
2402
2458
2476
2525
2438
2479
2528
2437
2574
2489
2563
2505
2484
2510
2465
2532
2530
2513
2527
2528
2570
2552
2450
2489
2530
2529
2471
2490
2538
2458
2584
2522
2456
2534
2489
2577
2445
2563
2448
2604
2582
2556
2493
2516
2469
2555
2479
2486
2514
2497
2485
2539
2470
2599
2453
2478
2536
2521
2473
2535
2500
2418
2421
2480
2545
2553
2441
2551
2494
2416
2506
2467
2541
2495
2474
2501
2474
2418
2522
2481
2431
2464
2665
2462
2613
2534
2523
2400
2616
2519
2579
2544
2461
2529
2448
2469
2532
2436
2441
2590
2472
2563
2482
2526
2508
2475
2491
2437
2554
2530
2446
2544
2500
2605
2541
2489
2416
2552
2481
2584
2443
2451
2495
2488
2569
2527
2459
2486
2585
2544
2531
2603
2573
2503
2449
2567
2504
2544
2624
2522
2495
2587
2547
2519
2521
2609
2504
2568
2528
2461
2516
2574
2522
2495
2549
2563
2497
2568
2571
2492
2537
2510
2577
2509
2527
2527
2507
2554
2462
2468
2560
2543
2622
2495
2578
2564
2508
2529
