2303
2289
2416
2291
2219
2337
2282
2280
2281
2295
2270
2341
2413
2273
2332
2408
2312
2296
2277
2348
2313
2363
2365
2252
2256
2299
2385
2394
2323
2351
2275
2337
2323
2249
2294
2233
2216
2253
2254
2305
2277
2330
2305
2302
2246
2321
2299
2272
2356
2217
2251
2236
2152
2244
2204
2139
2221
2222
2273
2252
2180
2240
2216
2012
2058
2063
1996
1929
1925
1811
1866
1793
1815
1796
1773
1785
1745
1706
1691
1756
1761
1730
1745
1762
1736
1733
1791
1755
1771
1796
1824
1852
1886
1856
1833
1918
1916
1971
1952
1933
2054
2026
1976
2029
2099
2055
2127
2186
2105
2171
2218
2180
2262
2183
2218
2251
2203
2146
2218
2254
2307
2183
2266
2223
2247
2321
2215
2256
2251
2220
2296
2338
2339
2286
2238
2126
2246
2149
2061
2048
2041
2038
1913
1812
1843
1747
1684
1781
1737
1766
1763
1750
1799
1774
1824
1729
1787
1799
1906
1926
1884
1902
1948
2086
2068
1988
2035
2084
2063
2121
2115
2129
2101
2140
2202
2226
2216
2211
2177
2218
2271
2346
2285
2316
2197
2265
2305
2374
2252
2286
2253
2259
2301
2251
2267
2307
2195
2274
2270
2227
2343
2228
2281
2310
2158
2223
2223
2199
2147
2190
2134
2139
2095
2007
1949
1867
1944
1846
1849
1817
1876
1827
1884
1927
1886
1923
1945
1974
2009
2071
2127
2176
2122
2174
2193
2331
2297
2123
2197
2329
2251
2303
2278
2288
2304
2300
2312
2232
2212
2322
2297
2200
2269
2257
2312
2258
2355
2172
2215
2228
2224
2232
2218
2157
2077
2067
2017
1998
1930
1915
1943
1830
1783
1879
1841
1882
1847
1914
1944
1986
1970
2097
2050
2046
2110
2172
2169
2210
2192
2301
2230
2303
2206
2208
2339
2240
2279
2255
2210
2306
2223
2226
2300
2329
2189
2288
2296
2361
2205
2241
2296
2293
2299
2236
2281
2433
2248
2223
2256
2276
2172
2284
2119
2233
2150
2140
2078
2145
2059
1961
1952
1986
1938
1841
1954
1815
1878
1888
1894
1831
1777
1668
1728
1786
1780
1759
1761
1715
1884
1870
1874
1925
1947
2051
2057
2045
2134
2135
2201
2182
2250
2229
2287
2238
2286
2234
2218
2270
2238
2218
2170
2222
2251
2217
2251
2216
2190
2270
2302
2240
2178
2147
2198
2195
2240
2259
2205
2084
2198
2143
2076
2127
2086
2056
2030
1958
2066
1956
2038
2001
1931
1799
1916
1823
1847
1777
1779
1840
1738
1748
1670
1688
1718
1702
1680
1700
1671
1746
1745
1754
1802
1742
1831
1808
1800
1789
1979
1976
2067
2091
2093
2137
2053
2130
2198
2199
2309
2314
2223
2253
2196
2245
2276
2248
2278
2305
2244
2291
2229
2317
2302
2294
2275
2310
2236
2171
2336
2345
2272
2288
2273
2336
2263
2289
2297
2292
2334
2280
2282
2418
2394
2337
2291
2299
2276
2363
2311
2361
2276
2310
2294
2364
2371
2370
2365
2349
2216
2346
2244
2351
2301
2306
2335
2275
2285
2383
2263
2347
2309
2387
2312
2240
2304
2310
2350
2256
2407
2384
2305
2282
2300
2309
2223
2381
2327
2387
2379
2343
2330
2198
2288
2257
2360
2265
2281
2330
2305
2328
2269
2268
2312
2304
2350
2353
2277
2364
2295
2364
2412
2259
2305
2338
2374
2292
2321
2326
2239
2358
2280
2380
2269
2378
2237
2381
2244
2291
2206
2366
2333
2245
2240
2353
2278
2276
2294
2330
2323
2219
2318
2350
2331
2314
2273
2307
2286
2392
2211
2274
2265
2277
2275
2174
2219
2203
2275
2245
2195
2254
2242
2178
2116
2125
2026
2054
1940
1942
1936
1776
1856
1835
1763
1742
1750
1658
1759
1694
1769
1679
1601
1744
1733
1770
1726
1770
1841
1765
1818
1805
1865
1873
1856
1951
1871
1950
1987
1956
2004
2044
2061
2097
2109
2193
2202
2153
2124
2124
2129
2227
2177
2189
2206
2171
2230
2204
2214
2213
2152
2256
2178
2171
2156
2270
2266
2189
2256
2208
2298
2246
2282
2219
2234
2100
2207
2210
2199
2164
2123
2096
1978
1949
1910
1860
1841
1874
1811
1766
1707
1760
1726
1718
1727
1704
1772
1798
1801
1863
1861
1901
1959
2027
1982
1998
2042
2164
2073
2062
2024
2208
2191
2195
2238
2159
2240
2282
2225
2326
2187
2153
2220
2315
2163
2336
2296
2259
2262
2162
2268
2248
2296
2262
2360
2217
2296
2261
2183
2247
2318
2212
2343
2196
2249
2232
2185
2281
2253
2168
2049
2169
2171
2025
2013
1996
1959
1915
1886
1857
1888
1821
1814
1835
1814
1870
1777
1867
1942
2037
2098
2102
2142
2136
2215
2147
2274
2256
2244
2255
2196
2251
2246
2189
2257
2282
2301
2326
2241
2332
2244
2200
2274
2261
2255
2217
2212
2207
2214
2300
2148
2149
2203
2162
2064
2174
2057
2098
2025
1969
1990
1903
1796
1818
1811
1801
1814
1797
1902
1953
1954
1972
2106
2025
2020
2124
2157
2171
2195
2238
2226
2343
2294
2279
2248
2257
2171
2269
2251
2242
2301
2316
2302
2309
2176
2326
2216
2317
2268
2220
2301
2256
2222
2237
2282
2247
2237
2169
2208
2168
2224
2234
2214
2124
2225
2210
2050
2144
2031
2146
2103
2050
2022
2006
1971
1969
1818
1878
1886
1831
1771
1743
1782
1673
1793
1808
1720
1781
1784
1824
1820
1763
1827
1914
1843
1968
1978
2083
2084
2222
2139
2158
2198
2163
2172
2208
2213
2241
2208
2206
2242
2181
2373
2326
2249
2219
2217
2260
2269
2163
2172
2261
2212
2198
2214
2123
2187
2058
2141
2028
2110
2118
2056
2030
2100
1960
1944
1998
1891
1958
1914
1836
1837
1903
1783
1824
1872
1826
1742
1723
1839
1749
1806
1825
1720
1656
1707
1699
1709
1644
1745
1775
1806
1742
1863
1766
1819
1854
1968
1988
1958
1971
2099
2089
2156
2111
2167
2211
2203
2209
2151
2211
2238
2242
2231
2326
2312
2252
2301
2285
2318
2302
2330
2300
2234
2318
2289
2236
2221
2293
2329
2299
2283
2304
2361
2279
2354
2303
2328
2333
2271
2291
2224
2284
2298
2277
2310
2315
2322
2174
2284
2215
2382
2233
2285
2291
2242
2341
2283
2277
2234
2397
2288
2264
2317
2217
2307
