2519
2469
2502
2595
2510
2485
2539
2546
2518
2436
2454
2534
2436
2517
2497
2543
2576
2485
2496
2501
2564
2504
2516
2495
2531
2547
2534
2578
2514
2527
2485
2405
2527
2588
2539
2506
2542
2496
2508
2528
2499
2577
2512
2529
2553
2503
2462
2474
2518
2553
2572
2573
2485
2463
2559
2512
2484
2480
2413
2506
2499
2475
2537
2431
2513
2581
2464
2405
2553
2558
2552
2463
2448
2496
2553
2476
2513
2482
2523
2558
2529
2570
2507
2427
2476
2422
2450
2496
2499
2459
2540
2428
2577
2501
2559
2505
2517
2459
2557
2474
2499
2510
2539
2484
2402
2602
2441
2461
2550
2575
2454
2477
2541
2525
2482
2585
2472
2604
2542
2461
2467
2460
2441
2551
2387
2547
2563
2477
2478
2540
2575
2518
2608
2538
2468
2560
2494
2624
2413
2449
2568
2516
2433
2492
2388
2490
2480
2506
2477
2481
2481
2553
2448
2516
2542
2533
2462
2501
2442
2523
2501
2480
2488
2502
2554
2474
2389
2538
2462
2477
2499
2561
2512
2440
2409
2465
2475
2522
2553
2415
2523
2554
2421
2542
2382
2496
2460
2485
2476
2523
2457
2453
2509
2530
2462
2555
2400
2404
2424
2501
2458
2504
2461
2402
2473
2535
2477
2523
2421
2432
2404
2463
2390
2346
2386
2252
2428
2361
2281
2251
2339
2291
2318
2186
2232
2151
2049
2090
1994
1954
1927
1792
1794
1725
1798
1668
1609
1643
1712
1504
1622
1652
1576
1624
1681
1673
1762
1695
1700
1788
1748
1580
1622
1681
1626
1630
1692
1661
1659
1690
1670
1706
1836
1816
1855
1878
1965
2011
2110
2106
2100
2158
2233
2271
2273
2227
2228
2312
2428
2390
2380
2417
2320
2470
2321
2392
2324
2382
2426
2504
2455
2420
2484
2483
2428
2492
2471
2498
2511
2395
2482
2496
2384
2528
2525
2451
2551
2456
2559
2461
2522
2465
2525
2564
2500
2450
2625
2502
2538
2463
2466
2550
2478
2504
2442
2430
2432
2577
2497
2542
2557
2561
2503
2461
2549
2425
2513
2431
2459
2580
2489
2513
2466
2552
2515
2497
2530
2544
2463
2501
2415
2529
2502
2436
2443
2563
2570
2520
2468
2522
2527
2461
2526
2509
2543
2548
2565
2502
2465
2424
2506
2476
2499
2433
2555
2550
2524
2415
2476
2532
2647
2588
2609
2497
2471
2495
2458
2500
2504
2464
2504
2484
2507
2525
2461
2556
2573
2522
2500
2576
2536
2384
2507
2473
2511
2511
2537
2515
2483
2485
2552
2575
2393
2593
2444
2526
2461
2557
2484
2455
2503
2485
2506
2516
2500
2372
2561
2507
2496
2432
2515
2557
2536
2537
2514
2595
2479
2490
2460
2395
2513
2528
2598
2575
2493
2526
2470
2523
2483
2562
2473
2491
2484
2510
2571
2466
2542
2373
2544
2414
2433
2527
2515
2503
2482
2585
2608
2468
2493
2557
2454
2496
2445
2496
2466
2545
2547
2506
2520
2507
2438
2606
2509
2547
2465
2540
2504
2443
2436
2457
2531
2478
2505
2488
2481
2506
2529
2441
2527
2426
2497
2510
2522
2467
2554
2411
2537
2465
2478
2508
2556
2455
2494
2466
2536
2452
2528
2544
2633
2511
2564
2495
2497
2515
2537
2448
2487
2491
2555
2482
2569
2527
2556
2470
2441
2455
2445
2489
2492
2451
2396
2468
2543
2578
2503
2496
2472
2571
2590
2526
2513
2527
2522
2587
2581
2445
2580
2530
2544
2447
2511
2637
2519
2483
2508
2497
2595
2499
2498
2567
2588
2514
2503
2502
2477
2528
2561
2454
2517
2445
2504
2470
2530
2516
2404
2552
2566
2488
2511
2457
2512
2515
2446
2562
2554
2525
2533
2480
2546
2535
2486
2418
2523
2486
2516
2526
2462
2484
2458
2530
2511
2568
2556
2471
2507
2533
2517
2488
2463
2489
2375
2477
2567
2516
2520
2515
2431
2449
2452
2493
2467
2531
2529
2458
2482
2591
2522
2599
2547
2558
2474
2503
2479
2490
2486
2614
2527
2546
2458
2453
2551
2524
2467
2556
2525
2491
2487
2459
2504
2585
2514
2503
2501
2535
2546
2480
2464
2485
2480
2408
2500
2530
2510
2478
2476
2421
2608
2448
2479
2470
2454
2544
2548
2496
2585
2556
2457
2551
2463
2515
2424
2506
2506
2495
2461
2527
2536
2443
2505
2512
2474
2441
2447
2556
2507
2519
2411
2511
2404
2372
2525
2539
2435
2406
2466
2477
2382
2506
2475
2467
2457
2393
2496
2460
2439
2464
2510
2438
2449
2491
2439
2323
2395
2436
2373
2439
2430
2384
2402
2414
2427
2263
2357
2340
2345
2353
2323
2225
2253
2270
2210
2154
2086
2122
2035
1996
1901
1837
1841
1793
1773
1686
1658
1653
1655
1575
1619
1572
1658
1674
1659
1675
1666
1673
1667
1728
1673
1653
1682
1624
1503
1720
1600
1578
1625
1711
1690
1735
1786
1727
1833
1858
1842
1983
2006
2046
2115
2141
2306
2238
2211
2262
2356
2340
2331
2401
2239
2374
2383
2338
2329
2394
2337
2415
2366
2421
2434
2469
2428
2492
2414
2417
2398
2414
2379
2466
2466
2468
2406
2437
2441
2487
2544
2478
2500
2434
2365
2482
2433
2455
2494
2431
2430
2434
2469
2505
2513
2492
2512
2402
2420
2471
2495
2432
2522
2458
2506
2493
2487
2556
2519
2514
2453
2551
2473
2522
2472
2481
2517
2449
2545
2605
2392
2498
2519
2448
2529
2438
2455
2535
2528
2575
2551
2464
2559
2468
2578
2397
2428
2423
2481
2467
2485
2471
2540
2469
2484
2580
2578
2478
2496
2523
2377
2577
2477
2528
2511
2472
2446
2511
2429
2513
2579
2494
2401
2523
2496
2513
2515
2498
2567
2449
2384
2500
2500
2503
2596
2522
2495
2553
2448
2549
2561
2446
2403
2548
2389
2450
2605
2534
2453
2548
2412
2438
2535
2464
2530
2480
2525
2523
2421
2521
2511
2492
2491
2546
2478
2449
2517
2504
2501
2461
2481
2501
2517
2501
2533
2506
2515
2534
2561
2451
2498
2488
2478
2615
2526
2506
2569
2523
2538
2484
2437
2636
2500
2477
2508
2502
2491
2612
2514
2502
2424
2534
2458
2399
2495
2511
2558
2477
2529
2483
2504
2521
2606
2464
2553
2526
2373
2515
2474
2508
2467
2476
2574
2526
2573
2465
2564
2515
2528
2531
2453
