2519
2515
2490
2535
2536
2485
2512
2503
2549
2525
2487
2557
2516
2448
2473
2503
2554
2489
2493
2454
2532
2491
2473
2407
2503
2492
2461
2457
2451
2420
2432
2443
2580
2512
2455
2514
2520
2559
2590
2459
2526
2500
2495
2522
2534
2529
2530
2555
2467
2528
2503
2591
2641
2471
2547
2504
2467
2532
2515
2543
2436
2482
2451
2475
2429
2523
2509
2559
2623
2526
2527
2486
2524
2478
2572
2491
2559
2396
2626
2510
2514
2505
2475
2493
2537
2528
2509
2486
2517
2475
2512
2471
2614
2463
2453
2549
2462
2485
2553
2513
2456
2521
2494
2571
2556
2534
2531
2414
2491
2460
2540
2430
2496
2535
2599
2447
2497
2524
2517
2559
2449
2513
2548
2448
2452
2553
2539
2470
2367
2554
2508
2574
2515
2460
2473
2538
2536
2388
2571
2428
2560
2521
2409
2538
2482
2615
2453
2479
2510
2518
2513
2419
2493
2521
2457
2474
2476
2502
2530
2567
2433
2496
2543
2531
2551
2474
2369
2515
2464
2463
2523
2530
2528
2395
2491
2510
2544
2498
2453
2468
2478
2473
2458
2590
2469
2397
2485
2415
2404
2331
2407
2457
2466
2496
2529
2430
2439
2410
2515
2417
2480
2464
2385
2353
2414
2374
2398
2384
2484
2383
2392
2445
2508
2376
2376
2347
2410
2399
2382
2338
2245
2245
2223
2157
2138
2137
2053
2019
1969
1998
1858
1876
1820
1822
1714
1728
1716
1618
1635
1680
1553
1716
1637
1723
1698
1708
1675
1709
1746
1708
1618
1734
1636
1643
1615
1639
1594
1636
1637
1708
1687
1663
1742
1800
1847
1951
1938
1996
1947
2143
2050
2161
2344
2281
2313
2271
2292
2363
2349
2253
2450
2402
2362
2402
2389
2458
2380
2399
2465
2378
2426
2449
2370
2373
2414
2412
2416
2494
2438
2430
2508
2510
2445
2457
2484
2385
2554
2446
2435
2453
2482
2435
2441
2517
2468
2465
2519
2485
2451
2463
2427
2552
2431
2598
2470
2425
2512
2564
2517
2481
2557
2567
2529
2461
2440
2502
2417
2526
2447
2558
2528
2474
2530
2448
2522
2628
2422
2460
2511
2434
2508
2448
2427
2522
2499
2507
2422
2503
2560
2500
2490
2489
2496
2539
2429
2614
2500
2496
2453
2526
2468
2504
2513
2448
2494
2477
2554
2454
2525
2581
2506
2461
2507
2486
2482
2465
2529
2548
2539
2460
2540
2541
2514
2559
2452
2443
2630
2541
2461
2517
2548
2586
2513
2464
2457
2514
2514
2496
2544
2497
2440
2449
2532
2494
2442
2449
2526
2662
2504
2513
2572
2474
2621
2448
2579
2481
2489
2566
2550
2492
2592
2536
2473
2511
2434
2590
2564
2481
2560
2608
2471
2434
2429
2512
2576
2558
2526
2501
2518
2499
2397
2564
2449
2396
2515
2507
2544
2447
2462
2536
2505
2507
2495
2498
2459
2550
2451
2521
2475
2591
2513
2515
2550
2515
2489
2464
2491
2532
2416
2441
2526
2538
2412
2463
2534
2457
2499
2464
2631
2527
2487
2649
2534
2431
2467
2580
2481
2509
2500
2507
2500
2524
2503
2520
2559
2479
2460
2521
2532
2566
2596
2462
2476
2477
2534
2532
2469
2600
2526
2452
2470
2510
2485
2487
2434
2543
2480
2555
2512
2491
2504
2472
2483
2545
2556
2523
2529
2459
2420
2567
2506
2492
2450
2378
2478
2485
2523
2550
2476
2579
2571
2470
2468
2477
2455
2594
2518
2527
2404
2489
2687
2512
2521
2463
2437
2592
2488
2518
2512
2512
2477
2478
2495
2431
2554
2500
2463
2528
2647
2604
2536
2473
2463
2517
2460
2554
2531
2493
2548
2441
2542
2443
2451
2522
2506
2521
2486
2548
2461
2543
2527
2538
2478
2475
2472
2494
2526
2547
2520
2417
2437
2563
2554
2508
2449
2543
2372
2416
2556
2543
2416
2485
2482
2388
2517
2497
2457
2455
2564
2517
2515
2465
2447
2487
2414
2515
2484
2470
2505
2466
2547
2573
2447
2495
2501
2508
2482
2521
2428
2525
2549
2519
2489
2475
2549
2567
2472
2439
2449
2428
2483
2493
2507
2526
2505
2406
2417
2569
2475
2444
2534
2542
2589
2500
2463
2502
2518
2455
2487
2540
2439
2454
2540
2500
2596
2457
2408
2505
2450
2495
2399
2447
2458
2463
2555
2550
2441
2443
2482
2515
2488
2547
2507
2512
2484
2556
2456
2451
2443
2402
2372
2554
2453
2586
2426
2401
2487
2470
2496
2416
2494
2445
2452
2402
2396
2356
2407
2523
2505
2393
2451
2421
2466
2397
2433
2377
2389
2446
2363
2413
2403
2319
2333
2309
2316
2254
2309
2322
2307
2207
2179
2155
2060
2040
2022
2002
1817
1951
1833
1762
1763
1716
1693
1623
1686
1666
1656
1611
1602
1640
1690
1678
1683
1641
1798
1764
1719
1662
1585
1664
1633
1701
1599
1600
1668
1677
1671
1636
1776
1780
1742
1812
1936
2004
2005
2063
2098
2091
2182
2210
2289
2158
2259
2255
2310
2330
2389
2362
2319
2392
2330
2340
2322
2497
2397
2461
2481
2378
2419
2505
2393
2485
2495
2454
2442
2429
2483
2425
2451
2540
2423
2404
2383
2404
2470
2432
2438
2492
2390
2399
2529
2451
2460
2442
2510
2412
2543
2391
2469
2452
2492
2516
2430
2458
2500
2440
2506
2536
2512
2435
2446
2433
2425
2539
2526
2475
2573
2499
2471
2432
2529
2425
2481
2454
2442
2540
2561
2528
2512
2489
2423
2539
2467
2461
2464
2540
2508
2431
2396
2521
2473
2523
2456
2459
2490
2502
2559
2577
2530
2474
2527
2532
2467
2459
2499
2422
2483
2521
2529
2513
2547
2519
2487
2565
2501
2422
2448
2480
2548
2529
2613
2517
2447
2490
2585
2457
2472
2550
2566
2511
2574
2536
2562
2403
2569
2536
2407
2470
2456
2496
2379
2488
2520
2517
2546
2374
2506
2495
2483
2435
2374
2507
2555
2451
2467
2563
2491
2451
2467
2443
2530
2484
2582
2574
2490
2519
2505
2622
2480
2466
2524
2509
2537
2501
2478
2410
2486
2482
2432
2544
2402
2581
2475
2530
2528
2453
2558
2462
2483
2498
2505
2512
2487
2494
2449
2497
2434
2549
2456
2484
2488
2483
2507
2478
2493
2560
2446
2549
2544
2597
2465
2502
2522
2456
2597
2553
2505
2492
2521
2523
2500
2531
2547
