2529
2560
2433
2572
2554
2494
2582
2473
2430
2541
2426
2506
2481
2465
2510
2498
2551
2536
2471
2531
2562
2537
2547
2502
2475
2459
2531
2537
2502
2545
2475
2545
2503
2512
2528
2458
2574
2517
2490
2483
2493
2574
2558
2481
2535
2427
2519
2440
2425
2528
2535
2489
2529
2513
2483
2469
2577
2548
2439
2390
2631
2541
2524
2516
2504
2401
2441
2492
2566
2434
2390
2508
2435
2494
2525
2509
2470
2503
2491
2491
2486
2492
2499
2451
2529
2455
2535
2536
2482
2475
2536
2489
2526
2430
2523
2413
2489
2455
2539
2406
2571
2557
2456
2544
2542
2449
2497
2497
2545
2476
2561
2542
2477
2543
2484
2492
2494
2503
2494
2536
2459
2496
2504
2559
2457
2568
2454
2569
2483
2431
2563
2550
2458
2488
2529
2478
2549
2437
2490
2458
2470
2463
2526
2479
2550
2580
2448
2532
2577
2408
2440
2494
2582
2503
2437
2497
2555
2511
2526
2476
2476
2494
2511
2519
2489
2472
2479
2417
2462
2537
2443
2449
2482
2472
2433
2532
2527
2416
2496
2506
2501
2453
2495
2420
2499
2338
2472
2499
2544
2499
2506
2463
2434
2483
2523
2444
2478
2379
2491
2431
2338
2378
2452
2468
2470
2426
2382
2459
2431
2404
2430
2414
2448
2453
2429
2300
2371
2334
2360
2186
2319
2127
2223
2289
2181
2102
2091
2030
2006
1979
1869
1927
1815
1693
1699
1698
1634
1683
1676
1610
1563
1585
1635
1624
1698
1700
1708
1713
1657
1718
1706
1699
1685
1669
1600
1614
1555
1600
1562
1738
1768
1752
1762
1805
1774
1879
2029
1954
2065
2137
2097
2204
2195
2269
2310
2282
2370
2332
2268
2362
2312
2416
2440
2335
2362
2424
2501
2476
2342
2360
2361
2402
2392
2502
2419
2381
2458
2495
2478
2628
2494
2412
2385
2457
2486
2440
2397
2448
2398
2563
2459
2449
2444
2470
2413
2466
2454
2521
2441
2515
2523
2514
2562
2499
2508
2450
2575
2424
2462
2479
2448
2538
2534
2472
2473
2463
2490
2536
2500
2494
2545
2551
2447
2485
2479
2485
2411
2524
2478
2432
2549
2486
2468
2497
2544
2479
2500
2586
2539
2510
2437
2485
2554
2483
2545
2481
2549
2403
2538
2472
2443
2536
2496
2612
2480
2489
2575
2478
2461
2545
2478
2528
2406
2483
2506
2542
2380
2618
2437
2577
2372
2593
2354
2522
2596
2568
2444
2525
2471
2458
2450
2509
2597
2472
2554
2503
2450
2505
2473
2498
2436
2497
2479
2497
2585
2510
2450
2549
2488
2474
2451
2506
2424
2493
2524
2552
2538
2489
2473
2623
2488
2535
2451
2600
2584
2465
2466
2554
2394
2546
2529
2459
2496
2547
2537
2542
2607
2592
2412
2560
2546
2603
2470
2469
2523
2570
2434
2498
2532
2519
2540
2471
2503
2597
2465
2469
2527
2487
2480
2513
2520
2536
2508
2522
2598
2499
2523
2438
2450
2548
2489
2510
2493
2479
2432
2471
2544
2617
2566
2521
2504
2549
2448
2460
2444
2467
2530
2488
2573
2476
2502
2432
2540
2528
2551
2577
2470
2450
2485
2446
2502
2420
2452
2513
2499
2539
2497
2444
2534
2487
2533
2464
2452
2407
2469
2481
2484
2486
2466
2479
2524
2549
2537
2514
2477
2489
2652
2478
2566
2509
2476
2528
2609
2409
2448
2558
2545
2455
2414
2550
2486
2532
2522
2451
2519
2620
2483
2451
2576
2511
2469
2479
2414
2508
2495
2528
2506
2511
2429
2580
2527
2545
2541
2502
2598
2598
2489
2552
2567
2621
2436
2458
2460
2526
2472
2490
2579
2510
2487
2526
2528
2516
2557
2499
2478
2466
2521
2508
2506
2491
2435
2537
2508
2523
2481
2493
2590
2535
2495
2471
2543
2558
2448
2520
2481
2570
2508
2429
2531
2432
2449
2483
2366
2489
2554
2490
2546
2535
2595
2440
2501
2424
2533
2493
2419
2457
2538
2570
2466
2429
2506
2414
2585
2499
2538
2534
2536
2491
2512
2453
2495
2524
2472
2405
2506
2508
2480
2468
2401
2466
2507
2565
2531
2512
2513
2461
2583
2391
2406
2562
2499
2531
2525
2504
2446
2483
2488
2489
2493
2537
2475
2490
2408
2470
2564
2406
2577
2477
2525
2516
2475
2486
2455
2436
2508
2443
2534
2448
2549
2496
2450
2492
2511
2452
2519
2506
2344
2520
2421
2401
2437
2471
2418
2427
2435
2477
2430
2436
2534
2441
2443
2462
2534
2367
2430
2386
2424
2429
2413
2430
2418
2510
2389
2392
2387
2444
2410
2432
2387
2409
2329
2328
2341
2393
2267
2353
2347
2252
2242
2198
2060
2139
2100
2084
2033
1963
1918
1842
1841
1782
1791
1701
1667
1702
1662
1573
1618
1634
1647
1624
1726
1637
1678
1663
1626
1703
1756
1676
1581
1601
1603
1644
1595
1638
1662
1617
1652
1672
1726
1740
1792
1880
1929
2013
2049
1941
2077
2170
2232
2267
2285
2238
2301
2198
2338
2352
2350
2371
2322
2349
2340
2404
2460
2363
2431
2386
2368
2375
2551
2420
2387
2421
2414
2448
2401
2528
2490
2556
2486
2503
2392
2499
2533
2495
2380
2451
2370
2480
2437
2460
2522
2564
2483
2486
2529
2431
2555
2521
2413
2441
2416
2516
2443
2463
2588
2425
2521
2396
2453
2490
2513
2577
2501
2458
2498
2494
2562
2474
2437
2445
2507
2438
2470
2373
2511
2505
2533
2492
2462
2413
2497
2445
2525
2472
2526
2434
2522
2529
2435
2553
2442
2457
2519
2508
2536
2383
2426
2520
2523
2501
2496
2470
2495
2460
2456
2454
2518
2579
2548
2545
2423
2562
2514
2469
2488
2536
2491
2513
2423
2578
2459
2461
2452
2468
2450
2530
2518
2489
2561
2467
2426
2476
2440
2491
2497
2552
2507
2557
2485
2575
2503
2488
2401
2564
2509
2479
2531
2575
2500
2439
2527
2579
2437
2459
2496
2534
2579
2465
2559
2477
2390
2463
2626
2592
2393
2563
2553
2498
2433
2515
2464
2446
2488
2496
2469
2514
2464
2567
2484
2518
2539
2469
2468
2505
2501
2517
2482
2459
2501
2524
2464
2486
2571
2486
2508
2487
2516
2440
2523
2525
2513
2535
2528
2416
2476
2472
2518
2572
2558
2586
2566
2566
2519
2483
2469
2433
2440
2636
2533
2530
2539
2587
2503
