2502
2494
2466
2563
2487
2507
2476
2491
2502
2492
2518
2512
2539
2476
2518
2501
2489
2475
2400
2450
2511
2429
2533
2467
2384
2571
2629
2452
2462
2560
2430
2505
2495
2577
2526
2429
2579
2418
2461
2462
2515
2479
2520
2430
2550
2477
2505
2524
2614
2523
2538
2481
2428
2541
2477
2450
2544
2483
2499
2472
2519
2484
2581
2518
2484
2542
2517
2496
2545
2548
2510
2469
2484
2527
2589
2594
2530
2586
2563
2524
2533
2509
2397
2509
2408
2536
2452
2566
2496
2470
2533
2569
2472
2441
2593
2555
2462
2551
2566
2479
2420
2499
2461
2571
2572
2592
2540
2506
2507
2572
2474
2624
2537
2432
2483
2531
2548
2407
2595
2478
2399
2500
2651
2480
2488
2421
2476
2515
2512
2477
2497
2500
2489
2449
2479
2544
2566
2455
2418
2538
2510
2466
2494
2539
2471
2516
2481
2621
2486
2551
2526
2533
2516
2492
2545
2595
2534
2516
2517
2502
2455
2547
2490
2465
2425
2442
2493
2481
2433
2476
2497
2477
2401
2504
2531
2449
2474
2545
2444
2402
2591
2475
2537
2389
2537
2544
2452
2537
2498
2488
2542
2502
2547
2560
2472
2478
2470
2485
2532
2402
2462
2362
2487
2380
2444
2527
2452
2454
2525
2424
2371
2356
2483
2404
2392
2434
2361
2367
2320
2299
2343
2267
2256
2201
2219
2149
2112
2057
2039
1952
1887
1841
1821
1820
1684
1673
1630
1617
1635
1625
1591
1618
1600
1673
1618
1688
1740
1691
1625
1709
1691
1712
1622
1562
1678
1610
1667
1662
1680
1648
1637
1634
1795
1847
1925
1833
2024
2039
2088
2072
2156
2177
2216
2248
2303
2264
2301
2387
2368
2374
2445
2425
2455
2348
2406
2408
2359
2335
2506
2380
2428
2452
2426
2423
2455
2419
2487
2512
2485
2447
2342
2459
2547
2480
2486
2419
2498
2553
2527
2455
2483
2498
2383
2351
2441
2516
2477
2440
2491
2427
2461
2367
2405
2513
2577
2480
2468
2562
2469
2583
2475
2496
2638
2552
2492
2457
2530
2546
2500
2497
2456
2492
2474
2487
2542
2453
2462
2536
2440
2451
2493
2522
2527
2524
2524
2434
2545
2578
2585
2515
2379
2543
2445
2526
2455
2506
2628
2449
2441
2444
2483
2502
2545
2511
2547
2577
2521
2565
2499
2548
2547
2479
2421
2490
2449
2455
2470
2488
2408
2551
2543
2551
2534
2526
2584
2545
2449
2552
2566
2504
2502
2528
2485
2492
2541
2474
2601
2507
2466
2555
2524
2503
2513
2552
2611
2487
2512
2471
2487
2607
2496
2520
2582
2573
2462
2542
2515
2453
2592
2553
2501
2484
2593
2551
2495
2437
2549
2542
2492
2496
2594
2532
2457
2556
2558
2511
2495
2542
2521
2499
2501
2515
2456
2527
2571
2505
2521
2525
2427
2491
2535
2486
2497
2511
2517
2540
2625
2530
2446
2511
2499
2406
2529
2432
2618
2492
2582
2458
2501
2510
2468
2534
2558
2471
2556
2486
2516
2548
2519
2548
2530
2553
2503
2430
2499
2515
2537
2420
2476
2530
2509
2596
2529
2534
2559
2487
2515
2535
2534
2522
2473
2568
2483
2414
2532
2554
2582
2487
2551
2542
2566
2461
2554
2454
2566
2487
2485
2534
2513
2528
2533
2555
2483
2570
2523
2456
2567
2521
2517
2412
2477
2581
2474
2451
2511
2399
2461
2507
2503
2528
2502
2394
2503
2455
2444
2514
2523
2446
2559
2450
2503
2435
2614
2619
2725
2524
2473
2438
2515
2532
2533
2506
2544
2460
2476
2536
2439
2496
2466
2475
2556
2571
2534
2562
2540
2485
2497
2450
2541
2584
2509
2496
2524
2543
2522
2486
2432
2470
2469
2500
2443
2476
2529
2558
2552
2521
2579
2502
2563
2596
2520
2634
2512
2475
2566
2577
2453
2515
2495
2540
2514
2533
2423
2538
2508
2527
2492
2531
2451
2489
2448
2572
2475
2581
2516
2501
2551
2512
2430
2566
2636
2505
2511
2540
2514
2518
2468
2376
2553
2493
2508
2472
2416
2566
2499
2488
2484
2494
2512
2405
2537
2451
2555
2498
2555
2556
2493
2582
2423
2548
2597
2532
2456
2562
2404
2486
2535
2505
2496
2539
2483
2461
2592
2422
2486
2575
2510
2533
2452
2548
2427
2571
2454
2449
2467
2514
2411
2498
2445
2575
2520
2445
2444
2492
2568
2549
2545
2509
2561
2487
2399
2544
2479
2488
2475
2433
2427
2495
2532
2451
2418
2455
2500
2474
2544
2524
2516
2344
2471
2404
2449
2487
2447
2430
2440
2373
2451
2302
2350
2376
2370
2380
2430
2327
2282
2274
2310
2184
2212
2204
2171
2177
2089
2142
2022
2022
1926
1858
1813
1787
1710
1658
1678
1622
1694
1656
1577
1649
1602
1652
1651
1651
1608
1704
1700
1730
1766
1697
1620
1616
1676
1555
1615
1587
1640
1560
1707
1654
1806
1778
1842
1877
1934
1972
2115
2075
2143
2137
2216
2194
2238
2259
2241
2370
2301
2377
2404
2315
2363
2369
2383
2370
2416
2378
2460
2467
2383
2522
2475
2393
2512
2463
2409
2531
2447
2485
2573
2460
2471
2433
2331
2376
2400
2495
2465
2465
2467
2529
2486
2559
2478
2417
2476
2439
2444
2556
2379
2469
2560
2442
2471
2589
2521
2455
2496
2601
2451
2500
2576
2494
2530
2460
2493
2500
2516
2406
2491
2462
2436
2488
2568
2549
2486
2513
2513
2493
2534
2468
2486
2615
2493
2532
2492
2519
2543
2499
2409
2516
2528
2544
2469
2556
2566
2467
2550
2584
2479
2525
2518
2523
2510
2537
2577
2522
2458
2413
2598
2416
2488
2465
2577
2388
2456
2581
2469
2557
2509
2551
2505
2631
2499
2578
2470
2514
2543
2505
2517
2459
2462
2431
2469
2502
2408
2536
2527
2484
2535
2522
2577
2525
2390
2458
2517
2512
2454
2544
2519
2635
2555
2539
2487
2498
2500
2444
2463
2462
2526
2542
2477
2526
2521
2488
2519
2488
2503
2559
2457
2560
2539
2498
2566
2616
2477
2492
2453
2499
2585
2647
2609
2525
2558
2504
2512
2557
2504
2517
2577
2534
2572
2544
2434
2503
2471
2525
2527
2485
2535
2536
2533
2549
2528
2561
2504
2527
2522
2434
2520
2522
2559
2488
2465
2565
2523
2581
2446
2546
2536
2514
2545
2424
2591
2473
2501
