2557
2542
2595
2594
2499
2413
2487
2493
2538
2521
2549
2566
2521
2549
2433
2563
2554
2549
2534
2538
2531
2492
2547
2469
2492
2459
2515
2554
2612
2489
2526
2516
2590
2494
2603
2488
2588
2526
2533
2560
2513
2448
2555
2547
2630
2506
2558
2531
2515
2676
2395
2554
2519
2611
2601
2591
2498
2554
2523
2472
2572
2481
2615
2538
2524
2519
2520
2566
2524
2572
2488
2612
2647
2486
2646
2489
2548
2595
2468
2533
2535
2442
2452
2504
2475
2514
2501
2567
2506
2497
2594
2559
2542
2461
2561
2529
2552
2497
2457
2565
2585
2494
2600
2567
2576
2589
2465
2497
2558
2640
2556
2489
2581
2451
2591
2592
2487
2532
2592
2546
2530
2565
2483
2543
2466
2530
2504
2497
2559
2490
2468
2510
2541
2543
2533
2519
2544
2580
2543
2526
2413
2460
2501
2499
2509
2477
2495
2455
2536
2606
2574
2528
2520
2520
2514
2551
2605
2528
2462
2569
2640
2511
2548
2529
2586
2467
2523
2538
2625
2594
2561
2531
2501
2497
2487
2496
2477
2538
2476
2537
2481
2506
2483
2519
2476
2392
2499
2465
2509
2518
2491
2513
2522
2416
2507
2485
2333
2428
2459
2452
2426
2380
2439
2535
2554
2501
2373
2386
2433
2427
2408
2489
2449
2447
2398
2439
2320
2376
2381
2274
2233
2316
2259
2265
2201
2182
2069
2089
2069
1940
1954
1847
1863
1779
1758
1747
1646
1676
1697
1626
1640
1728
1646
1731
1648
1690
1715
1703
1762
1708
1732
1670
1640
1539
1679
1631
1668
1610
1673
1667
1668
1768
1766
1813
1843
1886
1982
2046
2011
2077
2209
2200
2180
2256
2361
2364
2354
2314
2401
2390
2429
2351
2384
2437
2407
2439
2473
2477
2427
2414
2450
2431
2403
2409
2422
2373
2496
2418
2484
2458
2468
2497
2468
2412
2510
2397
2485
2515
2531
2525
2515
2473
2542
2626
2469
2474
2455
2520
2388
2466
2540
2533
2559
2549
2537
2483
2589
2482
2493
2474
2460
2464
2506
2453
2478
2456
2519
2537
2471
2397
2509
2545
2586
2501
2527
2558
2512
2565
2511
2500
2547
2540
2564
2519
2598
2503
2534
2457
2573
2531
2573
2487
2536
2442
2392
2502
2587
2523
2431
2609
2518
2498
2470
2570
2534
2597
2524
2523
2541
2531
2454
2435
2457
2512
2576
2444
2546
2549
2519
2485
2449
2541
2542
2566
2525
2492
2563
2508
2527
2504
2670
2489
2583
2426
2537
2536
2580
2487
2591
2558
2604
2519
2609
2545
2476
2544
2566
2535
2492
2616
2492
2555
2533
2538
2544
2521
2516
2574
2525
2541
2572
2504
2548
2555
2573
2506
2528
2619
2478
2526
2538
2547
2561
2554
2601
2570
2604
2553
2539
2514
2574
2456
2505
2620
2532
2567
2502
2502
2643
2488
2526
2495
2460
2525
2565
2581
2532
2495
2563
2499
2570
2537
2477
2504
2440
2602
2591
2532
2504
2600
2621
2523
2546
2550
2460
2495
2466
2542
2476
2620
2611
2513
2555
2560
2468
2551
2580
2460
2524
2572
2551
2448
2536
2599
2499
2545
2495
2599
2561
2570
2481
2475
2429
2524
2533
2573
2511
2593
2508
2535
2422
2559
2591
2504
2493
2462
2539
2466
2472
2602
2533
2476
2650
2496
2567
2520
2511
2527
2561
2609
2505
2513
2498
2588
2548
2520
2576
2520
2558
2505
2505
2528
2478
2534
2537
2505
2500
2561
2537
2544
2550
2500
2535
2566
2591
2602
2456
2545
2554
2590
2533
2486
2481
2494
2536
2508
2517
2490
2562
2524
2502
2580
2433
2560
2442
2558
2523
2554
2587
2506
2531
2605
2525
2465
2578
2448
2545
2583
2523
2492
2503
2511
2567
2504
2494
2495
2539
2514
2554
2571
2590
2534
2475
2526
2499
2505
2488
2452
2531
2457
2615
2536
2465
2518
2522
2535
2499
2488
2517
2511
2499
2488
2559
2511
2530
2547
2469
2496
2522
2484
2469
2542
2468
2574
2590
2502
2594
2571
2563
2458
2465
2462
2504
2459
2507
2562
2523
2484
2546
2568
2494
2490
2488
2490
2579
2548
2520
2572
2667
2509
2567
2519
2603
2529
2508
2459
2553
2438
2585
2565
2529
2538
2530
2544
2482
2463
2500
2503
2498
2535
2521
2464
2502
2518
2483
2555
2485
2519
2506
2523
2537
2521
2491
2411
2580
2523
2562
2438
2480
2535
2504
2432
2495
2574
2461
2475
2542
2522
2525
2430
2414
2531
2515
2484
2527
2488
2435
2493
2421
2519
2394
2515
2489
2366
2424
2376
2464
2406
2389
2391
2476
2458
2431
2414
2370
2292
2241
2250
2247
2227
2226
2140
2149
2131
2115
2023
1959
1830
1813
1822
1781
1674
1680
1712
1595
1650
1558
1595
1667
1637
1720
1666
1781
1761
1767
1674
1750
1739
1769
1664
1694
1599
1697
1659
1699
1682
1672
1687
1764
1732
1872
1918
1976
1960
2070
2068
2187
2161
2188
2192
2308
2256
2279
2262
2382
2390
2391
2335
2419
2362
2434
2418
2391
2420
2371
2443
2378
2426
2410
2383
2468
2504
2463
2445
2488
2567
2368
2437
2506
2469
2471
2494
2565
2451
2476
2396
2646
2542
2557
2545
2561
2473
2456
2564
2501
2444
2493
2469
2520
2571
2507
2501
2511
2532
2482
2485
2497
2467
2526
2487
2469
2470
2509
2568
2506
2473
2519
2582
2596
2492
2478
2552
2503
2570
2564
2519
2518
2525
2564
2549
2494
2476
2585
2535
2508
2480
2539
2556
2429
2558
2460
2536
2394
2483
2495
2576
2460
2585
2495
2539
2464
2559
2531
2561
2677
2482
2482
2489
2558
2493
2519
2560
2460
2544
2462
2530
2499
2498
2488
2490
2464
2582
2480
2557
2541
2497
2495
2531
2509
2607
2590
2589
2565
2497
2589
2532
2559
2477
2573
2484
2584
2515
2611
2567
2519
2451
2562
2522
2556
2501
2463
2548
2563
2555
2576
2493
2532
2622
2565
2541
2520
2536
2587
2571
2569
2527
2542
2523
2554
2500
2492
2495
2593
2566
2625
2579
2520
2605
2541
2476
2592
2459
2544
2527
2463
2538
2560
2523
2557
2453
2545
2590
2505
2622
2493
2464
2582
2450
2558
2530
2512
2462
2502
2511
2480
2463
2552
2492
2602
2521
2552
2483
2463
2537
2493
2606
2526
2545
2598
2501
2551
2452
2508
