2504
2551
2487
2475
2505
2559
2412
2471
2504
2458
2484
2442
2580
2541
2563
2497
2536
2497
2460
2488
2473
2516
2491
2460
2457
2475
2470
2506
2423
2546
2526
2513
2475
2542
2529
2563
2441
2476
2591
2473
2504
2544
2494
2415
2524
2493
2502
2554
2518
2436
2593
2489
2481
2559
2573
2432
2554
2534
2545
2590
2538
2490
2525
2617
2591
2499
2592
2616
2456
2569
2472
2508
2518
2528
2459
2580
2541
2519
2541
2394
2469
2407
2489
2511
2500
2515
2520
2505
2496
2474
2436
2502
2401
2525
2490
2485
2472
2489
2440
2401
2486
2416
2495
2572
2597
2495
2463
2571
2502
2456
2576
2465
2569
2502
2554
2568
2572
2450
2427
2541
2420
2443
2506
2508
2474
2504
2509
2471
2509
2561
2596
2584
2573
2414
2421
2462
2500
2496
2454
2480
2551
2542
2545
2488
2504
2506
2549
2596
2471
2483
2466
2485
2463
2451
2503
2574
2495
2568
2399
2476
2422
2448
2428
2633
2556
2501
2494
2452
2489
2621
2485
2546
2544
2518
2450
2490
2476
2471
2528
2486
2493
2448
2488
2582
2538
2481
2477
2465
2487
2533
2427
2524
2441
2434
2435
2421
2528
2471
2452
2523
2474
2416
2468
2414
2390
2375
2365
2436
2517
2426
2322
2379
2306
2379
2428
2332
2274
2357
2411
2271
2252
2202
2217
2183
2204
2127
2097
2048
1993
2002
1928
1821
1717
1765
1749
1744
1608
1607
1651
1627
1591
1672
1653
1638
1660
1710
1722
1726
1652
1645
1692
1688
1627
1689
1563
1631
1653
1595
1611
1677
1696
1805
1829
1816
1826
1944
1939
2023
2048
2056
2147
2209
2222
2325
2270
2347
2327
2324
2397
2364
2361
2395
2399
2441
2392
2374
2390
2359
2412
2322
2455
2441
2430
2488
2404
2418
2460
2411
2508
2544
2583
2421
2503
2546
2415
2454
2467
2473
2462
2521
2475
2500
2483
2473
2505
2501
2474
2530
2437
2450
2494
2568
2441
2453
2411
2472
2499
2625
2498
2406
2445
2373
2522
2459
2518
2432
2506
2459
2574
2496
2523
2465
2576
2461
2565
2431
2513
2528
2482
2449
2472
2546
2583
2529
2500
2573
2510
2572
2489
2463
2514
2578
2533
2485
2615
2522
2540
2556
2494
2467
2544
2483
2537
2541
2516
2518
2534
2451
2486
2493
2476
2474
2459
2485
2491
2447
2498
2478
2435
2459
2489
2587
2466
2504
2572
2531
2532
2404
2448
2437
2458
2592
2590
2407
2409
2493
2482
2503
2541
2540
2444
2495
2431
2439
2431
2521
2489
2483
2523
2436
2475
2513
2493
2489
2484
2645
2485
2590
2490
2587
2481
2462
2590
2461
2487
2495
2484
2581
2526
2486
2443
2508
2496
2494
2484
2511
2484
2512
2451
2613
2551
2445
2464
2517
2465
2553
2572
2549
2528
2538
2554
2582
2532
2526
2547
2526
2495
2580
2404
2452
2396
2635
2422
2545
2584
2510
2513
2539
2545
2460
2423
2536
2423
2465
2537
2530
2478
2566
2522
2545
2554
2532
2470
2503
2552
2531
2459
2441
2472
2481
2553
2594
2546
2477
2474
2463
2492
2479
2519
2549
2541
2478
2494
2516
2443
2448
2502
2475
2566
2560
2419
2561
2552
2440
2525
2517
2517
2518
2523
2539
2527
2517
2541
2457
2558
2523
2526
2598
2552
2506
2520
2517
2496
2401
2464
2492
2464
2518
2564
2483
2535
2528
2551
2559
2494
2473
2533
2492
2506
2501
2505
2477
2514
2546
2467
2540
2490
2585
2481
2438
2509
2537
2486
2500
2608
2515
2525
2380
2539
2518
2523
2466
2504
2532
2452
2490
2586
2503
2522
2494
2556
2500
2573
2510
2553
2501
2483
2545
2532
2590
2464
2508
2495
2452
2501
2457
2532
2520
2570
2531
2514
2572
2471
2474
2471
2479
2453
2553
2512
2494
2538
2471
2428
2523
2457
2515
2487
2505
2503
2518
2431
2488
2457
2525
2508
2493
2394
2465
2508
2463
2477
2464
2521
2475
2508
2547
2424
2461
2544
2446
2539
2508
2528
2456
2496
2502
2478
2561
2480
2499
2490
2441
2550
2385
2514
2500
2593
2489
2521
2634
2421
2523
2428
2558
2514
2558
2473
2572
2509
2475
2555
2471
2424
2493
2555
2455
2466
2495
2471
2524
2457
2409
2540
2527
2522
2473
2415
2515
2472
2447
2506
2522
2422
2461
2474
2384
2517
2483
2409
2508
2540
2475
2411
2536
2456
2426
2537
2556
2470
2493
2488
2432
2477
2414
2435
2459
2566
2441
2466
2401
2556
2457
2347
2427
2415
2383
2358
2436
2317
2379
2328
2350
2292
2266
2313
2351
2292
2380
2213
2257
2188
2120
2195
2097
2040
1884
1910
1888
1873
1817
1718
1713
1673
1572
1555
1644
1614
1607
1672
1666
1633
1727
1641
1715
1734
1754
1688
1727
1675
1645
1612
1604
1620
1553
1674
1658
1688
1697
1638
1777
1881
1892
1934
1974
2070
2133
2102
2133
2195
2158
2315
2202
2350
2280
2298
2385
2401
2412
2399
2380
2471
2460
2505
2398
2382
2353
2395
2426
2395
2480
2537
2486
2485
2356
2365
2512
2399
2437
2493
2422
2420
2357
2518
2494
2484
2505
2515
2513
2431
2535
2529
2463
2403
2499
2487
2506
2426
2473
2438
2485
2409
2377
2427
2444
2468
2442
2488
2536
2444
2529
2456
2588
2570
2471
2586
2407
2466
2415
2475
2450
2534
2423
2538
2488
2490
2542
2557
2528
2502
2446
2554
2556
2573
2529
2518
2550
2474
2449
2524
2584
2523
2478
2439
2487
2540
2433
2450
2490
2504
2591
2512
2483
2491
2489
2545
2558
2436
2558
2554
2477
2528
2480
2566
2473
2474
2523
2449
2475
2464
2564
2414
2592
2529
2560
2470
2464
2564
2512
2574
2531
2415
2524
2549
2528
2545
2396
2564
2539
2527
2464
2466
2497
2520
2511
2406
2470
2557
2550
2564
2392
2575
2478
2456
2401
2437
2470
2494
2546
2505
2452
2492
2567
2520
2404
2424
2517
2539
2437
2593
2537
2453
2512
2521
2467
2496
2570
2558
2512
2582
2485
2567
2535
2411
2586
2390
2472
2471
2529
2569
2442
2513
2548
2407
2517
2532
2524
2476
2475
2453
2459
2471
2510
2541
2546
2485
2502
2431
2559
2524
2480
2498
2556
2470
2506
2492
2451
2516
2443
2508
2533
2426
2464
2439
