2554
2579
2521
2586
2531
2486
2477
2439
2559
2482
2512
2469
2445
2479
2588
2487
2430
2418
2532
2534
2607
2498
2558
2550
2454
2528
2433
2501
2413
2528
2535
2465
2449
2482
2415
2467
2551
2566
2498
2523
2534
2491
2545
2602
2452
2545
2440
2530
2390
2512
2486
2613
2437
2553
2525
2520
2506
2454
2546
2511
2539
2554
2451
2447
2550
2527
2506
2508
2490
2586
2539
2514
2532
2421
2568
2475
2506
2474
2528
2528
2560
2541
2608
2529
2479
2438
2521
2500
2476
2580
2431
2496
2503
2414
2345
2427
2556
2502
2516
2474
2493
2530
2451
2421
2557
2555
2522
2453
2507
2508
2515
2523
2498
2540
2473
2462
2415
2467
2477
2502
2501
2491
2552
2458
2522
2552
2554
2549
2462
2588
2562
2545
2484
2464
2495
2512
2489
2401
2553
2469
2485
2508
2446
2485
2478
2502
2474
2471
2533
2462
2446
2490
2503
2512
2507
2548
2487
2452
2475
2533
2461
2558
2511
2504
2564
2380
2474
2528
2507
2483
2457
2451
2475
2509
2555
2468
2463
2517
2473
2572
2475
2401
2461
2439
2488
2485
2500
2483
2463
2389
2413
2468
2438
2406
2528
2434
2377
2560
2478
2515
2467
2495
2445
2445
2446
2535
2480
2405
2458
2410
2467
2375
2404
2351
2358
2341
2361
2361
2308
2322
2250
2290
2219
2191
2196
2180
2126
2030
1976
1956
1994
1867
1778
1751
1752
1641
1740
1654
1660
1594
1540
1631
1670
1644
1661
1681
1630
1705
1672
1810
1703
1679
1639
1578
1646
1669
1622
1667
1656
1693
1640
1729
1779
1874
1883
1927
1953
2017
2124
2087
2124
2264
2240
2222
2226
2300
2275
2326
2370
2382
2414
2455
2410
2470
2393
2419
2304
2477
2415
2310
2488
2487
2411
2459
2536
2478
2387
2441
2471
2492
2478
2542
2404
2522
2504
2482
2528
2469
2392
2477
2489
2521
2538
2454
2465
2443
2521
2529
2548
2478
2436
2461
2484
2474
2422
2527
2465
2434
2393
2419
2456
2552
2492
2438
2463
2475
2452
2558
2568
2503
2524
2479
2535
2498
2461
2560
2486
2496
2532
2530
2584
2569
2521
2497
2509
2452
2454
2499
2457
2448
2593
2474
2439
2515
2534
2496
2501
2565
2515
2492
2569
2516
2496
2453
2513
2598
2451
2462
2470
2480
2508
2560
2490
2453
2448
2590
2553
2356
2496
2560
2558
2498
2479
2529
2452
2476
2486
2486
2423
2551
2528
2450
2611
2521
2496
2463
2585
2511
2576
2475
2508
2444
2564
2565
2522
2527
2534
2504
2555
2520
2460
2445
2534
2454
2512
2612
2446
2501
2513
2520
2507
2487
2517
2550
2601
2455
2480
2602
2499
2438
2462
2547
2529
2526
2557
2492
2556
2569
2523
2525
2564
2594
2434
2562
2463
2443
2495
2603
2554
2552
2599
2623
2507
2583
2468
2469
2543
2530
2461
2514
2408
2460
2478
2592
2561
2478
2507
2488
2427
2555
2537
2470
2426
2522
2457
2423
2517
2464
2540
2508
2484
2511
2515
2485
2461
2469
2511
2451
2562
2552
2429
2451
2523
2505
2423
2462
2446
2507
2574
2548
2569
2484
2465
2623
2461
2513
2559
2485
2537
2515
2526
2515
2527
2491
2536
2496
2534
2544
2472
2406
2613
2458
2559
2466
2540
2481
2524
2479
2417
2532
2514
2608
2461
2545
2529
2494
2498
2453
2560
2541
2427
2599
2496
2500
2578
2433
2458
2538
2463
2577
2536
2537
2469
2631
2576
2479
2469
2536
2644
2539
2504
2535
2527
2475
2516
2497
2576
2426
2550
2493
2567
2444
2492
2457
2519
2555
2562
2529
2460
2536
2517
2538
2416
2488
2569
2470
2501
2431
2605
2453
2448
2478
2535
2511
2511
2543
2484
2464
2530
2564
2521
2505
2543
2478
2462
2523
2453
2577
2519
2433
2464
2456
2478
2401
2563
2522
2541
2515
2458
2566
2492
2447
2439
2511
2524
2523
2490
2486
2521
2481
2425
2448
2411
2480
2454
2550
2409
2489
2530
2400
2468
2485
2501
2420
2488
2543
2523
2468
2478
2465
2546
2456
2483
2549
2545
2479
2554
2472
2548
2501
2548
2521
2557
2543
2444
2495
2429
2522
2443
2495
2502
2495
2490
2477
2478
2504
2533
2406
2454
2417
2466
2475
2525
2488
2419
2468
2504
2450
2395
2505
2511
2483
2465
2492
2498
2463
2545
2471
2396
2460
2399
2444
2533
2378
2383
2425
2492
2588
2458
2512
2465
2547
2372
2499
2477
2390
2416
2389
2469
2437
2404
2394
2412
2399
2453
2398
2320
2432
2330
2329
2349
2381
2423
2345
2320
2251
2320
2246
2194
2233
2172
2180
2167
2073
1941
1900
1982
1852
1882
1853
1749
1683
1695
1644
1616
1655
1580
1645
1700
1672
1750
1680
1711
1741
1717
1772
1705
1733
1652
1640
1645
1626
1592
1641
1600
1712
1636
1734
1752
1825
1875
1890
1955
2052
2021
2098
2110
2138
2150
2214
2192
2320
2286
2288
2398
2208
2328
2342
2405
2413
2420
2434
2411
2410
2412
2412
2376
2383
2473
2455
2392
2435
2335
2489
2427
2439
2435
2483
2419
2476
2528
2476
2469
2500
2518
2479
2390
2413
2392
2411
2484
2500
2505
2555
2513
2415
2464
2449
2467
2500
2521
2399
2444
2422
2484
2418
2494
2517
2502
2423
2469
2545
2524
2522
2453
2484
2531
2477
2481
2523
2499
2454
2560
2399
2529
2523
2536
2445
2477
2475
2491
2524
2513
2526
2414
2538
2513
2532
2481
2444
2558
2505
2475
2474
2436
2497
2524
2436
2417
2527
2522
2456
2533
2517
2505
2473
2508
2442
2459
2505
2549
2438
2425
2551
2444
2476
2497
2469
2520
2465
2462
2527
2579
2492
2455
2490
2492
2541
2472
2536
2541
2527
2452
2585
2567
2494
2504
2521
2468
2493
2496
2597
2489
2513
2472
2455
2617
2515
2478
2419
2513
2525
2493
2397
2473
2532
2485
2540
2479
2520
2539
2465
2453
2546
2535
2479
2458
2503
2413
2511
2583
2490
2556
2507
2600
2452
2489
2388
2459
2468
2479
2514
2415
2556
2480
2454
2561
2418
2466
2479
2456
2508
2557
2458
2498
2507
2497
2477
2505
2564
2510
2488
2551
2540
2570
2478
2500
2590
2590
2489
2561
2498
2506
2490
2550
2547
2532
2515
2404
2539
2510
2533
2491
