2500
2420
2560
2566
2457
2470
2575
2539
2553
2499
2511
2485
2572
2632
2469
2593
2568
2558
2456
2420
2437
2528
2593
2512
2615
2528
2536
2482
2504
2463
2466
2593
2562
2556
2577
2586
2537
2586
2484
2469
2619
2422
2650
2536
2556
2550
2463
2586
2555
2539
2501
2479
2543
2565
2574
2492
2512
2431
2415
2485
2408
2488
2515
2548
2509
2518
2463
2512
2647
2546
2513
2492
2574
2446
2594
2585
2546
2451
2445
2574
2540
2552
2552
2495
2622
2459
2519
2543
2515
2527
2451
2398
2571
2572
2609
2492
2481
2485
2513
2572
2570
2538
2490
2580
2544
2571
2486
2584
2559
2500
2503
2576
2525
2493
2507
2601
2468
2532
2516
2583
2465
2608
2471
2451
2493
2471
2524
2428
2511
2508
2452
2556
2517
2493
2459
2444
2454
2573
2553
2451
2573
2532
2587
2451
2556
2511
2520
2459
2528
2492
2517
2555
2508
2533
2552
2516
2532
2524
2580
2478
2559
2360
2535
2493
2491
2593
2559
2523
2465
2529
2467
2468
2465
2424
2451
2491
2474
2386
2580
2462
2535
2421
2391
2460
2464
2570
2461
2430
2492
2478
2435
2521
2426
2527
2411
2391
2460
2507
2483
2434
2363
2456
2380
2457
2391
2418
2578
2465
2413
2379
2370
2382
2442
2373
2438
2526
2308
2362
2353
2217
2308
2303
2201
2291
2221
2180
2060
1967
2048
1966
1971
1871
1850
1790
1714
1684
1669
1586
1669
1664
1720
1582
1621
1642
1789
1664
1697
1763
1752
1751
1697
1670
1678
1645
1586
1610
1640
1704
1634
1726
1644
1693
1793
1816
1876
1859
1996
1965
2104
2121
2110
2145
2197
2382
2294
2275
2328
2371
2328
2358
2345
2447
2313
2380
2451
2394
2486
2365
2426
2384
2410
2460
2445
2461
2386
2451
2493
2413
2518
2593
2480
2531
2481
2469
2440
2522
2413
2487
2521
2489
2449
2557
2508
2467
2472
2490
2497
2541
2547
2484
2420
2482
2535
2475
2508
2480
2544
2496
2567
2508
2531
2559
2558
2432
2527
2480
2437
2617
2495
2449
2507
2562
2553
2468
2567
2541
2527
2489
2506
2556
2575
2524
2569
2543
2494
2523
2549
2430
2569
2547
2558
2487
2465
2499
2514
2463
2540
2458
2503
2450
2482
2589
2499
2535
2567
2414
2515
2541
2546
2571
2605
2538
2497
2465
2500
2545
2484
2528
2464
2541
2454
2435
2551
2505
2574
2410
2490
2438
2454
2564
2467
2508
2568
2547
2516
2524
2534
2608
2455
2539
2547
2524
2475
2500
2558
2557
2550
2600
2490
2581
2546
2494
2490
2516
2567
2597
2570
2453
2514
2509
2534
2506
2553
2525
2583
2455
2547
2429
2506
2435
2459
2463
2551
2599
2563
2573
2494
2538
2557
2507
2522
2595
2545
2530
2512
2509
2530
2533
2438
2528
2574
2527
2441
2532
2516
2555
2614
2519
2464
2532
2537
2499
2523
2621
2472
2526
2530
2532
2503
2532
2544
2490
2502
2429
2547
2509
2556
2418
2472
2505
2531
2509
2477
2423
2522
2544
2506
2551
2618
2657
2475
2521
2488
2442
2599
2493
2446
2518
2445
2513
2595
2533
2475
2431
2541
2542
2566
2520
2418
2457
2534
2447
2508
2451
2533
2558
2522
2510
2543
2540
2431
2485
2513
2489
2553
2481
2521
2555
2492
2509
2560
2471
2514
2419
2468
2532
2608
2508
2396
2454
2526
2579
2616
2483
2557
2517
2458
2586
2463
2482
2440
2592
2511
2438
2593
2558
2562
2496
2484
2523
2537
2430
2548
2458
2523
2498
2472
2536
2508
2499
2589
2460
2530
2442
2470
2540
2514
2512
2521
2521
2463
2473
2406
2468
2545
2572
2554
2450
2427
2467
2461
2481
2460
2489
2505
2465
2526
2564
2530
2506
2486
2589
2515
2501
2461
2502
2599
2400
2530
2498
2520
2540
2474
2446
2477
2471
2462
2459
2515
2517
2414
2471
2542
2509
2468
2504
2554
2462
2492
2477
2504
2498
2481
2589
2615
2541
2572
2492
2479
2528
2492
2489
2560
2510
2580
2491
2554
2541
2532
2591
2432
2497
2545
2548
2541
2477
2483
2439
2479
2468
2369
2385
2552
2564
2509
2526
2574
2458
2497
2459
2463
2544
2504
2399
2484
2464
2518
2457
2477
2483
2532
2452
2463
2538
2476
2442
2445
2506
2456
2470
2535
2502
2428
2582
2442
2445
2472
2473
2512
2463
2360
2516
2461
2547
2531
2465
2546
2560
2479
2521
2502
2505
2426
2498
2478
2443
2383
2486
2404
2497
2472
2346
2497
2465
2361
2351
2465
2441
2509
2397
2403
2382
2447
2271
2401
2311
2379
2283
2232
2248
2276
2188
2117
2106
2036
1983
1959
1920
1919
1848
1758
1674
1668
1660
1649
1630
1657
1660
1589
1698
1608
1673
1696
1744
1734
1760
1679
1659
1631
1662
1605
1633
1614
1641
1741
1663
1716
1761
1741
1888
1868
1894
1989
1943
2069
2065
2169
2182
2164
2254
2256
2346
2354
2330
2293
2324
2333
2416
2495
2382
2448
2396
2373
2421
2438
2412
2478
2414
2342
2414
2408
2413
2469
2472
2475
2477
2374
2538
2424
2404
2485
2524
2481
2480
2454
2424
2454
2539
2565
2488
2472
2425
2387
2404
2462
2393
2441
2469
2574
2479
2570
2517
2506
2540
2455
2505
2514
2424
2481
2429
2474
2552
2481
2443
2509
2553
2480
2516
2487
2459
2432
2500
2536
2475
2538
2504
2530
2359
2504
2521
2496
2415
2478
2532
2482
2524
2480
2501
2483
2509
2505
2521
2426
2586
2536
2557
2507
2599
2500
2473
2470
2497
2531
2514
2495
2542
2534
2475
2462
2589
2410
2480
2531
2580
2484
2519
2469
2454
2513
2533
2524
2517
2561
2504
2436
2554
2543
2562
2554
2559
2531
2494
2518
2527
2527
2539
2517
2442
2482
2497
2518
2495
2520
2487
2513
2429
2562
2582
2478
2495
2509
2494
2447
2538
2514
2488
2530
2495
2532
2439
2478
2585
2440
2503
2603
2554
2552
2554
2404
2518
2471
2482
2518
2542
2492
2446
2484
2448
2596
2535
2453
2561
2524
2686
2478
2488
2563
2479
2534
2582
2521
2414
2543
2483
2570
2559
2543
2501
2536
2477
2474
2432
2615
2653
2540
2500
2481
2516
2490
2472
2468
2551
2630
2514
2482
2557
2502
2604
2566
2524
2495
2510
2510
