2374
2349
2386
2417
2345
2307
2393
2423
2299
2382
2376
2327
2359
2286
2306
2315
2357
2396
2384
2416
2388
2347
2298
2363
2339
2366
2291
2351
2418
2411
2403
2329
2382
2453
2340
2435
2395
2389
2294
2348
2330
2373
2406
2355
2411
2304
2361
2320
2378
2279
2276
2279
2341
2347
2454
2414
2407
2347
2323
2342
2295
2326
2307
2291
2400
2361
2442
2382
2369
2394
2407
2419
2309
2384
2327
2363
2350
2373
2364
2347
2347
2282
2356
2409
2448
2335
2427
2418
2326
2366
2433
2237
2320
2329
2340
2342
2325
2293
2354
2348
2423
2454
2361
2292
2426
2412
2352
2401
2425
2226
2445
2374
2400
2278
2413
2387
2345
2347
2432
2407
2375
2354
2315
2338
2300
2282
2331
2344
2352
2336
2331
2333
2402
2380
2397
2337
2302
2261
2464
2368
2402
2335
2309
2382
2419
2307
2319
2337
2380
2297
2295
2369
2384
2270
2320
2424
2297
2296
2345
2397
2394
2306
2325
2360
2292
2303
2395
2333
2287
2392
2263
2478
2399
2310
2332
2366
2381
2405
2294
2300
2379
2357
2353
2307
2364
2374
2337
2324
2288
2418
2320
2360
2394
2309
2401
2393
2345
2335
2331
2249
2217
2338
2339
2293
2262
2313
2319
2263
2265
2311
2313
2234
2236
2255
2317
2204
2342
2153
2196
2212
2188
2132
2148
2115
2049
1945
1960
1936
1828
1919
1832
1784
1695
1696
1594
1589
1562
1512
1576
1505
1533
1581
1560
1595
1580
1633
1659
1639
1625
1598
1594
1602
1544
1573
1546
1539
1480
1620
1576
1593
1588
1627
1643
1692
1654
1758
1836
1855
1896
2007
1987
2154
2124
2096
2059
2180
2245
2203
2191
2183
2229
2247
2177
2274
2223
2263
2297
2308
2292
2269
2257
2292
2314
2322
2293
2364
2343
2244
2365
2291
2342
2304
2249
2287
2305
2381
2301
2319
2348
2301
2349
2193
2320
2302
2271
2349
2397
2414
2360
2238
2333
2280
2243
2405
2391
2364
2349
2398
2359
2305
2304
2289
2419
2415
2354
2288
2325
2316
2315
2333
2363
2356
2360
2387
2345
2373
2394
2294
2351
2363
2318
2376
2372
2369
2420
2412
2402
2393
2359
2318
2394
2381
2361
2399
2357
2378
2444
2485
2336
2359
2309
2365
2411
2390
2311
2369
2442
2361
2223
2277
2388
2391
2318
2385
2334
2442
2311
2304
2329
2378
2338
2293
2362
2345
2362
2383
2312
2361
2374
2431
2386
2297
2389
2371
2350
2340
2344
2334
2455
2282
2407
2406
2383
2312
2332
2358
2270
2308
2376
2332
2327
2379
2378
2420
2402
2390
2332
2316
2400
2340
2457
2364
2277
2394
2339
2368
2322
2407
2296
2313
2375
2425
2405
2411
2455
2362
2315
2350
2344
2357
2393
2359
2375
2319
2347
2389
2432
2326
2299
2334
2382
2366
2392
2311
2304
2421
2373
2378
2310
2406
2299
2297
2353
2340
2357
2359
2375
2340
2338
2435
2308
2325
2286
2339
2322
2303
2448
2389
2400
2432
2249
2363
2370
2343
2329
2399
2424
2386
2388
2286
2403
2386
2345
2328
2354
2409
2376
2393
2412
2385
2396
2357
2383
2313
2370
2376
2352
2403
2342
2300
2473
2364
2317
2344
2389
2373
2316
2369
2370
2381
2334
2333
2377
2411
2369
2250
2351
2397
2384
2431
2415
2364
2295
2459
2364
2340
2470
2383
2294
2391
2383
2382
2371
2317
2426
2383
2373
2315
2364
2391
2407
2376
2350
2407
2345
2224
2308
2408
2406
2411
2383
2437
2312
2416
2314
2323
2411
2337
2356
2356
2329
2416
2348
2407
2351
2311
2419
2410
2361
2341
2262
2312
2319
2322
2337
2442
2405
2400
2464
2330
2374
2370
2392
2452
2361
2372
2415
2347
2349
2314
2399
2392
2408
2317
2378
2337
2328
2356
2356
2358
2319
2325
2380
2369
2330
2400
2385
2334
2374
2303
2489
2312
2372
2350
2338
2328
2370
2358
2422
2265
2338
2370
2318
2353
2222
2429
2411
2399
2406
2398
2276
2490
2480
2323
2321
2245
2364
2290
2395
2397
2421
2268
2416
2415
2316
2351
2336
2311
2326
2347
2367
2400
2359
2327
2346
2419
2374
2376
2296
2323
2306
2367
2279
2331
2342
2373
2369
2328
2368
2330
2340
2362
2200
2405
2321
2357
2284
2326
2325
2369
2309
2320
2333
2310
2334
2282
2318
2358
2453
2310
2325
2315
2291
2259
2300
2372
2344
2285
2278
2382
2306
2285
2311
2383
2309
2280
2299
2381
2357
2245
2292
2233
2267
2303
2207
2301
2317
2333
2303
2274
2358
2287
2327
2216
2265
2148
2188
2192
2061
2044
2130
2040
2061
1965
1870
1935
1831
1838
1761
1697
1643
1571
1635
1603
1563
1579
1526
1473
1530
1465
1604
1559
1617
1618
1650
1649
1622
1635
1503
1510
1523
1510
1558
1551
1532
1563
1556
1646
1671
1580
1608
1761
1825
1843
1919
1920
1994
2071
2100
2066
2049
2200
2108
2263
2262
2176
2222
2273
2308
2208
2307
2322
2206
2277
2354
2323
2320
2289
2349
2303
2286
2256
2259
2371
2291
2272
2331
2271
2337
2257
2314
2283
2319
2360
2266
2383
2260
2336
2359
2293
2328
2353
2294
2271
2411
2383
2193
2263
2358
2309
2388
2299
2314
2351
2369
2376
2312
2334
2347
2332
2481
2328
2279
2370
2344
2324
2388
2363
2476
2381
2312
2302
2285
2340
2317
2370
2370
2339
2464
2378
2370
2263
2297
2283
2377
2416
2296
2365
2454
2204
2278
2349
2380
2361
2364
2320
2398
2403
2287
2355
2354
2267
2374
2354
2308
2400
2411
2331
2359
2418
2316
2330
2397
2362
2385
2353
2362
2289
2351
2361
2309
2421
2285
2332
2343
2336
2252
2405
2246
2357
2411
2247
2337
2395
2352
2300
2354
2373
2386
2303
2389
2353
2407
2356
2399
2437
2320
2406
2397
2391
2386
2318
2304
2357
2381
2375
2368
2329
2450
2358
2386
2351
2349
2367
2299
2314
2411
2378
2340
2309
2346
2321
2253
2314
2451
2403
2354
2412
2327
2410
2411
2326
2390
2362
2356
2311
2347
2464
2315
2315
2243
2374
2461
2321
2394
2429
2345
2378
2327
2430
2327
2322
2348
2327
2274
2370
2444
2261
2334
2445
2339
2393
2422
2351
2277
2324
2323
2321
2329
2286
2390
2309
2355
