2558
2605
2566
2556
2506
2477
2618
2526
2447
2535
2551
2467
2443
2537
2646
2583
2505
2577
2561
2540
2474
2471
2530
2515
2517
2693
2503
2425
2503
2534
2562
2591
2553
2499
2550
2367
2457
2542
2438
2474
2481
2520
2536
2576
2554
2511
2514
2649
2545
2572
2535
2501
2486
2595
2494
2517
2439
2521
2563
2490
2539
2528
2442
2482
2518
2574
2498
2621
2561
2613
2599
2482
2603
2478
2490
2467
2552
2538
2527
2494
2590
2385
2624
2541
2480
2501
2439
2511
2525
2555
2538
2626
2531
2498
2538
2598
2545
2487
2522
2460
2505
2447
2542
2646
2530
2454
2530
2544
2564
2553
2515
2521
2517
2543
2540
2543
2532
2520
2499
2590
2603
2449
2491
2549
2535
2496
2551
2564
2482
2407
2564
2489
2488
2566
2616
2550
2466
2572
2367
2465
2508
2544
2565
2568
2538
2454
2483
2558
2461
2537
2562
2453
2540
2487
2606
2469
2473
2543
2550
2523
2452
2509
2545
2474
2481
2533
2488
2490
2531
2561
2524
2553
2520
2513
2482
2601
2600
2526
2518
2503
2433
2481
2524
2506
2521
2446
2463
2460
2500
2407
2507
2421
2619
2487
2595
2478
2511
2485
2403
2469
2452
2514
2468
2460
2492
2533
2414
2391
2528
2383
2375
2431
2363
2372
2430
2466
2311
2380
2292
2269
2371
2294
2271
2239
2180
2139
2138
2139
2132
1938
1896
1889
1810
1797
1769
1707
1647
1721
1667
1643
1552
1645
1656
1691
1646
1714
1704
1769
1752
1761
1768
1736
1625
1742
1600
1628
1612
1650
1635
1716
1649
1720
1829
1770
1826
1904
2072
2049
2048
2187
2163
2241
2192
2256
2329
2299
2329
2444
2412
2484
2381
2410
2421
2449
2439
2404
2391
2395
2444
2421
2425
2554
2538
2457
2526
2431
2417
2536
2501
2548
2423
2502
2572
2468
2443
2515
2421
2530
2486
2496
2489
2482
2461
2510
2540
2423
2485
2487
2530
2504
2446
2560
2596
2554
2527
2573
2510
2485
2549
2472
2562
2525
2510
2471
2542
2505
2456
2602
2614
2571
2553
2540
2499
2534
2506
2459
2559
2517
2496
2609
2494
2552
2502
2588
2517
2527
2450
2485
2502
2633
2558
2501
2511
2564
2511
2542
2545
2574
2510
2523
2541
2502
2606
2563
2524
2471
2469
2515
2513
2584
2638
2490
2537
2530
2586
2499
2642
2510
2496
2525
2586
2483
2453
2416
2595
2510
2489
2547
2546
2487
2597
2592
2472
2527
2483
2516
2558
2458
2505
2471
2506
2428
2546
2550
2453
2508
2561
2489
2545
2514
2492
2586
2430
2595
2506
2472
2519
2575
2481
2538
2560
2474
2520
2581
2486
2505
2472
2503
2611
2525
2418
2474
2550
2483
2574
2466
2508
2582
2520
2535
2497
2528
2600
2464
2639
2511
2476
2519
2568
2535
2584
2506
2549
2558
2616
2426
2568
2482
2536
2561
2534
2518
2536
2496
2552
2509
2556
2528
2536
2520
2497
2548
2543
2555
2581
2569
2510
2569
2521
2571
2474
2588
2469
2529
2514
2516
2532
2546
2529
2592
2614
2553
2496
2505
2527
2521
2480
2642
2517
2541
2508
2528
2516
2524
2559
2499
2493
2608
2640
2559
2449
2463
2534
2514
2500
2493
2479
2584
2534
2519
2510
2565
2570
2493
2509
2509
2465
2609
2486
2450
2602
2454
2523
2581
2497
2492
2506
2566
2507
2562
2558
2533
2574
2571
2500
2425
2464
2528
2427
2514
2566
2480
2445
2508
2564
2531
2558
2554
2542
2525
2507
2475
2501
2544
2560
2593
2496
2494
2531
2435
2526
2545
2560
2593
2528
2544
2482
2531
2524
2541
2536
2490
2504
2605
2588
2588
2571
2579
2596
2475
2499
2542
2582
2505
2407
2442
2483
2528
2444
2483
2422
2542
2561
2576
2523
2510
2521
2510
2440
2426
2567
2537
2491
2530
2523
2540
2495
2499
2496
2521
2524
2491
2588
2523
2599
2601
2455
2471
2468
2584
2438
2480
2498
2497
2496
2447
2548
2546
2439
2497
2527
2461
2571
2610
2468
2532
2529
2608
2581
2522
2573
2568
2463
2518
2474
2576
2487
2497
2482
2509
2486
2523
2567
2517
2494
2494
2517
2523
2503
2528
2507
2504
2500
2518
2489
2521
2495
2474
2533
2462
2542
2560
2472
2482
2491
2539
2466
2490
2433
2482
2470
2409
2401
2421
2482
2552
2431
2467
2552
2549
2458
2522
2441
2399
2408
2509
2569
2506
2555
2561
2438
2517
2458
2453
2480
2513
2442
2444
2388
2423
2422
2404
2426
2517
2438
2455
2425
2390
2471
2357
2310
2471
2402
2340
2530
2396
2291
2398
2351
2202
2168
2277
2214
2081
2011
1994
1896
1943
1820
1838
1831
1697
1724
1710
1623
1643
1656
1579
1649
1708
1648
1714
1752
1777
1716
1691
1677
1736
1652
1640
1600
1722
1665
1611
1722
1675
1640
1713
1760
1806
1897
1886
2007
2001
2075
2078
2106
2172
2183
2318
2268
2413
2269
2310
2317
2373
2365
2363
2365
2358
2388
2385
2441
2378
2503
2441
2446
2474
2363
2471
2442
2470
2496
2498
2484
2366
2424
2425
2522
2413
2419
2487
2537
2440
2420
2478
2634
2485
2429
2513
2479
2466
2491
2441
2475
2421
2459
2479
2440
2510
2488
2478
2434
2509
2522
2451
2549
2510
2508
2502
2466
2511
2551
2512
2493
2455
2504
2520
2532
2450
2407
2510
2435
2526
2597
2562
2419
2505
2584
2534
2571
2540
2441
2504
2492
2561
2582
2583
2523
2512
2520
2551
2503
2486
2464
2494
2535
2472
2546
2630
2527
2514
2541
2519
2535
2521
2643
2462
2477
2568
2519
2516
2413
2433
2574
2569
2578
2547
2576
2613
2503
2593
2515
2508
2535
2511
2510
2543
2556
2424
2504
2560
2519
2589
2544
2534
2601
2596
2497
2552
2527
2514
2497
2561
2506
2503
2513
2470
2574
2530
2493
2513
2525
2548
2503
2480
2595
2547
2552
2497
2540
2496
2607
2527
2542
2582
2532
2646
2550
2631
2527
2595
2486
2600
2514
2568
2473
2529
2546
2527
2467
2452
2420
2546
2605
2526
2580
2498
2457
2479
2486
2536
2510
2476
2488
2462
2571
2638
2524
2550
2560
2528
2508
2590
2554
2453
2515
2500
2557
2555
2655
2571
2532
2530
2523
2551
2493
2488
2580
2526
2487
2503
2522
