5631
5608
5540
5664
5713
5695
5645
5697
5655
5785
5714
5623
5636
5747
5710
5825
5794
5706
5646
5638
5608
5740
5756
5754
5657
5639
5787
5789
5688
5704
5718
5630
5692
5625
5654
5664
5651
5708
5695
5672
5731
5694
5686
5597
5728
5792
5545
5650
5819
5708
5573
5544
5752
5607
5640
5603
5616
5802
5631
5704
5694
5636
5706
5420
5439
5410
5311
5297
5093
5203
5108
5144
4980
5009
5008
4970
4852
4854
4844
5008
4870
5011
4971
4990
5042
5104
5013
5236
5155
5168
5134
5278
5239
5313
5310
5225
5285
5279
5382
5461
5324
5439
5495
5321
5567
5471
5465
5631
5552
5548
5555
5554
5631
5658
5590
5661
5648
5478
5626
5627
5666
5700
5606
5688
5599
5734
5661
5644
5549
5656
5667
5721
5697
5581
5599
5506
5565
5461
5267
5315
5323
5171
5136
5115
5051
5031
4976
4810
4955
5137
5026
5045
5026
5186
5099
5201
5144
5293
5330
5209
5243
5388
5348
5330
5483
5545
5515
5398
5524
5605
5526
5562
5517
5534
5600
5574
5717
5589
5690
5648
5665
5749
5667
5668
5568
5716
5683
5615
5708
5565
5769
5683
5621
5730
5802
5707
5673
5688
5829
5588
5654
5683
5662
5658
5668
5635
5631
5713
5640
5548
5578
5535
5463
5453
5445
5177
5257
5140
5203
5179
5042
5101
5097
5229
5318
5245
5472
5470
5525
5468
5490
5485
5625
5571
5526
5618
5566
5730
5634
5764
5826
5568
5676
5599
5665
5677
5611
5723
5794
5639
5652
5660
5695
5686
5649
5593
5843
5751
5538
5561
5624
5678
5520
5578
5534
5579
5484
5353
5362
5237
5134
5059
5189
5120
5117
5227
5256
5239
5244
5270
5351
5523
5539
5558
5609
5605
5596
5688
5732
5579
5649
5675
5608
5633
5564
5825
5659
5633
5618
5767
5635
5763
5548
5559
5634
5578
5832
5674
5770
5719
5770
5763
5742
5721
5504
5621
5740
5751
5650
5561
5506
5639
5693
5488
5539
5563
5586
5590
5472
5443
5525
5347
5381
5391
5248
5242
5156
5142
5109
4987
4937
4948
4886
5052
4957
4891
4998
5065
5164
5256
5106
5298
5455
5375
5406
5507
5411
5661
5486
5527
5683
5635
5635
5545
5645
5638
5799
5579
5711
5650
5589
5538
5816
5669
5577
5670
5590
5608
5666
5592
5628
5704
5786
5644
5570
5665
5562
5620
5580
5556
5572
5466
5528
5496
5524
5396
5409
5554
5473
5384
5457
5317
5377
5291
5238
5239
5159
5065
4981
4988
5053
5073
4981
4822
4892
4942
4874
4856
4820
4855
4949
4896
4990
4930
5084
5314
5122
5277
5381
5383
5476
5518
5543
5590
5605
5550
5638
5521
5535
5701
5548
5668
5696
5686
5593
5757
5724
5753
5652
5615
5661
5674
5640
5649
5744
5736
5684
5659
5700
5786
5668
5700
5582
5767
5714
5716
5718
5649
5823
5604
5595
5667
5657
5681
5875
5769
5788
5724
5728
5595
5580
5736
5744
5591
5716
5707
5654
5752
5692
5668
5611
5742
5641
5801
5775
5671
5661
5844
5633
5731
5666
5622
5788
5766
5764
5779
5786
5789
5684
5805
5615
5608
5631
5748
5672
5692
5661
5623
5710
5674
5760
5865
5903
5675
5714
5770
5692
5704
5696
5811
5775
5703
5769
5632
5675
5661
5720
5645
5649
5690
5689
5590
5583
5724
5664
5785
5701
5718
5687
5759
5707
5772
5766
5724
5788
5667
5867
5637
5662
5767
5653
5736
5614
5768
5797
5810
5759
5792
5683
5732
5640
5604
5572
5634
5780
5656
5724
5637
5623
5682
5691
5621
5678
5659
5659
5629
5674
5478
5505
5490
5538
5497
5371
5399
5331
5230
5082
4950
5180
4909
4980
4898
4950
4957
4995
4930
4830
4798
4834
4892
4981
5037
4896
5088
5189
5078
5142
5184
5230
5396
5348
5313
5297
5406
5446
5455
5443
5430
5517
5483
5422
5530
5503
5584
5585
5526
5592
5652
5623
5674
5563
5738
5659
5702
5695
5620
5613
5572
5805
5683
5694
5513
5691
5593
5812
5719
5718
5642
5526
5607
5596
5564
5476
5447
5639
5491
5372
5344
5299
5348
5265
5078
5190
5040
4994
4939
4850
4767
4932
4984
4958
4998
5003
4979
5065
5060
5285
5289
5347
5287
5332
5554
5420
5405
5413
5558
5525
5614
5543
5682
5613
5635
5556
5697
5690
5739
5603
5580
5744
5518
5698
5681
5642
5790
5638
5721
5749
5561
5702
5584
5629
5647
5647
5604
5719
5729
5778
5640
5689
5710
5665
5709
5696
5727
5538
5616
5584
5583
5512
5539
5519
5547
5458
5168
5264
5179
5163
5097
5129
5092
5151
5125
5150
5284
5494
5294
5455
5568
5608
5552
5699
5637
5660
5602
5599
5617
5722
5592
5560
5680
5546
5749
5662
5650
5701
5760
5712
5625
5578
5700
5573
5654
5578
5439
5610
5589
5548
5681
5513
5729
5538
5438
5422
5425
5322
5202
5336
5318
5207
5335
5292
5126
5086
5099
5177
5192
5195
5346
5337
5321
5467
5536
5551
5623
5686
5607
5540
5623
5692
5755
5636
5719
5697
5742
5758
5592
5764
5634
5683
5670
5685
5671
5689
5749
5624
5739
5743
5683
5622
5474
5595
5729
5624
5582
5667
5715
5682
5644
5546
5587
5670
5617
5534
5514
5515
5489
5486
5437
5520
5308
5485
5323
5166
5231
5184
5119
5149
5109
5074
5119
4931
4988
4874
4966
4864
4868
5096
5109
5059
5156
5203
5271
5359
5446
5373
5633
5488
5531
5550
5535
5625
5569
5479
5530
5651
5676
5655
5601
5526
5637
5693
5589
5703
5576
5601
5595
5680
5623
5684
5651
5672
5505
5536
5552
5454
5591
5589
5543
5485
5412
5440
5425
5325
5379
5430
5290
5278
5398
5220
5245
5141
5208
5063
5194
5176
5183
4975
5012
4990
4938
4984
4840
4863
4943
4901
4950
4936
4938
4882
5013
5003
5122
5095
5122
5152
5327
5230
5402
5444
5559
5509
5572
5651
5721
5651
5596
5749
5645
5627
5724
5697
5688
5605
5779
5681
5749
5700
5636
5640
5654
5647
5786
5718
5601
5713
5757
5771
5616
5749
5742
5603
5690
5695
5921
5680
5516
5727
5659
5709
5667
5628
5686
5811
5805
5789
5595
5787
5642
5648
5690
5709
5659
5701
5559
5719
5602
5789
5631
5585
5756
5633
5841
5782
