2753
2769
2693
2823
2729
2782
2805
2786
2783
2833
2839
2719
2741
2692
2800
2784
2788
2793
2758
2754
2709
2736
2812
2772
2738
2756
2760
2743
2768
2625
2806
2757
2822
2731
2835
2826
2826
2828
2839
2788
2730
2626
2643
2780
2811
2728
2726
2757
2842
2774
2687
2750
2801
2721
2787
2767
2681
2712
2725
2757
2712
2757
2716
2762
2689
2726
2790
2718
2657
2737
2819
2740
2658
2702
2732
2772
2764
2693
2846
2706
2725
2748
2707
2695
2787
2773
2658
2729
2797
2714
2701
2745
2750
2720
2806
2705
2733
2821
2714
2697
2645
2754
2664
2705
2712
2702
2648
2711
2744
2760
2634
2630
2664
2750
2628
2647
2692
2717
2624
2635
2632
2778
2685
2765
2682
2677
2709
2690
2691
2691
2657
2591
2507
2648
2641
2669
2732
2719
2629
2623
2658
2554
2706
2605
2719
2665
2624
2555
2579
2615
2603
2684
2694
2612
2585
2540
2566
2580
2741
2662
2679
2696
2556
2559
2634
2624
2697
2574
2641
2730
2682
2610
2613
2529
2588
2634
2634
2532
2483
2599
2591
2594
2594
2590
2636
2516
2613
2479
2508
2528
2590
2602
2605
2480
2591
2518
2491
2499
2526
2498
2524
2565
2529
2459
2497
2511
2593
2540
2550
2537
2524
2572
2516
2466
2465
2507
2489
2394
2524
2518
2540
2604
2439
2573
2488
2439
2487
2465
2495
2464
2442
2460
2477
2460
2415
2429
2440
2433
2341
2414
2394
2453
2442
2408
2365
2443
2463
2495
2445
2425
2376
2379
2314
2460
2424
2391
2480
2346
2332
2354
2371
2494
2442
2479
2414
2553
2541
2446
2463
2475
2413
2548
2514
2437
2425
2507
2546
2559
2568
2431
2466
2492
2542
2454
2613
2527
2577
2530
2503
2564
2526
2555
2622
2448
2516
2574
2560
2667
2553
2516
2605
2591
2485
2608
2580
2540
2569
2508
2546
2571
2545
2591
2629
2549
2587
2558
2659
2616
2489
2534
2644
2635
2630
2622
2618
2634
2604
2549
2602
2581
2568
2580
2624
2568
2593
2547
2621
2644
2606
2657
2607
2640
2628
2631
2734
2609
2659
2637
2686
2596
2673
2659
2662
2625
2660
2562
2666
2678
2644
2642
2612
2630
2627
2666
2720
2771
2674
2720
2647
2697
2577
2703
2662
2624
2664
2675
2644
2663
2653
2731
2677
2616
2648
2721
2615
2610
2595
2691
2733
2609
2677
2708
2578
2668
2693
2746
2579
2717
2645
2707
2693
2760
2730
2770
2706
2721
2701
2708
2705
2697
2675
2781
2696
2727
2744
2714
2711
2737
2820
2742
2740
2752
2713
2720
2745
2728
2773
2690
2848
2728
2794
2697
2761
2768
2774
2733
2680
2705
2743
2800
2768
2738
2784
2773
2731
2721
2783
2869
2743
2741
2652
2822
2781
2752
2695
2765
2763
2689
2765
2855
2742
2765
2754
2791
2646
2848
2780
2671
2813
2743
2732
2699
2720
2731
2736
2741
2709
2705
2728
2710
2727
2790
2775
2813
2720
2743
2787
2761
2792
2748
2728
2807
2756
2734
2773
2811
2855
2822
2780
2766
2821
2784
2751
2730
2800
2754
2667
2793
2709
2709
2773
2693
2728
2840
2784
2843
2759
2677
2766
2745
2802
2691
2753
2763
2739
2681
2776
2867
2730
2802
2803
2743
2690
2792
2786
2813
2743
2830
2835
2798
2669
2742
2740
2830
2718
2684
2821
2714
2732
2794
2811
2721
2830
2715
2683
2768
2648
2802
2736
2753
2774
2749
2717
2816
2682
2728
2756
2686
2789
2808
2815
2746
2730
2745
2802
2794
2634
2730
2722
2753
2812
2692
2774
2723
2776
2716
2703
2720
2747
2773
2728
2850
2696
2689
2821
2726
2728
2691
2713
2746
2771
2961
2748
2768
2636
2762
2711
2767
2738
2755
2742
2758
2780
2734
2757
2774
2739
2748
2757
2754
2742
2731
2819
2713
2630
2750
2688
2682
2670
2675
2657
2630
2704
2709
2688
2687
2715
2672
2701
2729
2650
2680
2685
2639
2704
2673
2667
2730
2749
2627
2709
2694
2601
2712
2652
2675
2761
2577
2686
2625
2669
2637
2620
2593
2622
2750
2655
2552
2724
2582
2638
2689
2617
2704
2582
2620
2662
2666
2639
2545
2527
2674
2690
2593
2612
2627
2555
2629
2603
2605
2577
2536
2582
2620
2561
2611
2530
2614
2599
2639
2609
2571
2624
2675
2631
2533
2605
2586
2626
2491
2467
2545
2575
2511
2594
2722
2559
2580
2493
2562
2522
2604
2522
2451
2541
2507
2513
2438
2553
2502
2525
2529
2537
2549
2557
2430
2513
2450
2617
2530
2604
2575
2528
2561
2485
2644
2502
2458
2509
2556
2455
2461
2448
2387
2502
2505
2410
2466
2426
2392
2428
2479
2426
2497
2408
2440
2433
2451
2436
2461
2475
2401
2332
2432
2394
2456
2413
2486
2373
2334
2397
2350
2476
2382
2360
2474
2415
2459
2455
2434
2405
2452
2460
2449
2384
2427
2458
2429
2437
2572
2486
2438
2441
2482
2426
2453
2551
2568
2474
2556
2461
2608
2554
2534
2524
2450
2501
2477
2513
2536
2530
2645
2476
2470
2475
2592
2544
2464
2507
2476
2551
2473
2513
2551
2560
2550
2580
2573
2539
2566
2578
2592
2652
2643
2636
2622
2545
2455
2601
2551
2503
2588
2516
2529
2608
2609
2622
2548
2529
2529
2560
2640
2612
2562
2627
2689
2555
2630
2578
2541
2593
2658
2666
2600
2562
2621
2643
2674
2652
2603
2543
2675
2725
2693
2638
2602
2695
2639
2694
2715
2603
2666
2677
2652
2591
2665
2627
2692
2667
2640
2619
2680
2730
2647
2656
2737
2745
2748
2724
2687
2731
2672
2763
2759
2670
2634
2674
2659
2658
2741
2626
2616
2758
2722
2751
2664
2751
2663
2621
2730
2669
2701
2704
2705
2672
2744
2711
2720
2678
2742
2739
2698
2680
2736
2642
2753
2767
2729
2675
2891
2744
2704
2708
2872
2807
2763
2757
2718
2835
2759
2779
2822
2744
2690
2743
2749
2771
2712
2803
2756
2692
2742
2751
2819
2628
2805
2753
2705
2764
2725
2744
2749
2751
2720
2778
2697
2817
2780
2732
2864
2768
2817
2694
2746
2765
2725
2837
2701
2790
2703
2736
2836
2806
2702
2738
2745
2886
2700
2822
2681
2755
2789
2743
2780
2671
2807
2783
2788
2768
2885
2808
2811
2751
