2741
2625
2721
2766
2853
2733
2767
2673
2791
2674
2790
2647
2699
2751
2685
2780
2747
2785
2760
2709
2758
2712
2792
2679
2735
2676
2751
2710
2718
2694
2782
2756
2697
2723
2716
2757
2733
2724
2792
2801
2789
2639
2668
2740
2773
2760
2681
2752
2672
2822
2730
2696
2690
2753
2805
2746
2707
2706
2743
2711
2735
2760
2823
2765
2773
2738
2619
2758
2767
2753
2708
2715
2620
2781
2773
2713
2701
2742
2767
2702
2679
2700
2747
2764
2699
2694
2773
2685
2741
2646
2686
2686
2677
2778
2640
2725
2713
2630
2673
2702
2689
2701
2660
2670
2666
2776
2664
2696
2732
2653
2612
2659
2702
2680
2602
2690
2661
2650
2796
2611
2670
2631
2570
2539
2726
2608
2745
2652
2721
2593
2685
2642
2627
2582
2666
2647
2740
2601
2622
2713
2640
2631
2637
2672
2640
2572
2672
2732
2596
2651
2657
2621
2607
2525
2616
2682
2607
2637
2622
2699
2603
2643
2597
2677
2582
2542
2660
2584
2554
2646
2623
2526
2576
2553
2573
2646
2633
2544
2572
2539
2615
2537
2634
2585
2504
2577
2544
2591
2620
2475
2618
2568
2510
2492
2544
2628
2540
2458
2622
2556
2486
2517
2457
2587
2458
2541
2539
2591
2544
2510
2542
2461
2437
2498
2495
2488
2438
2523
2573
2501
2495
2461
2452
2459
2439
2469
2399
2395
2432
2496
2388
2415
2406
2359
2406
2344
2398
2370
2429
2467
2377
2429
2329
2444
2384
2522
2460
2427
2347
2411
2357
2418
2512
2391
2365
2418
2476
2409
2463
2498
2478
2319
2392
2495
2491
2480
2459
2424
2507
2444
2469
2426
2439
2383
2476
2403
2529
2525
2515
2528
2508
2444
2579
2602
2485
2495
2539
2592
2548
2496
2585
2456
2451
2547
2493
2563
2554
2594
2514
2637
2538
2590
2487
2603
2507
2662
2598
2561
2573
2534
2572
2539
2569
2636
2568
2591
2597
2602
2557
2544
2568
2558
2604
2454
2607
2615
2597
2514
2615
2600
2648
2573
2591
2519
2605
2568
2689
2677
2580
2626
2584
2636
2645
2664
2583
2607
2614
2623
2568
2653
2583
2733
2622
2582
2763
2662
2562
2676
2649
2689
2625
2666
2713
2704
2640
2594
2692
2621
2708
2658
2680
2709
2656
2712
2731
2820
2655
2665
2648
2662
2653
2549
2569
2858
2652
2626
2695
2765
2678
2713
2697
2601
2689
2658
2651
2740
2660
2658
2677
2691
2758
2585
2824
2676
2765
2763
2748
2784
2754
2717
2752
2697
2668
2715
2674
2806
2665
2835
2744
2658
2800
2708
2696
2724
2609
2736
2704
2707
2725
2850
2760
2785
2674
2766
2785
2636
2783
2751
2737
2721
2698
2756
2837
2758
2730
2719
2748
2786
2721
2762
2859
2689
2794
2748
2743
2792
2735
2745
2791
2701
2747
2703
2715
2681
2750
2717
2719
2815
2764
2681
2731
2727
2800
2840
2800
2735
2739
2714
2771
2785
2736
2757
2759
2772
2673
2822
2715
2689
2724
2784
2739
2710
2712
2753
2813
2736
2752
2711
2759
2859
2802
2806
2690
2821
2716
2705
2763
2765
2693
2794
2682
2804
2784
2773
2830
2804
2849
2735
2767
2758
2723
2756
2750
2792
2780
2736
2810
2861
2697
2694
2688
2723
2736
2685
2782
2746
2692
2694
2763
2760
2682
2730
2741
2731
2674
2740
2728
2764
2724
2820
2767
2769
2833
2694
2736
2739
2661
2810
2681
2762
2720
2714
2704
2691
2724
2807
2662
2706
2767
2698
2724
2854
2746
2772
2723
2770
2734
2785
2765
2673
2733
2728
2741
2786
2701
2744
2685
2807
2708
2692
2699
2681
2714
2728
2610
2696
2712
2736
2783
2763
2614
2633
2725
2727
2788
2610
2603
2834
2607
2774
2773
2705
2661
2651
2767
2618
2619
2681
2701
2711
2700
2620
2653
2632
2635
2707
2781
2650
2663
2706
2714
2739
2660
2743
2762
2699
2678
2684
2700
2618
2636
2703
2597
2628
2669
2644
2670
2683
2610
2627
2622
2651
2645
2678
2657
2764
2660
2667
2564
2605
2619
2638
2626
2641
2733
2625
2676
2621
2654
2637
2584
2578
2665
2576
2624
2544
2585
2591
2673
2508
2606
2641
2544
2566
2644
2685
2618
2656
2554
2601
2646
2592
2583
2628
2574
2550
2615
2647
2560
2531
2529
2517
2575
2699
2443
2523
2555
2595
2623
2591
2556
2538
2553
2596
2579
2519
2589
2525
2559
2508
2584
2575
2645
2561
2565
2576
2556
2454
2524
2407
2564
2518
2503
2558
2489
2518
2555
2496
2514
2499
2512
2393
2532
2511
2577
2567
2468
2483
2447
2442
2472
2420
2493
2526
2500
2433
2438
2463
2479
2317
2448
2357
2351
2404
2458
2370
2349
2324
2485
2389
2306
2357
2464
2467
2356
2453
2372
2448
2345
2439
2351
2344
2341
2426
2391
2358
2438
2424
2349
2435
2495
2375
2323
2506
2430
2398
2472
2479
2426
2465
2548
2437
2507
2469
2479
2421
2502
2443
2546
2550
2531
2517
2535
2641
2485
2555
2508
2468
2476
2536
2582
2500
2541
2520
2476
2580
2506
2513
2467
2634
2481
2566
2510
2581
2531
2499
2542
2556
2619
2533
2548
2501
2681
2533
2528
2510
2614
2558
2569
2645
2573
2569
2643
2571
2573
2709
2501
2614
2535
2534
2515
2644
2712
2617
2438
2586
2660
2585
2631
2652
2621
2682
2534
2514
2697
2653
2672
2617
2647
2683
2656
2614
2719
2503
2559
2562
2671
2583
2652
2626
2663
2689
2632
2604
2551
2672
2667
2613
2606
2639
2683
2693
2656
2653
2708
2761
2657
2641
2642
2686
2620
2655
2725
2729
2654
2823
2734
2757
2660
2686
2575
2632
2687
2725
2602
2710
2700
2739
2690
2760
2648
2655
2720
2806
2728
2675
2686
2682
2803
2790
2678
2689
2717
2696
2802
2772
2666
2606
2751
2817
2830
2797
2699
2713
2772
2713
2724
2790
2742
2656
2698
2729
2812
2838
2722
2757
2780
2761
2756
2688
2739
2695
2789
2750
2679
2807
2726
2785
2731
2697
2730
2681
2751
2800
2796
2815
2692
2699
2696
2693
2732
2725
2786
2752
2685
2819
2763
2721
2821
2773
2735
2703
2769
2627
2747
2702
2700
2730
2756
2780
2676
2678
2841
2787
2741
2828
2841
2846
2745
2777
2797
2790
2723
