2771
2852
2729
2747
2756
2753
2771
2820
2869
2785
2770
2809
2779
2825
2757
2769
2728
2709
2815
2671
2824
2862
2678
2692
2717
2677
2836
2735
2809
2706
2736
2757
2787
2877
2743
2710
2797
2759
2801
2808
2728
2802
2779
2815
2706
2729
2801
2710
2760
2849
2752
2754
2685
2800
2821
2764
2748
2860
2815
2798
2804
2727
2786
2766
2730
2699
2609
2770
2740
2742
2738
2738
2785
2730
2803
2756
2780
2801
2672
2775
2756
2660
2857
2658
2792
2684
2712
2728
2705
2769
2698
2745
2735
2660
2687
2783
2664
2568
2692
2715
2776
2672
2735
2726
2632
2648
2795
2774
2684
2751
2640
2668
2588
2686
2589
2788
2747
2619
2727
2714
2632
2724
2708
2728
2638
2663
2696
2648
2817
2604
2622
2646
2740
2667
2632
2629
2556
2633
2647
2671
2585
2670
2679
2584
2696
2646
2603
2640
2660
2634
2525
2741
2606
2656
2648
2686
2618
2680
2622
2716
2640
2626
2615
2629
2645
2671
2650
2646
2544
2654
2514
2570
2562
2632
2527
2568
2580
2462
2573
2541
2460
2570
2590
2579
2613
2526
2654
2519
2549
2613
2574
2564
2590
2627
2595
2577
2562
2637
2545
2530
2604
2521
2496
2484
2534
2503
2647
2605
2558
2596
2522
2550
2453
2499
2527
2482
2625
2556
2544
2497
2480
2494
2492
2441
2425
2444
2415
2465
2494
2423
2447
2504
2416
2442
2546
2443
2387
2368
2350
2425
2451
2462
2388
2432
2466
2407
2354
2430
2353
2421
2339
2417
2393
2352
2417
2460
2317
2455
2463
2475
2458
2420
2379
2417
2481
2438
2503
2438
2429
2498
2552
2521
2473
2427
2550
2461
2593
2621
2463
2545
2476
2537
2472
2592
2485
2517
2479
2528
2496
2536
2605
2513
2551
2493
2524
2548
2485
2539
2525
2553
2467
2562
2498
2610
2610
2600
2564
2539
2633
2598
2656
2647
2522
2568
2612
2536
2595
2604
2609
2608
2658
2616
2513
2660
2667
2629
2618
2536
2658
2658
2627
2682
2618
2612
2716
2610
2620
2636
2712
2651
2730
2686
2712
2596
2705
2634
2615
2572
2671
2674
2610
2604
2565
2621
2677
2786
2641
2630
2653
2652
2696
2635
2731
2642
2773
2732
2641
2657
2664
2688
2692
2726
2750
2654
2722
2752
2741
2764
2762
2652
2655
2635
2602
2729
2689
2721
2749
2668
2794
2677
2733
2680
2794
2761
2648
2630
2722
2803
2713
2668
2634
2673
2758
2708
2710
2776
2785
2763
2649
2716
2739
2721
2772
2808
2709
2767
2748
2783
2725
2805
2778
2771
2803
2807
2792
2750
2794
2773
2757
2717
2712
2754
2763
2736
2739
2775
2826
2760
2871
2756
2749
2664
2816
2769
2622
2748
2709
2782
2750
2785
2767
2890
2722
2800
2739
2759
2780
2734
2725
2734
2803
2767
2813
2720
2750
2880
2822
2757
2660
2768
2789
2759
2739
2751
2836
2776
2715
2796
2650
2767
2824
2752
2688
2799
2762
2841
2758
2674
2722
2768
2783
2639
2755
2690
2719
2785
2766
2729
2813
2780
2689
2747
2710
2794
2726
2729
2883
2765
2829
2770
2726
2732
2782
2796
2737
2877
2733
2865
2736
2759
2757
2747
2776
2777
2715
2788
2783
2774
2771
2735
2827
2729
2754
2822
2763
2742
2806
2843
2695
2754
2797
2800
2846
2710
2740
2817
2704
2811
2800
2745
2770
2793
2692
2799
2772
2776
2759
2708
2741
2662
2750
2791
2785
2759
2717
2727
2760
2728
2733
2758
2666
2756
2687
2774
2776
2845
2738
2749
2827
2753
2754
2783
2775
2769
2669
2768
2787
2798
2816
2746
2745
2724
2773
2715
2881
2745
2766
2807
2736
2660
2779
2695
2749
2775
2805
2678
2742
2711
2624
2772
2712
2748
2722
2609
2760
2718
2740
2678
2708
2778
2658
2741
2666
2630
2706
2662
2745
2657
2690
2740
2714
2611
2662
2640
2697
2736
2702
2751
2824
2671
2744
2648
2676
2711
2679
2614
2674
2685
2658
2569
2668
2769
2670
2670
2737
2640
2660
2675
2592
2759
2643
2697
2613
2707
2679
2786
2622
2626
2635
2638
2663
2630
2676
2704
2629
2623
2631
2801
2567
2619
2690
2659
2724
2593
2578
2611
2553
2673
2643
2541
2554
2644
2571
2606
2606
2712
2641
2672
2579
2554
2613
2582
2609
2655
2673
2556
2558
2627
2658
2581
2586
2527
2626
2675
2595
2573
2549
2591
2549
2635
2581
2617
2565
2580
2538
2568
2501
2552
2480
2530
2444
2518
2584
2510
2550
2491
2574
2436
2457
2489
2567
2583
2570
2489
2387
2529
2385
2485
2465
2529
2541
2456
2484
2398
2475
2486
2483
2391
2435
2486
2398
2327
2537
2381
2396
2413
2428
2389
2282
2364
2413
2368
2436
2370
2474
2378
2475
2424
2438
2432
2422
2410
2396
2388
2352
2343
2398
2454
2390
2456
2421
2519
2399
2460
2415
2473
2522
2465
2405
2481
2439
2360
2530
2418
2464
2552
2469
2502
2500
2494
2496
2516
2595
2519
2504
2526
2443
2589
2563
2548
2572
2483
2553
2463
2643
2502
2469
2567
2494
2453
2571
2451
2583
2567
2622
2492
2610
2599
2512
2567
2598
2596
2640
2494
2589
2630
2638
2637
2597
2605
2717
2640
2507
2644
2547
2622
2603
2560
2585
2702
2604
2596
2649
2606
2717
2502
2601
2600
2630
2711
2774
2702
2659
2671
2643
2592
2565
2625
2680
2666
2621
2680
2691
2622
2669
2637
2758
2705
2692
2658
2623
2731
2649
2669
2667
2686
2686
2755
2671
2671
2678
2629
2653
2679
2709
2694
2634
2634
2686
2680
2665
2581
2700
2711
2654
2638
2662
2612
2728
2704
2707
2740
2796
2701
2759
2757
2701
2716
2772
2704
2797
2689
2754
2734
2755
2779
2788
2687
2745
2771
2727
2739
2826
2743
2766
2689
2774
2704
2743
2649
2732
2705
2880
2779
2808
2704
2890
2733
2816
2738
2794
2827
2765
2708
2775
2701
2851
2728
2815
2726
2819
2775
2811
2692
2747
2749
2681
2780
2737
2746
2774
2774
2728
2748
2745
2814
2818
2715
2797
2781
2726
2711
2747
2783
2664
2718
2854
2698
2733
2793
2693
2772
2695
2761
2699
2802
2756
2698
2699
2757
2757
2720
2722
2799
2866
2712
2774
2786
2740
2744
2793
2755
2663
