2767
2800
2716
2790
2762
2832
2702
2737
2751
2757
2703
2735
2719
2732
2638
2776
2752
2755
2752
2809
2770
2772
2727
2806
2713
2805
2697
2716
2655
2865
2823
2784
2761
2787
2683
2802
2692
2761
2828
2659
2765
2660
2767
2719
2717
2689
2813
2752
2692
2761
2857
2791
2726
2741
2786
2763
2788
2723
2691
2711
2723
2741
2786
2801
2756
2806
2710
2719
2863
2759
2691
2735
2645
2711
2690
2752
2699
2617
2774
2764
2716
2737
2797
2787
2715
2747
2728
2739
2699
2743
2659
2697
2661
2731
2820
2683
2621
2685
2741
2719
2695
2676
2806
2616
2737
2648
2646
2734
2752
2648
2710
2689
2589
2773
2607
2830
2634
2640
2693
2721
2706
2626
2636
2666
2587
2665
2630
2722
2708
2666
2691
2673
2682
2603
2654
2669
2670
2674
2770
2687
2581
2664
2692
2626
2656
2626
2712
2704
2664
2663
2645
2668
2676
2648
2637
2678
2606
2628
2615
2664
2666
2684
2584
2643
2576
2539
2670
2683
2542
2688
2543
2557
2576
2726
2653
2578
2677
2700
2661
2631
2640
2575
2574
2590
2518
2623
2614
2610
2563
2546
2597
2511
2640
2574
2537
2516
2568
2558
2532
2493
2544
2524
2596
2457
2603
2581
2466
2573
2510
2482
2515
2553
2547
2647
2541
2425
2476
2519
2490
2492
2523
2456
2461
2422
2541
2405
2524
2444
2468
2459
2425
2540
2433
2393
2442
2411
2449
2402
2384
2424
2480
2339
2409
2434
2412
2373
2362
2407
2368
2406
2415
2387
2377
2413
2395
2442
2343
2377
2386
2328
2396
2416
2460
2536
2327
2433
2385
2481
2446
2471
2429
2564
2392
2510
2466
2410
2468
2528
2510
2511
2439
2490
2593
2566
2582
2549
2489
2508
2554
2509
2588
2558
2606
2601
2698
2630
2520
2592
2550
2537
2549
2591
2495
2614
2590
2587
2547
2554
2603
2620
2607
2631
2488
2549
2570
2605
2598
2660
2617
2516
2629
2600
2682
2550
2602
2559
2639
2566
2660
2638
2521
2664
2574
2659
2601
2664
2603
2608
2571
2587
2555
2584
2680
2691
2734
2620
2644
2652
2677
2704
2694
2573
2682
2679
2728
2672
2644
2664
2648
2774
2736
2675
2642
2684
2758
2695
2641
2685
2663
2693
2615
2774
2687
2711
2722
2680
2738
2677
2701
2785
2699
2638
2723
2711
2639
2698
2728
2658
2717
2658
2726
2756
2666
2716
2628
2650
2736
2727
2686
2727
2681
2662
2718
2713
2685
2741
2682
2709
2711
2723
2777
2785
2735
2795
2761
2744
2842
2782
2716
2680
2857
2775
2794
2836
2700
2785
2776
2693
2767
2780
2662
2731
2676
2788
2756
2787
2719
2718
2708
2668
2702
2645
2833
2765
2720
2773
2749
2822
2681
2766
2763
2789
2669
2691
2828
2710
2751
2722
2678
2785
2709
2748
2803
2788
2853
2785
2729
2786
2769
2798
2684
2744
2722
2838
2784
2707
2693
2746
2722
2717
2835
2730
2712
2712
2827
2720
2809
2713
2767
2775
2766
2806
2787
2787
2720
2764
2782
2884
2698
2750
2676
2834
2775
2635
2808
2728
2712
2851
2750
2791
2653
2757
2763
2767
2673
2725
2742
2794
2758
2739
2758
2793
2775
2747
2730
2808
2765
2784
2670
2761
2793
2780
2739
2764
2759
2727
2801
2656
2755
2769
2770
2778
2706
2747
2745
2697
2741
2708
2791
2746
2674
2696
2836
2765
2792
2712
2757
2759
2633
2747
2812
2724
2685
2772
2674
2751
2703
2735
2674
2750
2677
2847
2826
2729
2735
2747
2720
2729
2758
2791
2724
2739
2730
2759
2755
2781
2718
2810
2779
2696
2757
2782
2795
2731
2696
2704
2819
2738
2812
2740
2740
2742
2733
2727
2714
2727
2721
2810
2733
2567
2677
2728
2665
2623
2807
2741
2746
2637
2682
2740
2711
2749
2740
2753
2740
2667
2703
2644
2760
2699
2564
2662
2660
2627
2737
2692
2659
2775
2724
2609
2750
2651
2624
2785
2763
2697
2664
2643
2697
2535
2672
2743
2720
2655
2683
2694
2752
2585
2594
2646
2636
2657
2672
2679
2662
2644
2610
2733
2665
2726
2566
2593
2566
2641
2702
2631
2607
2659
2606
2495
2643
2680
2572
2591
2617
2700
2676
2677
2567
2679
2580
2603
2621
2699
2520
2564
2567
2649
2573
2523
2668
2544
2581
2561
2591
2602
2630
2518
2564
2540
2599
2549
2689
2622
2563
2598
2684
2549
2448
2569
2564
2521
2534
2537
2510
2562
2491
2621
2425
2551
2525
2536
2504
2538
2434
2562
2520
2491
2503
2537
2487
2499
2441
2517
2456
2484
2428
2505
2349
2499
2433
2426
2414
2421
2456
2509
2478
2439
2430
2337
2427
2378
2411
2340
2277
2456
2457
2300
2334
2359
2442
2477
2373
2398
2419
2414
2400
2401
2451
2404
2431
2447
2407
2399
2374
2390
2468
2394
2514
2369
2354
2333
2537
2428
2441
2485
2407
2468
2528
2501
2456
2538
2461
2480
2511
2481
2498
2441
2516
2463
2519
2577
2532
2483
2478
2532
2518
2559
2481
2542
2494
2496
2543
2648
2670
2603
2536
2513
2596
2596
2648
2613
2531
2529
2567
2603
2599
2547
2605
2539
2553
2523
2591
2668
2555
2550
2535
2552
2582
2594
2638
2566
2605
2591
2662
2595
2627
2609
2666
2664
2505
2545
2630
2584
2620
2622
2535
2608
2660
2526
2617
2699
2726
2492
2621
2683
2558
2619
2635
2649
2678
2690
2665
2667
2674
2683
2721
2639
2719
2696
2648
2688
2707
2685
2697
2674
2651
2628
2600
2651
2754
2715
2668
2711
2644
2657
2610
2663
2700
2624
2702
2755
2722
2742
2722
2699
2616
2766
2650
2782
2696
2676
2685
2718
2657
2667
2720
2692
2651
2747
2748
2681
2623
2687
2690
2671
2777
2804
2756
2748
2700
2734
2753
2811
2744
2819
2727
2707
2669
2858
2833
2723
2783
2655
2742
2657
2785
2711
2760
2789
2744
2718
2722
2690
2676
2777
2707
2773
2728
2724
2766
2703
2694
2781
2688
2700
2775
2806
2752
2750
2843
2706
2795
2772
2697
2729
2748
2742
2702
2707
2661
2690
2796
2853
2746
2814
2643
2721
2688
2679
2713
2773
2698
2702
2774
2685
2744
2783
2717
2807
2732
2843
2708
2708
2732
2729
2771
2719
2734
2795
2731
2709
2803
