4545
4510
4593
4543
4535
4520
4595
4702
4600
4563
4613
4598
4462
4607
4472
4738
4661
4581
4538
4597
4587
4607
4452
4626
4684
4595
4605
4624
4527
4517
4539
4601
4616
4613
4585
4528
4609
4643
4605
4636
4556
4525
4579
4650
4594
4546
4530
4486
4574
4524
4506
4609
4480
4644
4512
4528
4686
4563
4589
4622
4518
4472
4607
4550
4730
4594
4573
4530
4607
4601
4624
4617
4606
4651
4709
4491
4646
4567
4607
4478
4494
4491
4538
4659
4503
4528
4547
4574
4556
4525
4595
4460
4614
4586
4447
4560
4537
4515
4437
4494
4643
4562
4596
4566
4577
4478
4473
4441
4500
4563
4460
4575
4468
4409
4356
4509
4539
4401
4407
4501
4454
4505
4418
4491
4415
4507
4476
4537
4340
4459
4497
4465
4448
4518
4396
4589
4558
4544
4243
4382
4425
4468
4302
4462
4385
4540
4419
4528
4346
4420
4437
4507
4388
4397
4272
4403
4444
4325
4239
4394
4323
4378
4414
4462
4293
4366
4289
4294
4337
4317
4341
4307
4423
4505
4367
4121
4334
4278
4231
4390
4394
4345
4288
4307
4313
4286
4315
4306
4430
4297
4321
4325
4389
4350
4328
4208
4360
4417
4325
4308
4089
4394
4273
4199
4309
4221
4155
4072
4197
4290
4121
4290
4003
4097
4201
4136
4178
4186
4142
4202
4167
4131
4132
4093
4130
4104
4139
4105
4017
3998
3939
4074
4075
4063
4068
3926
3974
4029
3996
3933
3953
3966
4042
3923
3981
3954
4014
3955
3961
4066
3991
3842
4025
4068
4111
3869
4034
3884
4050
4017
4028
4057
4067
4127
4024
4054
4092
4016
4020
4133
4010
4109
4031
4157
4268
4224
4144
4214
4141
4148
4252
4157
4190
4284
4226
4089
4260
4148
4271
4377
4264
4245
4301
4201
4204
4166
4259
4322
4203
4283
4267
4199
4337
4230
4237
4352
4254
4424
4310
4356
4282
4254
4386
4324
4262
4291
4208
4248
4326
4194
4385
4232
4375
4308
4404
4246
4269
4313
4313
4334
4404
4466
4381
4430
4360
4421
4447
4316
4418
4368
4414
4428
4324
4434
4401
4403
4453
4415
4466
4398
4445
4404
4387
4468
4562
4347
4473
4444
4467
4472
4406
4571
4395
4494
4440
4402
4432
4481
4470
4528
4493
4389
4477
4458
4453
4480
4558
4497
4444
4561
4424
4584
4541
4382
4469
4404
4432
4317
4571
4498
4552
4516
4497
4510
4539
4532
4463
4539
4571
4484
4413
4610
4519
4493
4481
4518
4595
4513
4449
4469
4636
4628
4421
4525
4536
4587
4659
4599
4680
4485
4547
4589
4696
4640
4619
4599
4531
4497
4588
4585
4545
4536
4534
4630
4657
4512
4627
4688
4544
4658
4474
4548
4546
4483
4518
4626
4571
4547
4527
4634
4549
4579
4616
4665
4625
4506
4632
4582
4685
4686
4529
4602
4612
4556
4577
4563
4538
4610
4686
4612
4573
4484
4573
4626
4544
4519
4549
4671
4581
4706
4461
4547
4690
4626
4545
4571
4626
4627
4626
4524
4647
4589
4649
4604
4583
4599
4705
4668
4574
4675
4493
4546
4499
4494
4551
4511
4572
4576
4530
4585
4619
4567
4494
4541
4625
4667
4650
4645
4528
4415
4661
4688
4683
4535
4507
4454
4664
4550
4634
4638
4632
4593
4613
4564
4594
4509
4542
4672
4569
4561
4507
4670
4570
4580
4579
4510
4647
4595
4630
4693
4518
4559
4536
4521
4595
4602
4498
4535
4675
4527
4564
4707
4565
4523
4504
4625
4532
4606
4621
4537
4567
4620
4618
4632
4575
4604
4527
4542
4626
4553
4547
4575
4488
4432
4633
4605
4537
4502
4457
4636
4547
4643
4542
4524
4525
4541
4525
4461
4560
4551
4455
4608
4590
4553
4597
4497
4596
4529
4452
4511
4515
4632
4490
4572
4498
4506
4533
4626
4504
4461
4469
4496
4519
4475
4538
4529
4527
4396
4654
4456
4462
4496
4650
4508
4531
4473
4467
4470
4502
4522
4529
4565
4433
4457
4395
4511
4488
4532
4533
4510
4462
4553
4340
4511
4525
4432
4418
4459
4413
4545
4514
4421
4394
4430
4524
4390
4359
4463
4426
4472
4304
4421
4456
4343
4417
4489
4399
4393
4415
4492
4444
4484
4399
4485
4353
4336
4371
4323
4379
4369
4355
4280
4243
4325
4419
4304
4384
4268
4357
4294
4288
4325
4273
4326
4319
4287
4372
4418
4354
4214
4213
4361
4185
4204
4498
4340
4210
4229
4186
4206
4054
4244
4125
4274
4216
4203
4339
4307
4213
4201
4227
4251
4143
4248
4259
4239
4243
4129
4129
4189
4170
4232
4159
4159
4276
3961
4263
4155
4190
4131
4222
4108
4006
3991
4027
4068
4038
3961
3918
4085
4021
4013
3948
4100
4092
3972
4033
4065
3945
4087
4052
4046
3955
3975
4003
4022
3943
3936
3951
3920
4060
4029
4010
4024
3952
3898
4038
4212
4165
4061
4006
4107
4040
4059
4116
3886
4051
3995
4154
4045
4210
4173
4098
4087
4036
4206
4260
4158
4188
4140
4200
4212
4221
4178
4217
4180
4256
4305
4281
4171
4284
4223
4153
4310
4230
4241
4267
4252
4223
4241
4291
4349
4188
4353
4313
4299
4159
4259
4324
4318
4042
4264
4230
4463
4296
4297
4320
4253
4404
4358
4351
4379
4383
4314
4268
4250
4500
4386
4247
4403
4416
4427
4368
4343
4370
4462
4242
4271
4494
4470
4404
4363
4334
4341
4423
4377
4243
4336
4375
4328
4347
4433
4414
4422
4363
4544
4366
4469
4567
4494
4515
4499
4434
4451
4480
4470
4509
4459
4466
4470
4515
4514
4420
4484
4510
4511
4518
4412
4443
4516
4412
4495
4453
4569
4503
4368
4552
4438
4580
4489
4486
4614
4575
4506
4560
4493
4445
4342
4483
4550
4428
4572
4497
4455
4536
4659
4495
4503
4594
4409
4653
4514
4569
4576
4454
4631
4519
4566
4620
4467
4562
4607
4636
4471
4508
4706
4597
4696
4581
4524
4565
4548
4640
4668
4511
4608
4692
4615
4517
4540
4589
4649
4650
4614
4657
4602
4618
4667
4682
4585
4725
4534
4576
4666
4592
4591
4582
4519
4607
4537
4630
4639
4641
4571
4565
4457
4642
4559
4593
4620
4482
4571
4717
4607
4618
4628
4515
4613
4668
4660
4495
4554
4656
4548
4583
4522
4726
4645
4583
4646
4658
4555
4561
