3639
3661
3655
3561
3682
3717
3556
3677
3683
3632
3743
3667
3752
3743
3778
3712
3688
3665
3751
3645
3662
3664
3678
3575
3635
3707
3724
3651
3708
3677
3546
3659
3619
3711
3635
3682
3700
3708
3680
3740
3678
3661
3612
3629
3720
3761
3675
3754
3715
3619
3745
3716
3679
3562
3644
3779
3623
3626
3628
3651
3585
3707
3633
3720
3672
3598
3610
3535
3684
3630
3625
3713
3662
3650
3670
3679
3575
3628
3718
3700
3688
3573
3677
3658
3744
3673
3626
3574
3637
3504
3667
3636
3641
3555
3584
3648
3615
3538
3671
3630
3508
3600
3579
3572
3692
3611
3592
3600
3588
3517
3605
3511
3624
3681
3619
3630
3569
3559
3645
3539
3690
3552
3627
3541
3479
3632
3626
3558
3511
3484
3565
3554
3591
3592
3621
3665
3618
3452
3523
3620
3440
3516
3640
3542
3547
3554
3634
3592
3525
3538
3525
3577
3543
3543
3459
3396
3528
3548
3512
3435
3485
3498
3472
3521
3407
3416
3655
3470
3608
3492
3436
3569
3526
3471
3379
3383
3465
3482
3390
3486
3491
3464
3463
3516
3478
3441
3471
3429
3510
3514
3467
3486
3377
3260
3431
3454
3456
3366
3366
3318
3307
3348
3333
3418
3451
3359
3490
3323
3366
3286
3237
3424
3267
3342
3345
3360
3350
3370
3379
3268
3348
3333
3302
3241
3269
3323
3234
3318
3281
3225
3336
3248
3219
3135
3175
3183
3234
3113
3288
3274
3108
3270
3180
3102
3264
3179
3125
3175
3159
3169
3183
3276
3158
3259
3113
3164
3228
3202
3258
3248
3196
3213
3193
3259
3191
3270
3173
3313
3293
3203
3344
3228
3191
3348
3276
3347
3330
3357
3373
3385
3379
3347
3319
3387
3297
3366
3352
3532
3293
3416
3386
3346
3325
3342
3446
3364
3374
3478
3398
3335
3460
3492
3360
3386
3517
3502
3436
3431
3511
3452
3392
3426
3388
3481
3499
3521
3421
3385
3537
3456
3493
3497
3506
3445
3456
3549
3387
3477
3473
3455
3619
3485
3582
3544
3511
3540
3500
3565
3517
3587
3381
3445
3518
3546
3526
3491
3559
3571
3601
3597
3474
3519
3575
3432
3559
3510
3621
3643
3528
3644
3579
3642
3635
3581
3645
3573
3502
3543
3588
3589
3597
3517
3640
3528
3593
3609
3592
3728
3617
3609
3610
3583
3618
3560
3645
3632
3617
3596
3728
3642
3639
3484
3533
3609
3498
3672
3585
3631
3653
3591
3618
3618
3540
3632
3718
3732
3656
3747
3831
3661
3615
3650
3758
3654
3629
3599
3704
3628
3651
3557
3704
3524
3551
3641
3737
3638
3707
3668
3651
3596
3659
3534
3597
3697
3683
3716
3670
3614
3599
3664
3702
3581
3715
3689
3701
3708
3656
3613
3634
3694
3660
3688
3628
3698
3608
3584
3659
3616
3674
3635
3681
3695
3691
3795
3598
3724
3701
3669
3648
3561
3628
3680
3701
3672
3709
3627
3648
3685
3646
3760
3678
3719
3709
3800
3624
3753
3649
3619
3707
3694
3648
3701
3632
3714
3662
3730
3602
3596
3705
3722
3619
3742
3651
3724
3672
3743
3618
3675
3662
3654
3641
3781
3669
3640
3703
3669
3541
3676
3609
3673
3611
3632
3737
3677
3773
3607
3758
3702
3636
3791
3822
3625
3591
3715
3633
3654
3723
3666
3641
3739
3675
3674
3599
3652
3635
3646
3677
3623
3610
3671
3746
3689
3712
3655
3665
3699
3746
3696
3710
3656
3737
3689
3695
3680
3581
3748
3691
3619
3840
3658
3738
3588
3637
3726
3665
3608
3593
3787
3592
3661
3791
3622
3697
3530
3492
3688
3637
3588
3660
3573
3689
3766
3705
3642
3618
3687
3573
3665
3726
3703
3670
3630
3732
3646
3742
3679
3633
3609
3627
3637
3605
3592
3641
3607
3645
3665
3658
3705
3608
3630
3697
3574
3644
3638
3524
3566
3617
3556
3600
3605
3586
3463
3813
3575
3650
3682
3715
3591
3692
3635
3695
3600
3714
3609
3619
3581
3599
3660
3486
3551
3714
3657
3581
3578
3606
3494
3553
3581
3662
3549
3455
3584
3553
3691
3518
3489
3543
3600
3596
3548
3600
3642
3546
3506
3525
3462
3479
3557
3543
3515
3534
3498
3584
3568
3522
3526
3410
3461
3453
3571
3476
3497
3529
3518
3509
3506
3458
3403
3419
3378
3439
3560
3463
3401
3462
3462
3423
3424
3483
3381
3429
3385
3398
3565
3550
3445
3488
3490
3482
3419
3373
3476
3398
3366
3403
3379
3492
3418
3438
3375
3322
3411
3349
3417
3435
3308
3329
3449
3344
3265
3372
3380
3391
3381
3359
3400
3239
3395
3296
3286
3291
3237
3349
3282
3313
3333
3237
3182
3208
3210
3232
3158
3219
3236
3150
3212
3057
3179
3252
3125
3177
3166
3101
3165
3154
3104
3211
3146
3091
3158
3080
3090
3193
3174
3235
3134
3166
3140
3121
3167
3283
3279
3200
3229
3248
3233
3243
3364
3339
3249
3446
3251
3215
3339
3327
3308
3317
3345
3349
3261
3367
3298
3280
3259
3284
3263
3375
3449
3350
3383
3399
3414
3392
3420
3439
3463
3367
3331
3341
3409
3369
3386
3368
3384
3372
3416
3466
3496
3443
3471
3390
3367
3455
3466
3570
3448
3486
3500
3471
3462
3452
3557
3507
3496
3546
3467
3505
3510
3423
3496
3547
3545
3462
3413
3636
3520
3452
3403
3558
3515
3527
3587
3609
3424
3571
3536
3491
3508
3429
3575
3590
3545
3549
3531
3514
3519
3626
3610
3509
3547
3530
3612
3544
3533
3531
3561
3543
3651
3543
3476
3529
3529
3528
3555
3661
3651
3569
3618
3567
3512
3559
3603
3541
3633
3608
3543
3494
3485
3674
3714
3514
3592
3617
3659
3639
3604
3603
3715
3613
3544
3616
3645
3662
3595
3752
3521
3603
3571
3731
3684
3598
3648
3672
3673
3559
3686
3771
3601
3709
3590
3744
3537
3752
3648
3624
3680
3753
3654
3670
3679
3661
3744
3673
3612
3613
3758
3762
3696
3685
3712
3662
3702
3659
3718
3582
3785
3615
3625
3683
3703
3649
3592
3593
3692
3682
3588
3595
3778
3584
3688
3663
3558
3665
3715
3725
3702
3676
3772
3585
3749
3639
3587
3679
3711
3670
3544
3656
3653
3758
3596
3630
3748
3750
3682
3717
3733
3659
3747
3624
3650
3645
3802
3559
