5591
5576
5536
5574
5678
5474
5479
5559
5490
5571
5517
5551
5616
5512
5629
5511
5481
5490
5573
5504
5426
5522
5426
5493
5319
5644
5493
5352
5551
5510
5468
5488
5418
5574
5599
5563
5490
5543
5472
5489
5492
5535
5519
5427
5471
5475
5582
5422
5386
5563
5550
5605
5467
5377
5446
5493
5517
5345
5490
5442
5550
5449
5452
5497
5412
5460
5468
5434
5323
5369
5390
5393
5511
5597
5485
5448
5443
5266
5445
5545
5519
5519
5323
5416
5446
5492
5483
5320
5539
5602
5481
5468
5398
5405
5440
5300
5385
5487
5403
5420
5407
5392
5428
5368
5359
5419
5588
5515
5393
5382
5370
5363
5404
5403
5382
5351
5485
5359
5371
5267
5386
5345
5323
5317
5371
5445
5324
5497
5397
5315
5315
5409
5423
5322
5361
5436
5511
5319
5257
5354
5448
5306
5292
5282
5330
5293
5395
5335
5305
5388
5339
5186
5317
5222
5293
5300
5115
5276
5188
5092
5306
5226
5425
5264
5150
5355
5155
5221
5330
5247
5103
5238
5257
5294
5243
5274
5204
5225
5075
5267
5087
5132
5221
5150
5141
5170
5163
5051
5145
5191
5004
5138
5128
5121
5160
5175
5104
5029
5075
5152
5156
5078
5188
5045
5144
5025
5079
5100
5137
5159
5056
5026
4973
4984
4972
4854
5001
5119
4905
4937
4989
4907
4900
4979
4913
4876
4856
4725
4733
4827
4833
4800
4792
4792
4769
4807
4740
4720
4711
4753
4777
4715
4882
4626
4635
4634
4704
4840
4765
4772
4706
4739
4751
4716
4802
4671
4726
4797
4816
4802
4782
4824
4799
4841
4915
4818
4864
4827
4888
5019
4869
4873
4882
4796
4905
4972
4987
4988
4884
4986
5018
5042
5088
5081
5030
4981
5078
5063
5101
5036
5093
5041
5124
5055
5076
5092
5069
5037
5132
5237
5139
5102
5069
5129
5145
5057
5029
5201
5164
5328
5147
5233
5180
5107
5191
5057
5272
5186
5213
5424
5253
5228
5181
5232
5301
5214
5179
5189
5182
5215
5332
5306
5192
5239
5285
5284
5329
5188
5327
5389
5217
5308
5351
5363
5373
5382
5337
5311
5200
5338
5449
5347
5377
5514
5340
5276
5293
5386
5411
5355
5298
5198
5462
5293
5456
5375
5276
5469
5384
5364
5327
5448
5200
5516
5517
5369
5439
5369
5360
5492
5445
5350
5411
5325
5295
5438
5471
5282
5309
5417
5471
5352
5352
5462
5381
5374
5428
5287
5514
5359
5383
5600
5440
5446
5487
5436
5403
5423
5522
5361
5386
5469
5460
5322
5509
5507
5615
5517
5436
5438
5536
5468
5451
5450
5322
5527
5430
5422
5462
5531
5490
5390
5390
5486
5458
5525
5594
5486
5452
5411
5429
5428
5488
5501
5573
5504
5461
5404
5468
5523
5487
5534
5476
5546
5501
5367
5531
5567
5578
5567
5385
5523
5542
5484
5425
5354
5517
5447
5404
5471
5540
5532
5481
5437
5504
5552
5470
5405
5501
5530
5444
5436
5497
5533
5533
5591
5641
5516
5596
5434
5501
5316
5599
5476
5519
5530
5344
5511
5553
5495
5531
5500
5446
5415
5410
5371
5415
5617
5545
5468
5513
5588
5518
5619
5536
5442
5569
5462
5524
5502
5326
5428
5481
5534
5542
5546
5438
5509
5522
5395
5441
5435
5637
5509
5490
5574
5530
5515
5385
5567
5404
5537
5533
5376
5567
5413
5539
5463
5457
5489
5483
5691
5577
5506
5513
5427
5471
5421
5418
5637
5478
5582
5439
5586
5663
5520
5550
5406
5547
5336
5480
5544
5450
5453
5406
5431
5503
5603
5465
5451
5530
5492
5536
5489
5513
5480
5511
5499
5517
5445
5444
5594
5494
5398
5399
5453
5483
5482
5608
5463
5565
5489
5556
5404
5538
5462
5545
5497
5371
5632
5519
5535
5293
5388
5565
5275
5432
5353
5510
5542
5477
5476
5409
5472
5454
5445
5470
5442
5439
5334
5499
5395
5375
5284
5388
5347
5319
5334
5438
5465
5439
5359
5343
5375
5340
5496
5470
5410
5304
5224
5487
5273
5364
5418
5343
5340
5440
5259
5368
5379
5409
5398
5345
5285
5263
5270
5290
5256
5401
5234
5342
5318
5418
5385
5364
5212
5179
5233
5244
5271
5397
5243
5148
5319
5258
5166
5377
5191
5280
5275
5255
5271
5441
5223
5164
5249
5312
5143
5234
5140
5234
5165
5121
5197
5146
5241
5201
5163
5252
5274
5134
5085
5133
5149
5063
5191
5071
5029
5140
5190
5068
5189
5105
5081
5152
5031
5112
5144
5088
5092
5064
5072
4887
5091
5019
4964
4999
4954
5046
4933
4989
5088
5004
5048
4964
4934
4857
4953
4913
4952
4919
4917
4872
4937
4856
4838
4820
4910
4873
4750
4883
4746
4852
4809
4629
4653
4719
4703
4727
4768
4669
4798
4785
4734
4757
4792
4572
4674
4710
4762
4630
4722
4659
4627
4747
4814
4744
4696
4720
4747
4835
4747
4744
4773
4861
5050
4968
4945
4916
4890
4919
4935
4950
5017
4932
5047
4956
4909
5010
4871
5081
4945
4904
5064
4902
5162
5179
5040
5068
5139
5186
5132
5102
5113
5239
5027
5043
5176
5184
4994
5044
5052
5132
5013
5262
5136
5128
5122
5212
5115
5267
5148
5247
5142
5083
5193
5230
5211
5114
5258
5190
5148
5292
5273
5220
5242
5234
5206
5331
5177
5304
5241
5241
5308
5132
5189
5257
5286
5310
5305
5319
5272
5206
5299
5300
5206
5272
5345
5352
5535
5420
5329
5326
5314
5447
5419
5240
5299
5344
5353
5395
5333
5337
5306
5415
5277
5286
5448
5324
5402
5239
5290
5266
5297
5383
5316
5365
5482
5387
5253
5380
5373
5420
5355
5362
5413
5380
5521
5382
5415
5501
5361
5375
5266
5377
5378
5544
5462
5332
5428
5365
5431
5457
5416
5470
5414
5567
5452
5526
5472
5483
5571
5524
5449
5462
5378
5502
5385
5432
5366
5470
5443
5420
5491
5553
5419
5498
5503
5547
5414
5522
5495
5465
5401
5619
5350
5553
5409
5456
5503
5451
5542
5535
5512
5497
5450
5519
5399
5606
5273
5457
5503
5662
5372
5581
5436
5476
5549
5487
5505
5501
5495
5510
5399
5484
5413
5446
5484
5419
5571
5596
5585
5528
5439
5598
5534
5531
5502
5417
5532
5493
5574
5369
5471
5550
5320
5534
5483
5424
5576
5474
5557
5588
