2753
2672
2820
2708
2814
2699
2714
2783
2781
2742
2747
2874
2736
2683
2722
2736
2751
2767
2748
2776
2767
2773
2759
2835
2806
2777
2808
2846
2891
2728
2810
2752
2783
2784
2825
2653
2797
2734
2781
2693
2756
2690
2701
2742
2672
2853
2857
2825
2766
2793
2805
2891
2723
2710
2721
2788
2828
2752
2787
2787
2671
2777
2722
2772
2722
2790
2741
2713
2856
2765
2740
2713
2769
2696
2743
2737
2638
2766
2714
2726
2737
2622
2696
2746
2733
2781
2716
2733
2791
2722
2756
2745
2681
2786
2700
2723
2713
2670
2687
2702
2736
2699
2733
2657
2716
2718
2763
2658
2672
2743
2671
2759
2742
2647
2643
2723
2797
2605
2738
2646
2737
2584
2762
2682
2664
2732
2720
2741
2721
2609
2723
2742
2679
2698
2708
2699
2594
2733
2719
2686
2686
2675
2723
2685
2632
2651
2708
2579
2623
2661
2637
2640
2642
2520
2715
2642
2573
2692
2779
2630
2708
2577
2615
2601
2746
2606
2667
2724
2620
2578
2630
2645
2612
2673
2625
2559
2554
2584
2645
2649
2666
2607
2635
2584
2632
2608
2525
2605
2594
2577
2493
2538
2560
2478
2610
2582
2584
2505
2561
2560
2543
2552
2630
2449
2468
2553
2637
2455
2542
2500
2589
2567
2519
2527
2531
2503
2513
2390
2512
2417
2489
2420
2459
2488
2504
2475
2434
2480
2456
2365
2435
2346
2364
2370
2392
2321
2335
2312
2387
2244
2338
2389
2367
2430
2448
2452
2252
2322
2310
2344
2352
2341
2364
2401
2395
2404
2394
2389
2427
2378
2408
2400
2347
2413
2393
2470
2400
2476
2472
2484
2438
2430
2477
2436
2519
2503
2485
2478
2518
2565
2446
2577
2470
2432
2504
2547
2494
2481
2516
2499
2517
2530
2538
2607
2532
2467
2593
2567
2578
2529
2610
2683
2591
2648
2529
2562
2551
2521
2462
2586
2611
2546
2514
2620
2627
2600
2615
2642
2501
2612
2633
2610
2587
2615
2557
2683
2628
2622
2609
2632
2585
2655
2669
2669
2666
2622
2659
2724
2754
2646
2571
2611
2686
2584
2704
2645
2649
2685
2605
2706
2655
2628
2633
2717
2652
2601
2690
2742
2692
2706
2717
2580
2679
2728
2648
2695
2699
2616
2707
2780
2725
2634
2670
2607
2739
2680
2741
2682
2741
2652
2631
2622
2727
2689
2637
2697
2691
2800
2761
2614
2732
2702
2782
2688
2718
2738
2719
2716
2695
2801
2783
2765
2708
2696
2732
2718
2718
2728
2790
2739
2785
2729
2765
2749
2740
2756
2751
2721
2818
2734
2669
2822
2758
2777
2673
2717
2805
2765
2768
2837
2837
2691
2766
2717
2779
2693
2744
2747
2631
2735
2748
2819
2752
2825
2750
2704
2701
2808
2796
2774
2778
2766
2740
2797
2786
2754
2775
2811
2790
2752
2737
2760
2791
2814
2712
2742
2696
2841
2737
2737
2758
2795
2715
2767
2819
2770
2756
2750
2868
2796
2776
2766
2827
2681
2775
2817
2723
2731
2770
2748
2710
2651
2724
2717
2805
2764
2774
2731
2755
2744
2810
2823
2711
2718
2825
2807
2822
2703
2720
2676
2718
2834
2723
2749
2767
2845
2772
2717
2811
2782
2735
2700
2768
2819
2714
2776
2719
2712
2794
2754
2660
2708
2791
2786
2769
2738
2716
2743
2708
2622
2795
2739
2755
2740
2768
2686
2741
2802
2715
2874
2791
2695
2748
2708
2738
2844
2789
2834
2789
2774
2710
2727
2641
2779
2686
2781
2728
2670
2810
2782
2741
2827
2713
2740
2784
2736
2812
2665
2690
2833
2807
2795
2818
2774
2736
2653
2810
2801
2775
2804
2732
2791
2686
2782
2704
2709
2689
2709
2765
2711
2753
2840
2812
2779
2790
2748
2771
2788
2670
2691
2706
2729
2753
2768
2773
2653
2721
2688
2696
2749
2690
2702
2764
2736
2695
2768
2639
2682
2809
2739
2752
2683
2727
2688
2663
2730
2684
2752
2691
2715
2618
2604
2739
2690
2739
2647
2803
2630
2712
2690
2789
2697
2651
2708
2683
2685
2717
2772
2632
2677
2600
2679
2655
2697
2652
2526
2666
2639
2709
2645
2635
2692
2655
2624
2650
2778
2644
2629
2614
2578
2655
2669
2607
2684
2642
2670
2806
2553
2616
2619
2592
2711
2570
2640
2612
2574
2721
2637
2555
2593
2569
2650
2624
2639
2592
2582
2514
2629
2617
2524
2633
2492
2616
2586
2607
2583
2603
2573
2597
2595
2588
2541
2489
2603
2538
2488
2561
2537
2545
2493
2563
2492
2506
2469
2484
2445
2445
2622
2488
2425
2480
2513
2435
2409
2458
2551
2487
2409
2438
2479
2433
2451
2421
2338
2467
2424
2457
2426
2426
2373
2360
2365
2412
2320
2347
2381
2410
2378
2320
2318
2333
2431
2325
2325
2405
2392
2410
2348
2348
2503
2406
2308
2342
2429
2388
2332
2393
2388
2351
2443
2451
2417
2453
2414
2393
2422
2465
2422
2484
2450
2493
2470
2506
2450
2450
2487
2553
2524
2447
2563
2497
2553
2566
2453
2513
2507
2520
2494
2462
2539
2591
2573
2480
2543
2552
2526
2551
2503
2578
2571
2532
2533
2578
2536
2587
2530
2605
2563
2603
2577
2537
2550
2681
2507
2552
2556
2551
2670
2637
2651
2578
2636
2677
2613
2660
2693
2631
2639
2638
2574
2641
2541
2614
2615
2637
2557
2660
2665
2673
2692
2653
2680
2673
2585
2594
2614
2571
2696
2708
2641
2683
2694
2649
2701
2644
2673
2684
2653
2677
2635
2679
2671
2658
2750
2716
2759
2710
2730
2736
2727
2735
2671
2745
2729
2693
2780
2694
2749
2724
2623
2652
2686
2662
2706
2625
2689
2703
2737
2735
2604
2712
2757
2696
2734
2786
2715
2745
2738
2728
2771
2657
2777
2784
2709
2662
2707
2674
2665
2814
2782
2792
2664
2719
2766
2736
2778
2647
2636
2690
2661
2735
2786
2712
2652
2777
2755
2746
2766
2718
2851
2658
2720
2773
2754
2665
2818
2726
2735
2810
2723
2756
2766
2771
2736
2635
2632
2788
2774
2687
2803
2722
2773
2803
2718
2751
2777
2755
2776
2715
2724
2782
2758
2783
2759
2740
2755
2688
2781
2725
2802
2678
2729
2821
2799
2799
2771
2799
2742
2829
2751
2878
2809
2798
2770
2729
2686
2810
2665
2716
2750
2804
2765
2790
