5461
5478
5569
5371
5427
5485
5456
5523
5486
5494
5609
5516
5504
5544
5576
5501
5540
5446
5423
5322
5526
5491
5585
5409
5545
5401
5372
5505
5361
5478
5582
5490
5591
5529
5431
5590
5493
5483
5493
5459
5578
5463
5534
5568
5399
5505
5438
5492
5383
5651
5495
5466
5369
5515
5384
5434
5557
5475
5465
5554
5526
5415
5546
5444
5401
5413
5636
5450
5500
5445
5502
5498
5423
5401
5584
5542
5499
5601
5503
5578
5331
5392
5343
5446
5370
5400
5415
5419
5464
5401
5434
5548
5361
5280
5449
5369
5471
5507
5374
5386
5436
5396
5276
5458
5292
5415
5374
5296
5372
5412
5325
5477
5303
5357
5310
5333
5283
5430
5314
5441
5487
5406
5409
5226
5323
5343
5351
5389
5383
5377
5328
5489
5303
5276
5351
5391
5345
5246
5427
5174
5468
5343
5316
5297
5352
5367
5362
5214
5436
5327
5423
5371
5276
5276
5289
5319
5116
5314
5351
5235
5206
5143
5218
5197
5139
5247
5265
5240
5227
5277
5220
5139
5223
5246
5148
5272
5135
5140
5104
5134
5136
5235
5191
5187
5041
5191
5043
5311
5211
5182
5073
5186
5248
5033
5151
5108
5078
5236
5043
5085
5054
5082
5141
5064
5163
5053
4947
5033
5005
5069
5177
4946
5161
4962
5084
5060
4986
4863
5007
4965
4870
4929
5004
4859
4915
4930
4900
4831
4847
4851
4859
4646
4876
4751
4661
4842
4725
4790
4646
4731
4654
4730
4690
4773
4630
4583
4694
4683
4867
4772
4673
4717
4650
4599
4785
4775
4820
4756
4755
4745
4769
4672
4791
4772
4720
4815
4848
4823
4929
4967
4871
5001
4866
4933
4934
4913
4905
4972
4957
4944
5025
4922
5079
4972
4927
5037
5031
5125
5031
4926
4951
4930
5169
5170
5043
4997
5164
5124
5128
5096
5025
5224
5086
5139
5147
5248
5104
5260
5178
5066
5149
5128
5151
5235
5204
5149
5218
5269
5167
5103
5050
5177
5217
5297
5311
5240
5214
5351
5260
5306
5211
5411
5229
5255
5247
5221
5299
5220
5259
5316
5307
5306
5208
5384
5393
5422
5218
5334
5224
5426
5268
5289
5387
5361
5346
5239
5401
5392
5362
5191
5352
5352
5287
5349
5394
5474
5292
5310
5336
5357
5424
5385
5327
5346
5519
5519
5384
5258
5421
5372
5464
5332
5324
5357
5375
5445
5339
5382
5446
5376
5400
5530
5365
5283
5491
5467
5464
5447
5482
5446
5425
5444
5482
5364
5390
5396
5460
5457
5423
5576
5344
5527
5450
5453
5465
5541
5391
5493
5553
5325
5406
5510
5497
5583
5533
5404
5456
5465
5484
5472
5358
5587
5501
5443
5546
5499
5452
5619
5528
5385
5448
5542
5393
5434
5505
5448
5592
5481
5485
5508
5554
5528
5426
5471
5492
5546
5547
5542
5435
5572
5519
5371
5463
5555
5566
5595
5443
5376
5572
5515
5563
5513
5417
5532
5432
5481
5555
5588
5627
5460
5443
5467
5551
5472
5429
5545
5441
5494
5615
5457
5598
5587
5433
5392
5461
5394
5544
5569
5358
5459
5469
5520
5436
5543
5533
5438
5452
5623
5404
5609
5569
5496
5493
5487
5510
5314
5347
5490
5633
5436
5510
5406
5476
5500
5402
5530
5479
5504
5444
5580
5471
5489
5559
5578
5481
5478
5402
5609
5501
5485
5475
5397
5586
5381
5456
5611
5463
5450
5484
5512
5358
5495
5366
5502
5521
5575
5479
5417
5465
5385
5345
5417
5501
5461
5567
5486
5471
5485
5528
5553
5440
5542
5388
5577
5520
5551
5433
5424
5401
5473
5492
5521
5451
5401
5425
5472
5419
5524
5566
5579
5557
5498
5559
5570
5493
5569
5517
5568
5472
5437
5395
5462
5336
5411
5397
5369
5417
5443
5432
5455
5408
5555
5495
5407
5532
5283
5570
5392
5360
5416
5348
5326
5423
5243
5325
5488
5361
5472
5446
5386
5380
5513
5342
5356
5384
5516
5342
5370
5341
5257
5326
5412
5443
5432
5431
5351
5345
5394
5388
5282
5366
5219
5379
5455
5303
5419
5399
5345
5374
5264
5296
5340
5331
5464
5309
5324
5335
5261
5245
5227
5297
5294
5162
5310
5316
5314
5221
5330
5287
5366
5373
5229
5159
5276
5213
5381
5369
5074
5273
5202
5257
5265
5218
5371
5160
5201
5267
5224
5306
5238
5220
5280
5208
5089
5242
5267
5185
5168
5256
5183
5194
5269
5262
5238
5144
5017
5074
5136
5180
5109
5077
5064
5127
5106
5264
5136
5186
5051
5029
5161
4928
4915
5068
5026
5056
5032
4928
4895
5030
5077
4899
5010
5045
4894
4872
4922
5050
4959
4960
4900
4875
4892
4865
4889
4851
4815
4836
4827
4771
4826
4783
4712
4768
4778
4757
4702
4642
4731
4729
4697
4696
4553
4812
4636
4720
4650
4796
4819
4681
4658
4612
4612
4543
4650
4630
4672
4706
4747
4725
4761
4781
4864
4780
4837
4851
4775
4872
4913
4843
4928
4890
4892
5097
5011
4921
4937
5043
4952
5008
5029
4979
5185
5000
4997
5106
4942
4932
5075
4880
5174
5165
5035
5170
5200
5092
5140
5231
5099
5011
5074
5048
5141
5218
5159
5177
5143
5106
5305
5141
5158
5175
5052
5098
5326
5203
5157
5252
5168
5092
5117
5255
5372
5180
5173
5095
5208
5213
5262
5309
5194
5116
5311
5183
5177
5241
5291
5389
5230
5281
5238
5256
5329
5372
5225
5242
5328
5318
5262
5345
5284
5357
5382
5448
5263
5270
5208
5296
5389
5368
5368
5466
5401
5321
5376
5222
5427
5296
5339
5390
5381
5320
5400
5427
5467
5407
5341
5264
5374
5359
5375
5302
5395
5376
5392
5239
5423
5347
5403
5301
5365
5374
5311
5470
5440
5372
5472
5421
5507
5402
5449
5376
5495
5552
5459
5452
5439
5509
5404
5463
5472
5435
5545
5581
5463
5448
5475
5455
5481
5417
5411
5405
5466
5358
5411
5521
5426
5454
5577
5461
5560
5423
5544
5470
5513
5388
5347
5477
5515
5546
5362
5601
5639
5411
5434
5593
5534
5524
5449
5582
5477
5564
5570
5519
5499
5453
5546
5404
5597
5482
5605
5442
5489
5636
5346
5448
5432
5398
5526
5481
5600
5460
5589
5474
5494
5338
5405
5404
5561
5519
5500
5571
5622
5399
5423
5407
5419
5377
5525
5333
5481
5394
5462
5627
