4517
4545
4539
4579
4408
4577
4631
4589
4501
4466
4558
4562
4670
4543
4619
4475
4700
4561
4418
4637
4581
4513
4522
4481
4641
4637
4668
4554
4629
4483
4624
4504
4440
4502
4410
4522
4520
4514
4543
4548
4498
4434
4536
4512
4590
4600
4587
4547
4513
4538
4492
4480
4538
4631
4473
4586
4454
4526
4523
4461
4662
4439
4612
4462
4552
4518
4488
4425
4384
4557
4558
4447
4577
4599
4545
4537
4692
4550
4601
4539
4488
4461
4525
4649
4483
4621
4509
4562
4406
4456
4495
4659
4555
4464
4508
4548
4538
4474
4441
4551
4404
4579
4424
4475
4469
4513
4488
4363
4455
4457
4513
4452
4495
4465
4460
4546
4492
4472
4528
4474
4500
4455
4508
4455
4352
4503
4457
4468
4492
4396
4522
4396
4402
4401
4582
4423
4532
4470
4461
4524
4347
4407
4445
4413
4476
4441
4357
4383
4464
4465
4418
4461
4370
4284
4412
4331
4432
4440
4472
4436
4461
4395
4251
4282
4348
4271
4280
4378
4343
4273
4323
4398
4440
4366
4365
4270
4381
4345
4243
4276
4298
4369
4227
4376
4373
4240
4247
4257
4417
4316
4165
4257
4164
4209
4152
4257
4174
4143
4156
4211
4245
4300
4150
4255
4303
4151
4199
4233
4078
4100
4199
4184
4128
4099
4232
4064
4141
4081
4182
4150
4045
4051
4144
4127
4185
3995
4012
4011
4032
3949
3981
3898
3940
3811
3933
3866
3815
3865
3882
3891
3986
3762
3869
3815
3934
3837
3921
3916
3891
3861
3927
3953
3912
3795
3936
3789
3930
3911
3840
3962
3829
3764
3994
3988
3986
4031
4042
4086
4028
3990
3942
4035
3915
4068
4162
4113
4051
4172
3986
4134
4145
4128
4283
4174
4336
4155
4243
4105
4196
4251
4184
4186
4167
4239
4223
4149
4164
4287
4127
4195
4296
4353
4240
4316
4205
4233
4217
4328
4217
4186
4316
4256
4364
4313
4356
4301
4160
4312
4320
4302
4367
4360
4310
4383
4321
4339
4390
4283
4323
4395
4431
4457
4279
4303
4378
4378
4325
4377
4351
4401
4408
4451
4387
4475
4370
4457
4439
4445
4446
4356
4280
4372
4403
4423
4415
4398
4448
4427
4366
4435
4639
4450
4478
4493
4543
4411
4441
4420
4465
4448
4353
4395
4441
4501
4487
4400
4405
4489
4412
4393
4488
4388
4536
4563
4466
4399
4452
4423
4567
4407
4491
4406
4528
4474
4471
4468
4534
4514
4576
4502
4419
4446
4535
4507
4383
4566
4479
4405
4455
4555
4544
4531
4496
4461
4473
4380
4430
4526
4543
4556
4644
4638
4558
4531
4580
4552
4456
4525
4512
4633
4524
4520
4610
4513
4568
4450
4540
4577
4511
4424
4591
4457
4457
4560
4570
4378
4619
4605
4548
4605
4596
4571
4456
4581
4598
4657
4526
4523
4580
4536
4718
4599
4594
4530
4538
4562
4424
4570
4517
4731
4606
4645
4511
4610
4599
4520
4589
4568
4541
4545
4523
4555
4552
4509
4457
4599
4536
4520
4581
4539
4586
4497
4498
4615
4534
4586
4607
4636
4590
4553
4525
4420
4499
4575
4569
4483
4539
4559
4472
4517
4522
4535
4530
4539
4599
4519
4466
4559
4608
4626
4652
4490
4616
4641
4585
4574
4657
4644
4614
4500
4640
4508
4505
4529
4518
4513
4477
4647
4530
4521
4672
4574
4550
4492
4509
4569
4610
4507
4534
4515
4548
4545
4394
4596
4530
4477
4543
4604
4638
4509
4515
4495
4571
4625
4483
4507
4474
4592
4608
4568
4468
4478
4539
4607
4461
4416
4604
4497
4577
4587
4523
4633
4604
4516
4535
4489
4649
4516
4554
4524
4481
4568
4566
4515
4655
4476
4562
4554
4461
4528
4452
4650
4537
4492
4543
4475
4529
4464
4562
4540
4491
4606
4472
4588
4626
4547
4401
4552
4525
4388
4413
4393
4380
4591
4459
4478
4451
4456
4446
4525
4544
4451
4445
4482
4489
4398
4420
4348
4434
4515
4537
4554
4315
4456
4419
4439
4397
4409
4473
4381
4444
4371
4402
4391
4333
4406
4425
4447
4435
4434
4388
4396
4460
4431
4579
4482
4349
4287
4471
4404
4452
4331
4459
4388
4368
4352
4356
4349
4472
4290
4483
4469
4357
4387
4429
4380
4464
4308
4287
4363
4336
4475
4329
4224
4311
4396
4322
4389
4389
4275
4435
4249
4213
4336
4339
4390
4287
4197
4310
4304
4295
4265
4303
4244
4221
4297
4334
4144
4292
4197
4320
4300
4212
4343
4219
4209
4192
4132
4235
4158
4334
4224
4059
4223
4290
4012
4044
4272
4178
4234
4185
4088
4152
4184
4103
4048
4047
4055
4166
4068
4090
4103
4093
4047
3949
3938
3944
3993
3877
4004
3873
4049
4105
3813
3944
3905
3799
3914
3797
3834
3883
3786
3937
3895
3973
3881
3827
3945
3846
3878
3892
3869
3767
3836
3880
3910
3943
3888
3911
3897
3921
3937
3950
4007
4012
4170
4053
3993
3955
4040
4008
4087
4020
4116
4089
4051
4110
4122
4133
4186
4148
4078
4157
4196
4196
4172
4082
4159
4228
4191
4164
4317
4162
4200
4203
4197
4278
4312
4318
4195
4261
4170
4247
4373
4342
4215
4299
4229
4262
4276
4377
4349
4155
4311
4399
4344
4337
4254
4392
4313
4277
4252
4345
4339
4199
4427
4274
4246
4527
4390
4335
4309
4414
4313
4316
4472
4420
4375
4440
4342
4372
4451
4467
4258
4340
4426
4396
4333
4432
4414
4303
4417
4367
4505
4399
4318
4425
4427
4473
4380
4470
4550
4451
4415
4415
4458
4379
4441
4338
4566
4233
4513
4452
4552
4338
4476
4429
4412
4552
4392
4569
4531
4354
4469
4524
4453
4547
4590
4355
4562
4446
4509
4533
4459
4424
4509
4439
4466
4518
4499
4460
4416
4518
4456
4571
4575
4513
4420
4455
4483
4385
4501
4399
4580
4531
4509
4503
4424
4475
4503
4547
4489
4497
4581
4502
4515
4536
4602
4469
4587
4543
4583
4476
4493
4552
4540
4560
4479
4545
4613
4474
4560
4455
4515
4589
4509
4528
4263
4479
4477
4611
4576
4549
4618
4548
4471
4585
4555
4477
4591
4617
4523
4483
4518
4590
4660
4608
4516
4572
4617
4535
4557
4475
4668
4523
4530
4604
4542
4505
4552
4528
4581
4422
4569
4416
4517
4502
4543
4648
4482
4525
4541
4530
