3863
3766
3879
3872
3935
3818
3844
3716
3875
3779
3805
3788
3779
3717
3896
3799
3876
3800
3728
3800
3723
3813
3907
3864
3804
3708
3751
3756
3840
3771
3786
3844
3687
3855
3758
3851
3907
3792
3855
3821
3805
3739
3836
3764
3739
3893
3798
3688
3705
3718
3791
3791
3858
3749
3790
3614
3705
3692
3803
3754
3665
3757
3632
3583
3718
3577
3614
3452
3464
3480
3390
3354
3384
3296
3380
3277
3159
3200
3322
3284
3284
3194
3295
3375
3324
3313
3293
3372
3304
3427
3367
3456
3493
3490
3531
3527
3588
3486
3628
3597
3627
3668
3549
3590
3716
3674
3706
3685
3744
3742
3653
3647
3844
3749
3854
3866
3741
3755
3756
3787
3759
3832
3721
3781
3845
3805
3733
3761
3770
3761
3816
3666
3747
3762
3701
3748
3601
3636
3614
3590
3630
3446
3421
3428
3391
3298
3376
3319
3433
3418
3288
3260
3427
3384
3444
3374
3512
3430
3317
3542
3616
3513
3605
3598
3536
3616
3602
3673
3659
3666
3669
3841
3786
3714
3834
3753
3808
3699
3730
3738
3750
3738
3802
3838
3720
3843
3799
3764
3763
3899
3817
3826
3792
3765
3808
3756
3791
3789
3744
3790
3722
3787
3729
3738
3784
3735
3775
3765
3698
3755
3704
3808
3570
3562
3670
3479
3485
3426
3413
3435
3552
3383
3388
3552
3484
3636
3685
3646
3708
3701
3757
3558
3763
3724
3691
3703
3687
3763
3777
3698
3777
3785
3753
3785
3764
3791
3805
3800
3777
3835
3789
3762
3801
3795
3859
3631
3728
3891
3784
3701
3860
3817
3831
3814
3550
3549
3580
3512
3580
3539
3503
3447
3472
3292
3426
3488
3578
3446
3637
3570
3633
3539
3679
3773
3720
3838
3701
3716
3764
3803
3786
3688
3625
3727
3671
3778
3825
3782
3789
3725
3712
3709
3813
3706
3776
3781
3842
3861
3833
3821
3827
3799
3763
3807
3850
3777
3777
3717
3820
3785
3813
3819
3745
3809
3697
3788
3636
3734
3557
3615
3573
3617
3685
3500
3472
3356
3397
3372
3434
3357
3327
3350
3332
3381
3323
3413
3390
3391
3415
3374
3505
3524
3419
3520
3546
3533
3696
3553
3805
3746
3822
3728
3739
3801
3706
3837
3701
3810
3709
3788
3701
3779
3711
3729
3849
3767
3853
3819
3879
3635
3671
3793
3753
3694
3806
3744
3730
3735
3605
3674
3750
3675
3573
3727
3665
3567
3585
3564
3558
3637
3594
3667
3462
3507
3457
3440
3390
3416
3298
3355
3324
3298
3310
3220
3260
3257
3114
3320
3337
3186
3262
3366
3272
3347
3468
3500
3360
3558
3551
3588
3576
3633
3768
3681
3789
3719
3839
3657
3786
3755
3773
3651
3821
3781
3710
3725
3836
3727
3804
3830
3722
3823
3855
3864
3737
3788
3671
3807
3823
3757
3751
3773
3853
3814
3763
3860
3775
3720
3877
3810
3753
3736
3697
3817
3883
3824
3693
3888
3871
3734
3698
3875
3847
3835
3785
3852
3843
3707
3870
3806
3777
3809
3695
3837
3988
3793
3863
3821
3674
3841
3813
3898
3852
3802
3816
3842
3771
3810
3785
3735
3880
3810
3806
3806
3725
3785
3816
3876
3745
3786
3736
3870
3733
3823
3839
3847
3833
3776
3791
3835
3717
3769
3798
3848
3821
3850
3844
3759
3713
3778
3886
3806
3776
3786
3890
3710
3735
3847
3846
3818
3786
3848
3887
3875
3720
3793
3822
3805
3847
3845
3646
3770
3846
3787
3920
3858
3708
3756
3938
3841
3928
3759
3834
3696
3807
3915
3796
3777
3692
3756
3886
3876
3768
3808
3898
3807
3722
3808
3706
3733
3638
3663
3582
3649
3517
3540
3525
3486
3430
3300
3292
3295
3388
3221
3195
3306
3227
3174
3213
3184
3309
3282
3379
3175
3346
3456
3386
3455
3589
3532
3575
3526
3520
3561
3491
3633
3704
3670
3585
3666
3650
3667
3652
3668
3690
3738
3646
3834
3712
3830
3717
3749
3781
3825
3789
3786
3768
3653
3772
3664
3669
3741
3698
3766
3731
3771
3680
3772
3635
3764
3715
3760
3687
3688
3762
3683
3610
3715
3608
3526
3573
3492
3368
3430
3497
3275
3310
3335
3143
3369
3364
3348
3325
3467
3398
3552
3426
3553
3628
3604
3588
3582
3629
3633
3681
3650
3675
3724
3713
3829
3728
3683
3806
3698
3761
3762
3848
3807
3782
3805
3801
3696
3820
3658
3742
3878
3738
3850
3854
3852
3874
3775
3677
3786
3841
3809
3727
3869
3743
3728
3837
3757
3712
3711
3617
3768
3766
3827
3645
3748
3646
3652
3542
3533
3497
3560
3460
3307
3286
3452
3491
3378
3534
3476
3554
3550
3693
3586
3659
3771
3805
3707
3706
3795
3706
3834
3798
3703
3681
3849
3810
3680
3771
3760
3763
3750
3863
3862
3820
3794
3636
3792
3768
3688
3756
3651
3763
3817
3866
3689
3770
3781
3635
3661
3616
3499
3452
3553
3523
3484
3425
3412
3400
3412
3390
3608
3562
3440
3561
3606
3631
3680
3704
3783
3643
3820
3815
3626
3708
3805
3796
3843
3752
3777
3804
3864
3804
3857
3808
3701
3756
3856
3788
3725
3877
3707
3785
3791
3815
3863
3835
3657
3803
3820
3860
3793
3771
3839
3809
3620
3700
3675
3817
3665
3626
3727
3637
3722
3608
3583
3583
3549
3520
3492
3490
3431
3434
3402
3478
3401
3444
3386
3377
3303
3270
3201
3375
3467
3397
3524
3415
3640
3505
3726
3658
3671
3564
3623
3815
3671
3754
3712
3836
3718
3837
3672
3910
3664
3843
3803
3850
3696
3753
3869
3652
3817
3762
3717
3861
3667
3699
3780
3697
3688
3666
3719
3662
3734
3723
3650
3520
3606
3588
3530
3551
3642
3494
3515
3464
3501
3481
3496
3474
3500
3259
3432
3363
3283
3372
3374
3412
3183
3320
3244
3306
3240
3398
3354
3375
3250
3399
3349
3447
3550
3388
3535
3622
3636
3597
3670
3628
3714
3682
3792
3733
3745
3710
3856
3812
3752
3785
3767
3797
3778
3883
3772
3859
3911
3694
3793
3783
3798
3743
3756
3797
3713
3788
3855
3883
3836
3866
3781
3792
3719
3815
3724
3875
3883
3822
3706
3824
3718
3734
3835
3786
3836
3786
3828
3779
3831
3854
3756
3852
3821
3809
3825
3956
3768
3838
3776
3720
3853
3828
