2778
2832
2723
2844
2716
2781
2785
2768
2737
2707
2758
2693
2828
2811
2699
2767
2824
2736
2677
2800
2661
2653
2786
2717
2886
2760
2699
2817
2711
2678
2721
2747
2732
2729
2752
2717
2744
2786
2758
2781
2789
2720
2796
2741
2706
2746
2707
2769
2739
2791
2818
2766
2767
2749
2737
2804
2706
2752
2739
2763
2801
2752
2773
2764
2771
2743
2793
2703
2754
2767
2819
2714
2765
2801
2693
2657
2755
2696
2718
2750
2676
2820
2722
2762
2753
2769
2687
2720
2684
2712
2712
2637
2751
2723
2740
2726
2723
2673
2678
2677
2669
2791
2674
2753
2756
2699
2684
2721
2777
2700
2738
2746
2707
2748
2705
2744
2583
2703
2748
2713
2680
2657
2729
2733
2764
2720
2782
2643
2763
2741
2811
2647
2745
2742
2774
2803
2605
2692
2631
2721
2646
2768
2759
2798
2620
2653
2721
2621
2625
2642
2575
2712
2664
2544
2656
2614
2603
2667
2729
2655
2688
2603
2755
2611
2607
2591
2773
2688
2631
2611
2704
2628
2566
2588
2670
2655
2625
2616
2634
2646
2636
2579
2556
2619
2621
2576
2567
2556
2561
2604
2653
2541
2604
2651
2456
2536
2608
2527
2502
2544
2566
2589
2493
2528
2530
2502
2560
2453
2523
2513
2530
2526
2583
2528
2402
2506
2592
2578
2467
2390
2481
2549
2519
2428
2398
2472
2415
2491
2460
2435
2367
2311
2413
2366
2303
2358
2349
2366
2279
2239
2297
2255
2413
2265
2349
2310
2393
2278
2259
2405
2323
2314
2320
2414
2325
2330
2321
2386
2332
2425
2406
2430
2395
2345
2432
2421
2355
2482
2401
2462
2464
2445
2485
2508
2422
2520
2509
2442
2516
2497
2508
2524
2556
2485
2522
2584
2519
2479
2507
2584
2527
2574
2480
2502
2539
2549
2521
2507
2549
2455
2610
2564
2503
2574
2613
2683
2528
2586
2659
2613
2572
2523
2596
2711
2659
2522
2601
2557
2590
2670
2619
2548
2581
2608
2653
2640
2641
2683
2659
2572
2618
2614
2750
2589
2554
2700
2656
2683
2613
2604
2660
2598
2650
2649
2784
2608
2654
2713
2664
2683
2641
2717
2672
2716
2573
2756
2647
2765
2780
2735
2634
2733
2750
2705
2657
2688
2711
2714
2697
2670
2622
2731
2723
2770
2711
2785
2630
2708
2738
2721
2640
2805
2666
2629
2643
2740
2635
2776
2657
2785
2717
2699
2674
2699
2704
2749
2789
2588
2776
2779
2671
2754
2703
2711
2768
2661
2781
2733
2739
2808
2760
2737
2738
2805
2704
2873
2721
2755
2688
2680
2834
2743
2706
2662
2670
2676
2753
2730
2687
2797
2773
2706
2769
2705
2624
2808
2787
2796
2751
2750
2733
2749
2751
2882
2767
2762
2711
2747
2814
2748
2762
2720
2717
2646
2823
2734
2692
2690
2727
2738
2801
2702
2889
2673
2716
2687
2771
2740
2709
2799
2707
2753
2708
2753
2676
2744
2756
2662
2684
2789
2739
2809
2747
2691
2819
2725
2724
2752
2666
2714
2790
2772
2648
2718
2788
2725
2803
2867
2766
2788
2722
2819
2726
2781
2688
2679
2765
2731
2723
2806
2868
2789
2762
2674
2776
2769
2753
2707
2768
2709
2796
2751
2713
2594
2781
2800
2796
2693
2841
2836
2723
2775
2655
2751
2687
2790
2751
2734
2727
2798
2813
2767
2823
2708
2791
2817
2729
2755
2726
2752
2836
2851
2695
2801
2766
2836
2793
2697
2700
2788
2832
2786
2726
2715
2752
2733
2720
2822
2652
2734
2756
2771
2734
2760
2692
2707
2802
2765
2751
2774
2699
2657
2842
2754
2634
2676
2746
2772
2817
2655
2757
2730
2784
2700
2751
2784
2784
2775
2773
2729
2566
2732
2629
2762
2693
2813
2690
2727
2738
2729
2640
2700
2798
2668
2735
2716
2863
2631
2846
2727
2744
2766
2690
2727
2734
2768
2742
2773
2697
2788
2656
2624
2813
2686
2680
2778
2647
2694
2654
2717
2621
2652
2739
2561
2689
2628
2671
2633
2751
2703
2633
2618
2699
2757
2771
2647
2805
2664
2634
2543
2666
2708
2635
2686
2672
2642
2691
2652
2621
2704
2563
2674
2691
2740
2747
2633
2724
2665
2666
2684
2686
2676
2609
2636
2646
2648
2632
2612
2576
2658
2626
2547
2645
2635
2614
2642
2631
2600
2553
2671
2638
2665
2644
2641
2699
2517
2614
2627
2576
2607
2597
2605
2670
2680
2553
2595
2534
2584
2546
2511
2583
2577
2598
2543
2657
2650
2500
2527
2623
2539
2552
2504
2472
2526
2567
2471
2563
2437
2460
2562
2470
2486
2430
2517
2478
2521
2407
2437
2419
2440
2362
2450
2469
2382
2372
2436
2408
2417
2409
2407
2384
2308
2365
2396
2314
2348
2354
2287
2344
2374
2297
2421
2388
2246
2252
2285
2239
2309
2318
2346
2374
2294
2338
2336
2388
2317
2391
2425
2340
2391
2443
2399
2323
2426
2404
2473
2447
2428
2538
2485
2493
2442
2510
2413
2562
2490
2580
2552
2381
2485
2521
2408
2527
2458
2538
2557
2589
2592
2560
2494
2564
2528
2556
2545
2543
2454
2616
2468
2515
2549
2540
2543
2541
2619
2596
2561
2620
2596
2578
2497
2673
2590
2612
2547
2650
2579
2576
2582
2601
2660
2589
2691
2676
2674
2519
2602
2630
2627
2698
2677
2561
2592
2644
2555
2648
2627
2732
2625
2728
2668
2578
2592
2659
2705
2641
2596
2648
2672
2649
2679
2691
2608
2540
2636
2687
2663
2646
2770
2742
2784
2652
2667
2735
2628
2694
2619
2690
2674
2670
2720
2749
2684
2691
2610
2746
2653
2717
2726
2785
2654
2603
2666
2705
2788
2667
2596
2680
2708
2731
2695
2721
2705
2833
2686
2756
2691
2761
2772
2724
2781
2708
2713
2705
2702
2622
2763
2718
2712
2750
2682
2688
2718
2653
2717
2746
2746
2650
2736
2670
2718
2659
2764
2771
2699
2699
2672
2735
2750
2614
2744
2733
2743
2734
2766
2744
2867
2694
2771
2693
2731
2805
2711
2752
2772
2769
2747
2804
2698
2795
2703
2805
2686
2714
2783
2832
2766
2681
2796
2800
2776
2767
2756
2772
2859
2831
2697
2768
2750
2708
2888
2728
2824
2734
2678
2727
2788
2792
2757
2703
2736
2805
2789
2831
2767
2757
2752
2778
2740
2774
2737
2801
2784
2774
