2734
2728
2718
2774
2717
2693
2702
2752
2680
2778
2809
2761
2793
2747
2762
2728
2704
2711
2767
2828
2770
2709
2754
2777
2796
2699
2747
2763
2726
2736
2738
2726
2776
2754
2811
2752
2779
2838
2754
2827
2855
2716
2747
2727
2802
2802
2718
2741
2687
2691
2720
2729
2646
2687
2665
2778
2744
2720
2699
2798
2647
2798
2817
2836
2754
2711
2770
2754
2653
2826
2825
2806
2691
2725
2814
2832
2717
2756
2722
2785
2706
2725
2789
2714
2697
2721
2706
2753
2786
2684
2697
2739
2807
2704
2761
2770
2691
2685
2763
2715
2674
2792
2772
2633
2713
2661
2756
2634
2746
2683
2675
2765
2615
2669
2700
2755
2708
2662
2681
2644
2641
2632
2780
2724
2739
2666
2760
2740
2690
2672
2591
2608
2665
2703
2679
2737
2740
2750
2636
2721
2709
2722
2657
2685
2721
2659
2674
2695
2609
2690
2643
2667
2653
2641
2767
2671
2634
2590
2651
2638
2624
2669
2551
2647
2630
2659
2560
2632
2626
2689
2579
2611
2607
2627
2597
2721
2622
2610
2629
2656
2627
2698
2615
2656
2608
2638
2620
2653
2560
2675
2589
2613
2597
2517
2589
2589
2593
2531
2568
2487
2504
2579
2497
2515
2615
2494
2554
2572
2515
2611
2532
2482
2522
2425
2455
2582
2458
2506
2477
2554
2448
2468
2480
2488
2409
2412
2377
2412
2415
2359
2380
2456
2395
2297
2381
2361
2487
2348
2391
2303
2287
2303
2358
2346
2314
2342
2325
2365
2362
2315
2367
2280
2270
2391
2353
2291
2426
2327
2409
2404
2216
2384
2344
2430
2410
2443
2400
2465
2411
2397
2395
2424
2399
2476
2446
2375
2421
2499
2537
2465
2560
2582
2473
2525
2504
2489
2496
2591
2630
2574
2552
2523
2651
2577
2572
2493
2548
2582
2572
2557
2625
2601
2557
2607
2681
2579
2490
2566
2546
2582
2640
2688
2635
2621
2546
2578
2643
2604
2647
2630
2662
2558
2649
2593
2607
2617
2575
2674
2585
2634
2738
2615
2745
2736
2659
2611
2598
2638
2696
2715
2601
2634
2710
2657
2716
2700
2697
2585
2633
2632
2673
2818
2585
2631
2646
2743
2687
2622
2744
2699
2715
2678
2704
2669
2618
2745
2745
2656
2651
2647
2813
2668
2730
2709
2674
2680
2728
2783
2718
2694
2691
2641
2758
2701
2709
2680
2731
2694
2642
2693
2723
2687
2811
2737
2777
2694
2769
2806
2679
2644
2708
2658
2788
2802
2779
2751
2795
2685
2701
2676
2683
2730
2773
2782
2725
2650
2764
2755
2745
2725
2792
2742
2665
2778
2729
2754
2745
2703
2801
2718
2691
2720
2734
2710
2819
2748
2694
2637
2744
2734
2720
2734
2798
2757
2836
2710
2744
2683
2808
2685
2739
2774
2764
2753
2655
2734
2806
2802
2784
2736
2742
2725
2675
2759
2784
2764
2839
2766
2735
2696
2709
2794
2690
2716
2714
2794
2754
2793
2777
2884
2698
2741
2706
2713
2796
2774
2757
2831
2729
2699
2746
2760
2749
2769
2747
2749
2666
2814
2700
2714
2682
2680
2820
2775
2701
2652
2782
2842
2711
2802
2774
2670
2775
2865
2759
2647
2747
2766
2722
2784
2743
2789
2793
2696
2636
2861
2749
2805
2771
2779
2799
2720
2727
2807
2834
2810
2761
2740
2865
2749
2723
2790
2676
2699
2833
2793
2748
2725
2671
2789
2740
2737
2784
2777
2774
2751
2717
2840
2689
2762
2727
2812
2731
2719
2717
2829
2707
2726
2702
2608
2780
2715
2725
2778
2854
2865
2740
2758
2733
2765
2774
2714
2750
2647
2772
2760
2762
2681
2720
2746
2813
2705
2778
2738
2680
2692
2755
2797
2760
2751
2703
2660
2694
2754
2704
2698
2746
2722
2660
2666
2652
2697
2705
2634
2740
2678
2729
2759
2720
2667
2665
2748
2622
2772
2703
2755
2769
2762
2809
2724
2705
2646
2698
2733
2604
2667
2719
2792
2741
2762
2685
2711
2734
2787
2682
2635
2730
2691
2648
2686
2732
2698
2729
2685
2757
2740
2709
2649
2746
2721
2666
2720
2644
2726
2663
2621
2680
2704
2628
2641
2676
2659
2625
2635
2553
2684
2674
2744
2622
2668
2657
2675
2640
2704
2758
2704
2617
2571
2656
2638
2616
2686
2653
2620
2610
2656
2637
2603
2598
2554
2615
2590
2696
2632
2618
2612
2596
2608
2639
2574
2505
2614
2627
2678
2572
2606
2675
2675
2589
2547
2640
2548
2615
2571
2593
2558
2629
2563
2560
2583
2633
2574
2575
2511
2562
2555
2519
2491
2473
2511
2537
2504
2459
2451
2558
2519
2458
2529
2495
2478
2458
2447
2394
2315
2464
2414
2370
2323
2308
2353
2410
2448
2279
2384
2359
2326
2361
2438
2296
2371
2276
2320
2295
2333
2254
2362
2302
2319
2329
2349
2362
2271
2337
2307
2318
2310
2314
2356
2266
2335
2351
2336
2466
2365
2406
2421
2460
2425
2458
2410
2378
2523
2561
2442
2467
2517
2555
2494
2506
2518
2514
2503
2502
2628
2466
2477
2529
2467
2523
2462
2484
2614
2500
2540
2530
2500
2573
2640
2576
2541
2667
2676
2512
2599
2502
2583
2624
2566
2630
2580
2622
2509
2547
2572
2649
2612
2580
2633
2535
2618
2603
2643
2630
2672
2703
2589
2667
2638
2582
2687
2644
2662
2641
2647
2684
2645
2714
2708
2677
2621
2628
2701
2589
2661
2777
2677
2737
2700
2608
2699
2650
2675
2732
2668
2738
2609
2780
2680
2634
2625
2678
2720
2626
2638
2748
2725
2743
2796
2797
2657
2637
2756
2639
2679
2704
2711
2752
2727
2684
2708
2705
2817
2749
2583
2791
2763
2692
2749
2712
2809
2645
2719
2740
2696
2684
2667
2717
2660
2691
2696
2744
2666
2769
2687
2714
2676
2718
2671
2701
2834
2755
2741
2705
2672
2779
2728
2690
2740
2782
2715
2695
2719
2700
2721
2786
2780
2728
2689
2708
2668
2757
2789
2730
2645
2763
2743
2771
2778
2784
2636
2844
2753
2675
2766
2811
2783
2772
2773
2741
2750
2636
2830
2835
2729
2818
2763
2718
2784
2837
2802
2773
2793
2750
2741
2797
2787
2773
2724
2856
2745
2828
2805
2779
2763
2766
2869
2767
2756
2805
2760
2762
2807
2645
2738
2775
2734
2769
2768
2688
2816
2807
2805
2789
