4577
4626
4506
4551
4628
4520
4573
4673
4498
4560
4588
4702
4593
4613
4598
4571
4601
4530
4591
4482
4602
4600
4463
4535
4600
4584
4629
4608
4603
4670
4724
4547
4547
4612
4535
4620
4482
4626
4512
4600
4536
4530
4678
4586
4527
4552
4598
4570
4578
4472
4493
4643
4606
4532
4458
4571
4608
4532
4579
4564
4612
4542
4617
4439
4647
4482
4533
4653
4612
4518
4515
4487
4436
4557
4543
4581
4467
4585
4585
4512
4593
4450
4579
4581
4594
4500
4559
4526
4502
4696
4611
4570
4561
4607
4535
4582
4550
4561
4499
4514
4457
4480
4638
4524
4547
4595
4664
4567
4555
4542
4478
4467
4576
4402
4556
4587
4539
4523
4478
4562
4627
4515
4517
4461
4550
4436
4458
4559
4491
4481
4497
4558
4538
4484
4464
4370
4552
4626
4497
4407
4477
4397
4470
4547
4595
4511
4522
4542
4410
4549
4424
4541
4514
4508
4288
4391
4270
4293
4376
4393
4400
4546
4446
4416
4395
4468
4298
4412
4417
4366
4293
4343
4305
4315
4459
4319
4311
4473
4419
4343
4307
4332
4379
4315
4345
4291
4388
4339
4345
4303
4297
4419
4291
4227
4316
4311
4215
4304
4119
4269
4205
4297
4191
4260
4190
4322
4067
4203
4290
4155
4269
4167
4156
4119
4271
4177
4222
4168
4215
4180
4031
4138
4182
4022
4097
4073
3998
4095
4013
3944
3979
4060
3940
3926
3961
3944
3911
3768
3890
3827
3870
3933
3853
3909
3916
3863
3802
3874
3790
3951
3953
3908
4026
3885
3970
3782
3811
3957
3925
3843
3850
3942
3943
3952
4046
4173
3993
3985
4124
4110
4036
4132
4072
4062
4140
4096
4179
4180
4066
4135
4188
4118
4177
4238
4279
4188
4154
4233
4257
4197
4205
4216
4376
4296
4311
4238
4294
4264
4326
4312
4373
4296
4293
4322
4239
4314
4252
4236
4389
4366
4356
4407
4393
4408
4382
4315
4283
4302
4405
4338
4338
4305
4432
4524
4493
4470
4462
4357
4285
4522
4460
4390
4417
4428
4370
4347
4348
4358
4460
4410
4419
4476
4339
4377
4493
4383
4453
4366
4489
4513
4563
4380
4682
4499
4509
4509
4579
4468
4530
4523
4430
4533
4441
4472
4432
4466
4425
4516
4502
4561
4503
4502
4643
4624
4564
4483
4572
4491
4428
4492
4524
4457
4536
4540
4437
4519
4505
4484
4625
4581
4571
4456
4606
4419
4573
4521
4512
4411
4556
4533
4510
4493
4553
4552
4542
4620
4543
4541
4522
4659
4544
4543
4540
4543
4535
4505
4492
4504
4619
4694
4494
4477
4649
4563
4566
4552
4483
4710
4543
4613
4696
4537
4567
4596
4616
4586
4554
4539
4591
4603
4611
4614
4510
4531
4512
4621
4588
4572
4668
4558
4503
4681
4570
4568
4506
4515
4635
4562
4550
4640
4552
4604
4462
4557
4665
4533
4674
4656
4554
4559
4692
4607
4717
4601
4659
4621
4686
4527
4633
4470
4462
4533
4662
4458
4536
4600
4507
4612
4601
4668
4547
4511
4598
4562
4563
4550
4558
4620
4560
4547
4571
4600
4566
4524
4583
4586
4565
4649
4498
4477
4671
4644
4656
4628
4692
4607
4566
4611
4641
4545
4568
4635
4580
4573
4594
4598
4533
4540
4526
4545
4704
4683
4648
4596
4522
4584
4562
4595
4566
4540
4567
4604
4554
4523
4629
4676
4664
4596
4479
4557
4584
4463
4621
4636
4468
4600
4548
4592
4541
4703
4627
4543
4637
4654
4645
4547
4649
4517
4644
4482
4553
4582
4550
4610
4607
4650
4644
4553
4587
4560
4649
4425
4530
4552
4573
4574
4565
4519
4515
4612
4654
4404
4566
4477
4667
4500
4524
4501
4543
4696
4524
4579
4574
4574
4554
4492
4470
4631
4541
4608
4447
4448
4524
4548
4446
4518
4537
4572
4464
4614
4450
4510
4530
4452
4455
4429
4490
4429
4552
4471
4554
4536
4554
4514
4462
4447
4505
4441
4492
4476
4557
4542
4504
4543
4544
4496
4390
4512
4497
4465
4466
4392
4493
4462
4503
4607
4515
4427
4395
4461
4412
4557
4467
4536
4493
4520
4514
4473
4438
4432
4527
4478
4387
4405
4424
4418
4350
4429
4473
4503
4492
4418
4380
4464
4347
4445
4358
4475
4411
4361
4447
4363
4447
4425
4407
4397
4365
4392
4291
4327
4257
4413
4394
4314
4436
4330
4388
4281
4391
4418
4334
4299
4338
4314
4280
4299
4310
4281
4214
4240
4178
4227
4261
4154
4268
4250
4231
4318
4290
4136
4210
4123
4219
4229
4205
4181
4094
4211
4178
4139
4172
4222
4207
4164
4174
4180
4171
4189
4127
4052
4022
4083
3999
4008
4001
3905
3915
3918
3906
3973
3930
3872
3869
3964
3887
3811
3820
3920
3855
3810
3900
3914
3998
3884
3821
3868
3690
3880
3820
3830
3927
3941
3699
3853
3856
3743
3867
3892
3975
3923
3890
4083
3927
4031
3975
4058
4082
4099
4190
4080
4083
4181
4107
4110
4198
4075
4271
4088
4062
4225
4154
4172
4193
4261
4198
4240
4146
4128
4310
4163
4244
4336
4248
4226
4249
4374
4151
4325
4338
4291
4379
4168
4301
4337
4266
4211
4321
4445
4309
4279
4389
4468
4334
4271
4285
4438
4310
4426
4314
4454
4272
4360
4414
4353
4314
4506
4314
4240
4472
4302
4428
4583
4495
4473
4459
4365
4322
4461
4408
4367
4423
4384
4474
4295
4467
4466
4660
4577
4253
4474
4437
4420
4461
4490
4504
4383
4538
4498
4547
4427
4460
4465
4496
4517
4547
4536
4519
4447
4522
4586
4474
4457
4528
4382
4513
4499
4490
4477
4482
4582
4533
4588
4601
4523
4668
4445
4511
4485
4424
4612
4458
4505
4577
4587
4527
4574
4504
4490
4438
4550
4461
4444
4641
4463
4465
4687
4470
4590
4380
4504
4523
4440
4504
4535
4548
4570
4568
4565
4536
4588
4646
4526
4563
4530
4517
4545
4498
4517
4511
4580
4493
4481
4539
4619
4500
4613
4661
4616
4540
4473
4667
4545
4516
4598
4347
4553
4629
4503
4568
4652
4513
4476
4515
4612
4606
4522
4461
4518
4687
4539
4567
4616
4570
4642
4581
4632
4478
4537
4577
4541
4473
4586
4499
4554
4641
4566
4616
4597
4483
4745
4669
4528
4509
4489
4577
4561
4579
4534
4562
4505
4507
4651
4643
