3700
3739
3653
3691
3718
3682
3638
3700
3689
3724
3727
3694
3743
3689
3700
3740
3600
3617
3679
3590
3696
3603
3723
3685
3579
3620
3789
3696
3669
3610
3659
3714
3693
3696
3737
3565
3694
3681
3643
3711
3635
3713
3699
3653
3705
3588
3626
3607
3654
3636
3641
3622
3706
3692
3716
3757
3640
3697
3616
3674
3716
3704
3574
3707
3726
3670
3669
3518
3650
3611
3688
3584
3607
3634
3710
3735
3606
3626
3680
3559
3631
3738
3723
3630
3683
3612
3638
3657
3581
3620
3615
3764
3598
3588
3594
3494
3616
3700
3604
3598
3492
3617
3653
3613
3602
3618
3608
3750
3580
3616
3672
3627
3635
3647
3771
3496
3655
3651
3616
3594
3618
3697
3620
3652
3535
3577
3631
3567
3693
3647
3583
3583
3638
3617
3461
3541
3571
3703
3628
3622
3613
3601
3559
3540
3542
3548
3461
3663
3522
3555
3594
3639
3571
3517
3544
3505
3551
3497
3539
3585
3568
3564
3433
3572
3542
3433
3528
3453
3550
3465
3594
3633
3534
3399
3522
3459
3537
3489
3557
3490
3508
3489
3470
3558
3540
3531
3404
3512
3504
3533
3433
3422
3490
3451
3426
3480
3424
3454
3424
3463
3375
3395
3393
3457
3460
3394
3408
3417
3264
3280
3434
3345
3332
3374
3456
3366
3318
3355
3379
3273
3367
3272
3330
3249
3192
3212
3246
3155
3170
3194
3172
3128
3193
3137
3174
3127
3127
3103
3000
3045
3039
3027
3119
3138
3027
3073
3140
3090
3165
2993
3087
3130
3127
3120
2986
3133
3033
3078
3066
3185
3147
3285
3160
3210
3109
3248
3233
3147
3253
3325
3157
3251
3335
3289
3340
3272
3353
3321
3296
3350
3284
3423
3318
3362
3421
3351
3441
3357
3324
3418
3427
3325
3313
3419
3435
3394
3601
3340
3430
3361
3393
3446
3451
3438
3487
3443
3396
3492
3408
3534
3592
3444
3518
3568
3513
3555
3555
3566
3540
3436
3463
3480
3474
3471
3502
3509
3428
3516
3555
3463
3564
3594
3508
3603
3535
3545
3426
3562
3547
3587
3494
3557
3555
3621
3669
3651
3580
3574
3594
3540
3649
3432
3532
3681
3623
3546
3576
3566
3509
3668
3640
3488
3545
3553
3652
3549
3592
3700
3638
3605
3677
3588
3529
3502
3606
3589
3785
3557
3672
3648
3599
3542
3643
3658
3648
3575
3709
3605
3560
3646
3707
3624
3591
3585
3557
3584
3670
3658
3778
3653
3642
3605
3562
3635
3649
3595
3606
3639
3680
3637
3625
3575
3667
3672
3619
3670
3678
3665
3708
3602
3708
3620
3692
3635
3579
3664
3723
3715
3655
3608
3649
3649
3745
3622
3698
3747
3664
3651
3604
3602
3683
3529
3716
3629
3660
3688
3675
3719
3784
3662
3583
3586
3619
3686
3635
3705
3671
3646
3628
3686
3603
3660
3630
3683
3708
3661
3725
3762
3721
3666
3655
3769
3749
3698
3650
3587
3691
3701
3599
3647
3771
3586
3666
3642
3734
3713
3608
3608
3625
3725
3532
3750
3698
3630
3762
3567
3783
3684
3626
3741
3783
3609
3744
3742
3550
3631
3745
3637
3656
3664
3617
3758
3584
3645
3664
3769
3626
3695
3665
3679
3686
3724
3679
3678
3594
3651
3696
3758
3681
3608
3588
3696
3701
3693
3677
3698
3727
3648
3625
3646
3656
3685
3687
3671
3769
3626
3696
3771
3574
3663
3620
3668
3718
3755
3667
3647
3708
3698
3767
3613
3666
3620
3684
3662
3626
3627
3699
3609
3659
3685
3626
3610
3657
3705
3767
3577
3687
3631
3667
3692
3555
3573
3627
3597
3630
3641
3659
3544
3753
3691
3595
3670
3578
3665
3635
3647
3592
3686
3757
3686
3575
3602
3675
3777
3610
3607
3744
3769
3631
3651
3690
3637
3699
3638
3606
3604
3633
3700
3538
3675
3544
3598
3535
3641
3483
3599
3581
3604
3601
3627
3590
3659
3549
3587
3659
3617
3694
3650
3682
3571
3596
3515
3622
3614
3610
3620
3608
3605
3616
3544
3637
3573
3607
3512
3624
3580
3535
3625
3618
3666
3631
3615
3664
3517
3526
3518
3587
3604
3570
3491
3561
3434
3573
3598
3564
3497
3573
3559
3577
3529
3491
3524
3624
3588
3549
3520
3588
3653
3552
3463
3590
3449
3485
3539
3461
3577
3546
3546
3546
3482
3530
3487
3420
3425
3476
3510
3463
3523
3515
3452
3531
3417
3451
3429
3451
3482
3505
3403
3437
3465
3510
3432
3436
3390
3357
3322
3389
3515
3518
3394
3466
3350
3365
3375
3455
3357
3315
3336
3379
3407
3435
3279
3332
3285
3395
3321
3177
3330
3182
3316
3240
3264
3245
3209
3148
3324
3264
3274
3190
3054
3023
3129
3190
3138
3151
3065
3183
3186
3021
3066
3099
3147
3117
3154
3142
3122
3166
3051
3209
3073
3102
3108
3019
3133
3158
3142
3122
3123
3176
3211
3095
3199
3106
3194
3357
3231
3218
3262
3372
3324
3280
3352
3338
3292
3246
3283
3126
3377
3356
3290
3351
3275
3384
3403
3453
3317
3462
3466
3284
3396
3537
3371
3410
3487
3515
3466
3490
3517
3419
3423
3366
3450
3426
3531
3465
3396
3398
3455
3579
3477
3420
3553
3524
3502
3482
3497
3487
3525
3427
3399
3587
3514
3564
3550
3494
3558
3552
3553
3510
3439
3517
3539
3571
3565
3536
3623
3566
3566
3641
3537
3547
3559
3462
3575
3574
3495
3597
3610
3599
3564
3592
3495
3570
3629
3624
3561
3631
3619
3709
3535
3571
3472
3484
3668
3689
3656
3471
3517
3623
3612
3508
3491
3675
3509
3584
3608
3667
3535
3699
3568
3609
3662
3437
3610
3588
3657
3647
3568
3512
3658
3593
3684
3679
3577
3564
3699
3727
3669
3647
3600
3652
3525
3680
3768
3645
3558
3576
3505
3670
3666
3564
3548
3748
3653
3626
3767
3789
3677
3725
3589
3607
3692
3591
3707
3762
3644
3560
3811
3599
3758
3653
3784
3830
3623
3736
3651
3699
3664
3769
3731
3743
3709
3644
3623
3617
3820
3603
3701
3622
3621
3642
3750
3757
3671
3627
3662
3711
3631
3733
3748
3591
3651
3728
3666
3756
3653
3653
3682
3630
3665
3705
3655
3651
3619
3664
3685
3799
3720
3730
3713
3684
3654
3688
3526
3702
3657
3761
3700
3708
3667
3698
3662
3745
