3688
3689
3614
3726
3725
3671
3561
3619
3647
3656
3587
3732
3623
3687
3617
3620
3856
3620
3769
3680
3560
3707
3667
3677
3685
3656
3685
3656
3678
3616
3617
3753
3734
3732
3705
3696
3728
3597
3699
3729
3698
3569
3695
3605
3575
3604
3660
3640
3698
3702
3633
3558
3524
3644
3754
3623
3641
3676
3716
3595
3740
3666
3737
3617
3807
3652
3640
3629
3699
3586
3705
3674
3756
3745
3623
3641
3626
3533
3608
3567
3809
3608
3585
3717
3704
3632
3577
3610
3567
3651
3659
3707
3617
3712
3568
3633
3751
3523
3619
3574
3750
3746
3690
3587
3648
3670
3652
3633
3653
3569
3656
3612
3623
3635
3660
3645
3653
3598
3520
3575
3711
3637
3620
3631
3629
3674
3604
3612
3598
3503
3743
3738
3595
3552
3551
3597
3574
3521
3536
3576
3543
3601
3539
3542
3581
3611
3627
3607
3601
3619
3598
3589
3485
3575
3619
3438
3570
3518
3483
3521
3621
3538
3633
3466
3603
3549
3466
3661
3572
3549
3650
3496
3613
3672
3602
3468
3609
3447
3481
3508
3400
3486
3507
3502
3472
3443
3409
3512
3490
3484
3537
3436
3519
3465
3425
3450
3447
3419
3470
3520
3429
3404
3388
3360
3409
3351
3451
3355
3385
3469
3343
3334
3301
3386
3336
3408
3362
3419
3402
3374
3341
3305
3254
3310
3232
3297
3199
3230
3215
3194
3273
3275
3075
3170
3169
3153
3189
3084
2942
3009
2962
3201
2996
3060
3114
2991
3093
3039
3126
3006
3074
3097
3016
3168
3157
3011
3012
3148
3075
3066
3124
3104
3109
3206
3152
3212
3137
3152
3227
3228
3154
3242
3216
3138
3301
3303
3316
3286
3390
3317
3386
3399
3317
3264
3373
3382
3381
3492
3308
3327
3420
3418
3417
3447
3414
3403
3394
3354
3506
3512
3441
3520
3518
3529
3461
3498
3462
3418
3448
3504
3463
3360
3512
3488
3433
3501
3562
3430
3484
3424
3543
3494
3520
3565
3550
3636
3534
3493
3438
3624
3526
3494
3548
3536
3532
3515
3387
3511
3623
3557
3565
3580
3475
3658
3534
3575
3580
3543
3568
3575
3571
3592
3506
3595
3503
3629
3550
3573
3581
3633
3537
3533
3655
3625
3637
3575
3561
3670
3565
3490
3586
3574
3627
3465
3677
3659
3675
3685
3608
3546
3612
3703
3532
3556
3597
3620
3669
3664
3689
3690
3670
3690
3625
3572
3616
3698
3648
3644
3603
3769
3632
3740
3683
3743
3591
3604
3679
3672
3617
3623
3582
3577
3608
3763
3615
3578
3709
3669
3626
3610
3594
3609
3649
3747
3576
3750
3671
3660
3629
3698
3641
3588
3738
3718
3688
3608
3750
3582
3670
3598
3746
3767
3660
3682
3676
3717
3558
3606
3664
3726
3677
3631
3726
3657
3602
3659
3658
3673
3770
3601
3639
3731
3672
3837
3630
3628
3643
3668
3717
3748
3787
3576
3650
3698
3627
3649
3762
3694
3586
3617
3545
3613
3631
3703
3700
3626
3651
3681
3646
3726
3737
3673
3719
3636
3654
3706
3534
3657
3706
3662
3696
3555
3622
3705
3618
3651
3602
3650
3707
3565
3740
3647
3641
3706
3635
3681
3627
3730
3587
3699
3665
3709
3609
3691
3646
3755
3674
3669
3615
3757
3633
3631
3646
3689
3679
3689
3680
3628
3645
3680
3717
3684
3763
3618
3744
3680
3676
3530
3603
3728
3719
3622
3616
3680
3626
3688
3654
3776
3537
3650
3615
3699
3556
3709
3510
3691
3655
3708
3617
3656
3610
3641
3614
3640
3705
3767
3682
3690
3560
3683
3747
3762
3593
3641
3634
3719
3634
3648
3662
3630
3673
3619
3674
3799
3605
3542
3700
3616
3569
3527
3602
3667
3606
3720
3702
3621
3725
3632
3676
3549
3759
3706
3626
3606
3702
3550
3685
3554
3669
3666
3688
3598
3635
3587
3685
3672
3539
3576
3603
3651
3546
3601
3671
3654
3610
3600
3635
3607
3586
3739
3602
3559
3486
3712
3634
3679
3643
3621
3568
3541
3702
3624
3654
3454
3491
3677
3568
3548
3489
3602
3514
3700
3435
3503
3609
3504
3608
3513
3598
3501
3627
3577
3481
3591
3500
3555
3523
3543
3484
3595
3513
3492
3600
3582
3535
3469
3519
3463
3525
3555
3492
3586
3459
3593
3607
3568
3525
3499
3592
3437
3519
3403
3519
3581
3476
3501
3436
3385
3417
3599
3520
3506
3451
3418
3401
3422
3369
3517
3437
3439
3471
3521
3531
3361
3441
3378
3405
3417
3338
3394
3446
3414
3535
3359
3327
3392
3362
3306
3360
3350
3300
3349
3315
3261
3367
3331
3351
3263
3311
3334
3285
3317
3172
3265
3241
3248
3200
3298
3223
3112
3073
3307
3084
3154
3129
3083
3010
3015
3069
3082
3120
2986
3036
3047
3159
3114
3057
2992
3031
3022
3103
3072
3072
2994
3102
3061
3143
3080
3075
3156
3131
3134
3275
3247
3129
3238
3241
3161
3097
3218
3418
3199
3318
3285
3348
3456
3375
3305
3423
3385
3304
3299
3358
3396
3301
3406
3435
3455
3439
3350
3424
3347
3430
3370
3493
3444
3490
3553
3540
3479
3446
3418
3493
3517
3473
3507
3369
3418
3513
3573
3420
3531
3462
3567
3472
3574
3466
3521
3481
3512
3455
3423
3587
3679
3473
3641
3540
3472
3677
3571
3566
3620
3535
3484
3566
3383
3473
3510
3584
3494
3565
3534
3578
3541
3605
3539
3704
3510
3689
3736
3602
3570
3571
3577
3527
3550
3595
3533
3585
3627
3700
3663
3557
3633
3620
3573
3706
3572
3673
3652
3590
3660
3601
3525
3484
3551
3675
3492
3560
3623
3736
3533
3549
3570
3755
3753
3657
3558
3644
3658
3579
3599
3622
3571
3492
3608
3703
3694
3516
3564
3627
3723
3639
3505
3622
3659
3613
3503
3695
3749
3648
3693
3636
3671
3645
3739
3657
3523
3668
3628
3618
3704
3465
3662
3662
3529
3758
3622
3734
3704
3636
3599
3656
3622
3676
3701
3772
3650
3663
3644
3678
3658
3687
3646
3591
3684
3612
3688
3728
3645
3611
3727
3683
3711
3656
3682
3623
3654
3634
3621
3725
3671
3608
3595
3669
3651
3609
3654
3611
3543
3652
3658
3792
3691
3656
3659
3698
3648
3739
3742
3671
3695
3620
3574
3622
3608
3738
3635
3709
3650
3607
3698
3785
