3648
3712
3715
3613
3552
3596
3715
3684
3640
3631
3621
3558
3624
3602
3784
3651
3647
3548
3616
3587
3688
3662
3704
3657
3645
3614
3748
3593
3660
3595
3587
3628
3592
3542
3560
3607
3619
3597
3519
3642
3701
3645
3529
3634
3735
3667
3693
3593
3647
3617
3605
3695
3655
3657
3609
3707
3647
3623
3672
3647
3649
3686
3662
3562
3709
3672
3662
3655
3581
3645
3555
3665
3693
3715
3592
3711
3612
3599
3708
3665
3588
3555
3583
3562
3568
3685
3644
3670
3550
3652
3537
3645
3552
3646
3619
3550
3681
3736
3570
3545
3505
3532
3564
3579
3674
3654
3675
3623
3463
3540
3703
3586
3493
3482
3564
3567
3596
3610
3639
3597
3617
3543
3556
3549
3566
3677
3570
3612
3570
3535
3536
3535
3570
3498
3618
3589
3638
3602
3629
3568
3486
3557
3685
3671
3568
3524
3600
3657
3600
3603
3530
3429
3480
3506
3516
3553
3507
3561
3480
3563
3572
3430
3515
3514
3569
3490
3569
3582
3562
3403
3557
3475
3561
3627
3509
3443
3516
3496
3443
3335
3529
3330
3317
3443
3416
3461
3440
3494
3441
3450
3446
3547
3522
3489
3453
3427
3425
3461
3349
3412
3414
3399
3455
3450
3398
3471
3402
3394
3319
3310
3494
3324
3379
3473
3259
3265
3372
3352
3235
3239
3355
3309
3288
3137
3264
3295
3166
3377
3229
3243
3193
3071
3183
3196
3169
3042
3018
3057
3141
3001
2996
2998
3021
3048
3056
2994
2957
3105
3080
3096
3079
3076
3078
3104
3001
3124
2975
3061
3101
3203
3155
3128
3107
3104
3217
3173
3093
3178
3176
3252
3199
3173
3246
3273
3226
3187
3249
3385
3379
3295
3354
3419
3378
3306
3383
3325
3394
3330
3382
3357
3358
3291
3356
3447
3411
3447
3441
3318
3501
3495
3388
3483
3411
3389
3473
3472
3516
3463
3489
3482
3524
3481
3397
3545
3448
3494
3610
3427
3492
3493
3541
3386
3523
3473
3437
3459
3460
3434
3534
3608
3511
3637
3521
3433
3566
3509
3498
3581
3451
3502
3545
3559
3574
3504
3542
3498
3632
3614
3689
3549
3560
3506
3545
3542
3520
3454
3497
3554
3602
3549
3670
3625
3565
3599
3575
3526
3553
3592
3635
3564
3554
3659
3589
3581
3592
3552
3646
3654
3595
3612
3584
3651
3569
3634
3583
3578
3644
3675
3534
3650
3567
3664
3612
3555
3562
3534
3602
3656
3654
3656
3611
3726
3617
3525
3646
3650
3582
3573
3621
3665
3639
3639
3614
3657
3717
3620
3656
3697
3690
3670
3616
3616
3638
3620
3713
3696
3656
3633
3662
3690
3624
3660
3587
3602
3644
3714
3588
3619
3709
3584
3652
3699
3642
3643
3574
3624
3678
3613
3622
3716
3587
3681
3675
3652
3668
3703
3617
3636
3607
3604
3759
3545
3596
3564
3657
3621
3637
3672
3708
3699
3697
3618
3633
3682
3611
3712
3554
3686
3618
3518
3609
3695
3686
3600
3663
3659
3743
3608
3698
3662
3512
3550
3684
3608
3606
3596
3609
3698
3696
3670
3682
3580
3676
3682
3667
3682
3650
3684
3656
3633
3568
3786
3588
3577
3705
3576
3607
3670
3652
3703
3582
3681
3584
3652
3541
3685
3705
3616
3676
3617
3645
3692
3577
3676
3706
3546
3714
3706
3674
3709
3710
3633
3658
3732
3723
3550
3675
3664
3661
3671
3576
3691
3577
3690
3642
3651
3633
3642
3583
3679
3672
3683
3641
3565
3700
3702
3631
3690
3601
3678
3584
3742
3576
3582
3705
3655
3644
3681
3693
3659
3637
3630
3632
3704
3624
3595
3641
3600
3589
3596
3600
3604
3562
3646
3689
3623
3626
3532
3710
3554
3664
3595
3704
3694
3667
3469
3573
3644
3491
3614
3570
3573
3692
3539
3543
3594
3543
3589
3618
3595
3484
3532
3679
3695
3575
3572
3638
3604
3611
3591
3595
3612
3542
3593
3629
3665
3596
3578
3524
3693
3601
3626
3624
3504
3565
3592
3631
3628
3539
3648
3505
3502
3646
3643
3497
3575
3630
3588
3528
3473
3568
3465
3541
3559
3568
3629
3503
3675
3523
3481
3493
3650
3574
3416
3559
3617
3589
3502
3557
3514
3501
3645
3598
3541
3582
3529
3503
3551
3561
3439
3484
3480
3591
3544
3467
3544
3497
3491
3525
3527
3497
3470
3403
3427
3455
3448
3418
3420
3531
3437
3435
3539
3495
3414
3416
3498
3508
3477
3499
3329
3416
3449
3429
3427
3409
3422
3481
3474
3458
3396
3454
3490
3384
3340
3432
3269
3319
3414
3458
3324
3311
3330
3366
3404
3271
3312
3256
3274
3231
3187
3217
3152
3232
3168
3173
3234
3178
3218
3124
3155
3080
3126
3109
2992
3020
2966
3082
2990
3058
3039
2991
3114
3035
3134
3048
3009
2966
3073
3026
3107
3046
3033
2982
3194
3036
3071
3042
2994
3041
3193
3082
2995
3114
3162
3217
3275
3262
3147
3343
3291
3140
3323
3177
3286
3326
3253
3339
3287
3351
3283
3368
3372
3336
3472
3362
3259
3424
3439
3444
3347
3367
3378
3495
3331
3460
3349
3433
3394
3436
3437
3406
3507
3345
3387
3451
3388
3505
3422
3520
3510
3411
3548
3545
3476
3475
3475
3540
3530
3441
3555
3474
3496
3512
3444
3390
3602
3524
3540
3535
3517
3511
3487
3494
3527
3452
3530
3518
3458
3592
3535
3496
3568
3550
3677
3481
3649
3566
3568
3453
3584
3567
3489
3550
3656
3508
3563
3611
3476
3636
3567
3487
3556
3562
3580
3593
3597
3626
3585
3521
3546
3537
3582
3599
3570
3628
3617
3546
3539
3499
3664
3571
3557
3537
3689
3592
3629
3694
3566
3631
3572
3619
3587
3488
3684
3609
3633
3587
3550
3598
3520
3558
3624
3494
3620
3575
3567
3479
3716
3630
3590
3561
3607
3629
3634
3573
3616
3634
3667
3623
3574
3653
3663
3522
3664
3705
3661
3627
3593
3786
3660
3681
3692
3655
3554
3629
3678
3585
3642
3606
3738
3653
3738
3704
3646
3667
3649
3598
3747
3624
3542
3635
3644
3596
3569
3648
3570
3626
3605
3580
3567
3640
3684
3598
3673
3694
3627
3684
3603
3667
3709
3670
3603
3748
3718
3651
3740
3601
3557
3611
3572
3598
3710
3543
3633
3654
3662
3688
3639
3608
3537
3680
3708
3699
