2730
2714
2702
2709
2795
2711
2781
2693
2779
2744
2733
2787
2797
2667
2784
2871
2699
2749
2707
2681
2729
2804
2720
2778
2774
2667
2788
2806
2669
2652
2765
2704
2778
2730
2759
2793
2763
2718
2721
2729
2851
2813
2727
2729
2767
2841
2704
2786
2734
2750
2721
2735
2828
2709
2764
2786
2817
2695
2674
2742
2763
2761
2805
2661
2763
2799
2714
2704
2634
2646
2798
2661
2714
2708
2856
2749
2743
2809
2724
2809
2744
2779
2732
2705
2758
2769
2642
2760
2727
2756
2714
2847
2816
2765
2874
2732
2734
2674
2725
2677
2818
2715
2749
2738
2770
2666
2792
2703
2713
2771
2759
2757
2696
2789
2726
2799
2718
2761
2730
2791
2804
2713
2696
2608
2709
2818
2777
2720
2662
2709
2616
2779
2735
2755
2665
2687
2801
2667
2652
2640
2672
2627
2649
2770
2671
2702
2757
2681
2705
2642
2754
2607
2602
2668
2616
2614
2761
2585
2691
2696
2724
2619
2642
2693
2715
2693
2667
2685
2687
2688
2634
2605
2632
2639
2685
2698
2597
2714
2641
2675
2698
2657
2558
2644
2570
2644
2613
2607
2670
2649
2645
2560
2567
2650
2616
2610
2597
2637
2613
2677
2548
2542
2647
2584
2625
2500
2529
2506
2572
2564
2544
2555
2624
2480
2508
2481
2557
2487
2497
2511
2533
2477
2489
2467
2453
2426
2456
2336
2374
2354
2386
2362
2370
2326
2417
2336
2220
2374
2253
2303
2303
2245
2271
2268
2215
2220
2306
2328
2185
2215
2280
2317
2293
2291
2222
2334
2292
2298
2333
2333
2347
2291
2337
2392
2334
2372
2373
2474
2413
2391
2471
2452
2511
2441
2505
2501
2551
2489
2534
2525
2618
2531
2517
2587
2607
2617
2541
2553
2546
2600
2491
2620
2597
2594
2586
2581
2743
2541
2602
2671
2576
2639
2610
2642
2643
2662
2621
2627
2734
2621
2567
2675
2680
2635
2703
2697
2674
2620
2657
2615
2655
2674
2662
2682
2672
2609
2580
2603
2686
2642
2667
2677
2718
2756
2687
2597
2738
2774
2609
2666
2686
2742
2610
2700
2684
2675
2742
2678
2726
2761
2689
2637
2775
2777
2745
2722
2739
2761
2646
2703
2626
2681
2756
2769
2671
2781
2691
2705
2684
2820
2639
2703
2698
2684
2782
2672
2638
2698
2782
2742
2621
2764
2746
2776
2703
2700
2760
2750
2733
2732
2707
2733
2779
2732
2736
2764
2744
2737
2801
2706
2672
2712
2766
2800
2816
2740
2868
2669
2816
2775
2796
2767
2706
2707
2765
2817
2735
2769
2721
2755
2766
2738
2778
2808
2755
2807
2727
2803
2744
2787
2781
2778
2769
2721
2726
2742
2797
2781
2698
2727
2688
2655
2645
2718
2804
2693
2763
2787
2717
2680
2779
2665
2813
2720
2762
2801
2711
2768
2731
2807
2704
2804
2752
2754
2778
2771
2715
2734
2794
2702
2873
2684
2792
2758
2794
2765
2787
2772
2794
2724
2873
2692
2770
2745
2805
2791
2737
2716
2806
2759
2786
2787
2674
2764
2764
2765
2759
2747
2684
2748
2843
2706
2755
2789
2776
2792
2712
2803
2721
2807
2822
2654
2777
2733
2796
2754
2701
2765
2688
2771
2713
2695
2744
2797
2752
2887
2755
2729
2787
2829
2813
2738
2834
2801
2768
2777
2807
2731
2720
2741
2765
2790
2818
2744
2800
2734
2723
2757
2701
2801
2778
2802
2741
2815
2721
2785
2730
2804
2634
2745
2692
2764
2692
2772
2788
2856
2701
2685
2718
2834
2885
2721
2766
2643
2736
2709
2781
2757
2722
2771
2783
2719
2734
2805
2633
2738
2761
2814
2736
2776
2691
2693
2693
2782
2850
2707
2794
2800
2733
2728
2754
2703
2706
2705
2846
2703
2777
2740
2663
2759
2742
2709
2780
2729
2760
2810
2742
2825
2802
2730
2737
2681
2686
2685
2774
2760
2817
2650
2712
2757
2726
2615
2784
2749
2763
2714
2653
2716
2767
2681
2732
2733
2751
2721
2771
2686
2724
2727
2720
2679
2739
2755
2696
2677
2734
2670
2723
2755
2784
2711
2830
2626
2716
2741
2675
2607
2673
2755
2704
2800
2699
2708
2715
2660
2754
2589
2713
2658
2688
2658
2669
2776
2721
2625
2626
2598
2664
2687
2678
2674
2742
2718
2668
2645
2632
2730
2601
2700
2672
2719
2684
2593
2697
2544
2712
2560
2649
2640
2637
2628
2631
2552
2618
2610
2680
2658
2617
2660
2629
2565
2525
2529
2614
2612
2507
2522
2556
2566
2602
2542
2551
2576
2581
2492
2582
2536
2525
2552
2488
2515
2527
2443
2577
2621
2466
2532
2476
2518
2409
2415
2431
2390
2430
2403
2383
2451
2393
2329
2298
2330
2326
2328
2254
2314
2363
2309
2292
2320
2240
2319
2349
2356
2280
2337
2242
2355
2266
2265
2210
2331
2271
2291
2294
2362
2303
2338
2285
2334
2361
2368
2375
2371
2355
2439
2372
2429
2497
2532
2429
2439
2558
2533
2483
2494
2504
2491
2559
2491
2597
2519
2555
2574
2578
2502
2494
2558
2554
2543
2587
2586
2600
2571
2588
2598
2579
2569
2575
2575
2581
2639
2622
2620
2600
2574
2673
2675
2691
2737
2691
2584
2630
2709
2618
2611
2556
2627
2660
2615
2692
2641
2738
2629
2699
2708
2637
2683
2709
2694
2704
2591
2611
2613
2727
2644
2705
2636
2704
2615
2681
2676
2611
2720
2678
2785
2758
2751
2778
2630
2667
2729
2710
2680
2827
2665
2695
2717
2675
2680
2751
2726
2671
2688
2673
2714
2639
2725
2793
2699
2724
2784
2741
2700
2763
2678
2677
2714
2779
2677
2785
2735
2747
2672
2637
2813
2734
2708
2742
2709
2775
2747
2648
2768
2695
2664
2727
2635
2669
2740
2764
2809
2674
2746
2664
2690
2770
2777
2741
2798
2760
2794
2793
2738
2778
2688
2747
2737
2748
2723
2717
2809
2783
2765
2815
2773
2702
2793
2698
2720
2779
2785
2713
2760
2798
2722
2767
2744
2697
2695
2834
2801
2728
2710
2769
2765
2745
2732
2781
2817
2823
2789
2806
2644
2803
2778
2784
2810
2792
2745
2760
2717
2807
2704
2836
2841
2740
2719
2643
2748
2823
2862
2801
2735
2706
2861
2729
2720
2764
2711
2793
2785
2759
2734
2739
2828
2809
2720
2775
2821
2827
2793
2705
2661
2688
