5795
5872
5785
5713
5812
5796
5720
5742
5727
5628
5809
5619
5683
5698
5779
5647
5772
5622
5671
5624
5612
5715
5749
5721
5752
5734
5713
5711
5735
5804
5681
5633
5627
5677
5707
5736
5770
5635
5636
5566
5760
5703
5619
5729
5807
5732
5657
5626
5648
5697
5641
5601
5607
5627
5636
5759
5744
5511
5753
5660
5680
5533
5475
5562
5565
5408
5307
5318
5227
5069
5123
5059
5066
5081
5070
4960
4878
4884
4890
4933
4874
4801
4987
4925
5102
4947
5012
5173
5139
5097
5208
5261
5093
5319
5214
5313
5181
5493
5507
5440
5395
5362
5386
5450
5601
5637
5374
5466
5593
5608
5600
5634
5772
5604
5645
5694
5568
5666
5715
5652
5819
5510
5678
5574
5649
5567
5721
5770
5681
5597
5630
5652
5574
5589
5536
5484
5532
5398
5356
5440
5447
5346
5164
5217
5192
4992
4986
4901
4954
5017
5081
4994
5088
5133
5105
5183
5208
5140
5290
5297
5419
5478
5504
5480
5347
5439
5519
5515
5640
5534
5525
5608
5652
5600
5641
5615
5563
5651
5711
5574
5728
5514
5713
5669
5677
5767
5673
5696
5733
5586
5698
5669
5591
5682
5637
5664
5699
5668
5701
5603
5564
5652
5669
5568
5678
5664
5632
5685
5566
5550
5578
5581
5422
5277
5338
5185
5130
5315
5141
5161
5168
5229
5189
5318
5308
5263
5534
5447
5533
5371
5512
5563
5650
5581
5626
5553
5651
5671
5541
5755
5668
5647
5647
5595
5585
5695
5655
5756
5626
5576
5675
5511
5591
5573
5785
5699
5696
5633
5575
5712
5649
5637
5548
5620
5523
5564
5521
5349
5263
5247
5072
5353
5091
5090
5149
5131
5229
5196
5419
5410
5433
5622
5487
5523
5514
5626
5565
5588
5652
5565
5762
5563
5689
5756
5672
5718
5771
5518
5846
5620
5598
5691
5565
5767
5778
5623
5608
5723
5685
5711
5737
5703
5683
5783
5656
5740
5603
5525
5612
5616
5715
5643
5563
5656
5544
5556
5456
5601
5569
5419
5557
5440
5332
5408
5107
5211
5237
5096
4962
5081
5065
5032
4904
4965
4987
5023
4895
4897
4994
5050
5207
5368
5260
5433
5455
5568
5439
5509
5581
5670
5567
5591
5571
5734
5625
5447
5703
5636
5799
5672
5743
5623
5614
5648
5668
5619
5701
5652
5549
5616
5752
5652
5694
5438
5729
5736
5550
5620
5513
5552
5628
5506
5592
5473
5584
5441
5274
5354
5423
5422
5339
5329
5278
5351
5324
5166
5140
5081
5100
5042
4903
5050
5044
4876
4990
4877
4866
5001
4870
4863
4843
5001
4975
5110
5081
5236
5280
5266
5406
5237
5650
5481
5603
5567
5628
5573
5696
5699
5626
5614
5708
5672
5686
5742
5617
5772
5830
5649
5602
5723
5657
5710
5563
5632
5825
5697
5685
5726
5595
5780
5797
5742
5718
5844
5730
5775
5800
5715
5769
5675
5620
5675
5844
5627
5817
5683
5795
5869
5683
5728
5733
5627
5672
5701
5776
5774
5676
5709
5687
5608
5739
5605
5681
5763
5839
5745
5579
5789
5603
5765
5828
5746
5643
5776
5729
5721
5638
5723
5707
5768
5735
5760
5728
5686
5654
5669
5741
5659
5695
5631
5775
5730
5701
5915
5703
5844
5694
5765
5772
5831
5867
5663
5655
5631
5693
5730
5640
5720
5625
5734
5686
5627
5696
5761
5707
5783
5799
5704
5802
5647
5748
5691
5719
5718
5792
5827
5726
5607
5686
5819
5587
5772
5670
5849
5697
5717
5712
5708
5771
5759
5734
5688
5614
5645
5643
5705
5739
5644
5686
5645
5715
5679
5546
5633
5524
5705
5539
5685
5678
5520
5529
5482
5469
5419
5386
5392
5257
4893
5098
5057
5040
5013
4789
4964
4946
4919
4841
4851
4804
4962
5037
4927
5016
5035
5036
5091
5070
5216
5280
5309
5242
5320
5256
5515
5312
5524
5371
5516
5463
5500
5612
5495
5395
5596
5686
5532
5618
5665
5506
5609
5560
5595
5733
5562
5711
5522
5447
5678
5737
5725
5599
5674
5519
5587
5604
5699
5615
5640
5620
5739
5708
5633
5539
5549
5506
5549
5419
5445
5333
5349
5240
5325
5157
5164
5126
4923
5038
5010
4879
4964
4932
4861
5004
5166
5036
5142
5332
5205
5318
5348
5238
5446
5493
5506
5420
5537
5666
5524
5492
5555
5716
5586
5604
5581
5586
5608
5730
5700
5769
5700
5648
5816
5539
5665
5758
5697
5667
5674
5598
5656
5607
5677
5667
5538
5613
5671
5736
5648
5599
5797
5590
5547
5618
5603
5614
5568
5566
5487
5618
5591
5453
5417
5373
5409
5147
5202
5105
5257
5203
5164
5264
5226
5251
5090
5301
5450
5466
5407
5522
5493
5621
5714
5677
5673
5582
5726
5472
5666
5681
5661
5666
5534
5706
5660
5732
5654
5662
5753
5689
5783
5527
5647
5588
5583
5779
5718
5599
5548
5625
5531
5634
5541
5608
5490
5430
5430
5490
5248
5262
5204
5097
5132
5199
5131
5031
5237
5296
5224
5421
5469
5444
5456
5452
5671
5734
5703
5529
5655
5684
5519
5692
5604
5616
5609
5761
5684
5738
5631
5643
5703
5688
5673
5723
5755
5585
5676
5563
5612
5637
5765
5717
5734
5631
5643
5631
5570
5654
5572
5700
5583
5494
5446
5505
5579
5532
5520
5543
5467
5404
5303
5456
5216
5299
5173
5259
5151
5235
5200
5056
5043
4964
5042
4925
4967
5110
5025
4965
5114
5166
5067
5181
5180
5368
5527
5563
5417
5364
5582
5602
5592
5536
5626
5636
5718
5676
5565
5688
5609
5583
5578
5645
5575
5676
5628
5579
5697
5547
5553
5609
5645
5576
5634
5549
5578
5438
5508
5542
5472
5336
5612
5528
5355
5404
5371
5418
5508
5312
5127
5338
5122
5105
5213
5177
5192
5140
5072
5072
4910
5004
4893
4870
4886
4830
4910
4899
4898
4881
4964
5071
5019
5139
5190
5171
5250
5310
5346
5330
5498
5471
5471
5443
5531
5568
5709
5718
5465
5707
5623
5733
5666
5722
5738
5556
5651
5686
5637
5678
5740
5725
5792
5668
5625
5688
5796
5761
5663
5624
5596
5694
5680
5641
5715
5690
5779
5721
5651
5719
5557
5729
5665
5787
5772
5617
5807
5565
5633
5671
5701
5721
5825
5609
5699
5568
5706
5801
5663
5711
5686
5675
5716
5733
5867
5698
