4255
4258
4226
4225
4312
4229
4127
4166
4263
4264
4245
4271
4229
4217
4176
4263
4205
4311
4274
4201
4306
4270
4306
4204
4234
4387
4142
4146
4239
4278
4306
4322
4156
4085
4297
4308
4252
4275
4190
4311
4289
4169
4255
4236
4263
4242
4311
4224
4245
4335
4172
4253
4334
4318
4289
4371
4294
4265
4320
4219
4382
4203
4273
4300
4258
4318
4281
4165
4262
4201
4225
4241
4216
4210
4249
4212
4326
4338
4216
4345
4274
4243
4216
4067
4327
4285
4293
4197
4283
4200
4295
4160
4170
4278
4189
4225
4090
4206
4216
4212
4138
4145
4236
4171
4181
4221
4265
4265
4213
4204
4124
4136
4185
4242
4233
4213
4224
4208
4179
4221
4206
4205
4098
4148
4315
4163
4168
4352
4189
4174
4203
4195
4162
4236
4218
4199
4262
4195
4256
4281
4258
4197
4270
4193
4254
4164
4274
4148
4214
4171
4069
4172
4105
4105
4220
4183
4187
4137
4241
4120
4117
4070
4056
4023
4093
4044
4221
4185
4118
4142
4133
4167
4180
4069
4155
4081
4082
4060
4316
4030
4176
4115
4106
4096
4090
4032
4129
4091
4131
4120
4035
4029
4046
4146
3951
4017
4051
3952
4119
4070
4069
4004
3936
3954
4032
3985
4132
4079
3960
4034
4115
3906
3941
3948
3965
3835
3913
3898
3888
3827
3841
3832
3859
3838
3773
3806
3899
3730
3721
3682
3705
3652
3688
3717
3676
3559
3541
3595
3596
3514
3472
3538
3467
3570
3513
3602
3555
3461
3378
3488
3482
3464
3410
3452
3524
3355
3512
3527
3558
3583
3628
3564
3607
3638
3672
3734
3706
3723
3735
3814
3696
3719
3854
3829
3875
3951
3897
3844
3920
3871
3948
3961
3923
3870
3867
3992
3889
3940
4002
4083
3956
3982
3994
4021
3996
3989
3918
4054
4060
3965
3977
3992
4121
4027
4152
4173
4092
3975
4048
4088
4008
4155
4162
4049
4176
4094
4073
4094
4143
4181
4053
4064
4051
4087
4144
4043
4093
4158
4235
4085
4192
4162
4207
4249
4136
4249
4224
4050
4160
4204
4220
4202
4132
4124
4242
4073
4246
4207
4210
4314
4185
4176
4142
4203
4254
4251
4256
4267
4179
4140
4191
4246
4221
4201
4185
4281
4227
4135
4209
4343
4283
4188
4152
4222
4231
4321
4211
4210
4321
4188
4259
4248
4173
4210
4168
4267
4206
4227
4313
4092
4277
4240
4335
4207
4183
4212
4166
4234
4194
4237
4232
4264
4175
4245
4223
4198
4302
4164
4247
4284
4287
4187
4313
4166
4229
4197
4271
4232
4274
4246
4269
4214
4244
4263
4131
4238
4313
4262
4196
4198
4249
4246
4231
4293
4240
4300
4169
4377
4234
4334
4220
4268
4233
4164
4218
4278
4173
4320
4188
4154
4179
4253
4281
4311
4184
4295
4162
4326
4220
4203
4215
4161
4419
4295
4284
4338
4296
4367
4208
4272
4209
4245
4296
4193
4252
4284
4244
4180
4211
4350
4281
4172
4221
4298
4281
4273
4258
4254
4290
4138
4236
4266
4231
4254
4266
4311
4268
4265
4224
4287
4251
4356
4353
4206
4313
4268
4219
4296
4336
4194
4280
4241
4215
4266
4324
4400
4327
4269
4316
4308
4177
4233
4196
4313
4298
4284
4189
4231
4307
4246
4298
4337
4293
4335
4199
4184
4244
4224
4357
4157
4147
4221
4383
4220
4275
4313
4061
4283
4229
4198
4242
4284
4292
4215
4233
4307
4290
4305
4288
4295
4191
4189
4326
4226
4195
4294
4154
4236
4303
4157
4312
4387
4294
4202
4200
4196
4149
4141
4214
4157
4258
4222
4293
4387
4218
4244
4182
4176
4236
4327
4181
4340
4193
4218
4182
4284
4193
4329
4149
4321
4254
4230
4339
4241
4253
4125
4207
4295
4248
4307
4253
4196
4317
4219
4163
4189
4221
4311
4308
4209
4249
4259
4248
4309
4306
4262
4224
4249
4170
4314
4226
4265
4112
4248
4184
4268
4229
4183
4126
4117
4252
4155
4175
4130
4206
4126
4165
4176
4261
4133
4182
4215
4104
4148
4237
4231
4143
4200
4175
4294
4250
4169
4219
4187
4235
4242
4211
4275
4105
4140
4085
3994
4090
4261
4076
4220
4121
4243
4194
4143
4209
4195
4144
4117
4049
4139
4231
4075
4067
4133
4206
4115
3933
4158
4208
4151
4098
4141
4081
4145
4096
4104
4124
4058
4200
4003
4124
3989
4056
4177
4050
4050
4184
4083
4074
4097
4127
4125
4125
4021
4044
4083
3953
3952
3998
4056
3982
3950
4130
4016
3980
4038
3988
3958
4038
3925
3932
3904
3907
4064
4004
4040
3808
3919
3990
3886
3980
3855
3822
3780
3739
3932
3733
3688
3740
3710
3700
3658
3729
3729
3617
3619
3590
3513
3554
3511
3469
3447
3501
3464
3519
3470
3559
3530
3565
3472
3544
3463
3537
3444
3410
3454
3462
3515
3470
3503
3593
3687
3633
3737
3650
3660
3816
3611
3720
3806
3769
3778
3854
3910
3866
3825
3876
3809
3854
3823
3965
3902
3959
3802
3952
3877
3990
3820
4013
4043
3996
3926
3918
3999
3917
4001
3965
4026
4072
4080
4006
4031
3998
4222
4114
4082
3999
4062
3999
4144
4084
3974
4079
3970
4160
4067
4109
4059
4216
4078
4094
4073
4147
4097
4172
4087
4094
4214
4192
4022
4146
4175
4183
4058
4191
4200
4144
4129
4226
4106
4191
4009
4147
3982
4186
4248
4162
4188
4125
4150
4136
4380
4266
4096
4083
4187
4372
4148
4069
4109
4210
4278
4279
4129
4208
4246
4206
4192
4226
4298
4144
4230
4215
4250
4266
4243
4291
4200
4027
4338
4202
4195
4212
4210
4200
4116
4286
4222
4182
4255
4257
4255
4226
4260
4372
4200
4252
4254
4319
4221
4143
4263
4223
4229
4314
4270
4294
4045
4332
4214
4165
4302
4191
4280
4190
4218
4258
4390
4253
4159
4209
4150
4260
4200
4293
4206
4284
4163
4246
4206
4284
4240
4286
4228
4279
4206
4266
4218
4274
4543
4307
4228
4227
4245
4307
4241
4359
4338
4270
4263
4078
4377
4246
4304
4165
4257
4191
4312
4164
4272
4301
4394
4396
4281
4261
4169
4193
4355
4214
4246
4207
4145
4240
4150
4299
4238
4210
4264
4401
4234
4158
4324
4376
4303
4231
4200
4316
4258
4308
4255
4209
4215
4211
4242
4234
4308
4355
