3665
3680
3667
3657
3659
3703
3695
3757
3686
3755
3632
3554
3697
3662
3555
3723
3712
3645
3550
3769
3762
3616
3683
3667
3623
3621
3580
3481
3669
3775
3560
3612
3622
3594
3728
3687
3720
3567
3658
3700
3560
3707
3707
3649
3587
3582
3687
3676
3559
3612
3664
3675
3675
3535
3678
3592
3687
3552
3587
3662
3677
3718
3599
3558
3759
3631
3701
3540
3688
3701
3712
3525
3698
3678
3757
3692
3639
3717
3647
3642
3592
3510
3616
3652
3691
3570
3533
3614
3668
3686
3714
3668
3611
3624
3575
3593
3660
3588
3649
3538
3648
3577
3553
3576
3580
3541
3581
3624
3603
3680
3689
3515
3609
3574
3615
3739
3727
3638
3721
3694
3649
3667
3669
3648
3539
3587
3633
3581
3540
3651
3752
3574
3570
3670
3676
3616
3690
3636
3555
3562
3682
3657
3568
3607
3668
3577
3642
3645
3561
3579
3611
3617
3548
3586
3509
3492
3558
3650
3520
3455
3494
3522
3541
3598
3579
3554
3547
3622
3495
3545
3568
3536
3504
3477
3570
3547
3677
3599
3451
3457
3464
3525
3545
3416
3458
3512
3404
3532
3561
3414
3455
3465
3507
3547
3517
3474
3478
3504
3452
3583
3445
3505
3486
3360
3412
3573
3405
3466
3427
3460
3403
3358
3440
3372
3358
3287
3369
3296
3380
3337
3294
3312
3322
3319
3265
3177
3233
3134
3161
3241
3241
3105
3183
3178
3109
3154
2944
3024
3119
3072
2920
3004
2877
3001
3009
2980
3005
3084
3043
2984
3034
2970
3100
3131
2966
3107
3046
3006
2977
3067
3103
3084
3047
3239
3147
3216
3102
3197
3284
3295
3121
3368
3288
3258
3363
3451
3287
3273
3359
3356
3403
3304
3530
3569
3406
3349
3414
3419
3380
3531
3356
3430
3456
3520
3438
3470
3389
3484
3529
3453
3510
3504
3535
3475
3475
3591
3435
3605
3528
3498
3565
3484
3466
3509
3475
3564
3578
3478
3562
3505
3561
3534
3482
3602
3584
3490
3624
3564
3568
3569
3592
3518
3564
3576
3550
3570
3534
3612
3642
3614
3568
3590
3578
3605
3492
3555
3549
3552
3610
3670
3585
3495
3611
3633
3610
3567
3687
3669
3561
3629
3589
3574
3540
3689
3643
3504
3558
3590
3608
3553
3527
3616
3674
3513
3590
3568
3600
3645
3503
3552
3692
3617
3625
3554
3563
3674
3714
3637
3546
3596
3675
3806
3656
3670
3685
3743
3701
3599
3709
3588
3687
3598
3596
3643
3573
3660
3664
3708
3766
3617
3689
3672
3655
3592
3635
3665
3706
3667
3681
3628
3626
3582
3672
3601
3590
3697
3601
3739
3588
3616
3603
3687
3582
3641
3726
3626
3656
3556
3661
3695
3636
3561
3590
3561
3767
3627
3582
3634
3689
3645
3594
3685
3748
3663
3634
3674
3669
3630
3599
3751
3623
3686
3632
3678
3645
3563
3608
3754
3686
3633
3702
3753
3614
3604
3593
3679
3705
3662
3716
3650
3671
3775
3692
3604
3721
3708
3671
3651
3646
3549
3651
3689
3628
3710
3606
3682
3451
3576
3626
3531
3728
3670
3708
3733
3706
3711
3675
3606
3769
3612
3640
3761
3634
3592
3652
3565
3639
3613
3633
3667
3658
3655
3616
3734
3665
3594
3655
3644
3716
3722
3597
3705
3757
3550
3703
3669
3566
3582
3697
3637
3651
3616
3613
3650
3672
3691
3680
3562
3645
3632
3704
3707
3664
3670
3675
3706
3792
3533
3769
3581
3611
3648
3541
3706
3670
3628
3663
3630
3545
3632
3540
3709
3532
3656
3568
3773
3660
3766
3770
3710
3671
3617
3672
3751
3617
3590
3544
3595
3658
3661
3676
3546
3619
3631
3643
3601
3752
3743
3586
3707
3600
3629
3498
3620
3579
3646
3611
3623
3722
3657
3597
3545
3766
3531
3723
3646
3644
3766
3592
3669
3612
3642
3772
3566
3595
3685
3606
3603
3655
3718
3480
3609
3677
3613
3673
3660
3604
3542
3595
3579
3625
3548
3608
3704
3536
3556
3684
3613
3603
3610
3602
3544
3716
3569
3706
3676
3658
3513
3516
3622
3592
3627
3537
3596
3530
3658
3634
3673
3591
3499
3672
3480
3562
3496
3685
3686
3544
3594
3609
3588
3458
3432
3518
3581
3583
3661
3554
3604
3484
3518
3510
3391
3583
3496
3539
3548
3568
3533
3549
3457
3531
3472
3505
3473
3600
3496
3512
3485
3521
3395
3430
3519
3517
3472
3463
3521
3324
3524
3427
3450
3388
3556
3396
3562
3487
3427
3443
3480
3506
3480
3354
3465
3407
3377
3398
3374
3423
3333
3377
3361
3463
3391
3354
3371
3406
3378
3345
3239
3283
3301
3232
3225
3167
3318
3158
3142
3229
3056
3167
3196
3073
3146
3109
3081
2973
3075
2983
3040
3043
3043
2977
3073
3042
2963
2980
3003
2940
3098
2963
2985
3043
3013
3093
2984
3054
2997
2975
3130
2985
3132
3117
3129
3189
3275
3338
3315
3314
3207
3320
3253
3323
3241
3257
3311
3316
3303
3275
3303
3433
3341
3335
3358
3479
3300
3442
3407
3407
3416
3400
3392
3299
3483
3453
3413
3507
3532
3454
3487
3536
3475
3442
3597
3399
3442
3507
3571
3494
3460
3461
3493
3497
3550
3475
3399
3558
3508
3537
3451
3599
3615
3542
3469
3565
3623
3525
3514
3468
3497
3472
3520
3520
3457
3638
3575
3618
3674
3490
3513
3591
3602
3439
3668
3589
3485
3647
3575
3595
3600
3641
3551
3652
3616
3539
3611
3580
3458
3493
3546
3576
3608
3512
3674
3560
3550
3616
3630
3603
3571
3528
3645
3612
3656
3578
3651
3608
3639
3671
3629
3623
3614
3656
3587
3579
3600
3519
3673
3697
3617
3545
3651
3645
3768
3613
3611
3563
3640
3615
3722
3625
3716
3683
3644
3659
3547
3617
3716
3587
3742
3583
3686
3663
3609
3685
3575
3610
3725
3690
3680
3660
3581
3714
3603
3577
3697
3594
3638
3655
3593
3614
3563
3613
3604
3670
3604
3619
3668
3579
3606
3616
3651
3553
3653
3653
3584
3654
3682
3629
3586
3659
3599
3698
3720
3649
3591
3730
3605
3704
3585
3631
3587
3701
3537
3631
3629
3626
3675
3666
3599
3626
3665
3678
3584
3612
3657
3729
3685
3676
3539
3729
3577
3666
3577
3669
3605
3781
3692
3633
3697
3700
3549
3673
3666
3573
