5519
5489
5619
5501
5468
5480
5614
5459
5531
5508
5315
5466
5435
5454
5448
5492
5537
5453
5469
5263
5504
5505
5480
5439
5548
5610
5532
5448
5444
5367
5468
5478
5467
5473
5517
5549
5370
5510
5592
5369
5482
5441
5549
5340
5430
5674
5542
5526
5604
5647
5448
5530
5457
5452
5539
5550
5481
5488
5462
5472
5542
5410
5522
5490
5407
5364
5520
5399
5442
5492
5552
5524
5515
5432
5446
5460
5573
5487
5489
5423
5485
5354
5451
5463
5513
5551
5392
5403
5423
5446
5366
5409
5516
5436
5398
5601
5526
5433
5514
5422
5540
5433
5398
5510
5323
5385
5432
5181
5391
5334
5465
5553
5457
5427
5420
5519
5431
5526
5423
5493
5545
5356
5405
5508
5370
5584
5490
5447
5346
5484
5373
5373
5573
5392
5421
5433
5367
5309
5458
5403
5448
5261
5480
5423
5393
5578
5390
5439
5318
5418
5368
5373
5404
5426
5255
5364
5534
5222
5408
5252
5333
5164
5376
5290
5493
5442
5361
5277
5306
5311
5335
5351
5361
5272
5237
5348
5291
5209
5206
5268
5385
5226
5262
5365
5309
5291
5324
5214
5241
5192
5216
5151
5262
5229
5145
5159
5321
5203
5024
5056
5211
5171
5137
5214
5146
5194
5161
5173
5065
5103
5077
5019
5060
5041
5112
5093
4985
5021
4916
5083
4904
4966
4908
4869
4777
4904
4750
4890
4877
4721
4670
4706
4644
4599
4612
4573
4520
4454
4557
4625
4548
4388
4393
4537
4543
4549
4637
4514
4502
4549
4562
4503
4542
4538
4359
4448
4567
4589
4568
4627
4666
4674
4555
4709
4782
4888
4753
4772
4937
4847
4854
4864
4871
5082
4964
4974
5107
5113
4970
5179
5181
5142
4974
5060
4993
5031
5062
5168
5128
5089
5115
5201
5251
5261
4929
5275
5216
5204
5324
5270
5285
5353
5316
5272
5226
5321
5202
5232
5259
5183
5203
5070
5204
5270
5309
5329
5347
5293
5358
5344
5267
5202
5345
5308
5432
5420
5273
5362
5269
5411
5337
5392
5415
5331
5320
5500
5338
5345
5358
5251
5326
5481
5457
5318
5181
5370
5358
5414
5379
5555
5435
5355
5401
5431
5500
5526
5417
5316
5365
5373
5477
5421
5510
5425
5371
5409
5452
5445
5395
5292
5344
5412
5462
5348
5542
5274
5533
5415
5327
5378
5393
5385
5317
5460
5492
5553
5378
5314
5546
5462
5458
5372
5401
5583
5434
5489
5634
5354
5551
5476
5394
5339
5453
5479
5392
5369
5486
5538
5610
5513
5544
5518
5450
5518
5438
5564
5444
5443
5614
5494
5445
5534
5330
5504
5426
5579
5503
5415
5489
5403
5479
5427
5458
5458
5376
5452
5506
5447
5411
5541
5433
5570
5575
5481
5623
5342
5418
5518
5441
5449
5405
5505
5384
5513
5496
5507
5435
5516
5496
5580
5531
5565
5531
5463
5275
5481
5601
5493
5510
5434
5318
5436
5555
5420
5682
5464
5466
5608
5378
5406
5458
5373
5465
5566
5535
5496
5404
5347
5503
5444
5463
5467
5534
5363
5427
5496
5492
5508
5489
5475
5399
5612
5513
5446
5575
5563
5482
5518
5540
5402
5515
5399
5504
5527
5537
5305
5405
5398
5538
5494
5548
5430
5396
5582
5424
5476
5510
5499
5470
5466
5502
5595
5454
5433
5436
5375
5422
5435
5594
5448
5424
5386
5552
5286
5391
5664
5543
5492
5492
5598
5432
5383
5409
5434
5507
5578
5495
5440
5390
5400
5503
5448
5459
5512
5375
5505
5451
5511
5494
5383
5426
5494
5440
5550
5608
5432
5431
5517
5454
5587
5553
5474
5462
5472
5569
5382
5449
5510
5326
5452
5402
5298
5534
5480
5456
5562
5473
5457
5373
5488
5467
5460
5413
5422
5478
5480
5474
5398
5469
5420
5327
5606
5369
5430
5421
5512
5528
5514
5455
5491
5379
5295
5541
5408
5369
5425
5453
5563
5355
5409
5529
5565
5414
5361
5401
5523
5321
5399
5428
5369
5387
5420
5346
5340
5399
5401
5416
5464
5379
5403
5375
5395
5288
5454
5522
5390
5439
5416
5402
5405
5408
5324
5377
5539
5419
5369
5420
5442
5623
5314
5461
5428
5444
5448
5246
5369
5359
5395
5388
5339
5308
5440
5354
5313
5272
5319
5310
5351
5267
5270
5342
5409
5330
5384
5311
5207
5345
5312
5232
5387
5266
5422
5360
5093
5373
5338
5271
5333
5328
5156
5298
5296
5363
5173
5240
5208
5179
5201
5244
5165
5086
5132
5234
5164
5160
5208
5060
5109
5216
5134
5078
5059
5215
5049
5194
5219
5086
5026
5129
4963
5048
5063
5068
4985
5031
4962
4979
5123
4902
4905
4874
4729
4906
4812
4749
4713
4713
4623
4689
4598
4589
4568
4529
4664
4538
4578
4503
4568
4469
4570
4518
4494
4567
4445
4374
4428
4442
4540
4540
4428
4476
4480
4604
4386
4478
4552
4619
4411
4613
4508
4679
4747
4806
4789
4803
4823
4859
4886
5005
4962
4870
4919
4992
5076
5034
5060
5060
5114
5069
5092
5128
5146
5107
5137
5122
5012
5135
5192
5147
5244
5133
5227
5191
5277
5357
5083
5260
5219
5120
5179
5251
5139
5360
5215
5281
5330
5368
5136
5262
5329
5334
5241
5180
5300
5331
5245
5363
5253
5290
5205
5295
5261
5308
5213
5229
5378
5272
5331
5398
5361
5325
5430
5242
5375
5476
5424
5369
5347
5204
5368
5343
5421
5303
5400
5457
5175
5469
5323
5350
5452
5392
5376
5425
5492
5399
5319
5385
5401
5462
5447
5465
5291
5339
5310
5491
5464
5624
5439
5333
5314
5329
5373
5413
5291
5497
5358
5384
5359
5436
5448
5335
5491
5411
5397
5258
5360
5405
5492
5370
5475
5412
5432
5386
5408
5439
5527
5447
5512
5529
5512
5462
5446
5343
5376
5461
5432
5533
5473
5450
5442
5391
5483
5370
5465
5486
5430
5426
5494
5388
5349
5563
5416
5427
5539
5426
5633
5418
5540
5630
5477
5372
5514
5589
5547
5436
5435
5464
5513
5516
5476
5456
5409
5478
5553
5655
5530
5338
5405
5391
5441
5383
5302
5429
5502
5577
5547
5447
5381
5426
5413
5542
5451
5570
5489
5552
5503
5626
5468
5491
5552
5656
5363
5596
5433
5275
5540
5468
5488
5616
5453
5444
5419
5420
5467
5504
5478
5533
5343
5540
5507
5504
5474
5553
