4571
4545
4500
4650
4590
4569
4529
4486
4598
4437
4687
4473
4607
4617
4635
4631
4652
4574
4599
4505
4527
4506
4562
4631
4533
4573
4634
4531
4577
4496
4685
4688
4600
4515
4453
4452
4553
4582
4544
4599
4540
4477
4530
4605
4520
4598
4465
4557
4640
4544
4609
4514
4598
4605
4615
4571
4586
4577
4570
4530
4554
4621
4522
4469
4620
4426
4514
4474
4483
4510
4586
4511
4497
4614
4568
4507
4663
4636
4509
4520
4446
4568
4527
4606
4595
4560
4489
4511
4495
4533
4579
4628
4583
4493
4592
4536
4627
4621
4631
4566
4582
4495
4503
4511
4561
4528
4723
4588
4661
4677
4589
4568
4493
4576
4480
4462
4535
4544
4545
4651
4517
4542
4512
4487
4544
4479
4535
4524
4552
4504
4408
4526
4439
4507
4504
4442
4472
4510
4482
4499
4580
4516
4515
4438
4542
4451
4542
4562
4541
4527
4650
4526
4474
4410
4414
4527
4623
4446
4480
4526
4581
4476
4539
4372
4507
4526
4535
4493
4411
4364
4426
4403
4507
4403
4526
4412
4464
4316
4541
4470
4552
4497
4467
4414
4421
4419
4429
4366
4390
4425
4306
4353
4371
4400
4416
4438
4411
4321
4346
4305
4338
4500
4427
4283
4280
4300
4354
4273
4278
4179
4301
4329
4314
4275
4144
4170
4270
4083
4213
4063
4150
4137
4084
4086
4200
4180
4064
4067
3987
4044
4168
3973
3871
3834
3993
3823
3786
3764
3802
3675
3850
3806
3747
3727
3831
3718
3904
3793
3867
3856
3822
3760
3761
3774
3737
3788
3795
3771
3868
3757
3914
3830
4000
3977
3896
4049
4049
3986
4084
4018
4068
4186
4187
4026
4077
4059
4122
4316
4149
4249
4155
4194
4162
4127
4298
4249
4274
4330
4361
4194
4407
4433
4308
4297
4352
4352
4400
4266
4459
4405
4328
4316
4312
4379
4273
4396
4391
4456
4307
4367
4358
4390
4435
4504
4360
4510
4408
4422
4445
4595
4510
4312
4544
4534
4449
4346
4498
4527
4394
4489
4442
4649
4576
4440
4505
4476
4543
4540
4548
4571
4452
4395
4499
4529
4388
4615
4418
4549
4481
4536
4570
4609
4505
4377
4656
4504
4502
4501
4517
4429
4427
4529
4501
4458
4544
4678
4447
4470
4483
4548
4488
4433
4532
4564
4578
4529
4451
4529
4597
4539
4624
4553
4562
4522
4604
4534
4523
4607
4585
4494
4578
4589
4441
4446
4616
4506
4569
4507
4525
4416
4512
4499
4601
4548
4493
4545
4565
4547
4548
4572
4601
4566
4536
4554
4517
4544
4580
4699
4616
4621
4617
4629
4428
4640
4605
4594
4574
4505
4548
4540
4584
4464
4635
4450
4636
4562
4528
4631
4524
4618
4631
4564
4622
4577
4560
4618
4614
4721
4562
4550
4681
4496
4666
4550
4578
4533
4613
4562
4634
4597
4667
4494
4541
4637
4485
4492
4508
4603
4596
4582
4534
4553
4542
4667
4763
4606
4493
4676
4588
4628
4475
4603
4655
4570
4618
4602
4607
4590
4568
4517
4552
4611
4554
4548
4628
4649
4696
4700
4622
4544
4601
4585
4578
4656
4619
4525
4694
4637
4625
4549
4516
4544
4546
4525
4539
4531
4675
4526
4596
4530
4617
4644
4508
4617
4576
4614
4588
4507
4623
4562
4657
4658
4589
4463
4652
4593
4542
4465
4561
4557
4562
4525
4636
4595
4558
4578
4464
4578
4507
4522
4563
4539
4628
4543
4626
4447
4709
4442
4569
4415
4571
4515
4501
4472
4457
4648
4665
4593
4515
4558
4652
4498
4577
4469
4544
4510
4523
4589
4463
4649
4566
4561
4552
4521
4603
4478
4697
4492
4465
4563
4459
4650
4598
4461
4560
4598
4524
4497
4493
4624
4552
4641
4468
4593
4567
4520
4690
4503
4493
4568
4415
4557
4512
4685
4666
4491
4519
4522
4444
4437
4522
4485
4535
4602
4535
4483
4437
4562
4595
4562
4552
4601
4541
4534
4613
4500
4587
4533
4594
4506
4402
4542
4538
4518
4413
4571
4409
4430
4541
4631
4673
4539
4477
4577
4562
4419
4527
4621
4603
4474
4468
4491
4425
4551
4532
4520
4401
4584
4567
4588
4379
4527
4560
4551
4473
4394
4493
4500
4437
4477
4462
4604
4390
4392
4555
4519
4481
4369
4474
4389
4428
4408
4505
4459
4538
4449
4477
4415
4458
4352
4464
4558
4391
4468
4391
4354
4463
4429
4422
4363
4369
4493
4396
4386
4439
4271
4378
4310
4261
4354
4476
4453
4278
4313
4359
4342
4282
4287
4328
4382
4299
4334
4331
4280
4284
4242
4126
4342
4320
4255
4330
4217
4096
4186
4131
4207
4213
4094
4071
4133
4135
4085
4056
3981
3925
4009
4031
3998
3925
3845
3898
3864
3842
3811
3733
3786
3821
3727
3672
3804
3798
3866
3719
3739
3729
3813
3729
3749
3734
3746
3832
3803
3806
3756
3833
3752
3801
3756
3948
3827
3970
3938
4057
3958
3974
4015
4043
4079
4055
3994
4193
4238
4246
4245
4207
4253
4226
4221
4284
4212
4212
4234
4245
4337
4389
4180
4301
4233
4192
4353
4264
4350
4323
4187
4251
4499
4538
4347
4331
4357
4330
4393
4362
4374
4465
4320
4400
4316
4386
4460
4412
4420
4544
4428
4348
4373
4355
4452
4453
4590
4559
4474
4364
4514
4556
4536
4434
4438
4581
4418
4569
4421
4575
4516
4463
4349
4386
4476
4461
4483
4513
4441
4525
4474
4624
4510
4639
4457
4547
4408
4557
4566
4448
4488
4577
4567
4456
4531
4413
4479
4520
4587
4495
4472
4551
4579
4561
4626
4503
4419
4426
4494
4428
4576
4621
4466
4517
4603
4696
4634
4522
4544
4471
4524
4562
4468
4466
4556
4493
4510
4573
4490
4475
4541
4544
4501
4562
4420
4537
4647
4517
4500
4543
4700
4601
4681
4496
4608
4565
4534
4596
4541
4576
4436
4538
4560
4526
4425
4592
4541
4574
4501
4597
4559
4521
4596
4565
4580
4651
4675
4623
4638
4433
4505
4562
4483
4441
4660
4629
4648
4601
4508
4592
4586
4472
4552
4655
4615
4590
4552
4486
4600
4604
4609
4474
4603
4587
4601
4495
4661
4559
4585
4596
4534
4527
4475
4626
4615
4743
4669
4537
4676
4585
4601
4566
4494
4548
4654
4586
4575
4489
4685
4623
4667
4611
4552
4455
4493
4580
4587
4632
4529
4656
