4559
4523
4610
4568
4538
4560
4526
4532
4451
4611
4472
4568
4443
4554
4547
4571
4461
4417
4426
4545
4473
4577
4476
4504
4560
4632
4471
4634
4584
4574
4582
4508
4531
4520
4646
4592
4591
4614
4635
4663
4527
4574
4505
4541
4600
4559
4492
4525
4541
4531
4493
4525
4599
4526
4666
4557
4567
4468
4435
4584
4527
4534
4538
4519
4535
4586
4534
4551
4628
4649
4648
4574
4634
4506
4585
4453
4561
4570
4573
4570
4517
4536
4674
4603
4553
4462
4575
4631
4484
4563
4553
4528
4558
4566
4467
4472
4482
4527
4589
4564
4521
4634
4595
4479
4573
4421
4634
4484
4435
4543
4580
4555
4491
4579
4427
4642
4476
4495
4570
4474
4486
4548
4504
4487
4399
4425
4480
4332
4476
4583
4652
4457
4488
4395
4436
4462
4463
4458
4467
4442
4392
4533
4488
4542
4449
4510
4595
4387
4576
4426
4553
4541
4548
4560
4481
4449
4600
4532
4576
4482
4385
4455
4449
4578
4390
4387
4378
4525
4438
4467
4476
4472
4493
4457
4423
4502
4382
4446
4392
4601
4429
4487
4405
4523
4358
4419
4387
4349
4361
4411
4456
4419
4364
4314
4357
4294
4442
4440
4378
4263
4330
4328
4272
4307
4202
4345
4226
4129
4232
4335
4320
4218
4317
4183
4278
4203
4262
4079
4276
4097
4184
4113
4061
4123
4156
4093
4106
4108
3975
3953
3996
3936
3889
3917
3785
3858
3771
3774
3724
3834
3774
3795
3660
3639
3777
3720
3778
3769
3719
3819
3693
3739
3850
3722
3742
3759
3791
3800
3831
3796
3906
3900
3984
4065
4088
3979
4001
4059
3925
4015
4103
4150
4089
4185
4116
4091
4095
4314
4170
4073
4144
4226
4233
4197
4169
4313
4340
4263
4271
4432
4257
4365
4278
4359
4226
4409
4275
4386
4356
4278
4262
4428
4494
4293
4419
4330
4272
4485
4480
4340
4474
4413
4458
4252
4288
4439
4358
4439
4458
4387
4412
4515
4334
4392
4517
4387
4485
4460
4474
4498
4529
4560
4479
4623
4530
4475
4461
4398
4538
4500
4524
4518
4425
4579
4546
4497
4490
4505
4578
4490
4444
4532
4558
4481
4488
4442
4620
4525
4490
4529
4543
4424
4650
4498
4542
4559
4508
4617
4506
4524
4623
4609
4530
4444
4598
4544
4504
4590
4558
4604
4557
4573
4599
4592
4508
4608
4492
4554
4415
4541
4623
4605
4580
4448
4524
4619
4578
4542
4534
4479
4543
4646
4539
4530
4460
4410
4632
4546
4548
4537
4651
4528
4516
4511
4483
4700
4596
4563
4598
4642
4440
4526
4622
4544
4525
4536
4524
4567
4574
4549
4608
4597
4534
4470
4505
4639
4540
4580
4616
4577
4475
4626
4623
4598
4516
4628
4613
4528
4451
4506
4622
4617
4553
4472
4508
4558
4590
4458
4526
4477
4597
4636
4519
4477
4599
4537
4486
4462
4587
4683
4574
4563
4523
4477
4502
4467
4528
4618
4560
4489
4619
4526
4502
4596
4518
4429
4623
4531
4547
4490
4544
4583
4496
4588
4600
4427
4456
4536
4582
4540
4599
4602
4630
4621
4672
4565
4611
4579
4650
4581
4616
4597
4450
4473
4525
4621
4602
4598
4552
4577
4628
4519
4494
4649
4635
4684
4708
4619
4620
4586
4514
4560
4540
4576
4559
4526
4459
4490
4595
4546
4528
4567
4563
4636
4615
4532
4576
4568
4592
4481
4604
4591
4552
4597
4604
4503
4630
4567
4631
4626
4518
4573
4615
4469
4464
4568
4646
4643
4541
4589
4432
4641
4741
4437
4477
4591
4647
4543
4685
4620
4627
4727
4483
4391
4507
4670
4597
4488
4525
4574
4557
4608
4593
4673
4576
4639
4628
4536
4580
4486
4609
4508
4497
4581
4518
4456
4390
4458
4478
4522
4510
4528
4609
4480
4512
4466
4541
4459
4522
4480
4670
4446
4644
4442
4565
4597
4549
4536
4475
4555
4454
4470
4511
4583
4537
4521
4543
4517
4480
4530
4495
4589
4520
4608
4573
4510
4504
4348
4556
4569
4542
4446
4537
4438
4487
4499
4466
4585
4534
4483
4419
4486
4440
4546
4462
4468
4675
4517
4595
4582
4501
4587
4511
4336
4453
4467
4454
4492
4360
4505
4435
4429
4514
4466
4539
4470
4585
4483
4480
4467
4417
4424
4464
4370
4492
4457
4398
4385
4455
4318
4511
4435
4483
4430
4415
4445
4423
4536
4410
4409
4424
4299
4336
4265
4374
4358
4335
4298
4340
4415
4324
4378
4392
4494
4386
4205
4362
4345
4240
4267
4281
4293
4248
4325
4255
4300
4189
4384
4227
4214
4241
4262
4155
4308
4258
4136
4139
4144
4267
4144
4057
3966
4004
4014
4028
3950
3928
3924
3805
3858
3904
3959
3761
3758
3771
3726
3766
3636
3781
3776
3684
3716
3777
3778
3771
3833
3710
3733
3636
3662
3686
3717
3660
3665
3733
3743
3828
3828
3896
3866
3919
3942
3963
3948
3957
4045
4109
4044
4165
4144
4062
4088
4043
4110
4211
4144
4134
4308
4184
4149
4156
4219
4217
4176
4260
4360
4341
4226
4196
4323
4276
4245
4356
4327
4320
4378
4300
4362
4400
4380
4465
4414
4384
4454
4339
4436
4463
4387
4437
4323
4289
4466
4253
4510
4386
4406
4500
4420
4443
4421
4430
4406
4514
4447
4430
4368
4415
4410
4430
4391
4428
4528
4383
4414
4415
4512
4437
4458
4321
4491
4447
4490
4399
4492
4483
4412
4463
4479
4546
4460
4474
4625
4648
4472
4556
4590
4515
4564
4503
4532
4489
4495
4567
4485
4474
4620
4499
4560
4528
4586
4590
4525
4546
4503
4589
4617
4394
4487
4501
4472
4466
4661
4379
4396
4565
4542
4478
4528
4594
4568
4500
4492
4386
4519
4583
4615
4528
4618
4537
4590
4461
4552
4571
4515
4521
4678
4571
4579
4449
4586
4603
4435
4564
4589
4458
4536
4565
4591
4454
4575
4584
4641
4509
4588
4547
4481
4540
4579
4574
4470
4516
4571
4384
4562
4514
4631
4451
4747
4556
4615
4577
4546
4636
4638
4562
4566
4633
4542
4467
4531
4489
4586
4619
4475
4550
4523
4550
4569
4609
4542
4547
4502
4551
4611
4518
4596
4520
4579
4468
4504
4647
4596
4561
4535
4544
4571
4608
4635
4446
4622
4640
4691
4619
4578
4672
4599
4498
4579
4585
4567
4656
4541
4515
