2717
2634
2743
2697
2795
2762
2766
2741
2713
2748
2757
2742
2769
2766
2751
2683
2841
2764
2753
2798
2710
2716
2786
2703
2699
2712
2726
2745
2781
2718
2705
2701
2831
2741
2758
2832
2718
2696
2786
2748
2834
2840
2771
2786
2660
2809
2790
2671
2697
2808
2832
2817
2694
2813
2744
2804
2717
2714
2642
2759
2721
2847
2822
2676
2736
2735
2821
2746
2692
2760
2723
2739
2577
2673
2789
2822
2616
2671
2758
2771
2775
2732
2687
2687
2795
2720
2776
2691
2708
2831
2731
2720
2721
2609
2753
2671
2750
2808
2774
2777
2735
2729
2707
2697
2633
2742
2682
2742
2605
2726
2731
2763
2677
2759
2830
2605
2635
2682
2779
2639
2779
2627
2659
2648
2725
2717
2752
2643
2763
2752
2637
2697
2729
2632
2652
2664
2740
2667
2786
2693
2674
2787
2677
2694
2750
2699
2761
2706
2735
2662
2668
2723
2673
2670
2762
2656
2707
2677
2622
2610
2636
2659
2612
2687
2698
2607
2649
2708
2633
2644
2614
2606
2625
2585
2538
2607
2718
2662
2634
2704
2641
2668
2590
2634
2670
2616
2632
2515
2565
2665
2582
2623
2754
2686
2551
2651
2601
2599
2678
2545
2572
2574
2662
2652
2589
2507
2470
2502
2556
2497
2607
2511
2482
2539
2474
2520
2482
2441
2541
2492
2493
2406
2488
2411
2537
2463
2407
2433
2366
2417
2333
2323
2345
2357
2302
2302
2324
2327
2267
2227
2188
2205
2212
2310
2335
2257
2246
2272
2323
2297
2207
2196
2179
2234
2316
2318
2224
2280
2270
2284
2256
2256
2329
2349
2324
2410
2394
2369
2390
2366
2387
2373
2454
2435
2478
2462
2534
2570
2496
2522
2554
2528
2532
2587
2611
2499
2597
2649
2635
2574
2524
2601
2548
2625
2578
2570
2590
2595
2575
2608
2647
2550
2596
2583
2521
2705
2684
2581
2619
2626
2715
2650
2694
2634
2655
2602
2651
2647
2692
2591
2703
2645
2708
2665
2620
2634
2711
2646
2699
2675
2641
2663
2586
2705
2698
2625
2727
2767
2665
2669
2708
2597
2719
2709
2612
2695
2665
2731
2667
2772
2676
2679
2733
2740
2686
2647
2695
2724
2649
2731
2719
2785
2616
2616
2733
2673
2673
2722
2735
2659
2772
2732
2749
2701
2651
2696
2688
2732
2753
2699
2634
2695
2749
2752
2752
2720
2765
2752
2721
2735
2650
2825
2740
2811
2702
2639
2733
2791
2730
2830
2767
2714
2777
2773
2823
2700
2670
2720
2705
2774
2695
2715
2702
2727
2755
2754
2710
2711
2750
2738
2795
2874
2799
2742
2764
2764
2714
2782
2666
2688
2639
2763
2680
2633
2644
2807
2778
2729
2716
2827
2703
2696
2712
2748
2734
2705
2711
2744
2740
2730
2676
2724
2770
2707
2755
2687
2766
2820
2700
2713
2802
2756
2778
2791
2764
2694
2733
2766
2744
2751
2782
2758
2770
2702
2668
2766
2740
2807
2747
2806
2709
2766
2806
2768
2741
2697
2756
2703
2736
2720
2840
2790
2730
2837
2651
2606
2848
2737
2738
2730
2765
2708
2754
2792
2656
2752
2719
2760
2786
2731
2743
2811
2781
2717
2800
2664
2765
2736
2722
2743
2747
2761
2723
2733
2786
2740
2719
2684
2712
2726
2804
2861
2809
2706
2729
2718
2744
2713
2736
2732
2829
2703
2721
2643
2759
2742
2708
2677
2703
2777
2717
2721
2645
2720
2686
2751
2737
2813
2779
2734
2734
2728
2738
2796
2812
2792
2746
2768
2795
2750
2726
2733
2793
2728
2769
2781
2756
2803
2748
2701
2696
2623
2705
2743
2733
2727
2771
2763
2758
2818
2723
2772
2790
2744
2684
2752
2683
2723
2735
2790
2726
2699
2848
2776
2664
2778
2809
2760
2755
2718
2701
2705
2686
2779
2723
2660
2801
2768
2704
2758
2569
2689
2715
2763
2722
2713
2684
2823
2807
2682
2763
2771
2686
2655
2672
2708
2737
2664
2731
2711
2708
2685
2652
2673
2681
2707
2731
2675
2714
2598
2686
2705
2718
2746
2775
2664
2682
2724
2754
2793
2845
2721
2628
2691
2730
2677
2740
2748
2747
2701
2737
2680
2677
2726
2652
2724
2661
2645
2715
2694
2684
2743
2618
2690
2648
2755
2717
2647
2696
2657
2773
2694
2659
2668
2670
2722
2687
2674
2607
2677
2598
2624
2785
2643
2687
2695
2684
2571
2646
2656
2661
2695
2545
2566
2662
2595
2581
2657
2650
2678
2645
2548
2606
2568
2572
2635
2672
2521
2606
2565
2607
2526
2537
2535
2586
2587
2520
2601
2527
2461
2500
2569
2518
2617
2531
2508
2574
2438
2479
2524
2475
2566
2435
2437
2373
2428
2361
2414
2390
2295
2263
2236
2230
2333
2320
2227
2245
2227
2321
2282
2194
2253
2287
2193
2271
2256
2192
2281
2227
2186
2261
2265
2198
2261
2234
2237
2343
2246
2281
2383
2265
2437
2350
2474
2458
2347
2432
2480
2420
2454
2489
2473
2384
2479
2554
2458
2575
2492
2559
2523
2529
2521
2619
2642
2535
2507
2519
2636
2582
2596
2574
2636
2585
2652
2676
2725
2717
2599
2554
2641
2693
2665
2633
2616
2584
2632
2625
2638
2628
2716
2655
2702
2679
2673
2542
2686
2660
2610
2689
2595
2657
2646
2694
2611
2722
2680
2657
2641
2667
2702
2644
2596
2718
2739
2643
2604
2648
2769
2697
2754
2747
2685
2637
2823
2667
2735
2653
2688
2759
2689
2717
2715
2678
2691
2748
2680
2761
2638
2661
2758
2682
2765
2699
2657
2666
2722
2739
2706
2723
2645
2614
2704
2680
2801
2637
2768
2675
2690
2713
2770
2662
2662
2742
2715
2727
2761
2745
2799
2745
2805
2723
2778
2729
2712
2727
2670
2771
2726
2727
2784
2703
2687
2662
2691
2709
2720
2764
2810
2658
2733
2684
2685
2700
2820
2733
2708
2662
2763
2758
2748
2649
2617
2773
2728
2719
2730
2750
2764
2760
2727
2707
2764
2754
2713
2711
2698
2688
2772
2817
2732
2757
2650
2645
2662
2743
2760
2776
2729
2751
2735
2731
2730
2691
2682
2752
2715
2703
2758
2706
2705
2756
2794
2776
2808
2710
2705
2780
2729
2796
2778
2702
2808
2744
2761
2741
2821
2786
2797
2668
2615
2767
2608
2784
2775
2675
2761
2715
2696
2744
2711
2816
2731
2746
