4517
4582
4473
4582
4432
4500
4584
4622
4535
4625
4465
4555
4633
4438
4564
4587
4549
4510
4625
4511
4496
4511
4595
4533
4513
4377
4526
4634
4625
4569
4588
4535
4578
4570
4570
4497
4588
4587
4505
4568
4540
4728
4552
4551
4585
4553
4508
4551
4580
4481
4563
4591
4459
4562
4541
4519
4527
4561
4660
4602
4656
4585
4511
4545
4632
4612
4516
4503
4639
4524
4622
4507
4507
4604
4594
4640
4546
4628
4431
4643
4595
4568
4517
4584
4615
4590
4525
4447
4527
4459
4554
4490
4517
4548
4649
4564
4533
4587
4475
4492
4537
4641
4504
4592
4486
4600
4627
4534
4641
4563
4564
4599
4465
4615
4566
4476
4563
4478
4564
4521
4557
4471
4500
4559
4583
4603
4426
4454
4556
4573
4544
4474
4506
4506
4512
4532
4509
4431
4488
4544
4441
4536
4573
4504
4496
4547
4563
4509
4497
4517
4574
4498
4478
4435
4576
4518
4462
4506
4574
4540
4329
4496
4468
4466
4523
4546
4471
4387
4483
4420
4460
4525
4450
4454
4385
4543
4390
4405
4346
4439
4354
4405
4618
4454
4449
4370
4480
4444
4454
4433
4276
4446
4457
4375
4408
4442
4459
4425
4355
4427
4304
4269
4378
4344
4360
4360
4187
4342
4369
4252
4394
4244
4266
4229
4250
4192
4146
4163
4164
4184
4178
4107
4107
4044
4086
4100
4060
4028
4102
3965
3862
3905
3863
3857
3794
3866
3832
3717
3682
3739
3698
3678
3755
3695
3825
3811
3727
3724
3813
3765
3743
3775
3727
3794
3774
3664
3876
3680
3664
3725
3926
3855
3831
3864
3846
3872
4017
3973
4026
4075
4061
4047
4068
4186
4117
4085
4104
4180
4175
4317
4137
4293
4242
4357
4316
4230
4293
4294
4219
4283
4392
4277
4326
4288
4298
4272
4241
4284
4459
4498
4398
4287
4557
4413
4337
4479
4393
4408
4431
4435
4420
4449
4422
4529
4452
4522
4371
4417
4400
4426
4431
4498
4538
4486
4497
4503
4419
4409
4347
4564
4381
4437
4451
4497
4597
4413
4528
4493
4461
4410
4414
4540
4464
4548
4441
4446
4560
4418
4388
4506
4421
4566
4540
4476
4523
4484
4608
4548
4349
4539
4501
4370
4534
4580
4491
4496
4554
4494
4465
4391
4422
4410
4546
4424
4532
4548
4548
4491
4455
4543
4553
4581
4534
4514
4497
4588
4538
4585
4496
4627
4454
4547
4498
4561
4580
4669
4554
4603
4514
4474
4575
4685
4478
4601
4527
4533
4582
4527
4664
4497
4430
4590
4491
4522
4501
4491
4483
4607
4610
4499
4462
4545
4579
4526
4597
4555
4566
4528
4601
4529
4500
4604
4609
4647
4524
4653
4559
4530
4616
4580
4458
4485
4634
4555
4569
4678
4608
4488
4483
4710
4456
4632
4635
4594
4439
4562
4532
4547
4602
4554
4525
4485
4633
4533
4535
4529
4570
4594
4652
4453
4533
4580
4505
4550
4484
4598
4406
4552
4601
4506
4600
4550
4506
4565
4469
4574
4587
4561
4652
4496
4504
4610
4563
4522
4504
4566
4661
4561
4603
4513
4633
4557
4503
4595
4585
4533
4587
4620
4455
4559
4514
4538
4631
4542
4562
4531
4663
4566
4580
4614
4483
4616
4417
4473
4544
4590
4595
4669
4489
4535
4654
4413
4567
4529
4444
4685
4520
4518
4547
4662
4536
4509
4597
4527
4622
4493
4548
4584
4500
4674
4565
4643
4507
4546
4567
4466
4496
4610
4599
4552
4697
4599
4413
4572
4551
4383
4600
4542
4511
4641
4597
4564
4651
4533
4548
4638
4547
4518
4574
4574
4515
4567
4600
4629
4685
4582
4710
4655
4471
4520
4630
4571
4439
4542
4563
4566
4530
4642
4581
4518
4615
4569
4579
4690
4533
4501
4554
4479
4583
4553
4571
4453
4527
4479
4539
4593
4438
4534
4571
4593
4567
4580
4571
4582
4523
4529
4485
4577
4531
4500
4521
4501
4577
4492
4539
4624
4526
4477
4613
4503
4550
4466
4415
4562
4549
4409
4581
4518
4543
4493
4505
4446
4406
4358
4491
4542
4523
4576
4495
4551
4582
4541
4419
4504
4438
4548
4466
4459
4421
4407
4424
4380
4515
4471
4504
4322
4503
4361
4450
4583
4460
4309
4487
4490
4399
4360
4513
4472
4325
4420
4393
4462
4436
4338
4498
4427
4429
4388
4559
4397
4385
4462
4470
4410
4468
4402
4493
4428
4397
4461
4373
4344
4335
4392
4508
4383
4418
4359
4425
4430
4315
4337
4338
4343
4391
4339
4343
4317
4274
4424
4268
4342
4248
4297
4340
4291
4297
4283
4242
4259
4181
4268
4283
4217
4280
4137
4183
4180
4240
4170
4138
4039
4201
4072
4038
3949
3975
3785
3835
3833
3900
3962
3746
3677
3810
3678
3710
3710
3748
3662
3676
3812
3886
3765
3756
3723
3812
3652
3546
3707
3627
3726
3681
3754
3592
3725
3786
3743
3851
3902
3879
3845
3970
3940
3955
4132
4043
4112
4074
4132
4019
4287
4062
4164
4166
4099
4230
4172
4210
4300
4218
4287
4229
4333
4316
4224
4366
4443
4337
4315
4306
4414
4392
4318
4320
4369
4386
4298
4508
4337
4428
4431
4458
4442
4429
4478
4403
4380
4460
4366
4451
4552
4438
4420
4521
4501
4437
4395
4410
4440
4486
4518
4529
4523
4535
4479
4533
4418
4523
4502
4366
4405
4523
4548
4500
4390
4497
4464
4478
4353
4408
4456
4525
4385
4471
4456
4545
4487
4495
4354
4610
4493
4470
4410
4485
4607
4577
4442
4454
4456
4514
4529
4456
4569
4644
4607
4494
4530
4326
4514
4454
4543
4570
4611
4620
4699
4572
4519
4571
4572
4566
4516
4459
4528
4537
4628
4496
4494
4496
4509
4572
4494
4574
4459
4525
4593
4495
4440
4463
4578
4530
4586
4581
4476
4449
4528
4563
4556
4569
4495
4619
4545
4533
4537
4564
4516
4488
4436
4436
4506
4515
4593
4557
4587
4676
4489
4469
4585
4539
4527
4577
4483
4558
4561
4551
4518
4536
4520
4590
4509
4552
4475
4570
4568
4649
4587
4576
4583
4582
4517
4444
4520
4615
4605
4522
4518
4543
4559
4558
4419
4457
4505
4578
4538
4551
4395
4546
4556
4667
4513
4499
4496
4486
4610
4473
4442
4624
4563
4656
4375
4502
4465
4561
4623
4585
4467
4541
4587
4688
4614
4548
4529
4545
