3656
3625
3670
3673
3658
3717
3740
3681
3696
3686
3639
3619
3568
3649
3711
3603
3718
3702
3739
3627
3727
3554
3585
3680
3756
3702
3622
3596
3721
3738
3585
3656
3671
3648
3656
3635
3557
3700
3777
3677
3723
3607
3601
3683
3621
3718
3685
3646
3596
3724
3711
3639
3710
3571
3713
3611
3650
3763
3662
3595
3731
3706
3704
3640
3661
3730
3580
3715
3694
3664
3591
3726
3687
3688
3624
3759
3748
3602
3719
3688
3678
3589
3743
3698
3652
3784
3734
3677
3728
3622
3667
3565
3690
3657
3707
3743
3618
3548
3734
3516
3771
3648
3654
3641
3629
3620
3613
3571
3572
3566
3639
3613
3646
3675
3714
3623
3631
3626
3769
3663
3748
3552
3684
3696
3695
3512
3612
3668
3703
3655
3587
3695
3699
3580
3637
3587
3687
3727
3669
3621
3695
3632
3607
3558
3650
3620
3612
3640
3598
3609
3669
3509
3670
3494
3798
3639
3540
3510
3608
3563
3619
3556
3650
3489
3627
3578
3618
3590
3542
3579
3530
3574
3673
3675
3541
3532
3527
3590
3651
3531
3537
3630
3584
3539
3655
3589
3648
3478
3528
3496
3661
3460
3631
3550
3488
3548
3480
3503
3550
3604
3549
3498
3577
3560
3430
3497
3392
3508
3451
3522
3495
3420
3499
3459
3313
3388
3500
3454
3349
3313
3345
3326
3339
3232
3196
3280
3238
3240
3124
3239
3191
3201
3159
3127
3028
3137
3005
2968
2978
3024
3042
2925
2999
2962
2975
2988
3036
2976
3049
3098
3094
2940
3094
2961
2909
2992
2989
2992
2976
2954
3029
3032
3124
3145
3100
3210
3219
3199
3321
3258
3332
3318
3259
3411
3322
3375
3359
3380
3363
3438
3335
3384
3417
3400
3420
3485
3425
3451
3564
3447
3538
3483
3485
3585
3529
3461
3492
3575
3564
3512
3541
3495
3482
3594
3623
3491
3485
3536
3581
3606
3566
3585
3562
3502
3476
3561
3591
3486
3568
3600
3566
3535
3535
3636
3559
3560
3583
3563
3568
3443
3639
3616
3681
3620
3594
3649
3526
3548
3633
3656
3542
3621
3542
3598
3627
3577
3719
3704
3674
3521
3620
3673
3594
3656
3603
3633
3581
3544
3615
3674
3605
3711
3617
3562
3676
3705
3632
3594
3769
3535
3735
3588
3728
3747
3767
3634
3708
3716
3641
3520
3576
3726
3639
3693
3700
3695
3569
3657
3688
3726
3647
3701
3703
3651
3594
3708
3533
3667
3778
3703
3756
3652
3689
3724
3547
3644
3652
3704
3715
3671
3712
3701
3618
3695
3637
3654
3677
3637
3734
3616
3721
3677
3683
3722
3691
3583
3651
3642
3647
3571
3672
3642
3604
3701
3674
3747
3716
3749
3657
3599
3701
3711
3731
3628
3693
3729
3732
3645
3742
3668
3642
3733
3599
3727
3697
3653
3731
3645
3659
3677
3697
3702
3669
3718
3607
3689
3652
3610
3680
3630
3734
3655
3639
3663
3547
3663
3700
3639
3783
3559
3691
3676
3712
3590
3702
3740
3675
3617
3619
3658
3666
3722
3656
3656
3569
3694
3702
3666
3679
3741
3672
3622
3694
3712
3720
3665
3656
3764
3686
3673
3606
3607
3635
3575
3571
3645
3737
3722
3686
3701
3696
3691
3685
3583
3767
3669
3624
3680
3656
3689
3693
3601
3791
3670
3692
3579
3730
3748
3707
3712
3650
3692
3686
3740
3771
3704
3688
3609
3667
3658
3635
3552
3704
3639
3750
3593
3739
3719
3729
3613
3671
3814
3693
3693
3648
3715
3701
3745
3633
3666
3643
3603
3736
3650
3642
3611
3636
3657
3630
3745
3751
3666
3735
3757
3608
3518
3727
3636
3665
3791
3620
3616
3641
3620
3706
3695
3671
3639
3645
3688
3610
3609
3664
3642
3734
3721
3607
3714
3672
3620
3556
3616
3668
3621
3616
3657
3711
3610
3699
3541
3671
3635
3678
3647
3570
3776
3616
3619
3726
3763
3519
3671
3629
3658
3554
3597
3741
3773
3753
3635
3652
3603
3771
3679
3616
3617
3610
3649
3556
3541
3480
3690
3652
3675
3661
3670
3614
3603
3617
3579
3598
3630
3747
3703
3646
3660
3530
3645
3589
3629
3587
3607
3715
3570
3652
3669
3541
3638
3600
3587
3658
3611
3498
3651
3608
3631
3599
3661
3580
3646
3656
3569
3573
3568
3557
3532
3743
3493
3591
3608
3541
3566
3576
3518
3636
3530
3515
3608
3545
3539
3599
3555
3555
3561
3660
3566
3389
3540
3554
3547
3434
3495
3539
3608
3442
3530
3466
3513
3442
3409
3458
3491
3411
3473
3394
3410
3455
3460
3393
3419
3409
3393
3434
3471
3370
3281
3367
3416
3270
3346
3255
3273
3164
3192
3270
3295
3251
3090
3217
3029
3148
3025
3000
2958
3033
3063
3011
2956
2990
2838
2983
3024
2988
2954
2957
3001
3053
3041
3036
2949
3059
2967
2999
2905
2997
2993
3060
3091
3132
3074
3146
3104
3193
3268
3237
3328
3360
3310
3280
3272
3300
3249
3474
3292
3385
3427
3369
3431
3402
3399
3445
3522
3477
3419
3468
3552
3515
3501
3463
3498
3444
3506
3384
3460
3454
3657
3392
3470
3618
3521
3552
3513
3538
3576
3532
3471
3503
3632
3550
3527
3593
3571
3615
3586
3608
3533
3716
3558
3602
3582
3564
3520
3655
3661
3521
3560
3699
3599
3632
3610
3588
3507
3583
3656
3697
3608
3583
3639
3580
3725
3669
3533
3659
3538
3655
3633
3635
3624
3611
3516
3688
3613
3642
3593
3556
3592
3582
3531
3644
3576
3646
3602
3707
3624
3578
3527
3626
3702
3595
3606
3628
3529
3622
3646
3644
3590
3740
3758
3619
3633
3574
3553
3577
3649
3569
3683
3636
3695
3717
3647
3574
3686
3613
3725
3614
3554
3634
3591
3581
3750
3656
3703
3584
3603
3684
3780
3560
3753
3696
3616
3710
3646
3715
3682
3756
3798
3572
3567
3673
3711
3699
3685
3721
3648
3575
3665
3670
3754
3743
3690
3567
3553
3730
3677
3553
3628
3625
3676
3702
3638
3635
3739
3616
3683
3696
3526
3676
3725
3630
3652
3691
3622
3658
3744
3665
3675
3637
3648
3790
3676
3625
3646
3657
3765
3725
3730
3644
3643
3608
3689
3608
3727
3542
3687
3647
3702
3613
3616
3760
3708
3632
3622
3640
3707
3706
3610
3693
3642
3731
3639
3727
3767
3594
