3633
3659
3646
3647
3582
3653
3620
3655
3559
3692
3600
3640
3608
3692
3576
3660
3685
3607
3737
3654
3657
3590
3538
3623
3739
3564
3664
3708
3644
3702
3585
3685
3585
3717
3600
3623
3655
3620
3633
3703
3697
3676
3634
3714
3596
3672
3686
3763
3680
3629
3712
3671
3582
3678
3568
3706
3628
3558
3695
3667
3666
3617
3698
3722
3598
3651
3790
3618
3711
3573
3574
3730
3679
3599
3565
3736
3729
3647
3548
3683
3622
3562
3701
3634
3767
3588
3591
3634
3668
3636
3625
3567
3581
3719
3544
3749
3524
3606
3631
3615
3657
3679
3602
3636
3658
3647
3556
3598
3561
3657
3665
3690
3587
3599
3511
3590
3656
3673
3655
3653
3621
3666
3617
3635
3645
3699
3654
3552
3552
3705
3512
3638
3594
3576
3647
3659
3575
3608
3638
3660
3597
3762
3635
3588
3592
3667
3683
3623
3642
3676
3601
3585
3563
3554
3487
3623
3575
3605
3574
3561
3556
3604
3601
3634
3564
3591
3657
3629
3584
3514
3521
3584
3503
3572
3635
3646
3460
3575
3543
3576
3701
3556
3576
3553
3512
3591
3452
3593
3571
3552
3464
3568
3525
3429
3560
3453
3501
3547
3510
3511
3467
3516
3519
3352
3462
3508
3404
3531
3600
3343
3437
3461
3360
3410
3425
3424
3266
3388
3427
3275
3287
3358
3307
3318
3317
3296
3276
3193
3195
3179
3181
3133
3109
3150
3041
2988
2989
3006
2841
2967
2970
2944
2934
2947
2983
2983
2946
2944
2931
3027
2840
3009
2972
2904
2936
2928
3011
3033
2980
3009
2988
3108
3151
3038
3209
3112
3187
3148
3275
3288
3280
3370
3280
3324
3302
3325
3377
3427
3329
3364
3301
3395
3473
3382
3365
3459
3433
3409
3481
3499
3328
3385
3369
3392
3492
3462
3448
3385
3438
3533
3477
3477
3456
3524
3421
3507
3488
3588
3531
3519
3523
3533
3610
3571
3522
3552
3560
3537
3607
3502
3539
3676
3644
3529
3642
3668
3529
3580
3601
3665
3601
3517
3631
3581
3633
3531
3596
3580
3504
3571
3554
3497
3678
3638
3659
3656
3611
3586
3674
3615
3708
3526
3593
3527
3692
3618
3630
3651
3646
3625
3520
3656
3607
3528
3594
3706
3684
3547
3689
3676
3668
3501
3688
3616
3652
3506
3639
3582
3598
3667
3647
3673
3782
3641
3655
3588
3670
3616
3650
3608
3642
3671
3600
3675
3599
3582
3683
3611
3580
3612
3714
3634
3616
3720
3653
3630
3693
3736
3604
3590
3673
3807
3753
3612
3651
3635
3566
3659
3557
3491
3601
3580
3595
3603
3713
3638
3655
3599
3638
3703
3585
3671
3621
3614
3521
3687
3561
3661
3672
3656
3579
3666
3662
3747
3635
3730
3554
3637
3566
3633
3609
3583
3564
3570
3703
3633
3689
3751
3653
3647
3631
3827
3614
3647
3644
3628
3553
3615
3642
3583
3635
3711
3579
3640
3656
3655
3582
3723
3610
3609
3742
3662
3540
3649
3610
3516
3670
3630
3596
3803
3644
3621
3721
3677
3724
3659
3677
3686
3617
3591
3718
3643
3762
3652
3671
3571
3688
3640
3622
3657
3566
3574
3678
3547
3689
3612
3754
3650
3644
3675
3638
3656
3664
3705
3599
3689
3634
3680
3643
3672
3602
3710
3610
3673
3731
3657
3738
3627
3627
3543
3658
3736
3652
3617
3540
3608
3652
3663
3734
3571
3513
3638
3661
3538
3650
3555
3560
3639
3632
3712
3698
3729
3633
3611
3658
3655
3697
3716
3642
3683
3634
3582
3619
3642
3634
3600
3703
3579
3672
3651
3640
3709
3563
3597
3670
3705
3619
3618
3652
3638
3653
3676
3706
3602
3736
3669
3599
3619
3416
3704
3625
3625
3552
3663
3731
3714
3660
3632
3686
3634
3655
3556
3650
3685
3669
3571
3716
3668
3589
3550
3694
3629
3490
3734
3566
3662
3695
3533
3602
3733
3672
3623
3651
3586
3601
3541
3601
3687
3622
3607
3641
3670
3558
3641
3646
3619
3690
3748
3665
3732
3646
3591
3651
3673
3553
3687
3546
3576
3658
3538
3608
3630
3652
3566
3606
3620
3591
3539
3600
3549
3636
3569
3597
3576
3518
3650
3548
3602
3623
3522
3518
3565
3599
3594
3668
3502
3622
3601
3561
3687
3613
3554
3615
3532
3708
3643
3682
3409
3677
3551
3586
3492
3467
3528
3475
3506
3645
3519
3498
3622
3573
3545
3520
3455
3500
3443
3452
3493
3541
3579
3564
3555
3469
3556
3534
3498
3501
3501
3505
3411
3358
3484
3384
3511
3541
3333
3411
3431
3359
3394
3472
3460
3370
3356
3393
3263
3309
3331
3361
3271
3177
3321
3284
3250
3212
3183
3104
3165
3017
3074
3010
2958
2964
2924
2964
2956
2981
3000
2880
2960
2879
3063
3005
3044
2964
3034
2987
2933
2946
2814
2951
2991
2925
3089
3044
2994
3028
3051
3152
3122
3160
3167
3145
3179
3127
3126
3263
3186
3294
3354
3329
3297
3325
3405
3352
3343
3432
3404
3356
3341
3334
3456
3398
3509
3479
3377
3464
3550
3418
3409
3495
3447
3421
3460
3616
3486
3497
3541
3419
3555
3419
3434
3443
3632
3360
3562
3478
3394
3513
3488
3526
3432
3503
3466
3579
3570
3580
3483
3515
3566
3606
3642
3490
3592
3506
3563
3560
3608
3494
3478
3608
3567
3675
3528
3619
3571
3573
3630
3540
3481
3549
3495
3591
3608
3743
3566
3601
3477
3593
3617
3642
3551
3566
3671
3582
3713
3604
3505
3661
3682
3719
3719
3663
3526
3688
3609
3591
3650
3511
3654
3567
3632
3586
3633
3480
3628
3552
3601
3657
3546
3547
3635
3706
3663
3639
3632
3688
3672
3665
3585
3680
3612
3661
3631
3594
3755
3643
3683
3637
3572
3618
3655
3671
3664
3666
3600
3620
3647
3583
3688
3602
3607
3613
3620
3709
3550
3733
3598
3650
3546
3660
3593
3698
3606
3543
3701
3518
3569
3627
3638
3705
3573
3542
3622
3778
3679
3545
3671
3677
3704
3653
3638
3669
3656
3708
3712
3727
3603
3657
3590
3599
3610
3673
3625
3672
3584
3625
3683
3663
3694
3686
3712
3597
3662
3689
3661
3640
3592
3663
3655
3591
3708
3556
3670
3691
3686
3671
3758
3563
3601
3655
3641
3633
3764
3690
3667
3570
3758
3635
3782
3631
3612
3685
