5767
5711
5779
5833
5745
5785
5804
5745
5770
5692
5669
5742
5787
5716
5738
5815
5722
5592
5809
5795
5812
5765
5873
5751
5717
5824
5667
5646
5731
5735
5673
5793
5781
5658
5651
5739
5747
5720
5796
5666
5581
5774
5763
5613
5688
5706
5752
5646
5759
5659
5712
5635
5764
5564
5627
5666
5697
5618
5588
5652
5589
5670
5553
5618
5453
5403
5416
5300
5364
5302
5259
5215
5144
5031
5011
5093
4945
4964
4966
4918
4995
4890
4870
4898
5142
5195
5074
5150
5229
5182
5239
5111
5246
5213
5314
5377
5325
5344
5258
5335
5475
5319
5557
5503
5496
5447
5563
5482
5545
5541
5602
5552
5661
5520
5664
5647
5548
5683
5605
5709
5724
5654
5685
5602
5784
5662
5570
5645
5753
5701
5711
5645
5570
5486
5527
5519
5468
5516
5331
5396
5433
5359
5216
5087
5110
5142
4955
4970
4949
5002
4921
5071
5160
4972
5244
4991
5209
5242
5214
5335
5334
5379
5470
5508
5488
5549
5520
5582
5622
5397
5670
5497
5560
5599
5620
5588
5617
5757
5569
5554
5662
5697
5655
5674
5703
5690
5840
5651
5778
5651
5667
5833
5721
5750
5704
5763
5725
5676
5701
5609
5541
5770
5594
5769
5857
5652
5676
5569
5534
5655
5552
5574
5464
5385
5412
5345
5196
5270
5244
5217
5016
5147
5325
5274
5217
5197
5449
5436
5457
5526
5648
5573
5612
5712
5515
5758
5684
5663
5689
5700
5554
5737
5724
5764
5755
5622
5699
5735
5664
5771
5551
5722
5692
5806
5597
5604
5723
5694
5714
5724
5548
5498
5560
5522
5654
5448
5532
5410
5288
5168
5187
5166
5149
5019
5259
5054
5282
5410
5432
5221
5453
5428
5482
5522
5669
5604
5668
5654
5938
5478
5714
5733
5588
5783
5678
5609
5785
5772
5917
5791
5727
5817
5692
5739
5842
5818
5793
5685
5842
5779
5609
5666
5738
5777
5637
5621
5712
5771
5706
5783
5591
5686
5706
5593
5635
5646
5667
5426
5604
5523
5439
5395
5425
5333
5339
5436
5303
5136
5100
5080
5177
5008
5074
4972
4954
5002
5093
4913
5082
5332
5255
5282
5334
5298
5438
5428
5380
5493
5561
5586
5745
5753
5550
5571
5555
5702
5708
5644
5665
5668
5667
5681
5725
5574
5540
5685
5713
5643
5673
5652
5739
5617
5490
5729
5695
5525
5580
5707
5637
5559
5500
5614
5540
5545
5427
5492
5455
5497
5417
5274
5308
5330
5449
5240
5188
5162
5180
5034
5186
4987
4949
5019
5052
5030
4832
4940
4960
4953
4915
4987
4906
4969
4985
5063
5128
5148
5165
5262
5423
5441
5583
5527
5575
5687
5641
5640
5573
5722
5688
5680
5779
5672
5638
5583
5589
5601
5711
5673
5738
5642
5736
5788
5798
5699
5622
5820
5673
5630
5689
5659
5751
5690
5671
5719
5578
5604
5748
5772
5748
5666
5673
5860
5640
5501
5739
5647
5675
5643
5852
5684
5687
5701
5790
5642
5706
5773
5857
5714
5747
5689
5577
5836
5848
5582
5755
5615
5749
5821
5844
5592
5704
5641
5820
5700
5667
5648
5805
5678
5670
5638
5766
5828
5748
5864
5665
5727
5775
5629
5705
5786
5655
5878
5738
5734
5792
5512
5605
5864
5737
5847
5712
5818
5796
5747
5827
5598
5844
5739
5721
5682
5593
5851
5680
5774
5697
5625
5671
5713
5584
5713
5758
5689
5694
5693
5818
5915
5700
5751
5754
5769
5800
5794
5737
5661
5841
5765
5772
5721
5752
5710
5845
5772
5700
5657
5587
5592
5580
5689
5659
5554
5590
5669
5783
5674
5630
5533
5578
5549
5635
5582
5598
5396
5545
5490
5416
5322
5235
5168
5098
5059
4953
4845
4926
4776
4853
4882
4837
4887
4946
4948
4983
5092
4941
5177
5177
5116
5084
5149
5106
5321
5395
5206
5237
5260
5303
5509
5371
5401
5548
5443
5513
5568
5495
5444
5601
5622
5498
5411
5521
5613
5532
5624
5667
5660
5853
5632
5613
5659
5640
5578
5501
5738
5591
5608
5603
5574
5707
5663
5755
5737
5687
5527
5519
5510
5434
5585
5506
5465
5533
5378
5247
5163
5174
5162
4992
5054
4888
5045
4919
4879
4986
5161
5172
5074
5072
5099
5318
5153
5271
5281
5354
5414
5439
5477
5514
5589
5559
5586
5543
5728
5620
5573
5625
5502
5622
5553
5619
5652
5706
5734
5654
5581
5585
5736
5881
5692
5794
5642
5678
5803
5653
5673
5696
5539
5677
5783
5707
5623
5684
5610
5751
5530
5556
5636
5648
5447
5532
5555
5555
5617
5535
5470
5343
5261
5326
5203
5161
5162
5133
5087
5245
5180
5159
5282
5318
5429
5482
5381
5356
5452
5608
5541
5692
5754
5458
5644
5610
5620
5695
5700
5666
5692
5611
5643
5643
5722
5750
5686
5567
5619
5783
5638
5742
5480
5663
5506
5632
5612
5537
5622
5626
5563
5558
5502
5506
5527
5238
5356
5110
5321
5202
5087
5224
5276
5159
5191
5173
5339
5353
5587
5481
5465
5533
5785
5543
5684
5645
5691
5587
5662
5718
5746
5738
5726
5567
5580
5646
5699
5717
5632
5649
5751
5580
5657
5810
5719
5803
5667
5691
5656
5660
5617
5782
5676
5657
5611
5596
5568
5525
5649
5575
5579
5526
5558
5494
5544
5494
5520
5493
5386
5478
5299
5219
5350
5248
5304
5136
5313
5227
4986
5087
5012
5022
5001
5011
5054
5100
5155
5078
5201
5172
5196
5530
5379
5466
5600
5649
5514
5508
5663
5569
5655
5608
5641
5663
5534
5623
5649
5571
5708
5593
5647
5598
5602
5710
5525
5696
5542
5562
5631
5671
5468
5449
5718
5488
5548
5523
5475
5472
5497
5406
5418
5408
5428
5426
5341
5223
5330
5261
5287
5141
5311
5078
5068
5085
5069
5146
5008
5029
5002
4953
4985
4875
4857
4892
4915
4894
5061
5034
5039
5046
5064
5219
5219
5413
5307
5493
5405
5555
5487
5607
5653
5566
5696
5621
5660
5608
5488
5586
5589
5774
5784
5678
5695
5726
5707
5683
5742
5639
5613
5848
5794
5627
5743
5768
5671
5771
5868
5744
5799
5646
5789
5779
5805
5802
5685
5838
5631
5654
5721
5665
5710
5662
5817
5677
5555
5774
5630
5577
5778
5701
5696
5698
5706
5756
5644
5864
5755
5765
5591
5719
5718
5818
