4655
4596
4671
4691
4663
4609
4636
4617
4655
4652
4598
4643
4581
4633
4620
4616
4853
4640
4464
4695
4627
4558
4631
4650
4762
4660
4521
4735
4556
4665
4662
4732
4699
4605
4566
4594
4695
4673
4704
4659
4619
4665
4656
4569
4631
4689
4558
4564
4683
4497
4635
4587
4632
4615
4691
4670
4602
4514
4732
4739
4648
4616
4601
4674
4606
4613
4594
4640
4697
4735
4621
4635
4609
4600
4605
4635
4688
4696
4591
4675
4520
4616
4673
4678
4583
4567
4745
4506
4617
4649
4537
4488
4659
4414
4621
4532
4729
4575
4585
4538
4640
4549
4541
4590
4574
4533
4615
4640
4591
4659
4612
4567
4571
4673
4685
4627
4556
4590
4671
4580
4599
4600
4383
4595
4643
4623
4647
4620
4517
4587
4524
4580
4577
4540
4639
4672
4712
4625
4546
4579
4628
4592
4627
4620
4650
4533
4548
4561
4540
4536
4620
4569
4546
4507
4539
4654
4630
4521
4555
4582
4479
4496
4532
4597
4627
4552
4527
4400
4671
4566
4483
4596
4576
4463
4551
4571
4591
4580
4464
4524
4464
4492
4469
4527
4512
4449
4493
4404
4467
4599
4518
4558
4448
4449
4424
4475
4398
4406
4405
4483
4359
4459
4450
4455
4415
4389
4458
4266
4554
4408
4205
4403
4350
4256
4272
4334
4230
4359
4243
4225
4236
4305
4163
4363
4059
4216
4177
4031
4014
4090
3974
4008
3848
3949
3911
3804
3834
3755
3769
3706
3755
3768
3746
3791
3749
3785
3782
3868
3716
3840
3822
3834
3707
3747
3797
3773
3740
3758
3843
3911
3844
3825
3848
3847
3903
3925
3906
4075
4055
4111
4022
4134
4080
4217
4227
4224
4287
4303
4376
4206
4260
4266
4255
4299
4343
4379
4402
4336
4287
4392
4451
4457
4366
4329
4478
4421
4367
4447
4416
4364
4474
4464
4415
4389
4540
4442
4603
4448
4645
4439
4599
4527
4445
4594
4435
4481
4484
4479
4443
4484
4478
4533
4551
4538
4626
4525
4581
4557
4620
4509
4468
4628
4544
4518
4570
4437
4657
4576
4516
4580
4565
4629
4523
4502
4489
4507
4617
4431
4526
4614
4681
4590
4615
4510
4499
4561
4562
4500
4591
4611
4638
4732
4610
4523
4554
4500
4578
4678
4638
4690
4577
4493
4566
4734
4617
4626
4521
4634
4462
4654
4610
4633
4569
4608
4625
4729
4568
4596
4597
4637
4538
4654
4559
4497
4709
4514
4598
4563
4727
4577
4583
4793
4649
4535
4586
4634
4659
4570
4575
4600
4571
4574
4593
4619
4611
4699
4632
4678
4621
4559
4677
4571
4695
4499
4656
4668
4606
4735
4628
4525
4630
4483
4610
4634
4646
4616
4648
4570
4632
4600
4564
4726
4633
4569
4667
4610
4600
4587
4579
4633
4490
4618
4620
4692
4546
4541
4538
4627
4621
4652
4671
4591
4570
4527
4656
4572
4481
4617
4750
4576
4637
4630
4557
4692
4580
4681
4615
4725
4532
4570
4576
4630
4516
4595
4619
4600
4620
4738
4610
4547
4637
4476
4670
4769
4606
4624
4581
4624
4620
4567
4548
4648
4607
4604
4670
4580
4688
4705
4698
4542
4702
4670
4681
4659
4515
4561
4581
4568
4530
4679
4583
4566
4571
4654
4801
4589
4634
4621
4685
4636
4482
4600
4606
4552
4594
4666
4614
4692
4603
4550
4646
4612
4597
4705
4676
4633
4685
4651
4673
4679
4687
4722
4597
4552
4527
4575
4598
4656
4581
4549
4651
4469
4694
4652
4555
4528
4609
4527
4587
4532
4618
4614
4607
4539
4647
4613
4644
4639
4475
4602
4527
4617
4675
4708
4591
4576
4637
4550
4653
4576
4611
4536
4690
4614
4632
4589
4464
4506
4568
4670
4672
4687
4644
4676
4810
4717
4512
4572
4717
4478
4596
4626
4690
4673
4508
4474
4643
4497
4776
4668
4516
4683
4484
4592
4637
4501
4590
4657
4606
4654
4636
4596
4632
4559
4542
4583
4601
4638
4622
4554
4551
4638
4584
4625
4586
4510
4575
4687
4570
4600
4543
4721
4511
4596
4408
4529
4581
4522
4575
4635
4492
4508
4500
4649
4684
4546
4453
4558
4576
4410
4577
4683
4556
4433
4583
4562
4583
4590
4665
4531
4600
4611
4646
4356
4517
4492
4478
4538
4450
4462
4455
4533
4537
4648
4461
4448
4488
4508
4537
4490
4431
4612
4593
4450
4436
4434
4579
4359
4535
4528
4461
4501
4479
4567
4462
4593
4389
4388
4517
4467
4450
4447
4516
4370
4448
4397
4454
4448
4411
4506
4392
4281
4420
4340
4449
4331
4358
4290
4382
4325
4258
4181
4326
4207
4127
4205
4254
4257
4301
4262
4167
4023
4101
4102
4039
3962
4064
3964
3915
3851
3924
3901
3779
3826
3726
3673
3655
3675
3794
3726
3768
3705
3733
3861
3740
3651
3927
3744
3557
3700
3685
3709
3658
3807
3794
3801
3839
3814
3868
3917
3984
3992
4076
4014
4067
3988
4067
4159
4230
4095
4082
4224
4275
4298
4227
4240
4333
4382
4347
4320
4342
4456
4229
4433
4396
4364
4373
4445
4301
4298
4416
4344
4478
4315
4477
4475
4418
4482
4418
4534
4586
4407
4476
4416
4631
4362
4469
4592
4412
4412
4650
4447
4494
4348
4435
4631
4499
4366
4387
4670
4522
4600
4491
4499
4496
4500
4579
4516
4538
4535
4629
4589
4531
4481
4563
4540
4625
4591
4537
4616
4595
4415
4410
4546
4644
4513
4537
4587
4546
4688
4600
4566
4637
4652
4539
4673
4525
4498
4523
4649
4647
4546
4570
4519
4546
4587
4551
4596
4478
4613
4634
4510
4523
4648
4531
4650
4547
4538
4530
4525
4515
4606
4500
4646
4692
4392
4561
4650
4550
4502
4642
4741
4618
4653
4630
4770
4646
4658
4550
4595
4704
4532
4587
4650
4696
4752
4641
4475
4613
4730
4795
4602
4470
4529
4663
4681
4494
4656
4654
4598
4701
4592
4640
4578
4589
4551
4611
4563
4499
4558
4697
4675
4655
4748
4686
4594
4654
4573
4669
4553
4687
4581
4524
4671
4552
4718
4565
4705
4672
4569
4694
4619
4645
4641
4515
4764
4584
4521
4582
4636
4555
4644
4632
4629
4619
4695
4717
4727
4622
4676
4584
4623
4587
4623
4617
4573
4616
4605
4628
4614
4810
4604
4580
4647
4674
4682
4616
4670
4585
4698
4602
4493
4531
