5115
5098
5059
5165
5140
5107
5059
5032
5147
5029
5100
5136
5110
5118
5105
5071
5141
5093
5089
4948
5102
5048
5114
5110
5063
5097
5000
4894
4993
5107
5092
5101
5131
5218
5002
5034
5057
5060
5177
4981
4982
5109
5126
5051
5016
5068
5202
5199
5154
5042
4945
5138
5128
5027
5054
5143
5076
5171
5102
5152
5131
5169
5111
5152
5124
5172
5224
5138
5027
5131
5074
5102
5088
5059
5071
4974
4982
5151
5135
5136
5031
5167
4926
5104
5110
5185
4964
5186
5061
5127
5210
5083
5114
5033
5161
5048
5259
5118
4940
5154
5036
4956
5135
5146
5033
5092
5193
4986
4980
5077
5017
5035
5042
4978
5163
5092
5021
4962
4997
5140
5164
5018
5190
5121
5045
5056
4971
5070
5022
5106
4972
5036
4976
5127
5003
5045
4997
5041
5129
5203
4979
5108
4949
5120
5042
5080
5022
5027
5175
5003
5043
5008
4978
5034
5065
5001
5003
5166
5061
5048
5037
4992
5053
5138
5057
5030
5042
5258
5061
5052
4989
5040
4952
5003
4928
5091
4988
5093
4904
4881
4894
4973
4990
4928
4913
4863
4922
5116
4885
4921
5037
4998
4919
4918
4985
4985
4881
4983
4841
4824
4977
4863
4869
4796
4873
4672
4786
4903
4903
4843
4796
4896
4803
4761
4697
4805
4689
4681
4647
4622
4794
4612
4718
4610
4601
4591
4623
4531
4424
4402
4335
4340
4355
4257
4220
4160
4093
4081
4122
3991
4107
4026
4143
4190
4117
4108
4035
4109
4162
4149
4261
4124
4249
4191
4068
4148
4068
4081
4118
4108
4320
4210
4253
4228
4309
4504
4452
4510
4455
4484
4483
4532
4596
4558
4641
4664
4568
4861
4690
4782
4762
4660
4841
4846
4891
4848
4803
4890
4811
4871
4932
4888
4808
4931
4826
4837
4907
4913
4955
4947
4876
5006
4940
4977
4915
4897
5049
5003
5043
5002
5039
4932
4971
4956
5125
4964
4884
4920
5022
4870
5019
5046
5044
4883
4976
4993
4970
4995
5101
5007
4936
5076
4992
5022
4996
5078
5020
5045
4878
5094
5126
5080
5191
5064
4982
4966
5100
4953
5054
5114
5003
5042
5068
5071
5003
4998
5067
5153
5008
4979
5070
5237
5108
5144
4957
5164
5123
5045
5072
5121
5138
5032
5085
5020
4941
5055
4997
5094
5150
5006
4989
5133
4987
5190
4961
5100
5153
5145
5013
4985
5067
5149
5103
5137
5096
5004
5079
4974
5086
5074
5030
5095
4917
5022
5109
5115
5106
5099
5079
5148
5117
5043
5043
5127
5227
4983
5096
5169
5148
5115
4960
5037
5215
5074
5022
5131
5130
5093
5089
5093
5075
5239
5174
5152
5080
5108
4940
5031
5266
5086
5163
5084
5170
5078
5047
4992
5028
5132
5066
5215
5063
5121
5130
5018
5021
4981
4984
5145
5136
5123
5080
4976
5109
5077
5122
4992
5080
5184
5203
5117
5131
5227
5110
5161
4942
5174
5066
4999
5145
5253
5213
5090
5032
5027
5213
5127
5105
5113
5078
5072
5130
4922
5106
5076
5063
5176
5117
5127
5099
5164
4958
5082
5124
5126
5067
5165
5117
5077
5106
5133
5185
5062
5006
5073
5065
5135
5037
5130
5264
5117
5062
5116
5254
4948
5137
5143
5187
5050
5085
5063
5080
5109
5098
5020
5125
5139
5040
5095
5064
5173
4913
5064
5118
5091
4959
5154
5051
5247
5065
5045
5005
5041
5052
5158
5147
4981
5190
4983
5106
5119
5014
5109
5078
5024
5099
5096
5018
5150
5089
5056
5144
5190
5251
5073
5083
5073
5072
5059
5102
5083
5160
5034
5105
5136
5112
4960
5117
5062
5082
5118
5056
5086
5074
4964
4984
5163
5051
5030
5083
5098
5159
5082
5119
5105
5083
5088
5118
5225
5196
5067
5186
5139
5009
4992
5057
4964
5159
5037
4984
5007
5160
5162
5134
5119
5105
5017
5083
5020
4926
5137
5078
5016
5079
5006
5056
5005
5041
5088
5154
5166
5100
5031
5034
5104
4992
5098
5003
5013
5063
5036
5076
5064
5004
5125
5085
5088
5095
5121
5004
5085
5058
5113
5011
5060
5019
5133
5019
4982
4992
5093
4911
5003
5017
5089
4948
4952
4963
5014
5091
5086
4923
5075
5068
4986
5019
5148
4969
4906
5062
5132
5010
5006
4939
4953
4901
4996
4867
4933
5076
5043
5067
4898
4922
4895
4923
5014
4957
4996
4964
4957
5031
4883
5004
5047
4973
4918
4916
4844
4861
4922
4944
4921
4957
4862
4933
4924
4857
4976
4913
4833
4785
4842
4893
4836
4808
4825
4836
4848
4713
4851
4662
4737
4733
4652
4730
4701
4707
4641
4547
4688
4544
4467
4618
4607
4540
4406
4395
4342
4360
4271
4197
4278
4088
4064
4120
4011
4117
4114
4100
4107
4163
4078
4205
4074
4039
4102
4154
4012
4035
4050
4060
3965
4080
4114
4124
4220
4198
4149
4164
4397
4451
4319
4293
4417
4539
4534
4429
4513
4645
4557
4621
4734
4747
4730
4702
4809
4754
4744
4749
4803
4774
4743
4736
5018
4678
4889
4882
4734
4768
4964
4796
4841
4931
4871
4908
4949
4966
4888
4814
4828
4897
4853
5026
4942
4860
4962
4806
4925
4949
5077
4950
5028
4847
4973
4925
5015
4954
4930
4963
5035
4987
5004
4946
5088
5078
5031
4975
5159
5026
5001
5012
5000
4975
4948
5072
4973
4969
4997
4917
5011
5017
5082
5100
4999
5096
4918
4956
4981
5045
5101
4942
5095
4916
4943
5045
5029
5015
4990
5058
5032
5123
4999
5148
5134
5220
5048
5007
5014
5051
5043
5107
4983
5009
4977
5124
5074
4997
5230
5114
4989
5082
5003
5004
5016
5229
5046
5012
5161
5081
5036
5006
5061
5105
5126
4983
5038
5236
5188
4978
5052
5063
5100
5036
5014
5067
5016
5186
5238
4908
5087
5019
5115
5099
5125
5149
5112
5095
5163
5001
5203
5136
5086
5200
5085
5110
5060
5065
5013
5104
5074
5030
5122
5130
5020
5247
5149
5135
5031
5154
4929
5238
5152
5080
4936
5081
5137
5170
5068
5141
5036
5114
5050
5090
5086
5144
4997
5239
5008
5079
5171
5066
5074
5161
5088
4935
5059
5105
5058
5182
5194
4969
5164
5078
5128
4955
5189
5172
5065
5081
5059
5152
5179
5052
4963
5128
5116
5235
5029
5047
4941
5122
4967
5042
