3608
3659
3576
3542
3658
3657
3675
3567
3650
3669
3618
3658
3646
3515
3540
3637
3663
3498
3723
3694
3702
3649
3642
3641
3673
3521
3734
3571
3686
3647
3540
3663
3672
3650
3614
3599
3648
3582
3647
3661
3601
3504
3618
3611
3607
3605
3680
3640
3691
3692
3634
3559
3717
3682
3692
3632
3627
3637
3685
3525
3665
3645
3664
3693
3669
3660
3668
3703
3594
3582
3555
3532
3639
3554
3739
3614
3740
3631
3681
3630
3654
3576
3724
3534
3514
3713
3699
3677
3604
3608
3645
3735
3768
3601
3694
3554
3689
3668
3640
3605
3600
3698
3666
3692
3736
3592
3587
3576
3648
3641
3705
3568
3696
3650
3721
3608
3527
3631
3659
3635
3600
3663
3663
3567
3568
3643
3589
3559
3561
3661
3608
3534
3640
3684
3575
3600
3641
3595
3593
3579
3694
3496
3678
3528
3545
3551
3658
3606
3591
3667
3545
3527
3652
3519
3549
3625
3566
3658
3595
3531
3676
3640
3578
3595
3606
3567
3646
3642
3640
3482
3581
3520
3559
3571
3532
3662
3420
3578
3568
3636
3603
3545
3612
3457
3502
3482
3566
3574
3528
3520
3623
3571
3632
3524
3496
3637
3509
3569
3510
3465
3473
3481
3434
3515
3429
3591
3447
3545
3439
3401
3350
3356
3457
3451
3450
3443
3415
3418
3427
3366
3251
3349
3253
3375
3210
3271
3285
3293
3212
3150
3156
3250
3130
3050
3097
2963
3011
2913
2957
2918
2936
2972
2935
2868
2981
2971
2984
2910
2991
2902
2934
3089
2925
2947
2869
2927
2955
3026
2996
2975
2971
3033
3053
3062
3101
3120
3169
3201
3267
3316
3302
3307
3248
3354
3294
3283
3331
3279
3290
3440
3435
3361
3389
3471
3399
3500
3444
3409
3355
3474
3546
3443
3530
3576
3557
3562
3558
3475
3429
3443
3534
3508
3510
3486
3625
3597
3508
3581
3458
3519
3552
3667
3554
3626
3614
3621
3614
3634
3672
3551
3542
3517
3555
3553
3561
3587
3569
3554
3550
3674
3647
3566
3661
3473
3638
3617
3545
3598
3493
3670
3677
3622
3576
3661
3560
3486
3659
3619
3601
3643
3625
3596
3646
3683
3514
3764
3588
3612
3757
3588
3605
3563
3626
3679
3587
3642
3593
3623
3653
3696
3526
3634
3634
3663
3660
3675
3593
3649
3555
3624
3541
3685
3714
3488
3689
3666
3661
3682
3569
3612
3607
3592
3660
3618
3640
3627
3664
3506
3560
3672
3649
3585
3603
3522
3764
3736
3601
3666
3628
3714
3631
3626
3612
3608
3573
3641
3573
3684
3606
3634
3599
3679
3583
3525
3654
3694
3705
3646
3606
3566
3656
3669
3556
3701
3617
3564
3645
3668
3697
3588
3589
3614
3747
3682
3634
3638
3711
3729
3679
3575
3653
3564
3660
3672
3683
3676
3605
3697
3529
3549
3755
3673
3596
3628
3632
3698
3662
3578
3581
3586
3602
3688
3681
3663
3597
3760
3607
3653
3575
3640
3587
3645
3645
3743
3694
3636
3655
3609
3571
3649
3582
3540
3601
3678
3616
3800
3602
3573
3605
3639
3655
3621
3751
3650
3651
3563
3569
3685
3610
3613
3781
3639
3693
3608
3650
3661
3682
3617
3658
3559
3659
3669
3645
3584
3537
3577
3715
3677
3711
3582
3658
3647
3736
3704
3555
3691
3616
3637
3656
3629
3664
3670
3666
3694
3589
3669
3566
3567
3644
3719
3698
3572
3569
3579
3623
3589
3702
3624
3555
3588
3560
3705
3551
3629
3690
3624
3574
3634
3668
3570
3546
3661
3673
3698
3671
3682
3587
3722
3681
3666
3667
3599
3725
3710
3575
3618
3738
3666
3522
3496
3555
3590
3570
3666
3677
3658
3666
3631
3698
3605
3647
3621
3635
3656
3690
3513
3616
3646
3604
3680
3637
3728
3584
3684
3657
3620
3609
3669
3675
3568
3522
3611
3659
3674
3582
3636
3722
3679
3583
3523
3530
3670
3573
3644
3585
3550
3583
3601
3630
3513
3660
3632
3596
3577
3538
3526
3630
3684
3548
3583
3549
3549
3505
3541
3576
3604
3564
3565
3596
3625
3599
3540
3658
3616
3620
3576
3575
3596
3664
3547
3625
3541
3591
3637
3605
3639
3648
3623
3511
3626
3613
3485
3528
3610
3556
3675
3556
3594
3612
3610
3558
3527
3477
3569
3606
3466
3478
3561
3623
3595
3625
3565
3519
3488
3647
3452
3559
3537
3539
3684
3520
3552
3562
3504
3544
3497
3556
3501
3476
3475
3506
3512
3381
3503
3425
3489
3518
3413
3437
3424
3439
3440
3563
3458
3434
3458
3366
3489
3440
3411
3473
3299
3403
3433
3410
3337
3317
3373
3297
3342
3266
3217
3282
3315
3217
3187
3172
3128
3140
3113
3154
2989
3069
2940
2998
2883
2914
2935
2874
2868
2987
2942
2995
2927
2915
2985
2932
2920
3009
2894
2775
2911
2896
2947
2914
2990
2929
3013
3023
3080
2983
3067
3196
3190
3240
3274
3263
3280
3266
3252
3287
3237
3329
3412
3361
3273
3385
3374
3498
3442
3451
3318
3448
3396
3449
3380
3386
3445
3483
3450
3461
3443
3471
3435
3560
3543
3556
3512
3569
3532
3420
3444
3526
3526
3524
3489
3523
3525
3457
3488
3510
3571
3380
3435
3618
3603
3562
3540
3522
3526
3520
3552
3621
3601
3661
3595
3643
3721
3580
3641
3579
3695
3527
3572
3619
3634
3628
3644
3483
3519
3582
3593
3614
3571
3618
3701
3592
3604
3652
3516
3618
3569
3641
3696
3580
3622
3546
3654
3578
3568
3601
3592
3465
3633
3641
3585
3628
3535
3543
3570
3694
3599
3501
3526
3611
3594
3547
3691
3609
3650
3690
3593
3587
3671
3560
3651
3589
3552
3656
3572
3591
3726
3726
3595
3654
3663
3574
3587
3606
3580
3532
3606
3574
3628
3541
3652
3510
3552
3667
3629
3645
3557
3615
3641
3533
3595
3660
3662
3610
3548
3597
3601
3729
3630
3607
3540
3614
3594
3583
3693
3678
3705
3643
3615
3628
3697
3619
3659
3733
3571
3601
3559
3638
3685
3654
3660
3627
3703
3514
3662
3788
3652
3565
3625
3694
3688
3690
3602
3698
3676
3619
3617
3661
3625
3667
3646
3653
3521
3680
3564
3634
3676
3604
3690
3707
3659
3653
3674
3634
3577
3661
3588
3657
3725
3625
3785
3588
3672
3561
3553
3625
3575
3670
