3288
3250
3266
3278
3359
3255
3289
3397
3405
3436
3234
3320
3332
3297
3208
3317
3334
3187
3273
3381
3267
3373
3283
3354
3349
3231
3393
3279
3209
3354
3228
3429
3297
3375
3373
3333
3311
3398
3356
3461
3335
3353
3281
3366
3356
3359
3305
3254
3295
3375
3274
3345
3423
3353
3335
3343
3347
3347
3233
3275
3402
3322
3410
3323
3311
3325
3384
3252
3328
3389
3374
3364
3238
3376
3316
3265
3376
3303
3358
3364
3286
3259
3302
3310
3239
3273
3321
3284
3352
3274
3326
3256
3408
3293
3373
3315
3289
3267
3282
3311
3248
3324
3209
3243
3271
3345
3270
3258
3348
3269
3298
3329
3330
3308
3258
3244
3307
3281
3336
3323
3294
3250
3400
3407
3208
3313
3309
3220
3249
3358
3335
3336
3307
3247
3306
3368
3209
3364
3362
3328
3351
3228
3266
3261
3373
3290
3181
3223
3274
3356
3269
3414
3187
3335
3307
3425
3421
3229
3318
3374
3269
3256
3242
3198
3326
3330
3363
3257
3257
3362
3198
3220
3160
3271
3284
3282
3191
3344
3288
3257
3284
3286
3275
3238
3187
3298
3305
3267
3208
3229
3203
3315
3265
3229
3238
3168
3247
3195
3133
3210
3204
3227
3213
3202
3184
3221
3169
3272
3161
3146
3183
3173
3114
3125
3169
3065
3192
3039
3113
3148
3007
3042
3040
3074
3043
3012
3091
2974
3007
2889
2981
2886
2912
2698
2788
2749
2696
2597
2650
2702
2681
2763
2686
2614
2815
2649
2777
2700
2759
2722
2764
2698
2736
2668
2677
2745
2625
2620
2740
2723
2737
2851
2854
2746
2814
2879
2871
2970
2850
2974
3078
2992
3075
3039
3068
2999
3038
3053
3133
3155
3083
3142
3034
3084
3089
3169
3160
3149
3194
3062
3192
3246
3166
3158
3117
3284
3147
3130
3238
3192
3231
3184
3219
3130
3242
3238
3221
3292
3275
3268
3236
3247
3294
3254
3316
3254
3226
3299
3330
3316
3286
3268
3259
3292
3309
3230
3242
3252
3330
3149
3224
3182
3291
3249
3240
3199
3285
3342
3271
3248
3245
3302
3336
3313
3268
3261
3349
3372
3303
3444
3370
3425
3367
3379
3323
3274
3291
3272
3314
3353
3227
3178
3283
3259
3286
3238
3342
3178
3330
3264
3166
3269
3370
3245
3290
3300
3355
3232
3385
3233
3414
3338
3246
3222
3239
3255
3251
3300
3275
3410
3244
3305
3258
3274
3283
3242
3384
3247
3275
3205
3236
3368
3373
3171
3402
3356
3322
3352
3339
3272
3323
3344
3381
3310
3339
3251
3400
3349
3328
3335
3230
3252
3305
3260
3275
3270
3287
3241
3350
3362
3284
3367
3366
3394
3291
3346
3313
3329
3233
3288
3262
3338
3237
3208
3355
3441
3297
3359
3300
3299
3250
3353
3342
3284
3344
3335
3289
3277
3256
3338
3287
3345
3334
3239
3433
3404
3346
3341
3285
3320
3404
3246
3375
3340
3373
3360
3287
3296
3355
3308
3311
3411
3362
3302
3301
3281
3351
3318
3316
3356
3225
3373
3369
3348
3351
3336
3256
3257
3341
3331
3342
3304
3253
3339
3394
3318
3347
3328
3366
3329
3275
3378
3269
3254
3343
3279
3309
3307
3445
3348
3292
3328
3282
3324
3290
3301
3250
3299
3223
3477
3353
3343
3332
3283
3306
3355
3334
3310
3315
3392
3364
3296
3303
3371
3359
3421
3287
3345
3323
3386
3252
3355
3269
3336
3297
3407
3274
3358
3379
3344
3445
3327
3269
3313
3343
3335
3294
3361
3335
3321
3243
3313
3276
3385
3250
3396
3278
3288
3244
3223
3329
3372
3200
3277
3342
3408
3369
3391
3298
3273
3288
3389
3291
3290
3203
3343
3249
3231
3295
3314
3340
3328
3292
3336
3368
3287
3313
3379
3370
3296
3418
3235
3266
3309
3353
3352
3267
3293
3434
3296
3276
3385
3360
3344
3217
3212
3241
3357
3330
3355
3391
3327
3243
3198
3466
3303
3297
3310
3330
3237
3301
3346
3197
3213
3343
3279
3378
3319
3268
3326
3362
3304
3336
3265
3207
3313
3353
3268
3417
3319
3392
3304
3280
3314
3362
3265
3319
3211
3301
3245
3365
3351
3310
3284
3354
3289
3288
3308
3304
3333
3334
3277
3264
3230
3326
3444
3322
3252
3312
3181
3298
3271
3302
3249
3342
3270
3323
3291
3220
3274
3166
3242
3124
3175
3197
3215
3164
3256
3281
3275
3227
3219
3320
3224
3205
3158
3176
3214
3147
3250
3271
3154
3269
3200
3224
3065
3192
3214
3227
3148
3010
3179
3097
3157
3206
3156
3187
3165
3086
3050
3083
3094
3066
3119
3123
3096
3076
3055
3033
3004
2994
2984
2899
3002
2962
2833
2830
2836
2832
2781
2782
2743
2858
2744
2739
2716
2663
2679
2716
2675
2710
2665
2691
2678
2621
2765
2726
2752
2607
2627
2615
2617
2633
2751
2784
2780
2828
2737
2667
2815
2758
2945
2867
2914
2822
2974
3074
3031
3029
3003
3073
3118
2981
3075
3131
3078
3024
3080
3050
3161
3169
3115
3142
3106
3149
3248
3124
3172
3124
3159
3212
3248
3265
3200
3191
3143
3221
3171
3255
3255
3255
3228
3193
3206
3275
3137
3313
3281
3213
3372
3208
3332
3395
3329
3242
3274
3211
3215
3238
3309
3277
3274
3232
3316
3167
3336
3313
3267
3193
3170
3232
3291
3310
3206
3280
3277
3158
3339
3313
3248
3330
3334
3286
3315
3210
3302
3261
3355
3327
3253
3211
3361
3287
3242
3260
3270
3186
3251
3274
3261
3199
3325
3394
3325
3319
3362
3319
3321
3262
3411
3313
3247
3272
3341
3274
3274
3305
3273
3313
3291
3282
3289
3208
3323
3167
3313
3213
3339
3360
3293
3344
3359
3298
3267
3360
3253
3273
3336
3373
3390
3365
3326
3260
3215
3222
3346
3242
3355
3370
3296
3307
3222
3300
3428
3292
3335
3313
3347
3255
3290
3247
3264
3385
3358
3327
3376
3310
3293
3330
3263
3291
3332
3360
3379
3167
3299
3428
3367
3264
3330
3252
3417
3319
3251
3349
3325
3229
3335
3249
3326
3351
3309
3306
3368
3447
3350
3372
3317
3266
3383
3353
3347
3257
3364
3426
3328
3238
3388
3241
3362
3403
3269
3378
3271
3376
3333
3383
3303
3380
3354
3297
3291
3285
3308
3296
3378
3285
3412
3333
3317
3344
3204
3260
