3666
3710
3568
3740
3646
3734
3639
3666
3716
3657
3729
3650
3627
3739
3687
3716
3666
3651
3613
3577
3641
3616
3566
3666
3721
3639
3755
3692
3644
3565
3683
3746
3685
3687
3705
3704
3677
3602
3686
3585
3555
3637
3574
3590
3642
3582
3725
3730
3634
3651
3562
3763
3620
3670
3712
3590
3619
3594
3631
3580
3678
3660
3703
3607
3614
3619
3686
3688
3701
3690
3621
3602
3682
3665
3599
3681
3585
3681
3584
3623
3577
3586
3606
3720
3613
3565
3592
3687
3715
3658
3668
3671
3623
3602
3631
3627
3684
3608
3674
3626
3629
3813
3558
3621
3493
3649
3570
3569
3578
3811
3695
3554
3665
3605
3646
3756
3568
3531
3609
3619
3649
3607
3646
3645
3542
3637
3590
3646
3643
3597
3695
3616
3713
3706
3544
3597
3561
3691
3587
3633
3575
3588
3727
3581
3701
3589
3653
3555
3544
3656
3695
3529
3674
3643
3636
3575
3655
3646
3643
3664
3479
3628
3596
3615
3540
3613
3679
3519
3674
3504
3656
3584
3668
3633
3561
3671
3575
3517
3622
3593
3592
3545
3429
3596
3516
3556
3593
3589
3493
3642
3594
3582
3602
3525
3580
3536
3525
3607
3547
3509
3508
3591
3548
3603
3464
3480
3502
3459
3426
3492
3436
3458
3508
3407
3495
3424
3367
3386
3440
3310
3425
3358
3291
3436
3227
3381
3272
3160
3191
3198
3166
3161
3167
3099
3054
3113
2864
3048
2947
2984
2987
2853
2874
2911
2995
2961
2937
2971
3036
2938
3041
2909
2956
2935
2980
2848
2875
2884
3010
3044
3056
2967
3029
3098
3122
3190
3132
3321
3288
3263
3294
3287
3175
3279
3414
3384
3378
3318
3494
3410
3413
3369
3518
3455
3417
3514
3381
3524
3498
3504
3492
3445
3621
3490
3491
3527
3528
3490
3494
3423
3513
3584
3480
3622
3527
3422
3502
3435
3442
3554
3609
3533
3474
3630
3572
3625
3593
3661
3589
3570
3587
3603
3575
3578
3587
3602
3625
3561
3489
3623
3611
3586
3564
3591
3648
3667
3601
3599
3715
3580
3648
3725
3599
3689
3563
3643
3632
3637
3641
3715
3623
3530
3596
3662
3568
3544
3699
3676
3610
3576
3622
3687
3565
3483
3701
3721
3660
3600
3660
3569
3641
3651
3597
3652
3605
3619
3640
3616
3702
3681
3650
3653
3715
3605
3590
3597
3634
3557
3702
3579
3615
3681
3643
3517
3778
3637
3609
3634
3624
3701
3754
3629
3628
3598
3686
3563
3685
3574
3644
3639
3558
3576
3690
3644
3656
3653
3691
3656
3594
3582
3627
3621
3644
3610
3597
3705
3574
3649
3706
3754
3699
3670
3697
3622
3641
3795
3673
3655
3790
3568
3651
3712
3594
3639
3593
3630
3604
3676
3751
3667
3587
3504
3605
3571
3640
3709
3641
3693
3616
3689
3627
3678
3636
3686
3612
3629
3645
3560
3548
3687
3726
3603
3525
3733
3750
3614
3738
3611
3689
3678
3639
3565
3573
3717
3677
3669
3737
3803
3675
3568
3562
3561
3656
3696
3637
3680
3627
3678
3732
3649
3694
3682
3699
3689
3733
3628
3657
3643
3792
3592
3588
3590
3658
3650
3629
3623
3621
3705
3646
3629
3701
3666
3632
3663
3676
3689
3591
3710
3706
3710
3555
3574
3630
3566
3655
3672
3632
3631
3719
3749
3676
3690
3517
3665
3672
3622
3636
3690
3729
3647
3737
3651
3712
3573
3628
3524
3713
3482
3635
3629
3630
3659
3629
3535
3626
3673
3550
3654
3635
3664
3704
3597
3711
3654
3716
3683
3767
3668
3666
3662
3603
3627
3596
3670
3693
3706
3644
3685
3734
3566
3773
3671
3679
3527
3631
3714
3642
3651
3722
3636
3694
3711
3567
3683
3764
3601
3628
3676
3642
3581
3699
3520
3634
3718
3715
3775
3612
3698
3560
3712
3656
3613
3665
3764
3520
3592
3648
3751
3583
3518
3713
3572
3699
3703
3558
3681
3609
3611
3592
3613
3655
3746
3650
3626
3622
3650
3559
3647
3570
3607
3659
3543
3631
3629
3638
3651
3748
3729
3644
3672
3622
3473
3616
3644
3629
3727
3419
3605
3632
3518
3571
3686
3554
3596
3694
3474
3619
3690
3581
3582
3566
3579
3604
3485
3614
3604
3598
3651
3658
3454
3617
3641
3591
3636
3556
3559
3573
3669
3530
3639
3494
3524
3676
3558
3555
3606
3550
3524
3561
3537
3518
3603
3506
3547
3651
3486
3562
3559
3454
3548
3512
3489
3525
3510
3486
3564
3544
3449
3491
3530
3458
3517
3436
3578
3525
3486
3460
3430
3486
3461
3416
3287
3391
3457
3417
3332
3469
3442
3458
3357
3345
3218
3327
3180
3226
3179
3188
3103
3135
3169
3083
3060
3038
3015
2991
2946
2911
2781
2984
2958
2884
2910
2979
2931
2907
2910
2991
2859
2883
2936
2948
2905
2835
2926
2906
3072
2924
2957
3112
3038
3099
3195
3257
3317
3237
3270
3297
3339
3260
3233
3357
3363
3355
3452
3396
3332
3455
3498
3462
3460
3430
3458
3441
3422
3517
3465
3439
3533
3529
3508
3582
3486
3486
3536
3525
3593
3545
3507
3518
3533
3477
3471
3506
3471
3466
3542
3462
3565
3518
3591
3567
3553
3626
3661
3629
3576
3443
3597
3602
3423
3561
3589
3613
3497
3574
3556
3526
3537
3599
3484
3596
3508
3578
3702
3620
3575
3584
3590
3587
3604
3618
3593
3617
3623
3539
3549
3579
3677
3677
3587
3633
3622
3608
3718
3557
3638
3596
3443
3593
3570
3616
3674
3568
3587
3533
3700
3651
3528
3568
3538
3556
3657
3552
3625
3734
3440
3593
3572
3583
3591
3612
3615
3601
3636
3636
3623
3725
3745
3635
3637
3589
3663
3684
3630
3720
3641
3643
3600
3648
3639
3586
3670
3599
3677
3734
3573
3712
3642
3683
3610
3625
3618
3581
3658
3695
3636
3611
3671
3765
3690
3617
3653
3544
3624
3653
3660
3632
3567
3632
3669
3555
3658
3655
3710
3580
3691
3639
3701
3664
3718
3688
3597
3675
3636
3643
3667
3702
3584
3622
3720
3703
3636
3679
3652
3635
3510
3616
3609
3532
3602
3754
3688
3694
3543
3659
3708
3598
3662
3674
3553
3748
3645
3672
3656
3656
3639
3709
3716
3559
3617
3625
3684
3575
3634
3591
3632
3673
3706
3706
3640
3652
3791
3722
