6366
6381
6410
6309
6366
6313
6318
6419
6404
6422
6330
6398
6357
6385
6383
6284
6459
6301
6425
6350
6238
6341
6429
6279
6353
6265
6394
6278
6364
6471
6297
6360
6191
6402
6326
6444
6275
6478
6540
6329
6514
6575
6379
6559
6578
6488
6347
6303
6417
6424
6358
6362
6378
6305
6298
6415
6311
6394
6285
6258
6397
6387
6314
6362
6413
6398
6211
6391
6319
6454
6370
6540
6387
6420
6256
6173
6483
6363
6413
6328
6292
6393
6341
6516
6355
6533
6390
6309
6399
6437
6312
6217
6344
6300
6425
6315
6400
6323
6290
6321
6310
6388
6399
6396
6291
6472
6333
6367
6222
6337
6320
6365
6503
6238
6304
6377
6276
6342
6365
6296
6476
6318
6374
6292
6425
6398
6260
6314
6402
6410
6263
6219
6421
6451
6297
6423
6487
6378
6267
6316
6298
6356
6261
6202
6239
6336
6291
6179
6294
6294
6246
6309
6334
6300
6331
6209
6324
6449
6375
6280
6200
6163
6439
6185
6215
6226
6307
6331
6243
6316
6303
6205
6043
6170
6204
6263
6264
6102
6044
6300
6264
6195
6439
6197
6193
6217
6252
6147
6178
6347
6156
6228
6242
6199
6249
6342
6085
6256
6178
6087
6145
5991
6181
6122
6078
6115
5962
6093
6026
6021
6095
5994
5902
6068
5993
6010
5847
6079
5918
5975
5960
5917
5875
5727
5781
5822
5760
5716
5578
5593
5582
5536
5405
5282
5398
5198
5248
5201
5188
5027
5068
5030
5147
5014
5183
5328
5244
5212
5280
5191
5087
5121
5046
5051
5212
5108
5068
4980
5170
5257
5271
5304
5584
5302
5296
5451
5712
5699
5538
5587
5753
5706
5930
5830
5844
5806
5852
6023
5910
5971
5972
5970
6006
6107
6041
6119
6033
6028
6016
6161
6141
6055
6187
6019
6083
6217
6195
6289
6218
6131
6181
6059
6250
6125
6144
6319
6237
6277
6266
6349
6083
6232
6235
6295
6228
6399
6349
6173
6244
6234
6201
6213
6329
6339
6253
6323
6344
6275
6450
6366
6345
6138
6370
6384
6239
6361
6345
6260
6387
6334
6446
6388
6247
6435
6288
6297
6296
6299
6317
6249
6378
6421
6423
6423
6319
6381
6326
6300
6235
6270
6221
6256
6311
6331
6270
6471
6491
6316
6328
6415
6500
6334
6432
6361
6351
6432
6380
6188
6417
6396
6258
6433
6494
6434
6507
6453
6365
6471
6294
6403
6135
6311
6219
6265
6350
6214
6390
6219
6348
6300
6324
6307
6388
6366
6271
6331
6363
6345
6338
6397
6342
6424
6351
6316
6442
6357
6444
6407
6517
6468
6214
6271
6378
6338
6297
6371
6292
6367
6414
6256
6382
6420
6286
6429
6423
6280
6245
6462
6521
6372
6204
6451
6376
6377
6359
6433
6483
6293
6395
6292
6341
6394
6445
6262
6397
6345
6225
6342
6465
6288
6169
6353
6488
6458
6259
6446
6371
6362
6251
6333
6362
6594
6375
6266
6269
6259
6389
6314
6395
6340
6332
6412
6431
6432
6311
6273
6283
6386
6349
6237
6378
6398
6471
6456
6291
6255
6308
6219
6383
6351
6269
6392
6427
6425
6398
6335
6434
6242
6299
6517
6354
6302
6355
6372
6429
6311
6326
6403
6399
6485
6453
6490
6367
6445
6355
6288
6328
6215
6384
6344
6412
6286
6376
6409
6479
6220
6411
6355
6355
6383
6336
6461
6426
6391
6266
6396
6353
6333
6436
6263
6250
6253
6443
6379
6374
6250
6350
6404
6485
6388
6324
6369
6318
6389
6411
6326
6389
6354
6395
6309
6264
6389
6458
6392
6362
6313
6421
6411
6377
6287
6209
6384
6444
6388
6514
6184
6330
6456
6388
6397
6405
6275
6313
6443
6432
6391
6258
6327
6424
6400
6369
6304
6200
6359
6257
6321
6308
6315
6331
6400
6465
6329
6333
6394
6349
6234
6217
6399
6236
6355
6286
6461
6105
6364
6127
6303
6426
6298
6317
6261
6347
6429
6215
6330
6319
6280
6379
6318
6357
6317
6344
6273
6311
6479
6297
6203
6250
6205
6315
6433
6378
6393
6281
6341
6384
6301
6096
6418
6468
6350
6365
6298
6369
6292
6314
6361
6370
6288
6260
6297
6424
6299
6442
6342
6303
6295
6243
6267
6378
6183
6173
6250
6176
6432
6280
6174
6384
6384
6239
6340
6216
6143
6313
6257
6428
6102
6299
6200
6186
6220
6282
6056
6108
6312
6166
6436
6228
6282
6266
6149
6219
6288
6252
6299
5991
6208
6281
6352
6139
6146
6141
6210
6112
6181
6118
6199
6120
6190
6193
6055
6041
6354
6121
6157
6039
5911
6050
5943
6083
6036
6034
6030
6034
6028
5885
5875
5893
5932
5836
5952
5757
5793
5668
5622
5780
5572
5440
5481
5352
5386
5245
5308
5274
5241
5193
5068
5131
5122
5095
4985
5127
5144
5089
5190
5138
5193
5172
5219
5133
5118
5118
4983
4986
5053
5151
5150
5212
5319
5234
5430
5407
5615
5488
5508
5520
5656
5660
5625
5825
5849
5735
5861
5802
5916
6016
5925
6031
5891
6149
5977
5946
6004
6045
6083
6173
5993
6094
6100
6154
6036
6016
6237
6114
6204
6183
6110
6152
6172
6072
6213
6093
6197
6199
6030
6243
6363
6350
6248
6344
6165
6285
6154
6276
6133
6234
6246
6127
6362
6352
6282
6189
6178
6193
6217
6305
6155
6092
6211
6319
6428
6224
6227
6274
6202
6223
6331
6159
6336
6289
6149
6264
6165
6191
6328
6352
6365
6234
6245
6463
6318
6523
6220
6229
6330
6344
6371
6426
6396
6295
6263
6292
6353
6507
6262
6286
6363
6352
6278
6342
6350
6324
6248
6368
6366
6221
6331
6321
6267
6244
6544
6378
6384
6375
6254
6253
6248
6331
6200
6400
6242
6313
6343
6352
6453
6271
6397
6406
6294
6330
6314
6342
6491
6210
6587
6380
6366
6418
6240
6381
6268
6317
6341
6288
6352
6381
6377
6443
6305
6425
6296
6362
6380
6389
6293
6289
6537
6356
6322
6276
6365
6338
6404
6401
6426
6337
6407
6235
6300
6398
6538
6339
6409
6414
6554
6309
6316
6365
6305
6422
6357
6421
6381
6403
6391
6437
6424
6426
6241
6345
6284
6303
6333
6395
6418
6354
6442
6233
6224
6338
6404
6315
6324
6386
6329
6313
6484
6310
6327
6331
6416
6187
6295
6324
6340
6360
6325
6394
6474
6291
6309
6229
6207
6339
