5475
5477
5507
5445
5472
5434
5413
5440
5462
5364
5475
5397
5651
5409
5488
5407
5372
5422
5469
5462
5430
5270
5489
5428
5374
5453
5495
5472
5498
5467
5499
5423
5540
5455
5411
5422
5472
5461
5425
5466
5393
5554
5447
5425
5421
5372
5446
5413
5564
5545
5523
5381
5404
5395
5508
5524
5526
5510
5400
5339
5505
5396
5346
5395
5519
5553
5418
5542
5461
5354
5546
5425
5510
5428
5500
5408
5501
5321
5508
5444
5352
5465
5433
5373
5484
5360
5450
5395
5515
5301
5487
5441
5438
5468
5442
5284
5312
5238
5509
5459
5343
5454
5342
5420
5479
5514
5601
5492
5670
5437
5462
5408
5364
5276
5380
5388
5511
5371
5423
5511
5389
5325
5415
5509
5431
5372
5417
5313
5370
5388
5455
5372
5482
5373
5392
5347
5346
5567
5398
5380
5352
5361
5397
5493
5522
5481
5520
5381
5569
5391
5360
5425
5346
5432
5403
5455
5415
5461
5317
5461
5417
5491
5378
5386
5386
5359
5368
5355
5433
5487
5384
5252
5525
5449
5302
5403
5328
5312
5360
5436
5345
5463
5200
5477
5337
5294
5361
5393
5317
5291
5344
5373
5319
5251
5326
5229
5271
5123
5117
5387
5380
5255
5298
5331
5214
5185
5189
5168
5215
5211
5205
5239
5129
5276
5204
5145
5060
5110
5070
5100
5055
5118
4952
4957
5085
4861
4932
4841
4797
4699
4670
4694
4758
4629
4673
4413
4424
4455
4275
4294
4271
4431
4349
4304
4264
4401
4362
4436
4448
4584
4386
4360
4499
4368
4250
4329
4332
4369
4421
4457
4546
4533
4637
4699
4600
4722
4677
4846
4962
4950
4940
4943
4996
5029
4993
4918
5004
5028
4958
5061
5180
5087
5274
5210
5167
5177
5283
5146
5257
5178
5252
5277
5233
5198
5300
5252
5197
5203
5276
5233
5372
5495
5303
5431
5350
5323
5311
5201
5284
5409
5305
5401
5370
5354
5342
5359
5292
5309
5277
5455
5418
5397
5373
5387
5319
5335
5296
5353
5472
5443
5369
5305
5256
5346
5315
5321
5340
5298
5490
5386
5402
5339
5513
5437
5360
5385
5373
5361
5510
5358
5406
5424
5348
5399
5385
5321
5392
5290
5370
5377
5457
5540
5307
5488
5558
5412
5463
5361
5485
5481
5480
5422
5520
5364
5459
5504
5467
5674
5427
5528
5406
5427
5414
5477
5602
5378
5476
5368
5392
5383
5564
5421
5435
5540
5506
5503
5467
5375
5365
5409
5513
5530
5402
5462
5488
5435
5292
5459
5508
5406
5433
5508
5525
5477
5438
5493
5258
5549
5428
5355
5476
5365
5123
5353
5421
5198
5509
5392
5485
5296
5467
5387
5507
5280
5497
5476
5455
5319
5507
5339
5440
5460
5433
5342
5481
5483
5345
5470
5388
5494
5404
5507
5471
5417
5466
5545
5400
5533
5440
5339
5457
5347
5455
5448
5501
5513
5505
5484
5525
5352
5482
5402
5483
5466
5441
5372
5410
5466
5380
5442
5413
5434
5595
5468
5444
5421
5349
5459
5394
5448
5476
5497
5591
5452
5439
5426
5409
5573
5275
5507
5441
5399
5423
5526
5441
5435
5464
5361
5267
5339
5491
5454
5436
5580
5407
5401
5360
5460
5492
5465
5543
5390
5520
5574
5464
5402
5423
5449
5419
5474
5437
5383
5428
5351
5427
5466
5520
5414
5343
5349
5402
5418
5431
5468
5406
5532
5375
5390
5470
5503
5432
5489
5427
5519
5588
5514
5527
5348
5252
5533
5498
5521
5453
5445
5588
5463
5481
5520
5492
5434
5415
5446
5408
5444
5458
5467
5399
5441
5387
5443
5505
5323
5574
5440
5419
5434
5531
5387
5394
5377
5426
5378
5397
5537
5340
5485
5430
5383
5356
5433
5331
5277
5507
5445
5550
5436
5276
5450
5454
5405
5512
5500
5387
5574
5462
5464
5407
5404
5446
5456
5456
5415
5394
5456
5500
5265
5433
5295
5435
5436
5405
5488
5462
5460
5244
5461
5261
5471
5409
5352
5377
5377
5357
5534
5398
5364
5335
5353
5324
5452
5449
5313
5385
5473
5542
5400
5342
5388
5436
5500
5420
5392
5584
5430
5360
5353
5498
5395
5448
5387
5360
5286
5276
5428
5243
5367
5421
5341
5415
5563
5493
5335
5315
5536
5347
5309
5466
5416
5411
5356
5433
5474
5371
5244
5252
5350
5348
5271
5406
5365
5419
5255
5297
5305
5499
5404
5267
5317
5320
5370
5336
5304
5329
5235
5284
5223
5176
5298
5241
5153
5325
5173
5289
5441
5205
5331
5155
5218
5333
5202
5273
5367
5194
5156
5198
5093
5246
5088
5172
5180
5147
5208
5128
5190
5052
5099
5030
5037
4941
4984
4934
4817
4801
4785
4810
4795
4592
4669
4599
4589
4481
4549
4453
4458
4477
4341
4289
4457
4296
4413
4425
4461
4556
4474
4566
4453
4284
4338
4365
4321
4185
4264
4241
4525
4406
4485
4459
4532
4541
4650
4690
4802
4722
4830
4819
4890
4831
4800
5010
4837
4993
5088
5042
5040
5074
5071
5073
5095
5325
5262
5148
5101
5201
5164
5197
5131
5147
5194
5168
5306
5228
5198
5267
5287
5381
5326
5436
5258
5249
5157
5421
5264
5422
5381
5263
5389
5295
5303
5259
5313
5378
5321
5329
5382
5419
5301
5349
5293
5447
5355
5502
5311
5331
5247
5335
5255
5334
5376
5342
5449
5366
5342
5344
5415
5468
5408
5453
5305
5214
5462
5437
5326
5431
5461
5429
5427
5475
5432
5247
5382
5450
5297
5306
5463
5375
5359
5474
5348
5517
5461
5398
5262
5483
5384
5522
5310
5347
5319
5440
5354
5309
5395
5466
5548
5366
5349
5377
5414
5473
5381
5479
5365
5497
5447
5428
5383
5534
5473
5387
5516
5412
5424
5478
5408
5274
5463
5399
5318
5344
5349
5372
5466
5425
5491
5394
5351
5232
5443
5390
5500
5443
5507
5346
5426
5381
5396
5396
5326
5318
5259
5496
5418
5415
5476
5443
5401
5487
5502
5544
5378
5404
5486
5457
5370
5369
5437
5426
5504
5341
5353
5394
5468
5442
5528
5424
5478
5432
5339
5385
5423
5282
5535
5585
5523
5457
5405
5516
5463
5478
5496
5482
5507
5521
5441
5329
5462
5630
5522
5454
5472
5444
5309
5459
5467
5367
5318
5377
5418
5457
5476
5446
5532
5650
5428
5364
5556
5197
5537
5520
5452
5478
5443
5374
