4546
4519
4541
4510
4616
4550
4527
4601
4614
4584
4434
4538
4520
4464
4528
4551
4475
4427
4609
4459
4537
4556
4386
4537
4522
4594
4570
4560
4548
4550
4443
4341
4589
4486
4455
4543
4473
4555
4563
4603
4529
4470
4447
4506
4529
4467
4525
4457
4577
4563
4512
4505
4502
4689
4514
4489
4569
4573
4551
4531
4566
4544
4545
4455
4489
4505
4518
4457
4553
4611
4441
4515
4553
4576
4517
4496
4515
4647
4470
4611
4476
4510
4496
4603
4482
4482
4595
4398
4469
4400
4587
4541
4510
4590
4573
4599
4642
4442
4464
4418
4472
4554
4615
4502
4463
4575
4549
4457
4606
4576
4463
4584
4581
4466
4560
4415
4472
4402
4530
4544
4606
4514
4553
4570
4487
4549
4575
4548
4543
4447
4556
4396
4428
4499
4450
4489
4353
4574
4479
4545
4583
4591
4545
4475
4489
4396
4528
4487
4474
4509
4524
4461
4449
4544
4530
4521
4503
4510
4548
4539
4537
4570
4455
4532
4529
4505
4462
4571
4443
4412
4523
4553
4459
4464
4572
4460
4392
4517
4392
4268
4457
4472
4404
4467
4415
4426
4426
4483
4500
4520
4426
4374
4402
4476
4533
4365
4418
4417
4522
4474
4352
4425
4374
4269
4373
4418
4294
4325
4372
4271
4388
4317
4348
4398
4305
4309
4236
4183
4181
4237
4104
4258
4170
4087
4169
4093
4188
4127
3994
4018
3982
3895
3872
3867
3718
3691
3637
3757
3712
3660
3606
3646
3577
3644
3763
3693
3633
3621
3732
3790
3697
3690
3493
3589
3600
3668
3693
3676
3702
3716
3813
3858
3857
3913
3864
3991
3953
4125
4053
3935
4072
3949
4063
4158
4185
4211
4271
4293
4235
4196
4162
4348
4298
4301
4261
4444
4343
4224
4286
4442
4249
4310
4351
4357
4324
4414
4361
4339
4425
4384
4469
4475
4527
4405
4439
4505
4477
4482
4388
4428
4474
4394
4376
4431
4462
4346
4406
4482
4320
4413
4412
4404
4411
4407
4385
4508
4623
4571
4454
4562
4423
4342
4642
4483
4438
4615
4534
4428
4347
4464
4529
4348
4474
4486
4459
4381
4482
4468
4569
4650
4617
4490
4552
4370
4549
4492
4564
4496
4521
4608
4471
4558
4556
4500
4528
4426
4526
4467
4509
4477
4396
4464
4581
4509
4463
4501
4587
4615
4525
4439
4590
4542
4445
4555
4516
4459
4472
4550
4495
4440
4545
4598
4496
4443
4446
4510
4415
4430
4559
4504
4549
4475
4454
4484
4527
4551
4521
4491
4629
4481
4626
4589
4541
4560
4572
4519
4442
4430
4450
4570
4566
4436
4531
4434
4560
4510
4584
4568
4479
4465
4401
4535
4538
4501
4489
4452
4499
4592
4586
4473
4553
4456
4630
4663
4412
4500
4527
4576
4478
4489
4451
4596
4557
4460
4642
4487
4460
4436
4405
4512
4527
4518
4502
4598
4497
4515
4519
4516
4550
4545
4495
4524
4519
4451
4466
4562
4567
4517
4620
4494
4570
4533
4565
4514
4485
4629
4658
4522
4604
4627
4524
4498
4417
4437
4544
4578
4483
4544
4532
4548
4574
4517
4594
4506
4667
4555
4663
4510
4666
4590
4441
4584
4504
4456
4570
4406
4491
4536
4579
4525
4535
4499
4578
4576
4543
4505
4627
4429
4370
4436
4542
4446
4619
4511
4376
4680
4502
4619
4599
4478
4496
4497
4561
4528
4519
4469
4510
4573
4532
4541
4514
4467
4564
4581
4539
4540
4520
4576
4574
4483
4557
4609
4618
4539
4592
4563
4538
4566
4577
4633
4415
4527
4517
4500
4492
4453
4579
4427
4521
4500
4600
4601
4579
4613
4393
4539
4534
4429
4458
4661
4620
4484
4463
4548
4529
4505
4578
4583
4556
4493
4495
4609
4521
4495
4428
4584
4434
4433
4497
4495
4515
4612
4640
4498
4600
4332
4461
4457
4452
4564
4429
4615
4494
4450
4546
4428
4461
4366
4518
4587
4428
4546
4458
4468
4415
4531
4466
4519
4506
4449
4452
4537
4534
4443
4598
4568
4510
4624
4459
4380
4426
4501
4426
4465
4512
4621
4556
4541
4404
4513
4457
4364
4490
4477
4477
4509
4653
4454
4441
4522
4447
4364
4529
4451
4500
4548
4444
4564
4605
4447
4414
4552
4528
4469
4429
4389
4519
4483
4494
4476
4402
4482
4548
4386
4435
4540
4385
4531
4422
4402
4349
4384
4367
4630
4439
4442
4537
4375
4416
4355
4282
4326
4386
4383
4370
4470
4352
4341
4378
4380
4394
4452
4411
4357
4423
4372
4468
4357
4335
4345
4366
4387
4321
4306
4143
4353
4321
4339
4226
4251
4257
4239
4112
4271
4340
4211
4188
4116
4120
4165
4083
4197
4034
4050
4053
3991
3903
3891
3687
3740
3876
3644
3729
3764
3667
3654
3534
3661
3614
3561
3707
3744
3698
3664
3639
3773
3676
3618
3646
3640
3564
3704
3729
3617
3628
3645
3772
3647
3777
3800
3926
3939
3921
3950
4055
4096
4056
4091
4139
4166
4193
4136
4249
4166
4205
4141
4253
4300
4272
4208
4350
4298
4242
4481
4392
4284
4244
4283
4331
4271
4364
4532
4418
4512
4419
4410
4477
4495
4324
4479
4340
4454
4326
4347
4460
4477
4459
4406
4400
4351
4335
4539
4479
4445
4365
4443
4576
4453
4494
4371
4502
4375
4427
4507
4454
4543
4469
4522
4520
4443
4382
4497
4412
4544
4446
4431
4390
4461
4485
4563
4386
4457
4441
4450
4532
4462
4493
4518
4476
4537
4354
4532
4482
4435
4479
4433
4658
4548
4466
4558
4354
4490
4438
4534
4443
4435
4528
4496
4509
4474
4452
4455
4627
4443
4427
4563
4525
4451
4494
4445
4393
4482
4432
4523
4511
4557
4489
4579
4503
4577
4491
4517
4609
4498
4447
4574
4624
4574
4444
4474
4464
4442
4449
4445
4452
4544
4591
4647
4522
4456
4599
4436
4523
4408
4513
4555
4528
4468
4481
4614
4441
4471
4556
4546
4418
4413
4629
4399
4471
4484
4547
4511
4417
4606
4619
4497
4542
4651
4610
4504
4562
4462
4504
4585
4578
4442
4549
4579
4552
4443
4533
4476
4563
4431
4490
4473
4581
4514
4579
4596
4605
4450
4565
4607
4565
4534
4419
4439
4533
4557
4526
4555
4640
4500
4383
4451
4517
4543
4544
4568
4484
4567
4603
4465
4500
4424
4485
4648
4523
4616
4511
4630
4503
