3649
3776
3630
3632
3561
3671
3659
3723
3581
3658
3694
3728
3533
3646
3641
3697
3701
3653
3620
3530
3491
3644
3670
3609
3622
3531
3738
3554
3656
3635
3744
3676
3576
3619
3704
3803
3635
3576
3664
3687
3704
3594
3649
3594
3681
3614
3666
3756
3622
3683
3591
3591
3594
3706
3668
3699
3685
3653
3671
3633
3705
3741
3662
3637
3605
3713
3634
3678
3658
3600
3718
3644
3682
3613
3678
3602
3662
3655
3629
3623
3665
3673
3697
3568
3549
3692
3616
3684
3670
3669
3714
3728
3608
3602
3604
3545
3571
3610
3709
3695
3727
3639
3693
3792
3696
3733
3741
3681
3633
3759
3631
3701
3593
3516
3749
3533
3725
3620
3690
3690
3692
3734
3678
3574
3610
3594
3553
3541
3711
3590
3626
3558
3669
3580
3581
3667
3657
3616
3617
3614
3607
3681
3704
3516
3602
3628
3671
3604
3698
3602
3678
3563
3582
3590
3625
3583
3666
3558
3690
3614
3621
3735
3627
3716
3460
3625
3641
3617
3560
3672
3583
3613
3668
3595
3513
3707
3688
3624
3518
3661
3566
3470
3552
3662
3589
3598
3577
3499
3620
3539
3599
3537
3554
3533
3465
3497
3579
3565
3513
3492
3475
3494
3501
3486
3590
3518
3457
3479
3545
3451
3619
3495
3476
3505
3408
3498
3369
3340
3517
3354
3379
3338
3370
3337
3469
3292
3358
3213
3167
3154
3195
3202
3063
3014
3085
2960
3051
2939
2924
2870
2813
2900
2915
2819
2913
2908
2880
2973
3036
3061
3068
3010
2919
2950
2855
2948
2918
2982
3015
2976
2883
3014
2977
3155
3152
3171
3206
3114
3239
3207
3307
3283
3347
3423
3378
3323
3480
3474
3395
3424
3411
3466
3482
3406
3404
3507
3423
3539
3439
3471
3620
3592
3555
3526
3648
3519
3455
3574
3514
3557
3602
3565
3566
3501
3599
3635
3471
3597
3648
3546
3556
3649
3559
3555
3561
3601
3594
3571
3642
3490
3680
3579
3588
3664
3533
3614
3667
3628
3687
3682
3646
3716
3676
3610
3673
3676
3696
3711
3651
3608
3546
3551
3719
3671
3535
3601
3497
3571
3651
3614
3655
3750
3547
3650
3494
3677
3605
3594
3632
3611
3573
3609
3612
3545
3673
3752
3600
3593
3606
3596
3644
3712
3677
3639
3676
3619
3592
3649
3619
3650
3624
3708
3697
3727
3723
3565
3641
3618
3782
3633
3723
3610
3569
3649
3688
3679
3605
3721
3688
3691
3683
3602
3633
3599
3549
3713
3640
3679
3688
3636
3719
3561
3674
3635
3659
3664
3660
3545
3670
3625
3644
3720
3645
3649
3678
3660
3593
3708
3717
3749
3602
3612
3677
3628
3708
3691
3567
3671
3642
3633
3712
3665
3635
3587
3639
3702
3619
3659
3569
3729
3661
3562
3642
3719
3726
3639
3606
3601
3774
3641
3690
3515
3717
3620
3649
3641
3735
3589
3793
3650
3740
3578
3683
3589
3814
3684
3585
3670
3684
3653
3661
3708
3621
3560
3595
3591
3564
3691
3712
3568
3680
3610
3608
3718
3621
3623
3658
3601
3568
3681
3639
3700
3716
3651
3704
3635
3520
3666
3610
3619
3604
3591
3713
3772
3668
3665
3647
3596
3630
3649
3594
3534
3656
3560
3641
3709
3661
3655
3730
3726
3633
3651
3627
3659
3657
3673
3661
3601
3655
3696
3684
3588
3759
3685
3684
3648
3598
3640
3700
3655
3700
3738
3523
3624
3569
3543
3687
3577
3697
3630
3680
3623
3619
3626
3609
3637
3625
3607
3635
3701
3656
3679
3658
3620
3608
3674
3624
3606
3626
3659
3698
3673
3666
3694
3730
3613
3676
3604
3676
3734
3583
3661
3616
3651
3717
3674
3578
3668
3639
3638
3674
3767
3632
3602
3757
3615
3630
3665
3606
3640
3571
3667
3647
3612
3611
3617
3710
3607
3626
3646
3641
3556
3607
3573
3645
3611
3731
3721
3680
3651
3603
3651
3640
3717
3527
3666
3528
3557
3651
3686
3650
3640
3684
3713
3605
3506
3697
3678
3600
3463
3674
3630
3577
3552
3709
3661
3556
3638
3565
3564
3543
3682
3651
3603
3578
3609
3629
3610
3749
3558
3564
3718
3503
3584
3567
3683
3609
3634
3632
3624
3556
3446
3630
3615
3557
3566
3620
3564
3642
3479
3559
3523
3565
3584
3660
3524
3582
3610
3581
3560
3634
3572
3550
3676
3643
3519
3529
3624
3542
3623
3639
3589
3520
3511
3635
3613
3547
3589
3545
3538
3593
3558
3500
3526
3474
3516
3470
3603
3566
3456
3572
3484
3524
3518
3494
3335
3600
3541
3409
3419
3397
3416
3477
3489
3418
3353
3424
3288
3390
3328
3351
3290
3166
3308
3290
3197
3104
3188
3051
3128
3126
3111
2996
2872
2916
2917
2930
2886
2836
2928
2897
2906
2957
2870
2913
2906
2997
2912
2956
2841
2799
2814
2875
2920
2924
2978
2939
3101
3104
3033
3047
3185
3145
3210
3302
3314
3294
3304
3354
3339
3366
3319
3337
3348
3352
3418
3508
3434
3498
3470
3496
3380
3473
3588
3469
3518
3534
3446
3493
3532
3505
3514
3478
3537
3516
3580
3506
3579
3552
3618
3619
3614
3436
3589
3464
3588
3586
3589
3625
3537
3554
3614
3524
3624
3505
3502
3576
3611
3656
3681
3613
3612
3633
3632
3606
3578
3560
3593
3654
3669
3596
3571
3555
3672
3658
3579
3619
3578
3571
3700
3619
3599
3694
3636
3678
3701
3724
3696
3582
3708
3528
3648
3571
3638
3609
3677
3576
3698
3622
3670
3618
3536
3641
3589
3711
3678
3744
3523
3659
3640
3649
3633
3669
3668
3682
3576
3685
3626
3732
3561
3630
3619
3652
3674
3717
3719
3550
3644
3652
3573
3678
3700
3584
3642
3672
3573
3610
3723
3612
3567
3586
3629
3588
3568
3722
3593
3663
3679
3571
3646
3714
3666
3530
3796
3706
3637
3711
3629
3702
3695
3699
3554
3720
3697
3561
3573
3647
3686
3677
3675
3596
3709
3700
3662
3598
3706
3563
3584
3661
3566
3720
3698
3755
3742
3695
3707
3695
3619
3605
3578
3589
3605
3676
3695
3652
3688
3528
3722
3821
3698
3752
3571
3584
3669
3638
3624
3682
3635
3668
3588
3658
3674
3596
3688
3727
3725
3686
3543
3630
3581
3729
3655
3712
3719
3578
3636
3698
3657
3588
3606
3593
3513
3607
