4451
4490
4394
4448
4474
4583
4637
4582
4584
4631
4522
4551
4647
4569
4585
4529
4503
4539
4514
4591
4577
4501
4618
4599
4701
4649
4636
4620
4523
4609
4552
4524
4538
4509
4654
4576
4563
4522
4592
4575
4519
4559
4635
4604
4566
4655
4500
4589
4446
4463
4641
4548
4477
4577
4539
4737
4671
4676
4674
4558
4520
4715
4542
4503
4580
4628
4553
4640
4648
4508
4637
4601
4567
4500
4540
4613
4448
4630
4546
4603
4505
4472
4679
4584
4683
4511
4656
4582
4525
4552
4465
4716
4542
4542
4543
4568
4430
4564
4527
4560
4640
4489
4606
4733
4570
4648
4510
4587
4680
4388
4545
4552
4518
4583
4523
4601
4474
4595
4522
4542
4675
4541
4690
4528
4491
4518
4494
4510
4583
4641
4595
4511
4550
4472
4578
4442
4583
4566
4437
4516
4592
4580
4573
4545
4445
4478
4484
4599
4503
4492
4421
4584
4655
4463
4431
4547
4454
4425
4598
4555
4438
4448
4508
4505
4467
4591
4576
4596
4510
4483
4505
4550
4474
4493
4521
4706
4514
4420
4518
4455
4532
4467
4581
4348
4446
4496
4499
4519
4475
4505
4456
4491
4529
4499
4473
4419
4368
4540
4435
4430
4423
4464
4411
4503
4303
4313
4399
4293
4360
4414
4503
4372
4435
4387
4360
4301
4219
4334
4326
4218
4287
4204
4336
4230
4188
4283
4058
4144
4028
4044
3921
3938
3990
3826
3713
3826
3723
3671
3642
3568
3669
3669
3607
3594
3731
3562
3674
3703
3776
3733
3734
3644
3741
3624
3657
3630
3695
3683
3704
3772
3797
3726
3893
3835
3975
4068
3955
4143
4138
3999
4147
4177
4099
4106
4280
4300
4186
4338
4403
4276
4335
4305
4364
4292
4347
4337
4417
4203
4360
4383
4451
4376
4333
4438
4356
4433
4461
4580
4396
4483
4532
4549
4508
4501
4446
4407
4527
4502
4620
4391
4524
4489
4480
4540
4456
4559
4547
4521
4489
4599
4403
4322
4508
4633
4478
4544
4538
4527
4566
4569
4473
4588
4399
4507
4470
4528
4576
4639
4493
4463
4656
4459
4414
4411
4495
4636
4575
4455
4626
4431
4593
4572
4563
4626
4529
4473
4509
4554
4509
4592
4449
4541
4638
4512
4610
4621
4481
4666
4542
4586
4536
4525
4555
4642
4463
4496
4477
4535
4590
4512
4556
4685
4554
4637
4594
4496
4644
4509
4542
4659
4545
4563
4553
4594
4606
4611
4602
4438
4622
4613
4604
4609
4568
4499
4589
4426
4498
4529
4511
4541
4546
4517
4581
4554
4618
4603
4548
4581
4558
4587
4643
4650
4488
4527
4626
4503
4557
4575
4650
4747
4497
4774
4653
4567
4447
4499
4497
4579
4637
4540
4565
4606
4499
4581
4517
4522
4544
4559
4518
4558
4611
4533
4462
4595
4561
4539
4491
4551
4597
4612
4572
4557
4474
4610
4601
4603
4571
4461
4737
4532
4513
4512
4568
4581
4487
4626
4600
4514
4513
4590
4575
4516
4625
4415
4557
4639
4572
4500
4495
4554
4515
4613
4582
4528
4585
4429
4527
4592
4595
4568
4564
4626
4479
4541
4535
4610
4563
4679
4592
4627
4627
4584
4484
4478
4621
4640
4546
4706
4574
4701
4543
4560
4642
4491
4512
4475
4536
4417
4491
4561
4654
4583
4540
4511
4452
4590
4436
4587
4626
4554
4526
4609
4565
4547
4535
4580
4550
4518
4442
4539
4573
4541
4405
4503
4529
4457
4708
4637
4653
4540
4488
4539
4623
4550
4482
4504
4588
4556
4591
4610
4645
4468
4499
4541
4462
4527
4590
4480
4541
4643
4463
4481
4534
4626
4524
4554
4634
4587
4595
4564
4530
4495
4595
4525
4693
4549
4687
4474
4559
4523
4466
4560
4524
4599
4597
4446
4575
4599
4548
4600
4591
4627
4598
4494
4482
4568
4494
4565
4707
4576
4465
4620
4528
4522
4612
4490
4703
4552
4586
4490
4599
4573
4537
4436
4534
4477
4575
4542
4531
4512
4641
4482
4530
4595
4539
4428
4517
4556
4586
4642
4545
4571
4557
4547
4650
4496
4661
4663
4492
4658
4571
4588
4481
4393
4590
4577
4517
4516
4680
4528
4657
4550
4578
4553
4502
4498
4474
4552
4546
4454
4467
4455
4587
4557
4554
4556
4482
4541
4548
4452
4462
4572
4496
4465
4466
4408
4469
4468
4515
4519
4372
4543
4531
4433
4483
4361
4538
4422
4490
4465
4545
4382
4483
4441
4407
4524
4510
4461
4505
4458
4437
4507
4417
4346
4353
4405
4431
4394
4283
4400
4363
4402
4456
4299
4372
4477
4247
4406
4364
4278
4327
4317
4308
4205
4193
4220
4245
4192
4225
4145
4194
4092
4114
4128
4104
4041
3985
3873
3990
3945
3662
3818
3741
3655
3782
3669
3627
3665
3710
3628
3807
3721
3658
3689
3629
3687
3599
3680
3645
3574
3743
3558
3571
3531
3602
3792
3756
3863
3899
3788
3953
3916
3948
3987
4107
4212
4074
4282
4172
4188
4203
4157
4369
4159
4196
4240
4294
4328
4327
4482
4325
4337
4472
4283
4420
4307
4433
4363
4385
4289
4459
4350
4413
4393
4488
4413
4299
4439
4390
4428
4547
4553
4452
4479
4482
4519
4625
4516
4520
4550
4510
4529
4513
4473
4498
4467
4497
4545
4413
4520
4525
4479
4369
4532
4419
4586
4573
4466
4562
4579
4601
4522
4629
4446
4543
4626
4486
4394
4441
4559
4591
4565
4570
4434
4594
4613
4571
4420
4509
4567
4518
4635
4545
4530
4512
4520
4644
4496
4630
4515
4526
4514
4593
4660
4607
4547
4522
4535
4701
4420
4614
4607
4505
4503
4484
4469
4631
4557
4408
4505
4470
4514
4636
4575
4519
4667
4466
4478
4710
4796
4525
4513
4586
4558
4456
4467
4560
4594
4512
4456
4577
4508
4521
4605
4507
4662
4573
4581
4650
4430
4482
4549
4622
4661
4582
4592
4523
4656
4468
4600
4568
4482
4595
4517
4516
4563
4631
4570
4502
4618
4562
4695
4645
4660
4547
4474
4664
4592
4563
4503
4571
4485
4434
4599
4454
4469
4661
4499
4504
4490
4526
4695
4518
4617
4612
4676
4505
4686
4466
4638
4605
4560
4536
4554
4586
4677
4580
4548
4494
4553
4559
4532
4664
4478
4488
4467
4481
4539
4544
4558
4451
4609
4611
4564
4522
4549
4567
4641
4574
4493
4587
4559
4661
