4768
4827
4646
4870
4732
4796
4703
4704
4844
4892
4642
4782
4854
4804
4766
4712
4826
4787
4648
4783
4751
4678
4739
4862
4832
4843
4916
4794
4731
4652
4794
4786
4753
4784
4795
4696
4752
4725
4797
4806
4743
4822
4835
4798
4755
4712
4749
4849
4747
4687
4735
4790
4677
4748
4787
4744
4728
4784
4813
4707
4772
4642
4604
4749
4556
4621
4514
4537
4447
4485
4368
4412
4450
4291
4307
4180
4138
4074
4040
4170
4103
4143
4120
4150
4189
4261
4183
4258
4316
4324
4465
4320
4387
4336
4470
4501
4393
4546
4439
4493
4500
4545
4576
4436
4621
4701
4649
4630
4578
4653
4647
4627
4750
4702
4694
4695
4688
4746
4714
4662
4618
4592
4579
4797
4831
4700
4667
4759
4637
4737
4734
4568
4743
4734
4549
4755
4633
4624
4563
4548
4513
4477
4435
4400
4291
4254
4154
4161
4174
4284
4324
4112
4152
4367
4307
4361
4328
4535
4397
4472
4305
4501
4629
4508
4634
4590
4591
4744
4681
4785
4624
4694
4665
4744
4624
4706
4656
4623
4706
4769
4832
4827
4647
4832
4677
4669
4636
4665
4725
4843
4794
4721
4775
4759
4877
4725
4710
4848
4842
4858
4759
4751
4722
4803
4687
4778
4682
4778
4730
4607
4643
4515
4547
4724
4508
4524
4236
4425
4359
4376
4283
4273
4364
4408
4384
4462
4618
4464
4610
4718
4695
4588
4635
4702
4611
4754
4646
4811
4631
4879
4879
4819
4781
4557
4712
4778
4674
4696
4761
4845
4778
4849
4789
4721
4833
4729
4805
4825
4723
4722
4658
4590
4639
4602
4681
4504
4652
4411
4388
4272
4459
4372
4370
4361
4357
4344
4449
4411
4434
4543
4568
4672
4646
4654
4810
4706
4757
4779
4665
4748
4732
4766
4820
4712
4725
4738
4608
4873
4739
4872
4750
4701
4815
4697
4813
4707
4667
4695
4782
4799
4677
4739
4871
4770
4719
4831
4635
4560
4721
4665
4661
4737
4628
4612
4728
4759
4630
4617
4559
4413
4518
4499
4388
4425
4457
4333
4449
4412
4235
4114
4186
4115
4252
4226
4205
4236
4293
4288
4251
4325
4373
4452
4506
4511
4559
4683
4593
4727
4669
4737
4668
4721
4750
4777
4713
4722
4880
4767
4796
4795
4833
4761
4780
4790
4739
4733
4775
4756
4659
4636
4795
4644
4600
4710
4735
4650
4565
4713
4694
4594
4641
4597
4546
4579
4563
4567
4447
4505
4576
4535
4505
4508
4407
4338
4422
4344
4249
4184
4256
4241
4214
4132
4118
4075
4027
4136
4161
4199
4132
4142
4193
4172
4170
4209
4471
4438
4281
4464
4443
4605
4693
4705
4637
4586
4584
4611
4591
4805
4826
4712
4689
4645
4767
4820
4547
4759
4880
4683
4713
4794
4675
4744
4659
4804
4825
4750
4650
4757
4734
4688
4814
4701
4792
4692
4715
4824
4757
4749
4882
4869
4841
4741
4895
4837
4749
4872
4873
4784
4827
4778
4866
4771
4911
4837
4879
4807
4838
4868
4824
4847
4789
4830
4864
4709
4738
4794
4724
4915
4779
4824
4913
4817
4870
4820
4857
4710
4863
4801
4805
4698
4707
4767
4893
4819
4856
4754
4822
4930
4724
4734
4782
4661
4785
4804
4718
4804
4798
4748
4709
4651
4855
4733
4695
4921
4752
4904
4797
4810
4846
4837
4646
4810
4794
4840
4755
4796
4803
4831
4758
4893
4674
4677
4866
4798
4754
4747
4727
4819
4827
4805
4780
4713
4862
4885
4713
4882
4727
4775
4717
4896
4672
4754
4704
4681
4831
4813
4811
4739
4610
4758
4714
4743
4594
4815
4688
4778
4736
4769
4704
4687
4678
4676
4608
4620
4572
4515
4320
4303
4275
4261
4235
4165
4147
4124
4190
4109
4067
4054
4072
4079
4102
4126
4158
4142
4365
4299
4338
4313
4271
4305
4315
4338
4503
4417
4522
4421
4539
4576
4518
4539
4567
4606
4774
4664
4654
4612
4673
4760
4677
4676
4686
4718
4715
4710
4738
4807
4675
4606
4809
4721
4772
4692
4741
4783
4676
4719
4698
4735
4658
4788
4692
4748
4674
4736
4657
4679
4637
4596
4453
4526
4427
4415
4391
4210
4221
4205
4123
4182
4200
4076
4192
4141
4282
4353
4335
4344
4291
4372
4477
4380
4438
4483
4563
4561
4633
4557
4746
4681
4716
4732
4688
4673
4656
4604
4700
4735
4659
4762
4789
4794
4784
4747
4619
4778
4789
4814
4870
4740
4763
4810
4691
4655
4881
4810
4564
4725
4839
4825
4789
4651
4780
4734
4688
4859
4636
4759
4677
4728
4737
4708
4620
4443
4476
4489
4388
4472
4324
4233
4341
4249
4370
4377
4425
4373
4449
4477
4592
4575
4673
4561
4719
4627
4658
4809
4688
4698
4730
4745
4682
4813
4739
4737
4779
4728
4729
4763
4667
4777
4829
4643
4756
4837
4716
4752
4616
4673
4741
4778
4743
4746
4635
4656
4698
4562
4588
4570
4489
4439
4461
4342
4320
4354
4332
4302
4413
4418
4396
4456
4466
4554
4596
4614
4705
4732
4654
4790
4743
4703
4851
4637
4658
4831
4841
4721
4687
4808
4625
4742
4744
4711
4779
4826
4618
4713
4811
4812
4849
4759
4753
4673
4753
4704
4715
4538
4690
4676
4702
4711
4646
4671
4573
4766
4540
4567
4642
4534
4512
4574
4546
4456
4468
4494
4356
4462
4409
4389
4342
4308
4203
4227
4256
4260
4168
4299
4171
4361
4205
4310
4303
4392
4409
4550
4469
4521
4574
4547
4676
4653
4686
4712
4676
4734
4756
4692
4631
4738
4679
4726
4687
4750
4664
4616
4723
4650
4784
4603
4593
4549
4665
4664
4802
4585
4651
4591
4489
4561
4509
4573
4574
4609
4576
4469
4608
4429
4599
4446
4481
4400
4387
4411
4441
4285
4232
4307
4284
4261
4187
4208
4163
4081
4184
4160
4116
4088
4151
4150
4175
4118
4220
4124
4252
4324
4280
4349
4517
4570
4544
4541
4620
4541
4643
4674
4660
4792
4796
4713
4725
4812
4731
4754
4728
4813
4761
4762
4863
4705
4689
4788
4693
4725
4731
4865
4816
4818
4881
4708
4792
4759
4847
4796
4742
4899
4890
4772
4767
4838
4724
4696
4667
4745
4714
4757
4725
4817
4816
4771
4759
4814
4794
4783
4742
4798
4811
4826
4772
4856
4856
4720
4756
4801
4641
4701
4673
