3858
3740
3811
3931
3951
3948
3933
3876
3906
3887
3989
3852
3833
3747
3878
3884
3904
3974
3715
3807
3825
3898
3850
3956
3885
3877
3750
3879
3856
3827
3936
3797
3815
3904
3855
3791
3850
3837
3932
3811
3929
3863
3815
3802
3902
3765
3755
3794
3745
3857
3824
3724
3833
3841
3762
3794
3896
3828
3885
3706
3703
3829
3860
3862
3809
3569
3568
3562
3569
3522
3630
3450
3380
3489
3452
3456
3433
3289
3371
3281
3269
3292
3337
3269
3338
3402
3401
3452
3478
3408
3402
3437
3565
3611
3509
3573
3599
3579
3538
3633
3605
3647
3567
3611
3693
3720
3724
3696
3698
3732
3653
3697
3753
3707
3787
3691
3675
3830
3695
3819
3714
3851
3720
3778
3863
3843
3871
3794
3875
3711
3842
3770
3865
3853
3765
3690
3712
3876
3586
3691
3573
3557
3527
3462
3341
3370
3427
3348
3376
3289
3386
3367
3365
3340
3343
3436
3494
3483
3500
3588
3544
3584
3649
3701
3632
3686
3681
3772
3815
3783
3597
3754
3685
3869
3813
3764
3773
3739
3851
3742
3799
3836
3941
3755
3789
3835
3898
3852
3844
3834
3940
3814
3893
3771
3884
3797
3811
3830
3818
3874
3824
3833
3952
3887
3752
3869
3801
3832
3743
3663
3778
3802
3709
3658
3518
3626
3434
3567
3458
3397
3409
3474
3488
3475
3582
3614
3728
3739
3651
3642
3669
3849
3629
3660
3836
3749
3872
3777
3724
3824
3731
3729
3877
3865
3872
3771
3760
3897
3777
3726
3815
3836
3936
3747
3765
3788
3740
3691
3756
3796
3807
3807
3698
3772
3671
3672
3623
3524
3625
3493
3527
3516
3579
3523
3443
3641
3515
3569
3704
3536
3672
3755
3836
3794
3695
3752
3849
3795
3895
3831
3837
3883
3816
3800
3861
3784
3802
3783
3882
3624
3886
3783
3787
3779
3952
3775
3863
3778
3777
3753
3774
3872
3803
3835
3808
3815
3748
3863
3726
3724
3765
3854
3723
3728
3844
3699
3695
3661
3678
3545
3724
3630
3566
3655
3593
3534
3433
3466
3439
3404
3393
3306
3297
3425
3335
3344
3365
3465
3414
3510
3573
3568
3655
3578
3694
3655
3772
3722
3793
3739
3753
3779
3819
3756
3784
3810
3819
3857
3843
3875
3814
3688
3883
3751
3769
3794
3836
3673
3903
3755
3741
3909
3597
3784
3777
3729
3769
3761
3687
3818
3704
3603
3704
3647
3633
3607
3644
3635
3532
3551
3646
3413
3547
3425
3443
3470
3389
3346
3376
3283
3318
3320
3261
3301
3341
3391
3269
3284
3225
3276
3439
3444
3387
3473
3506
3646
3609
3580
3574
3750
3740
3706
3814
3746
3785
3810
3844
3751
3890
3735
3827
3908
3940
3813
3799
3912
3742
3783
3733
3777
3832
3820
3819
3698
3898
3846
3797
3806
3786
3919
3859
3765
3830
3866
3874
3898
3808
3792
3907
3924
3941
3720
3870
3755
3873
3812
3927
3897
3836
3891
3882
3804
3874
3843
3937
3921
3824
3906
3860
3862
3943
3929
3773
3826
3844
3830
3853
3786
3814
3772
3784
3839
3820
3903
3893
3955
3818
3791
3822
3750
3916
3891
3771
3818
3853
3869
3810
3721
3841
3901
3724
3857
3775
3870
3913
3856
3850
3850
3809
3762
3850
3825
3965
3939
3908
3765
3801
3842
3822
3823
3833
3881
3977
3824
3859
3844
3884
3765
3902
3812
3819
3906
3868
3811
3958
3840
3879
3779
3895
3851
3857
3846
3883
3850
3727
3811
3821
3851
3973
3844
3844
3756
3916
3879
3922
3788
3881
3791
3838
3716
3826
3811
3922
3821
3797
3813
3757
3761
3749
3729
3644
3740
3661
3766
3580
3577
3562
3474
3457
3377
3355
3448
3344
3372
3307
3252
3378
3232
3387
3349
3383
3305
3389
3368
3358
3346
3452
3491
3486
3458
3600
3534
3598
3539
3662
3655
3743
3600
3532
3775
3623
3811
3640
3739
3650
3642
3800
3894
3775
3746
3849
3765
3784
3794
3733
3738
3770
3808
3823
3827
3717
3748
3860
3790
3884
3839
3662
3779
3863
3746
3704
3759
3785
3692
3672
3679
3639
3701
3544
3607
3616
3503
3565
3476
3445
3424
3340
3369
3325
3266
3340
3372
3380
3393
3449
3555
3515
3494
3500
3632
3587
3682
3643
3823
3554
3651
3677
3704
3730
3712
3732
3808
3705
3825
3831
3735
3730
3777
3792
3832
3838
3867
3930
3663
3850
3867
3832
3865
3738
3850
3827
3840
3862
3838
3844
3877
3855
3796
3732
3888
3785
3818
3813
3818
3762
3825
3821
3837
3824
3769
3658
3743
3621
3694
3561
3474
3504
3487
3441
3436
3512
3494
3629
3578
3580
3568
3599
3653
3727
3693
3765
3794
3752
3810
3775
3781
3817
3814
3815
3757
3824
3864
3832
3746
3809
3822
3796
3825
3880
3929
3780
3808
3900
3785
3799
3739
3823
3852
3762
3741
3737
3639
3754
3676
3648
3598
3587
3604
3591
3461
3421
3537
3417
3547
3505
3421
3521
3582
3688
3669
3637
3706
3683
3754
3745
3780
3799
3797
3723
3852
3886
3767
3796
3797
3794
3716
3796
3781
3923
3794
3743
3923
3884
3877
3811
3806
3795
3743
3786
3724
3959
3805
3803
3907
3817
3720
3800
3760
3872
3721
3772
3680
3765
3615
3762
3751
3599
3649
3619
3469
3664
3595
3549
3489
3349
3556
3472
3336
3348
3402
3371
3365
3364
3303
3371
3377
3428
3472
3439
3550
3584
3575
3618
3597
3584
3738
3759
3736
3796
3761
3779
3770
3799
3784
3749
3793
3825
3776
3736
3784
3755
3765
3741
3764
3793
3854
3589
3795
3733
3700
3709
3700
3802
3665
3664
3722
3614
3642
3600
3599
3583
3634
3734
3595
3577
3531
3474
3515
3514
3585
3499
3614
3448
3447
3343
3411
3411
3355
3329
3299
3424
3336
3330
3306
3331
3275
3526
3459
3437
3374
3437
3557
3513
3612
3585
3630
3584
3724
3816
3666
3847
3712
3666
3741
3774
3752
3713
3684
3931
3792
3761
3827
3885
3900
3815
3811
3826
3776
3812
3824
3839
3815
3876
3798
3845
3957
3786
3744
3915
3738
3867
3744
3923
3898
3872
3796
3839
3809
3845
3904
3934
3848
3852
3827
3785
3837
3820
3773
3785
3736
3855
3899
3844
3861
3804
3872
3815
3853
3807
3839
3977
3896
3857
