4794
4728
4976
4745
4729
4789
4773
4812
4941
4772
4792
4785
4700
4782
4849
4855
5072
4798
4752
4831
4777
4699
4848
4851
4752
4776
4774
4775
4857
4782
4882
4825
4799
4767
4923
4751
4900
4783
4808
4801
4841
4765
4718
4854
4891
4795
4801
4770
4748
4801
4726
4859
4811
4717
4791
4864
4707
4919
4748
4787
4745
4698
4668
4765
4641
4546
4647
4493
4358
4428
4349
4392
4351
4261
4351
4299
4163
4204
4184
4205
4070
4095
4178
4201
4184
4265
4266
4229
4182
4295
4293
4265
4219
4411
4418
4413
4373
4408
4455
4616
4553
4493
4603
4594
4654
4461
4564
4600
4599
4610
4630
4652
4681
4713
4615
4716
4724
4598
4612
4775
4788
4795
4714
4798
4763
4698
4798
4729
4719
4735
4787
4662
4820
4798
4734
4674
4728
4588
4577
4646
4557
4536
4391
4346
4463
4249
4277
4201
4203
4233
4190
4176
4356
4225
4244
4346
4351
4452
4424
4367
4487
4439
4530
4452
4474
4476
4563
4590
4513
4584
4646
4573
4628
4812
4732
4805
4787
4841
4728
4698
4667
4784
4733
4778
4680
4719
4847
4790
4795
4801
4725
4672
4860
4890
4814
4748
4802
4957
4711
4797
4788
4821
4693
4812
4758
4737
4704
4769
4786
4771
4612
4708
4628
4461
4601
4457
4458
4368
4386
4337
4326
4291
4456
4405
4504
4486
4555
4549
4653
4558
4632
4641
4747
4697
4802
4721
4732
4699
4621
4899
4722
4773
4622
4774
4792
4730
4804
4802
4852
4757
4798
4809
4721
4778
4745
4824
4698
4709
4727
4696
4683
4925
4602
4725
4562
4559
4602
4549
4446
4448
4399
4406
4327
4276
4405
4341
4324
4372
4554
4556
4503
4656
4686
4710
4677
4722
4649
4824
4739
4802
4697
4864
4717
4715
4761
4673
4723
4890
4970
4672
4768
4845
4779
4797
4751
4851
4920
4784
4801
4695
4751
4815
4753
4826
4750
4754
4678
4765
4724
4855
4769
4824
4691
4665
4642
4617
4550
4760
4649
4671
4562
4497
4492
4427
4344
4407
4406
4283
4288
4243
4327
4234
4237
4239
4165
4270
4186
4209
4325
4292
4430
4495
4573
4650
4675
4690
4693
4498
4740
4797
4714
4725
4767
4816
4708
4653
4785
4753
4805
4736
4825
4767
4704
4732
4823
4817
4763
4689
4738
4751
4742
4702
4892
4647
4672
4757
4642
4641
4554
4689
4566
4612
4518
4536
4580
4568
4456
4533
4568
4373
4385
4393
4327
4323
4284
4404
4349
4309
4211
4198
4170
4247
4186
4136
4176
4129
4164
4224
4263
4246
4210
4232
4237
4269
4343
4419
4575
4555
4614
4692
4670
4603
4715
4711
4626
4728
4835
4777
4750
4624
4731
4960
4790
4787
4753
4734
4712
4884
4829
4775
4888
4730
4786
4883
4934
4715
4814
4841
4864
4746
4701
4716
4832
4808
4915
4878
4873
4879
4931
4873
4792
4786
4790
4744
4779
4815
4769
4812
4778
4865
4876
4819
4828
4785
4788
4835
4808
4783
4777
4791
4790
4910
5007
4859
4739
4854
4843
4807
4835
4697
4903
4863
4838
4754
4792
5004
4779
4829
4904
4920
5006
4951
4797
4893
4835
4757
4896
4819
4890
4837
4973
4773
4860
4900
4894
4789
4874
4842
4889
4836
4850
4912
4619
4877
4864
4930
4789
4730
4806
4838
4874
4933
4768
4712
4827
4793
4859
4807
4833
4690
4862
4898
4856
4799
4891
4868
4865
4795
4784
4869
4793
4822
4804
4848
4790
4796
4779
4820
4803
4843
4761
4692
4728
4761
4675
4782
4899
4851
4710
4766
4839
4812
4859
4781
4734
4826
4689
4613
4798
4627
4754
4743
4593
4524
4625
4589
4451
4422
4224
4319
4228
4097
4145
4143
4134
4147
4162
4152
4142
4092
4113
4120
4211
4213
4302
4327
4294
4334
4436
4458
4384
4368
4395
4473
4463
4550
4425
4512
4688
4611
4659
4584
4593
4722
4708
4733
4578
4767
4644
4714
4565
4802
4655
4792
4774
4629
4762
4688
4854
4781
4719
4810
4839
4619
4638
4790
4810
4757
4703
4730
4661
4815
4639
4711
4589
4607
4657
4505
4592
4599
4474
4501
4331
4444
4278
4200
4249
4131
4142
4219
4138
4279
4290
4205
4268
4286
4369
4330
4418
4437
4486
4577
4464
4502
4653
4608
4722
4718
4763
4697
4713
4753
4522
4724
4760
4763
4627
4756
4774
4793
4760
4854
4725
4759
4800
4698
4609
4717
4743
4883
4686
4691
4750
4776
4765
4743
4687
4793
4901
4883
4675
4753
4805
4675
4682
4822
4775
4710
4560
4721
4638
4604
4603
4538
4485
4498
4291
4490
4306
4342
4371
4360
4584
4402
4513
4518
4588
4560
4655
4716
4711
4662
4837
4824
4701
4874
4713
4771
4610
4812
4699
4790
4685
4815
4819
4823
4846
4674
4704
4856
4728
4680
4756
4782
4736
4905
4623
4695
4733
4657
4550
4598
4620
4596
4471
4542
4418
4569
4461
4438
4365
4321
4319
4230
4400
4394
4366
4402
4609
4674
4690
4602
4732
4801
4645
4766
4753
4699
4734
4694
4866
4780
4748
4789
4830
4750
4659
4880
4827
4728
4902
4748
4855
4778
4759
4812
4753
4787
4717
4879
4812
4682
4694
4619
4806
4651
4733
4719
4621
4783
4669
4739
4621
4717
4569
4591
4526
4513
4576
4441
4430
4355
4416
4419
4366
4262
4298
4212
4248
4236
4247
4099
4188
4173
4166
4205
4258
4242
4284
4433
4428
4497
4618
4534
4620
4675
4674
4795
4574
4745
4800
4625
4672
4605
4780
4769
4809
4614
4695
4867
4753
4811
4553
4836
4689
4593
4609
4684
4577
4647
4680
4650
4654
4623
4667
4676
4633
4493
4506
4562
4435
4487
4332
4431
4427
4570
4484
4286
4497
4340
4371
4343
4259
4277
4289
4132
4229
4216
4328
4239
4223
4229
4149
4101
4118
4184
4216
4150
4126
4541
4334
4307
4359
4532
4513
4595
4607
4594
4720
4627
4724
4703
4834
4706
4727
4857
4783
4845
4796
4701
4815
4893
4829
4742
4873
4711
4760
4787
4928
4754
4865
4806
4744
4791
4937
4769
4901
4768
4709
4812
4902
4721
4819
4820
4737
4837
4836
4909
4714
4786
4844
4835
4891
4889
4724
4758
4824
4875
4861
4864
4860
4741
4773
4894
4810
4713
4732
4825
4823
4881
4685
4907
4767
