4852
4812
4801
4867
4928
4862
4871
4751
4896
4871
4902
4793
4823
4832
4798
4772
4881
4851
4803
4826
4832
4835
4797
4900
4798
4755
4875
4807
4763
4930
4858
4815
4827
4822
4839
4882
4768
4724
4798
4767
4783
4807
4847
4834
4967
4796
4784
4801
4829
4807
4843
4750
4750
4765
4881
4718
4750
4726
4676
4698
4823
4734
4621
4732
4619
4585
4566
4591
4395
4413
4409
4326
4290
4310
4264
4248
4226
4183
4128
4117
4180
4107
4189
4145
4307
4273
4250
4263
4306
4442
4346
4430
4536
4330
4280
4463
4349
4407
4535
4426
4569
4618
4553
4559
4581
4590
4458
4661
4576
4739
4659
4605
4704
4700
4726
4661
4782
4784
4804
4768
4705
4767
4765
4778
4700
4664
4655
4678
4792
4579
4732
4666
4750
4675
4594
4670
4712
4755
4610
4660
4549
4454
4415
4328
4416
4334
4292
4271
4222
4162
4315
4261
4238
4265
4330
4366
4383
4497
4362
4395
4451
4434
4452
4583
4609
4498
4699
4542
4612
4681
4645
4779
4799
4717
4744
4757
4646
4808
4803
4837
4905
4792
4737
4795
4833
4746
4871
4886
4687
4821
4769
4853
4814
4761
4753
4721
4814
4805
4823
4882
4758
4869
4886
4795
4684
4672
4735
4783
4710
4775
4631
4664
4646
4713
4589
4388
4404
4341
4389
4364
4307
4344
4434
4502
4488
4421
4517
4579
4623
4638
4745
4605
4684
4857
4722
4843
4671
4677
4784
4760
4672
4808
4745
4840
4862
4737
4778
4714
4737
4801
4870
4799
4797
4806
4703
4826
4725
4702
4854
4641
4716
4638
4639
4596
4547
4534
4492
4407
4512
4512
4357
4341
4267
4341
4335
4406
4443
4454
4566
4642
4571
4640
4638
4789
4632
4682
4674
4759
4815
4766
4709
4792
4760
4759
4742
4731
4713
4868
4803
4787
4683
4782
4710
4772
4801
4857
4703
4796
4838
4823
4696
4833
4755
4869
4744
4824
4826
4689
4618
4711
4790
4832
4769
4691
4553
4754
4768
4705
4555
4550
4451
4555
4434
4442
4399
4392
4374
4388
4328
4237
4219
4216
4237
4210
4133
4131
4382
4171
4381
4468
4409
4381
4477
4563
4664
4546
4760
4639
4822
4782
4678
4659
4805
4797
4836
4823
4778
4754
4744
4870
4785
4856
4652
4800
4698
4645
4663
4770
4821
4746
4761
4646
4631
4784
4608
4728
4636
4688
4704
4638
4622
4619
4694
4615
4514
4556
4377
4456
4506
4489
4379
4301
4469
4424
4350
4253
4237
4293
4303
4169
4149
4221
4130
4140
4125
4193
4147
4087
4266
4224
4134
4325
4379
4296
4473
4566
4524
4562
4499
4642
4628
4589
4693
4725
4777
4689
4825
4863
4799
4784
4770
4834
4721
4832
4753
4788
4714
4764
4788
4650
4842
4935
4791
4890
4846
4822
4847
4861
4878
4857
4897
4796
4779
4735
4916
4734
4740
4814
4883
4777
4949
4967
4757
4751
4678
4783
4727
4931
4952
4852
4792
4762
4715
4808
4833
4749
4892
4824
4858
4918
4838
4846
4849
4756
4896
4777
4974
4899
4827
4867
4926
4823
4787
4953
4829
4817
4867
4791
4715
4831
4764
4902
4767
4814
4766
4825
4770
4788
4827
4851
4889
4798
4887
4787
4833
4775
4920
4895
4778
4912
4811
4865
4871
4786
4717
4838
4746
4815
4859
4867
4807
4658
4819
4790
4937
4902
4877
4719
4837
4852
4793
4737
4806
4812
4865
4803
4865
4916
4799
4846
4805
4874
4788
4854
4734
4764
4816
4845
4886
4849
4876
4786
4825
4819
4767
4782
4618
4855
4714
4721
4794
4896
4665
4933
4963
4783
4838
4668
4840
4723
4800
4679
4664
4599
4606
4620
4496
4388
4463
4387
4305
4148
4210
4232
4128
4153
4165
4158
4091
4095
4081
4249
4201
4178
4234
4374
4321
4316
4404
4296
4533
4472
4568
4452
4429
4518
4525
4417
4414
4671
4559
4642
4666
4605
4758
4596
4681
4684
4739
4789
4685
4743
4700
4663
4729
4852
4797
4764
4807
4710
4696
4740
4740
4773
4751
4654
4718
4830
4787
4682
4786
4726
4725
4695
4816
4691
4630
4681
4574
4611
4534
4502
4436
4197
4239
4288
4232
4303
4144
4116
4149
4150
4174
4371
4309
4372
4280
4514
4354
4405
4377
4578
4529
4518
4596
4553
4702
4553
4687
4725
4633
4682
4653
4765
4762
4766
4685
4765
4708
4702
4757
4642
4746
4776
4747
4674
4747
4770
4710
4741
4703
4825
4740
4731
4779
4814
4815
4820
4731
4575
4736
4772
4726
4719
4743
4685
4695
4828
4829
4663
4672
4725
4553
4408
4420
4372
4380
4401
4421
4286
4320
4293
4403
4578
4417
4502
4525
4652
4586
4489
4671
4885
4729
4773
4820
4733
4816
4767
4872
4772
4703
4863
4747
4858
4736
4849
4700
4570
4726
4795
4914
4838
4886
4694
4850
4663
4666
4835
4724
4808
4648
4557
4769
4539
4670
4490
4348
4337
4502
4354
4439
4465
4289
4404
4354
4428
4478
4479
4550
4585
4573
4684
4662
4700
4778
4767
4708
4681
4795
4728
4732
4695
4812
4893
4792
4823
4805
4765
4814
4795
4699
4775
4689
4707
4694
4754
4836
4727
4775
4676
4702
4846
4848
4659
4681
4710
4629
4777
4758
4781
4639
4752
4666
4660
4601
4607
4669
4468
4584
4548
4460
4473
4478
4403
4247
4346
4320
4283
4342
4151
4254
4095
4166
4218
4330
4298
4250
4280
4360
4290
4512
4523
4424
4616
4512
4716
4633
4712
4852
4795
4781
4676
4772
4798
4668
4640
4696
4721
4729
4774
4785
4711
4669
4756
4643
4707
4838
4664
4748
4665
4636
4654
4697
4547
4520
4441
4621
4611
4465
4488
4477
4663
4500
4460
4395
4372
4393
4380
4317
4349
4424
4264
4399
4353
4231
4324
4282
4194
4154
4322
4242
4130
4116
4225
4276
4233
4123
4198
4291
4350
4496
4410
4561
4459
4635
4584
4645
4752
4696
4734
4617
4767
4753
4739
4713
4783
4789
4766
4763
4696
4766
4837
4784
4765
4797
4908
4749
4776
4976
4695
4865
4764
4804
4802
4804
4848
4904
4768
4783
4805
4826
4850
4809
4814
4982
4716
4820
4810
4692
4873
4910
4727
4876
4814
4865
4747
4937
4824
4797
4847
4884
4876
4846
4719
4748
4847
4811
4832
4762
4863
4840
4869
4781
