5757
5719
5754
5876
5679
5798
5720
5701
5764
5819
5825
5721
5749
5786
5711
5794
5861
5752
5916
5777
5765
5723
5634
5834
5758
5883
5702
5855
5815
5837
5701
5816
5712
5723
5782
5902
5841
5778
5892
5705
5810
5771
5704
5747
5778
5769
5806
5741
5669
5741
5812
5759
5816
5828
5794
5501
5804
5622
5757
5656
5529
5701
5657
5726
5568
5495
5453
5506
5484
5474
5263
5342
5168
5262
5075
5033
4981
5086
5099
5068
5092
5287
5011
5065
5033
5102
5080
5218
5166
5133
5222
5200
5246
5234
5331
5279
5307
5376
5515
5453
5543
5425
5572
5542
5336
5509
5640
5602
5637
5570
5540
5642
5517
5681
5692
5673
5753
5757
5675
5740
5738
5656
5724
5837
5748
5760
5783
5747
5753
5685
5646
5636
5692
5633
5623
5536
5592
5576
5600
5505
5504
5422
5394
5412
5299
5254
5191
5182
5125
5037
5083
5021
5160
5156
5145
5096
5175
5287
5418
5410
5352
5469
5453
5502
5383
5511
5652
5556
5667
5546
5675
5775
5616
5614
5725
5555
5800
5589
5759
5754
5777
5641
5755
5691
5791
5795
5770
5774
5749
5800
5755
5625
5662
5745
5709
5748
5808
5660
5762
5668
5762
5763
5813
5652
5613
5658
5639
5796
5552
5634
5503
5740
5608
5494
5352
5399
5244
5291
5291
5077
5226
5253
5203
5270
5322
5420
5575
5560
5410
5597
5561
5682
5759
5650
5768
5816
5743
5793
5720
5707
5796
5690
5780
5627
5749
5758
5914
5778
5835
5715
5794
5812
5860
5630
5694
5681
5628
5744
5747
5670
5710
5755
5642
5683
5483
5551
5481
5423
5447
5307
5208
5184
5216
5072
5354
5384
5358
5397
5430
5447
5467
5578
5561
5486
5783
5670
5661
5704
5821
5599
5789
5695
5784
5757
5782
5803
5850
5677
5840
5743
5652
5795
5746
5857
5804
5858
5810
5584
5904
5791
5643
5725
5717
5648
5619
5836
5574
5640
5747
5613
5621
5646
5629
5642
5688
5578
5477
5543
5598
5502
5451
5496
5362
5376
5231
5145
5133
5190
5112
5115
5174
5182
4986
5048
5060
5114
5101
5314
5119
5194
5527
5432
5510
5511
5748
5699
5571
5680
5777
5698
5824
5640
5832
5754
5807
5602
5630
5705
5601
5688
5763
5735
5634
5682
5665
5686
5730
5626
5732
5655
5758
5749
5690
5705
5689
5498
5570
5582
5574
5577
5629
5394
5521
5600
5497
5485
5522
5314
5457
5329
5376
5313
5231
5173
5184
5132
5139
5121
5060
5049
5119
5051
5058
4955
4974
5019
5003
5100
5059
4945
5065
5147
5271
5227
5406
5352
5529
5442
5568
5546
5512
5719
5706
5559
5707
5647
5579
5696
5723
5847
5837
5847
5632
5909
5776
5711
5865
5854
5723
5806
5861
5698
5792
5744
5911
5665
5760
5794
5834
5816
5806
5678
5825
5714
5814
5590
5621
5782
5806
5826
5803
5783
5787
5796
5867
5785
5809
5798
5662
5800
5716
5760
5920
5990
5716
5714
5786
5650
5736
5754
5823
5784
5773
5783
5821
5936
5911
5868
5846
5841
5806
5826
5803
5713
5755
5832
5774
5893
5781
5775
5745
5724
5817
5794
5712
5753
5894
5743
5883
5711
5746
5855
5788
5809
5937
5735
5792
5756
5898
5824
5762
5946
5967
5694
5787
5859
5824
5904
5780
5821
5850
5847
5703
5716
5870
5790
5819
5753
5671
5943
5731
5761
5722
5921
5878
5815
5852
5766
5815
5959
5808
5865
5750
5842
5837
5667
5760
5851
5804
5762
5848
5753
5868
5839
5782
5671
5860
5810
5776
5766
5735
5914
5668
5844
5843
5631
5606
5681
5707
5724
5734
5545
5568
5595
5435
5437
5394
5252
5267
5197
5119
5156
5066
4993
5052
5080
4969
4934
5036
4919
5103
4947
5100
5058
5072
5105
5229
5175
5232
5325
5333
5271
5450
5357
5372
5414
5392
5468
5581
5316
5381
5436
5472
5594
5500
5745
5556
5643
5624
5602
5662
5625
5687
5738
5570
5792
5842
5592
5693
5661
5638
5628
5694
5838
5559
5713
5704
5800
5741
5639
5673
5745
5482
5687
5620
5596
5649
5720
5609
5331
5373
5230
5182
5296
5181
5018
5234
4978
5078
5020
5089
5009
5218
5126
5228
5111
5263
5304
5358
5353
5347
5411
5572
5472
5445
5634
5523
5773
5649
5655
5740
5739
5564
5679
5608
5601
5720
5716
5609
5767
5669
5707
5658
5630
5734
5731
5778
5745
5809
5681
5797
5682
5732
5694
5702
5794
5674
5619
5907
5637
5678
5791
5808
5631
5702
5624
5587
5709
5613
5472
5520
5521
5513
5337
5361
5273
5341
5224
5138
5254
5247
5261
5262
5239
5436
5517
5547
5531
5583
5563
5749
5613
5648
5765
5888
5653
5686
5852
5750
5729
5790
5896
5820
5746
5729
5740
5706
5666
5750
5727
5687
5705
5740
5661
5832
5692
5702
5629
5630
5499
5706
5613
5603
5548
5383
5562
5468
5335
5356
5227
5404
5223
5133
5188
5186
5227
5287
5433
5513
5386
5733
5450
5587
5667
5530
5760
5744
5736
5674
5740
5750
5709
5778
5715
5607
5723
5825
5680
5884
5732
5719
5711
5752
5651
5775
5625
5827
5723
5809
5620
5715
5617
5822
5660
5711
5756
5716
5591
5654
5706
5626
5568
5523
5525
5346
5526
5507
5611
5280
5281
5401
5371
5355
5299
5357
5275
5269
5099
5009
5015
5000
5077
5176
5129
5113
5145
5253
5221
5213
5309
5453
5331
5507
5514
5488
5707
5590
5589
5724
5727
5636
5598
5682
5725
5838
5766
5692
5658
5745
5650
5748
5771
5762
5706
5714
5581
5660
5635
5531
5601
5702
5577
5560
5505
5613
5707
5526
5592
5428
5511
5478
5376
5578
5465
5296
5366
5462
5335
5283
5249
5201
5297
5226
5092
5228
5042
5105
4927
4981
5094
5033
5063
5009
5028
5115
5057
5175
5260
5220
5220
5195
5386
5310
5410
5469
5297
5540
5561
5577
5712
5594
5682
5593
5706
5740
5647
5737
5764
5696
5787
5712
5720
5779
5804
5718
5658
5810
5730
5770
5773
5803
5790
5708
5781
5826
5908
5770
5726
5792
5846
5797
5620
5765
5729
5750
5817
5652
5772
5815
5833
5765
5898
5701
5750
5877
5808
5769
5899
5771
5817
5838
5778
5862
5839
5799
5798
5760
5726
5880
5761
5832
5716
5617
