3864
3872
3908
3919
3757
3938
3901
3889
3942
3836
3867
3833
3830
3950
3957
3906
3848
3816
3907
3853
3801
3742
3853
3804
3907
3861
3828
3932
3948
3849
3919
3836
3848
3851
3836
3796
3748
3839
3831
3886
3889
3883
3865
3871
3853
3709
3894
3862
3880
3864
3815
3882
3955
3819
3845
3788
3710
3885
3986
3815
3812
3750
3736
3903
3806
3738
3628
3697
3614
3635
3584
3603
3661
3424
3515
3531
3514
3429
3313
3394
3383
3373
3416
3405
3319
3324
3302
3350
3443
3452
3511
3493
3364
3564
3516
3633
3592
3663
3586
3646
3591
3667
3698
3635
3662
3794
3725
3714
3702
3707
3689
3664
3728
3773
3732
3730
3756
3801
3726
3844
3821
3784
3826
3764
3778
3818
3907
3761
3722
3823
3774
3868
3810
3721
3760
3869
3879
3887
3725
3835
3625
3633
3542
3529
3553
3478
3508
3507
3370
3338
3338
3427
3525
3427
3477
3466
3490
3475
3492
3571
3605
3651
3717
3534
3611
3552
3702
3662
3702
3572
3643
3754
3740
3869
3788
3822
3782
3758
3742
3771
3789
3875
3792
3758
3857
3876
3856
3866
3958
3887
3806
3763
3788
3799
3907
3825
3825
3910
3738
3842
3790
3755
3854
3841
3786
3803
3944
3902
3703
3826
3900
3747
3635
3676
3559
3551
3585
3541
3524
3438
3450
3511
3450
3517
3568
3539
3669
3636
3767
3644
3706
3778
3908
3799
3797
3765
3879
3843
3855
3838
3819
3834
3811
3911
3934
3848
3807
3868
3775
3821
3844
3796
3851
3795
3762
3739
3911
3769
3807
3843
3675
3812
3800
3811
3672
3701
3658
3578
3552
3570
3442
3386
3405
3510
3486
3568
3619
3619
3625
3670
3586
3638
3706
3825
3796
3870
3816
3827
3937
3756
3925
3773
3806
3801
3912
3851
3934
3834
3916
3977
3954
3766
3843
3899
3759
3893
3841
3734
3781
3780
3863
3860
3872
3949
3799
3802
3849
4038
3797
3925
3639
3815
3812
3733
3742
3797
3700
3619
3711
3636
3582
3573
3634
3587
3589
3608
3560
3504
3437
3409
3497
3348
3487
3403
3447
3462
3509
3351
3533
3517
3577
3649
3653
3757
3677
3619
3838
3618
3638
3705
3798
3761
3791
3776
3792
3777
3884
3801
3837
3813
3777
3766
3680
3804
3933
3778
3767
3797
3759
3735
3810
3807
3667
3837
3728
3813
3824
3669
3694
3679
3763
3699
3639
3627
3678
3567
3666
3706
3587
3487
3504
3546
3531
3454
3432
3507
3453
3457
3344
3338
3317
3392
3377
3366
3379
3351
3324
3340
3400
3359
3276
3383
3525
3470
3590
3559
3654
3616
3792
3703
3757
3711
3787
3844
3814
3840
3921
3909
3872
3792
3972
4019
3805
3847
3800
3935
3739
3896
3847
3832
3939
3814
3808
3881
3866
3857
3912
3891
3930
3882
3852
3903
3888
3993
3894
3885
3822
3884
3875
3964
3856
3909
3981
3909
3909
3979
3827
3902
4024
3785
3789
3884
3826
4057
3899
3760
3841
3876
3858
3892
3910
3928
3829
3887
3790
3878
3966
3871
3835
3888
3859
3821
3847
3802
3884
3873
3876
3859
3926
3972
3784
3885
3840
3935
4039
3770
3908
3879
3938
3765
3850
3902
3830
3813
3872
3920
3798
3851
4037
3839
3900
3854
3879
3824
3967
3794
3893
3882
3842
3768
3895
3858
3828
3795
3831
3884
3848
3863
3971
3884
3893
3828
3990
3875
3762
3859
3864
3840
3775
3806
3871
3860
3830
3907
4001
3938
3864
3822
3886
3882
3875
3722
3825
3843
3789
3863
3904
3887
3800
3831
3914
3778
3881
3834
3836
3852
3748
3792
3763
3896
3773
3841
3820
3759
3682
3635
3562
3650
3491
3463
3477
3474
3413
3333
3405
3386
3338
3380
3338
3345
3321
3289
3415
3349
3430
3445
3571
3447
3546
3518
3583
3518
3577
3619
3632
3611
3656
3658
3674
3657
3745
3682
3754
3774
3693
3733
3697
3706
3706
3682
3813
3794
3858
3913
3755
3715
3670
3849
3759
3742
3761
3883
3835
3714
3804
3853
3806
3741
3696
3862
3838
3796
3817
3823
3753
3892
3663
3825
3644
3739
3610
3525
3589
3455
3487
3377
3345
3461
3471
3366
3365
3316
3414
3349
3425
3343
3516
3379
3512
3498
3641
3626
3694
3603
3625
3634
3760
3728
3635
3763
3766
3830
3723
3787
3781
3735
3850
3834
3774
3745
3759
3822
3827
3771
3831
3852
3866
3848
3775
3881
3940
3866
3733
3759
3844
3836
3824
3773
3901
3811
3808
3839
3748
3927
4003
3671
3901
3806
3766
3761
3695
3747
3666
3535
3629
3439
3554
3461
3457
3557
3472
3528
3538
3473
3552
3536
3582
3630
3719
3808
3762
3678
3822
3829
3832
3781
3786
3823
3826
3844
3845
3782
3912
3871
3884
3831
3881
3852
3815
3848
3908
3784
3763
3784
3914
3774
3802
3863
3697
3828
3756
3690
3694
3698
3640
3566
3635
3579
3391
3566
3588
3490
3492
3586
3555
3539
3580
3617
3662
3659
3670
3753
3802
3816
3809
3876
3824
3756
3855
3784
3769
3734
3752
3706
3958
3823
3726
3751
3811
3808
3837
3795
3804
3849
3916
3740
3878
3775
3752
3804
3864
3750
3819
3742
3752
3721
3815
3728
3704
3722
3753
3744
3719
3668
3659
3742
3703
3713
3624
3667
3665
3552
3594
3495
3517
3585
3521
3370
3399
3448
3334
3281
3347
3390
3467
3453
3533
3567
3467
3531
3585
3653
3689
3718
3711
3750
3708
3744
3799
3808
3774
3721
3920
3858
3909
3738
3767
3707
3782
3734
3662
3721
3812
3720
3821
3655
3780
3719
3754
3702
3666
3803
3684
3712
3727
3711
3669
3633
3692
3732
3622
3693
3614
3621
3549
3514
3515
3531
3552
3486
3440
3523
3469
3449
3436
3433
3404
3453
3374
3436
3325
3427
3450
3409
3343
3383
3368
3406
3423
3570
3553
3562
3612
3633
3807
3752
3756
3719
3736
3734
3737
3766
3836
3761
3745
3993
3929
3766
3830
3777
3852
3857
3856
3779
3872
3764
3905
3838
3936
3937
3866
3830
3899
3987
3855
3929
3862
3754
3829
3861
3847
3835
3820
3815
3832
3936
3955
3936
3773
3870
3948
3833
3833
3775
3894
3954
3896
3797
3882
3831
3832
3866
3835
3874
3834
3969
4002
3933
3810
3977
3921
3848
3827
