4811
4718
4820
4801
4907
4779
4843
4775
4909
4848
4823
4868
4785
4939
4854
4926
4905
4948
4781
4741
4879
4807
4891
4678
4866
4871
4833
4843
4817
4863
4967
4980
4719
4934
4914
4921
4835
4770
4768
4935
4829
4770
4850
4825
4724
4910
4856
4931
4697
4791
4773
4868
4907
4864
4688
4705
4779
4852
4728
4704
4770
4683
4830
4711
4752
4779
4650
4569
4482
4567
4416
4498
4537
4350
4411
4373
4239
4374
4273
4197
4339
4222
4110
4265
4294
4136
4349
4283
4378
4393
4374
4426
4346
4404
4478
4383
4517
4563
4456
4538
4360
4627
4533
4587
4677
4633
4551
4657
4539
4522
4701
4656
4786
4689
4699
4760
4744
4636
4783
4728
4790
4756
4737
4731
4822
4697
4664
4890
4801
4799
4706
4712
4738
4609
4747
4745
4675
4561
4727
4589
4662
4631
4509
4345
4508
4374
4361
4236
4234
4261
4230
4189
4315
4409
4367
4218
4303
4392
4344
4446
4634
4466
4544
4503
4647
4618
4529
4644
4709
4634
4741
4706
4604
4805
4692
4750
4757
4757
4771
4810
4780
4848
4771
4808
4814
4890
4770
4884
4780
4714
4839
4689
4804
4793
4700
4838
4868
4753
4940
4718
4773
4769
4703
4786
4833
4818
4784
4840
4887
4744
4788
4687
4808
4558
4568
4488
4468
4469
4469
4327
4336
4372
4495
4406
4463
4544
4545
4590
4626
4671
4824
4672
4741
4741
4786
4725
4774
4767
4791
4894
4890
4811
4826
4854
4775
4903
4810
4763
4824
4835
4767
4907
4856
4792
4881
4719
4810
4741
4807
4762
4765
4769
4689
4751
4738
4588
4526
4463
4571
4469
4359
4395
4465
4307
4439
4337
4514
4652
4541
4663
4734
4707
4729
4746
4701
4778
4792
4702
4738
4771
4807
4776
4875
4906
4768
4810
4762
4740
4840
4805
4819
4889
4823
4886
4793
4855
4893
4846
4794
4838
4916
4821
4858
4943
4825
4715
4796
4855
4830
4809
4836
4674
4719
4566
4694
4723
4639
4655
4536
4649
4566
4503
4524
4473
4403
4402
4449
4324
4305
4313
4181
4272
4344
4369
4252
4189
4397
4306
4422
4433
4534
4573
4543
4624
4743
4668
4727
4741
4638
4805
4607
4835
4767
4734
4700
4815
4833
4836
4697
4881
4737
4747
4796
4849
4815
4821
4722
4789
4738
4681
4685
4686
4673
4742
4747
4604
4676
4799
4670
4622
4707
4588
4706
4560
4562
4586
4513
4524
4598
4519
4352
4532
4375
4297
4362
4273
4326
4290
4269
4216
4271
4214
4278
4211
4180
4143
4115
4174
4287
4409
4374
4385
4409
4529
4442
4394
4553
4725
4738
4740
4752
4705
4656
4787
4768
4766
4904
4711
4849
4831
4847
4772
4908
4929
4877
4729
4751
4776
4790
4776
4829
4853
4852
4918
4839
4852
4882
4905
4896
4834
4841
4831
4888
4802
4972
4945
4779
4744
4873
4785
4802
4727
4836
4720
4809
4827
4827
4851
4759
4844
4811
4956
4865
4775
4865
4792
4875
4765
4885
4836
4931
4883
4856
4943
4731
4855
4917
4849
4888
4794
4819
4874
4856
4829
4933
4921
4883
4844
4748
4941
5021
4992
4804
4796
4819
4910
4814
4839
4802
4775
4874
4846
4997
4730
4831
4902
4668
4864
4932
4866
4787
4792
4999
4863
4897
4796
4859
4957
4949
4875
4880
4815
4899
4821
4932
4869
4861
4913
4743
4947
4793
4868
4830
4902
4812
4803
4740
4845
4878
4871
4812
4974
4839
4770
4824
4838
4855
4782
4777
4787
4761
4916
4785
4732
4823
4836
4870
4810
4712
4711
4931
4835
4908
4702
4763
4820
4683
4690
4814
4773
4711
4722
4706
4678
4437
4535
4563
4545
4609
4416
4281
4344
4231
4171
4200
4173
4191
4210
4147
4207
4099
4195
4261
4229
4250
4271
4341
4295
4423
4308
4433
4352
4429
4551
4555
4452
4626
4520
4702
4710
4565
4545
4635
4622
4733
4688
4588
4660
4661
4709
4690
4681
4727
4675
4724
4666
4796
4800
4873
4798
4778
4662
4792
4828
4767
4907
4797
4718
4611
4779
4677
4806
4698
4620
4632
4688
4679
4652
4622
4647
4588
4435
4506
4409
4297
4418
4339
4217
4186
4230
4223
4218
4205
4237
4255
4303
4416
4419
4497
4430
4442
4553
4617
4574
4583
4614
4661
4680
4724
4639
4677
4636
4742
4716
4745
4711
4756
4771
4863
4733
4711
4730
4804
4786
4947
4805
4702
4880
4881
4982
4823
4722
4812
4878
4896
4863
4796
4790
4834
4843
4824
4783
4656
4813
4743
4684
4731
4879
4688
4675
4610
4569
4601
4593
4503
4489
4391
4414
4259
4463
4351
4322
4467
4487
4522
4541
4426
4594
4559
4752
4750
4811
4675
4822
4633
4683
4884
4843
4775
4738
4744
4776
4702
4813
4729
4911
4740
4802
4739
4833
4727
4784
4943
4835
4806
4843
4750
4783
4678
4759
4736
4762
4486
4655
4585
4574
4521
4456
4475
4366
4329
4385
4457
4405
4333
4481
4516
4537
4619
4598
4549
4694
4730
4686
4805
4822
4863
4686
4807
4772
4827
4720
4849
4664
4762
4807
4764
4898
4851
4767
4846
4785
4776
4846
4754
4673
4792
4775
4715
4764
4699
4740
4638
4776
4780
4741
4690
4686
4689
4705
4747
4597
4703
4732
4686
4646
4623
4714
4568
4642
4557
4575
4410
4392
4379
4376
4351
4314
4381
4312
4250
4225
4323
4201
4342
4337
4456
4461
4475
4576
4475
4540
4544
4641
4650
4660
4685
4677
4652
4751
4675
4807
4824
4765
4765
4833
4712
4764
4753
4665
4597
4795
4694
4728
4593
4668
4787
4787
4616
4747
4619
4716
4571
4721
4617
4594
4564
4580
4488
4544
4556
4693
4503
4513
4571
4467
4452
4533
4458
4379
4351
4325
4267
4375
4163
4137
4219
4152
4233
4213
4273
4257
4181
4260
4140
4260
4250
4316
4382
4435
4305
4461
4505
4561
4645
4674
4503
4591
4617
4704
4777
4647
4782
4733
4738
4919
4832
4801
4868
4889
4811
4828
4901
4859
4835
4900
4857
4813
4869
4793
4757
4734
4919
4977
4900
4874
4752
4859
4839
4864
4899
4807
4863
4928
4815
4778
4922
4747
4904
4821
4915
4819
4942
4773
4971
4811
4963
4869
4821
4772
4995
4920
4823
4990
4762
4848
4837
4818
4865
4820
4929
4807
4895
