3871
3824
3925
3881
3855
3956
3856
3892
3852
3815
3818
3939
3954
3859
3948
3819
3995
3837
3861
3920
3901
3829
3885
3862
3877
3915
3857
3804
3964
3877
3889
3856
3965
3923
3926
3884
3882
3918
3908
3855
3930
3843
3895
3797
3860
3940
3914
3901
3828
3806
3880
3821
3801
4007
3902
3942
3951
3763
3797
3785
3771
3823
3768
3861
3844
3731
3789
3584
3624
3716
3768
3460
3487
3462
3511
3602
3467
3415
3341
3443
3340
3362
3388
3347
3380
3416
3390
3423
3359
3376
3411
3449
3501
3492
3559
3605
3572
3576
3514
3605
3630
3686
3632
3661
3728
3687
3647
3694
3793
3713
3668
3603
3750
3706
3745
3805
3851
3908
3819
3675
3918
3790
3752
3750
3786
3811
3838
3827
3721
3692
3747
3755
3793
3770
3778
3700
3733
3748
3714
3685
3718
3643
3581
3602
3589
3584
3467
3445
3561
3411
3451
3328
3401
3394
3496
3443
3466
3622
3499
3556
3573
3514
3687
3664
3793
3678
3674
3738
3715
3785
3773
3644
3678
3756
3689
3851
3734
3769
3815
3885
3846
3844
3831
3833
3908
3880
3906
3895
3875
3884
3891
3863
3784
3962
3960
4010
3861
3851
3783
3852
3835
3803
3877
3884
3863
3789
3652
3766
3807
3757
3624
3712
3715
3657
3526
3601
3597
3542
3475
3463
3501
3640
3554
3701
3708
3611
3601
3560
3671
3631
3706
3771
3691
3759
3774
3767
3966
3773
3912
3826
3828
3883
3745
3871
3900
3886
3811
3972
3886
3864
3815
3830
3873
3809
3928
3777
3865
3901
3731
3746
3742
3759
3747
3730
3762
3668
3689
3621
3521
3595
3582
3623
3523
3529
3597
3509
3649
3556
3663
3700
3615
3764
3790
3770
3687
3808
3805
3744
3789
3814
3822
3846
3914
3881
3847
3905
3800
3801
3854
3915
3907
3852
3838
3805
3891
3839
3871
3891
3907
3822
3781
3877
3800
3745
3718
3849
3859
3771
3769
3736
3813
3787
3744
3774
3835
3843
3687
3732
3607
3692
3584
3525
3630
3554
3659
3435
3491
3420
3390
3444
3344
3491
3384
3408
3394
3297
3406
3558
3579
3655
3579
3644
3704
3671
3777
3686
3756
3766
3849
3873
3746
3787
3813
3918
3724
3832
3704
3876
3810
3930
3728
3853
3846
3863
3767
3804
3891
3722
3788
3731
3746
3775
3797
3754
3834
3664
3776
3718
3668
3754
3673
3709
3673
3766
3651
3683
3641
3638
3537
3540
3665
3525
3438
3489
3511
3389
3457
3441
3176
3327
3387
3343
3407
3291
3311
3437
3331
3412
3437
3441
3387
3460
3601
3617
3539
3627
3768
3680
3784
3717
3666
3848
3689
3878
3922
3797
3849
3770
3861
3836
3923
3864
3898
3856
3754
3894
3716
3848
4027
3834
3846
3886
3825
3936
3883
3853
3849
3942
3967
3790
3832
3863
3962
3827
3884
3854
3928
3901
3903
3850
3853
3848
3928
3762
3938
3859
3942
3892
3956
3825
3871
3883
3760
3846
3805
3829
3942
3931
3908
3868
3869
3945
3915
3951
3860
3892
3823
3955
3924
3917
3772
3870
3870
3856
3997
3872
3944
3817
3946
3811
3855
3835
3874
3808
3890
3814
3789
3879
3931
3930
3943
3875
3882
3849
3931
3882
3875
3723
3898
3834
3930
3832
3966
3920
4024
3982
3899
3847
3970
3827
3959
3837
3858
3855
3874
3878
3835
3881
3921
3915
3914
3855
3948
3922
3920
3853
3890
3904
3856
3834
3916
3912
3941
3971
3908
3834
3871
3789
3983
3871
3894
3961
3923
3810
3896
3850
3835
3914
3919
3924
3816
3822
3852
3964
3919
3895
3812
3820
3676
3760
3886
3790
3735
3777
3729
3715
3593
3741
3462
3538
3440
3482
3508
3426
3408
3389
3423
3419
3427
3364
3386
3379
3400
3334
3411
3474
3437
3621
3452
3558
3461
3565
3441
3647
3609
3616
3574
3706
3638
3643
3610
3761
3694
3744
3708
3772
3695
3787
3821
3813
3835
3710
3902
3768
3747
3795
3812
3785
3805
3750
3851
3834
3838
3730
3814
3892
3751
3807
3755
3729
3891
3836
3833
3735
3789
3723
3762
3742
3676
3721
3573
3512
3534
3585
3477
3465
3534
3444
3386
3352
3349
3365
3464
3387
3501
3512
3504
3479
3502
3465
3687
3572
3604
3716
3614
3675
3671
3828
3750
3723
3730
3814
3802
3818
3715
3736
3901
3756
3895
3847
3873
3722
3808
3805
3864
3903
3727
3906
3784
3791
3895
3717
3817
3839
3878
3805
3912
3876
3729
3714
3858
3721
3732
3807
3758
3869
3811
3743
3741
3787
3664
3825
3716
3596
3660
3711
3487
3617
3563
3471
3470
3525
3472
3689
3480
3701
3805
3689
3709
3721
3813
3766
3776
3750
3857
3773
3809
3826
3846
3846
3880
3857
3833
3810
3903
3823
3885
3836
3633
3779
3905
3790
3927
3874
3751
3916
3764
3816
3850
3878
3806
3631
3709
3694
3702
3508
3530
3573
3632
3621
3521
3469
3594
3400
3502
3557
3439
3617
3773
3805
3727
3768
3674
3727
3960
3858
3778
3964
3623
3904
3903
3758
3872
3830
3822
3907
3814
3771
3906
3777
3967
3749
3853
3900
3830
3904
3729
3865
3817
3779
3863
3783
3865
3830
3712
3892
3810
3787
3887
3740
3631
3695
3725
3598
3662
3663
3602
3604
3533
3688
3622
3534
3604
3591
3466
3449
3469
3385
3409
3440
3493
3454
3454
3452
3432
3337
3424
3577
3494
3616
3648
3637
3638
3724
3679
3781
3794
3689
3784
3817
3756
3870
3742
3844
3882
3806
3902
3875
3710
3736
3705
3769
3795
3772
3788
3831
3750
3746
3803
3627
3779
3720
3796
3705
3776
3565
3646
3705
3749
3674
3680
3580
3567
3630
3649
3536
3559
3599
3514
3512
3508
3487
3571
3472
3376
3443
3455
3410
3337
3177
3368
3389
3349
3423
3422
3480
3397
3475
3617
3461
3584
3581
3631
3668
3648
3693
3853
3680
3712
3778
3759
3846
3833
3866
3923
3881
3780
3819
3880
3891
3975
3958
3884
3852
3921
3795
3944
3801
3878
3889
3899
3846
3837
3847
3908
3988
3978
3872
3884
3816
3856
3892
3918
3876
3811
3948
3816
3816
3859
3852
3901
3884
3734
3894
3962
3826
3880
3838
3915
3905
3885
3919
3962
3909
3878
3900
4016
3870
3921
3829
3767
3899
3865
