3946
4029
3949
3985
3821
3808
3845
3960
3741
3877
3917
3875
3961
3836
3944
3924
3858
3885
3839
3873
3821
3948
3934
4015
3875
3885
3905
3872
3915
3897
3938
3795
4054
3900
3967
3868
3823
3986
3923
3885
3953
3946
3867
3937
3854
3975
3880
3996
3936
3883
3946
3835
3860
3860
3906
3931
3876
3942
3904
3658
3848
3945
3697
3819
3777
3686
3722
3717
3592
3547
3599
3542
3573
3588
3555
3530
3603
3477
3436
3386
3464
3387
3357
3430
3396
3554
3515
3455
3452
3509
3355
3460
3522
3567
3535
3637
3607
3557
3509
3661
3700
3594
3686
3684
3697
3789
3766
3729
3663
3671
3736
3732
3727
3679
3791
3802
3723
3724
3786
3765
3678
3737
3809
3719
3897
3852
3775
3850
3720
3823
3951
3846
3800
3958
3756
3764
3875
3755
3695
3699
3696
3638
3683
3494
3551
3520
3512
3461
3461
3351
3414
3373
3518
3470
3377
3455
3467
3528
3561
3669
3716
3612
3715
3586
3767
3676
3726
3772
3731
3744
3843
3833
3747
3758
3802
3889
3670
3750
3900
3828
3768
3820
3795
3873
3812
3744
3897
3952
3882
3916
3870
3916
3816
3925
3877
3805
3925
3860
3904
3795
3851
3828
3823
3807
3860
3872
3865
3787
3930
3908
3770
3715
3790
3663
3644
3623
3639
3561
3504
3560
3502
3593
3648
3615
3700
3639
3646
3640
3789
3751
3649
3815
3736
3870
3763
3906
3808
3914
3789
3866
3774
3854
3899
3921
3950
3773
3940
3812
3803
3908
3821
3882
3880
3960
3861
3819
3789
3826
3868
3982
3805
3797
3915
3751
3683
3766
3632
3551
3544
3646
3610
3525
3480
3471
3513
3555
3535
3535
3628
3791
3724
3764
3645
3758
3707
3758
3827
3834
3989
3800
3840
3900
4002
3821
3884
3871
3785
3787
3734
3929
3852
3885
3737
3728
3908
3829
3829
3849
3935
3862
3966
4000
3855
3907
3847
3928
3864
3773
3750
3866
3758
3822
3754
3737
3688
3754
3688
3632
3733
3689
3652
3573
3624
3619
3573
3498
3572
3501
3416
3491
3411
3469
3392
3474
3470
3494
3490
3640
3605
3650
3660
3575
3723
3763
3707
3753
3818
3805
3824
3823
3757
3762
3734
3787
3855
3865
3753
3893
3853
3934
3748
3790
3849
3843
3846
3726
3886
3716
3868
3756
3851
3732
3801
3846
3645
3703
3751
3731
3638
3800
3644
3715
3731
3656
3537
3650
3713
3568
3488
3667
3616
3606
3501
3466
3530
3445
3500
3477
3407
3476
3462
3373
3453
3369
3364
3329
3390
3439
3461
3541
3496
3532
3556
3612
3561
3643
3650
3715
3740
3813
3737
3793
3889
3759
3829
3775
3795
3976
3802
3894
3762
3910
3920
3982
3890
3934
3880
3942
3879
3953
3902
3868
3849
3983
3984
3868
3944
3844
3832
3928
3893
3896
3828
3879
3983
3931
3908
3892
3814
3870
3996
3815
3846
3981
3947
3901
3921
3936
3853
3873
3876
3944
3936
3887
3932
3888
3868
3996
3974
3920
3831
3803
3831
3875
3986
3852
3883
3988
3896
3901
4061
3880
3879
3804
3951
3899
3978
3723
3916
3952
3807
3917
3779
3859
3899
3933
3942
3880
3826
3898
3988
3910
4021
3861
3862
3759
3906
3894
3960
3866
3877
3845
3910
3901
3947
3887
3979
3875
3833
3876
3938
3891
3946
3874
3917
3952
3958
3839
3821
3831
3824
3823
3846
3961
3917
3888
3751
3905
3990
3966
3823
3887
3888
3960
3937
3933
3893
3856
3819
4026
3856
3842
3924
3892
3896
3898
3855
3858
3965
3807
4011
3924
3764
3918
3896
3810
3826
3860
3923
3864
3865
3743
3836
3766
3764
3735
3752
3653
3627
3518
3524
3561
3466
3434
3444
3379
3498
3318
3327
3390
3377
3461
3489
3506
3392
3449
3409
3418
3457
3588
3550
3602
3580
3481
3585
3615
3706
3689
3730
3765
3714
3763
3587
3728
3751
3696
3842
3775
3660
3760
3756
3779
3803
3807
3810
3776
3930
3838
3670
3730
3816
3745
3778
3881
3743
3738
3759
3836
3779
3675
3816
3820
3820
3828
3726
3732
3682
3693
3708
3723
3583
3579
3492
3432
3458
3509
3470
3439
3409
3391
3371
3413
3553
3353
3511
3480
3624
3581
3576
3648
3689
3664
3651
3623
3640
3646
3701
3682
3633
3705
3756
3810
3790
3832
3749
3855
3803
3845
3895
3874
3924
3918
3775
3861
3913
3782
3818
3870
3808
3932
3777
3819
3854
3883
3850
3842
3894
3796
3852
3800
3775
3858
3771
3779
3798
3882
3789
3823
3767
3737
3845
3746
3600
3688
3616
3567
3612
3550
3605
3475
3499
3542
3554
3525
3652
3627
3584
3653
3720
3824
3732
3724
3899
3875
3811
3782
3825
3842
3879
3837
3878
3798
3981
3787
3807
3780
3866
3888
3940
3869
3819
3953
3896
3697
3897
3860
3796
3720
3783
3860
3740
3789
3703
3842
3727
3707
3607
3632
3595
3550
3541
3548
3550
3553
3531
3558
3582
3614
3642
3700
3673
3840
3906
3830
3829
3709
3920
3878
3884
3850
3863
3915
3782
3836
3879
3866
3823
3865
3898
3840
3818
3863
3788
3826
3802
3845
3801
3824
3698
3846
3749
3851
3824
3814
3917
3663
3863
3837
3696
3700
3809
3774
3541
3684
3730
3641
3691
3647
3590
3625
3577
3586
3457
3447
3552
3418
3454
3504
3436
3553
3481
3492
3382
3517
3377
3519
3464
3628
3566
3701
3646
3721
3709
3805
3595
3720
3781
3826
3874
3777
3732
3881
3688
3782
3785
3879
3873
3823
3847
3712
3822
3854
3782
3762
3771
3805
3719
3735
3732
3756
3832
3723
3825
3716
3699
3687
3733
3590
3676
3698
3631
3690
3645
3548
3669
3495
3553
3522
3489
3504
3466
3436
3442
3384
3500
3482
3371
3449
3467
3517
3319
3373
3484
3453
3460
3568
3461
3472
3614
3654
3668
3556
3705
3680
3692
3827
3812
3786
3751
3736
3807
3802
3837
3851
3849
3790
3884
3902
3830
3954
3913
3871
3840
3713
3819
3928
3917
3995
3978
3988
3840
3859
3839
3913
3856
3895
3913
3894
3869
3907
3884
4029
3896
3881
3929
3818
3867
3897
3892
3890
3956
3928
3973
3888
3873
3924
3890
3960
3957
3920
3818
3810
3780
3900
3803
3863
3872
3851
3936
4006
3848
3935
3895
