2971
2967
2996
2895
3029
2926
2890
2965
2961
2869
2809
2935
2986
2926
2931
2925
2910
3020
2877
2885
2933
3029
2941
2876
2884
2886
2895
2994
2969
2902
2899
2946
2906
2975
2906
2965
2882
3025
2926
2993
3005
2904
2966
2937
2936
2866
2954
2923
2878
2901
2935
2883
2921
2918
2941
2872
2942
2939
2936
2912
2904
2948
2890
2755
2835
2812
2901
2804
2734
2748
2653
2709
2698
2720
2618
2645
2599
2587
2603
2577
2589
2529
2556
2598
2586
2568
2533
2686
2555
2652
2606
2531
2684
2607
2709
2698
2681
2666
2718
2845
2706
2767
2732
2746
2726
2809
2716
2794
2751
2752
2764
2885
2745
2794
2830
2826
2818
2816
2779
2956
2781
2902
2818
2823
2775
2856
2849
2888
2906
2874
2888
2742
2775
2803
2880
2841
2842
2780
2832
2775
2764
2712
2738
2709
2673
2682
2561
2578
2544
2603
2585
2568
2635
2568
2575
2596
2562
2647
2717
2675
2552
2714
2673
2766
2703
2741
2725
2763
2810
2827
2859
2793
2785
2809
2820
2835
2918
2862
2821
2819
2918
2892
2889
2890
2826
2930
2889
3008
2850
2942
2925
2900
2995
2867
2950
2974
2882
2995
2870
2928
2867
2912
2889
2893
2926
2839
2916
2939
2882
2836
2934
2830
2835
2788
2745
2712
2678
2593
2695
2677
2638
2720
2668
2778
2725
2701
2787
2765
2747
2788
2846
2921
2732
2901
2884
2783
2864
2897
2952
2962
2884
2932
2855
2919
2970
2917
2922
2919
2924
2928
2842
2887
2944
2908
2781
2888
2863
2919
2878
2889
2875
2946
2827
2854
2741
2848
2749
2737
2688
2654
2629
2604
2648
2730
2717
2598
2744
2712
2759
2757
2873
2801
2958
2840
2817
2889
2855
2913
2902
2837
2932
2963
2926
2868
2900
2918
2881
2844
2935
2957
2939
2930
2922
2908
3008
2917
2874
2970
2825
2988
2886
2879
2896
2885
2951
2893
2848
2923
2908
2824
2837
2838
2808
2804
2804
2908
2790
2860
2741
2690
2658
2774
2666
2686
2714
2705
2651
2520
2576
2586
2532
2578
2635
2505
2650
2551
2606
2624
2684
2666
2688
2786
2795
2778
2756
2828
2865
2923
2821
2835
2837
2886
2860
2839
2857
2746
2890
2922
2808
2936
2854
2888
2849
2861
2831
2897
2821
2860
2952
2820
2832
2794
2802
2947
2761
2726
2850
2873
2793
2756
2825
2718
2779
2696
2688
2766
2738
2742
2726
2679
2614
2586
2631
2628
2523
2573
2611
2623
2568
2496
2614
2644
2607
2484
2554
2505
2544
2582
2571
2647
2583
2574
2736
2717
2755
2696
2716
2848
2780
2775
2815
2746
2951
2833
2861
2771
2827
2841
2955
2963
2967
2829
2929
2951
3001
3013
2939
2956
2923
2862
2891
2968
2898
2935
3007
2969
2948
2964
2874
2979
2905
2906
3033
2899
2858
2931
2917
2945
2993
2920
2890
2942
2820
2973
2807
2949
2939
2943
2966
3021
2841
2903
2929
2924
2906
2930
2898
2864
2982
2894
2921
2905
2846
2948
2923
2947
2830
2922
2988
2905
2853
2928
3032
3000
2989
2941
3011
2978
2928
2950
2945
2899
2907
2970
2845
2940
3012
2842
2917
2937
2910
2960
2959
2883
2905
3002
2933
2980
2985
2898
2883
2954
2871
2869
2951
2953
2967
2881
3007
2954
3021
2983
2943
2925
2953
2926
2938
2871
2924
2942
2870
2946
2890
2975
2807
3011
2876
2897
2950
2924
3004
2922
2870
2892
2959
2908
2893
2889
2926
2970
2927
2833
2891
2890
2871
2974
2894
2833
2915
2783
2958
2886
2883
2906
2923
2920
2915
2966
2816
2849
2814
2793
2765
2818
2797
2785
2806
2744
2746
2606
2699
2683
2597
2581
2687
2565
2510
2532
2497
2584
2499
2610
2593
2541
2628
2560
2590
2637
2611
2669
2592
2616
2682
2721
2751
2779
2706
2669
2797
2753
2747
2824
2834
2798
2829
2788
2819
2817
2774
2776
2779
2875
2892
2857
2877
2869
2822
2895
2837
2815
2814
2885
2916
2807
2901
2840
2872
2854
2858
2922
2868
2886
2792
2803
2811
2852
2891
2797
2769
2742
2768
2729
2666
2595
2588
2631
2576
2610
2635
2548
2556
2610
2535
2605
2625
2698
2639
2643
2719
2619
2783
2715
2716
2732
2761
2824
2858
2775
2752
2816
2788
2784
2792
2802
2825
2842
2828
2821
2952
2794
2846
2970
2877
2891
2840
2901
2893
2909
2959
2917
2936
2862
2815
2816
2926
2878
2774
2925
2878
2938
2942
2803
2895
2899
2928
2872
2944
2893
2876
2893
2798
2844
2803
2743
2748
2721
2663
2603
2681
2629
2675
2654
2662
2717
2813
2703
2805
2770
2716
2908
2803
2843
2867
2865
2785
2886
2931
2865
2903
2936
2972
2941
2956
2949
2890
2853
2805
2902
2795
2885
2900
2924
2891
2990
2859
2878
2856
2931
2830
2787
2766
2864
2869
2858
2823
2789
2741
2786
2729
2702
2678
2658
2468
2610
2613
2732
2689
2714
2835
2837
2813
2822
2831
2900
2787
2806
2887
2919
2907
2851
2850
2997
2863
2968
2844
2893
2833
2847
2806
2884
2893
2861
2890
2922
2804
2852
2843
3005
2836
2868
2864
2866
2907
2932
2828
2803
2789
2910
2833
2792
2833
2858
2701
2748
2791
2703
2737
2707
2685
2666
2709
2707
2607
2649
2675
2572
2666
2662
2587
2528
2569
2556
2610
2627
2607
2589
2610
2627
2676
2666
2681
2680
2813
2795
2815
2800
2881
2840
2880
2868
2891
2843
2874
2839
2866
2879
2872
2803
2821
2779
2926
2863
2857
2837
2912
2872
2855
2802
2819
2862
2830
2729
2742
2809
2786
2868
2739
2736
2795
2823
2699
2736
2710
2729
2749
2645
2688
2662
2610
2722
2676
2695
2587
2602
2567
2619
2599
2633
2609
2620
2548
2575
2582
2566
2534
2658
2590
2566
2607
2695
2714
2755
2857
2752
2685
2805
2863
2930
2914
2818
2800
2923
2857
2886
2871
2923
2977
2849
2849
2925
2945
2886
2950
2959
2885
2964
2880
2974
2892
2936
2880
2887
2914
2878
2925
2938
2920
2901
2859
2937
2967
2864
2978
2790
2915
2954
2914
2964
2873
2964
3000
2970
2979
3014
2952
2894
2910
2965
2893
2882
2912
2948
2885
2859
2903
2916
2968
2963
3046
2895
2841
3005
2967
