4879
4889
4852
4926
4849
4952
4858
4784
4853
4840
4946
5023
4929
4795
4968
4804
4745
4796
4833
4903
4899
4901
4961
4911
4862
4812
4970
4893
4903
4761
4901
4860
4968
4926
4837
4905
4853
4924
4871
4949
4911
4835
4926
4848
4924
4959
4778
4882
4931
4800
4829
4872
4755
4791
4805
4752
4840
4899
4771
4954
4802
4798
4811
4803
4914
4708
4620
4725
4759
4546
4668
4453
4536
4494
4447
4410
4266
4436
4231
4269
4208
4163
4173
4325
4147
4248
4237
4401
4376
4362
4422
4368
4330
4327
4323
4437
4397
4433
4491
4494
4601
4519
4597
4665
4699
4702
4536
4647
4742
4644
4596
4594
4760
4760
4663
4699
4817
4672
4744
4803
4682
4792
4710
4717
4703
4787
4719
4777
4689
4798
4794
4796
4722
4748
4727
4778
4634
4810
4747
4563
4581
4630
4587
4523
4376
4381
4348
4332
4280
4303
4438
4281
4092
4235
4418
4506
4488
4399
4430
4406
4557
4444
4444
4420
4553
4680
4637
4656
4636
4643
4632
4815
4670
4724
4670
4599
4710
4745
4582
4807
4721
4706
4893
4841
4830
4708
4873
4813
4784
4868
4765
4757
4835
4785
4911
4861
4838
4741
4759
4852
4822
4990
4768
4886
4868
4943
4690
4766
4752
4769
4784
4709
4783
4747
4573
4522
4468
4405
4533
4369
4513
4340
4384
4451
4624
4621
4586
4669
4638
4797
4712
4793
4625
4693
4829
4818
4785
4777
4910
4800
4771
4761
4796
4785
4800
4812
4708
4988
4810
4903
4802
4821
4800
4801
4780
4784
4792
4770
4829
4818
4780
4754
4755
4603
4662
4661
4570
4435
4419
4517
4451
4388
4464
4415
4359
4510
4561
4606
4490
4589
4655
4708
4628
4770
4724
4854
4720
4830
4750
4826
4879
4810
4854
4788
4804
4826
4842
4850
4764
4776
4842
4766
4694
4738
4883
4796
4789
4860
4935
4796
4803
4894
4827
4885
4696
4791
4851
4620
4661
4646
4755
4689
4766
4670
4622
4578
4600
4628
4552
4534
4539
4488
4449
4371
4358
4332
4332
4338
4311
4253
4312
4345
4279
4331
4300
4323
4393
4499
4517
4537
4548
4527
4649
4642
4590
4742
4727
4708
4674
4797
4837
4771
4739
4822
4667
4757
4707
4783
4781
4785
4802
4741
4693
5001
4708
4778
4722
4788
4798
4700
4686
4737
4659
4668
4698
4755
4754
4628
4548
4672
4651
4517
4691
4677
4627
4616
4456
4538
4412
4358
4475
4355
4277
4373
4349
4269
4304
4299
4240
4271
4259
4277
4330
4220
4352
4321
4369
4191
4322
4332
4428
4565
4530
4552
4530
4670
4788
4731
4713
4675
4768
4896
4878
4699
4754
4697
4849
4805
4660
4718
4873
4876
4884
4898
4913
4910
4832
4781
4819
4834
4959
4771
4937
4947
4851
4830
4887
4800
4994
4793
4786
4817
4817
4905
4742
4749
4949
4966
4765
4860
4923
4936
4775
4861
4988
5032
4981
4862
4820
4825
4841
4803
4802
4855
4883
4818
4956
4879
4862
4870
4864
4886
4818
4931
4932
4915
5019
4845
4924
4900
4873
4835
4861
4961
4855
4867
4914
4970
4891
4922
4849
4875
4848
4958
4934
4916
4965
4905
4879
4951
5002
4982
4773
4882
4904
4858
4885
4798
4911
4836
4955
4744
4987
4938
4923
4931
4972
4890
4862
4847
4955
4921
4882
4865
4880
5006
4821
4820
4983
4927
4933
4892
4905
4891
4884
4951
4946
4857
4869
4753
4803
4966
4885
4834
4908
4810
4852
4901
4901
4918
4707
4937
4889
4859
4805
4926
4862
4872
4836
4949
4775
4863
4805
4740
4879
4805
5022
4877
4806
4875
4763
4805
4779
4903
4737
4644
4651
4702
4599
4405
4449
4418
4272
4406
4240
4399
4305
4339
4179
4105
4282
4336
4302
4257
4345
4371
4321
4414
4260
4414
4488
4427
4381
4520
4384
4440
4496
4549
4654
4607
4652
4731
4674
4606
4757
4692
4625
4732
4609
4745
4696
4770
4733
4676
4675
4842
4847
4799
4755
4755
4751
4795
4738
4776
4834
4812
4682
4870
4843
4683
4728
4884
4669
4643
4841
4712
4696
4683
4535
4621
4550
4614
4552
4433
4378
4324
4403
4264
4331
4385
4245
4191
4248
4372
4174
4458
4234
4454
4320
4483
4416
4429
4570
4524
4644
4708
4656
4636
4785
4703
4704
4792
4798
4716
4699
4792
4686
4730
4801
4788
4761
4719
4751
4731
4839
4852
4855
4744
4926
4834
4732
4792
4632
4905
4760
4820
4801
4813
4804
4851
4825
4943
4865
4749
4927
4804
4801
4664
4736
4738
4806
4664
4649
4607
4500
4456
4496
4447
4389
4445
4565
4384
4338
4492
4402
4552
4616
4659
4693
4707
4820
4694
4767
4778
4804
4741
4888
4920
4774
4866
4796
4822
4864
4831
4891
4795
4700
4887
4840
4784
4817
4750
4847
4876
4883
4722
4796
4628
4761
4781
4693
4603
4661
4548
4582
4692
4534
4463
4490
4452
4455
4571
4411
4450
4432
4417
4496
4415
4574
4722
4683
4763
4769
4779
4770
4902
4756
4741
4815
4892
4781
4809
4739
4954
4854
4702
5037
4761
4826
4948
4855
4720
4804
4874
4803
4802
4835
4855
4841
4748
4757
4760
4792
4679
4777
4884
4619
4631
4770
4597
4816
4632
4761
4674
4576
4560
4581
4572
4515
4523
4528
4377
4605
4465
4395
4336
4392
4324
4258
4263
4190
4391
4315
4307
4301
4496
4381
4490
4473
4569
4457
4578
4628
4679
4754
4756
4583
4660
4884
4900
4685
4765
4759
4766
4764
4781
4700
4740
4676
4780
4809
4665
4736
4784
4711
4724
4850
4696
4684
4696
4603
4754
4731
4632
4486
4624
4589
4554
4550
4523
4608
4409
4604
4505
4586
4350
4443
4257
4373
4364
4355
4386
4280
4334
4308
4291
4298
4434
4379
4300
4199
4350
4314
4230
4356
4279
4378
4426
4400
4373
4422
4606
4634
4739
4588
4664
4579
4703
4812
4692
4889
4758
4762
4854
5007
4876
4847
4876
4764
4838
4782
4842
4867
4965
4822
4896
4965
4909
4887
4961
4812
4875
4907
4960
4891
4824
5030
4750
4884
4948
4868
4775
4884
4810
4901
4955
4840
5001
4911
4782
4946
4740
4851
4895
4864
4808
4853
4802
4884
4872
4978
4925
4962
4811
4890
4862
4872
4932
4864
4896
4858
4889
4813
