4865
4748
4889
5002
4823
4963
4885
4930
4806
4822
4991
5001
4947
4986
4867
4827
4695
4758
4850
4810
4991
4873
4817
4883
4786
4971
4810
4860
4863
4980
4985
4914
4852
4888
4831
4904
4911
5001
4887
4750
4826
4960
4940
4828
4858
4921
4978
4950
4951
4860
4905
4826
4893
5021
4759
5003
5012
4788
4767
4775
4689
4740
4772
4643
4696
4727
4627
4641
4616
4700
4587
4563
4672
4529
4470
4456
4356
4348
4286
4299
4196
4197
4258
4366
4306
4314
4241
4297
4365
4438
4373
4377
4583
4372
4346
4384
4370
4374
4459
4471
4568
4442
4620
4436
4622
4667
4742
4701
4672
4644
4715
4575
4711
4751
4604
4628
4717
4769
4679
4857
4856
4877
4769
4835
4863
4782
4712
4798
4809
4822
4743
4729
4769
4706
4696
4675
4701
4647
4689
4489
4624
4725
4503
4487
4533
4465
4418
4389
4347
4332
4294
4280
4319
4319
4397
4378
4362
4365
4463
4496
4455
4508
4485
4554
4587
4503
4648
4558
4718
4699
4755
4811
4727
4704
4715
4777
4795
4714
4738
4792
4948
4664
4831
4831
4759
4679
4861
4720
4887
4840
4893
4761
4815
4806
4766
4724
4725
4901
4784
4773
4851
4777
4851
4858
4785
4959
4817
4684
4831
4873
4711
4687
4711
4714
4567
4636
4520
4538
4340
4454
4476
4375
4334
4383
4493
4615
4446
4701
4717
4616
4687
4676
4786
4790
4727
4647
4815
4761
4806
4755
4824
4816
4837
4927
4926
4966
4691
4777
4892
4822
4879
4906
4899
4772
4733
4840
4823
4919
4801
4928
4817
4665
4621
4698
4722
4675
4506
4589
4515
4487
4444
4304
4417
4381
4406
4488
4476
4645
4585
4709
4818
4756
4652
4583
4822
4819
4811
4777
4762
4899
4816
4850
4968
5110
4757
4882
4848
4856
4811
4811
4775
4843
4886
4837
4922
4808
4870
4918
4866
4853
4795
4820
4741
4721
4747
4791
4892
4847
4678
4880
4693
4731
4694
4712
4625
4661
4569
4598
4476
4531
4481
4667
4351
4422
4477
4370
4325
4272
4381
4255
4277
4310
4302
4222
4360
4353
4328
4542
4496
4533
4615
4678
4741
4739
4759
4651
4610
4820
4690
4948
4858
4811
4671
4755
4755
4782
4877
4793
4612
4802
4833
4813
4918
4774
4840
4856
4765
4771
4739
4759
4827
4796
4741
4730
4699
4543
4619
4789
4671
4679
4626
4735
4511
4512
4584
4553
4577
4485
4613
4508
4422
4405
4349
4413
4477
4356
4357
4310
4336
4384
4257
4267
4330
4179
4212
4203
4331
4230
4415
4346
4408
4543
4519
4533
4672
4618
4610
4702
4731
4718
4828
4828
4807
4792
5017
4888
4726
4844
4902
4805
4854
4851
4934
4931
4810
4853
4873
4751
4904
4774
4878
4858
4793
4959
4867
5015
4787
4829
4848
4894
4895
4983
4934
4935
4743
4964
5004
4794
4850
4847
4897
4948
4996
4914
4957
4923
4777
4919
4934
4817
4847
4868
4942
4846
4860
4910
4841
4819
4788
4793
4902
4838
4912
4846
4829
4949
4858
4934
4884
4920
4892
4895
4928
4861
4952
4861
4965
4875
4951
4747
4892
4846
4883
4874
4912
4916
4962
4878
4802
4990
4877
4770
4781
5024
4866
4889
4904
4970
4903
4974
4903
4822
4864
4880
4972
4834
4943
5043
4861
4979
4837
4954
4866
4959
4925
4854
4984
4877
4772
4929
4941
4939
4919
4949
4994
4884
4861
4830
4762
4945
4801
4938
4884
4935
4790
4818
4846
4710
5027
4829
4812
4705
4887
4870
4920
4948
4807
4750
4936
4807
4751
4851
4883
4819
4791
4794
4879
4971
4918
4776
4790
4890
4733
4758
4707
4761
4573
4575
4529
4543
4515
4394
4427
4301
4243
4332
4401
4291
4291
4299
4313
4200
4284
4246
4264
4343
4380
4338
4337
4361
4449
4366
4397
4571
4442
4489
4525
4459
4631
4614
4609
4755
4624
4609
4672
4651
4695
4665
4697
4657
4679
4763
4826
4695
4738
4696
4753
4618
4685
4748
4780
4800
4733
4864
4814
4741
4760
4898
4765
4809
4792
4757
4785
4826
4668
4765
4735
4645
4676
4621
4585
4622
4601
4466
4367
4386
4358
4333
4388
4358
4448
4274
4225
4278
4346
4304
4439
4480
4557
4567
4471
4538
4529
4429
4688
4653
4560
4587
4605
4669
4664
4687
4662
4824
4748
4698
4920
4796
4773
4723
4751
4840
4843
4791
4857
4837
4829
4747
4838
4842
4991
4775
4735
4800
4862
4774
5005
4855
4756
4939
4832
4832
4849
4752
4701
4820
4805
4701
4752
4700
4760
4642
4720
4538
4497
4534
4509
4410
4419
4438
4296
4493
4452
4592
4472
4490
4612
4570
4657
4697
4685
4805
4756
4796
4860
4852
4845
4919
4922
4778
4891
4914
4854
4720
4924
4762
4753
4849
4823
4728
4880
4789
4833
4780
4848
4809
4824
4677
4774
4721
4747
4715
4492
4736
4602
4528
4543
4464
4395
4555
4367
4500
4387
4515
4543
4504
4607
4567
4663
4665
4670
4717
4795
4756
4850
4800
4804
4915
4757
4748
4878
4744
4933
4839
4781
4722
4890
4833
4771
4826
4812
4774
4773
4803
4700
4738
4777
4768
4797
4654
4774
4837
4827
4800
4804
4758
4703
4763
4863
4663
4715
4592
4751
4672
4567
4726
4663
4574
4617
4571
4559
4450
4486
4489
4504
4456
4304
4333
4239
4311
4425
4369
4290
4309
4309
4300
4438
4381
4631
4529
4554
4678
4648
4553
4655
4786
4631
4675
4702
4827
4802
4842
4817
4670
4711
4765
4845
4861
4634
4800
4660
4665
4755
4722
4779
4639
4938
4608
4550
4745
4720
4513
4646
4652
4606
4593
4625
4582
4508
4455
4414
4410
4556
4568
4335
4342
4446
4530
4419
4470
4427
4368
4204
4334
4397
4259
4290
4326
4267
4213
4257
4393
4274
4404
4357
4171
4489
4452
4438
4501
4564
4532
4664
4666
4877
4683
4716
4808
4846
4903
4772
4924
4905
4943
4881
4925
4784
4732
4858
4825
4878
4884
4809
4685
4897
4819
4754
4882
4882
4824
4856
4937
4847
4908
4870
4844
4870
4844
4906
4953
4822
4927
4915
4924
4922
4865
4733
4799
4794
4830
4953
4830
4991
4970
4961
4859
4853
4914
4946
4864
4871
4957
5174
4768
4845
4902
4794
4875
4870
4930
4967
4910
4852
