4846
4762
4853
4855
4915
4865
4849
4891
4820
4895
4919
4951
4943
4964
4882
4823
4931
4933
4975
4826
4927
4989
4905
4841
4816
4856
4903
4893
4935
4769
4881
4837
4821
5020
4871
4844
4837
4876
4812
4908
4863
4900
4860
4828
4995
4774
4876
4898
4838
4851
4886
4721
4860
4882
4855
4718
4916
4899
4925
4875
4812
4802
4792
4746
4740
4798
4721
4707
4722
4589
4539
4635
4583
4487
4464
4429
4432
4419
4384
4434
4300
4328
4257
4212
4184
4385
4279
4378
4284
4245
4319
4400
4282
4446
4450
4316
4490
4404
4500
4584
4526
4723
4493
4602
4574
4643
4707
4621
4670
4650
4779
4790
4560
4769
4795
4584
4729
4858
4738
4754
4811
4729
4732
4758
4912
4869
4745
4779
4728
4709
4739
4781
4719
4821
4718
4875
4807
4722
4730
4774
4690
4644
4707
4530
4447
4393
4353
4413
4312
4345
4161
4489
4300
4326
4297
4261
4373
4367
4498
4515
4417
4461
4619
4547
4633
4638
4532
4528
4710
4604
4617
4627
4671
4667
4838
4654
4847
4620
4818
4756
4831
4716
4721
4757
4806
4860
4696
4796
4706
4834
4804
4865
4788
4936
4807
4775
4889
4891
4809
4811
4813
4995
4843
4875
4742
4777
4713
4803
4812
4671
4685
4784
4717
4856
4595
4581
4542
4486
4478
4502
4457
4436
4478
4567
4590
4572
4638
4666
4677
4681
4792
4666
4778
4805
4784
4732
4745
4831
4850
4918
4937
4925
4962
4873
4813
4725
4868
4855
4866
4816
4825
4788
4818
4746
4847
4876
4831
4833
4698
4877
4742
4850
4722
4708
4695
4723
4591
4507
4453
4502
4571
4484
4566
4643
4512
4446
4549
4599
4634
4648
4530
4723
4838
4798
4691
4931
4807
4822
4893
4812
4914
4792
4812
4892
4929
4843
4859
4824
4777
4755
4755
4884
4801
4847
4820
4883
4801
4774
4696
4875
4844
4804
4820
4735
4866
4836
4766
4822
4806
4634
4704
4684
4719
4707
4617
4796
4681
4668
4652
4513
4609
4517
4539
4345
4435
4343
4383
4321
4243
4353
4375
4257
4280
4375
4320
4389
4397
4506
4412
4406
4660
4565
4726
4721
4765
4817
4884
4678
4715
4800
4807
4787
4695
4738
4781
4836
4844
4745
4719
4826
4732
4810
4603
4796
4760
4682
4700
4556
4771
4717
4630
4802
4774
4778
4626
4648
4830
4697
4641
4722
4622
4713
4621
4555
4536
4598
4552
4426
4545
4463
4507
4442
4428
4413
4356
4238
4269
4336
4402
4217
4272
4369
4340
4301
4305
4285
4279
4352
4322
4356
4357
4503
4536
4535
4715
4619
4707
4787
4834
4720
4816
4827
4895
4776
4786
4740
4835
4964
4879
4790
4929
4855
4993
5020
4940
4767
4888
4796
4947
4803
5062
4720
4942
4984
5021
4870
4870
4856
4964
4900
4810
4931
4849
5027
4878
4920
4895
4983
4835
4889
4899
4878
4925
4849
4875
4853
4860
4824
4798
5007
4949
4841
4897
4837
4901
4843
4807
4919
4788
4984
4829
4826
4877
4830
5052
4840
4899
4872
4973
4869
5000
4874
4893
5073
4871
4989
4811
4871
4955
5055
4905
4911
4913
4883
4867
4881
4876
4881
4972
4920
4919
4997
4848
4817
4993
4881
4975
4832
4904
4954
4990
4978
4870
4889
4954
4834
4892
4813
4937
4949
4865
4847
4910
4951
4886
5017
4897
4924
4825
4811
4902
5061
4920
4886
4785
4832
4953
4947
4948
4845
4820
4947
4798
4950
4834
4891
4927
4843
4925
4856
4835
4741
4835
4859
4906
4925
4805
4925
4934
4851
4876
4827
4854
4829
4802
4832
4804
4816
4864
4766
4838
4943
4743
4795
4665
4646
4667
4582
4437
4518
4591
4456
4381
4375
4480
4365
4295
4346
4182
4199
4264
4165
4249
4319
4334
4254
4424
4329
4294
4408
4345
4452
4529
4543
4502
4577
4513
4675
4566
4584
4644
4579
4594
4618
4631
4660
4756
4713
4745
4618
4813
4739
4749
4914
4794
4773
4849
4759
4732
4685
4712
4665
4762
4667
4769
4779
4856
4803
4782
4832
4857
4788
4702
4674
4756
4756
4694
4741
4589
4616
4556
4598
4666
4389
4477
4518
4453
4295
4239
4261
4231
4256
4229
4211
4467
4279
4432
4319
4485
4366
4499
4545
4638
4613
4564
4496
4557
4570
4637
4695
4595
4746
4677
4639
4753
4728
4804
4728
4723
4719
4800
4845
4761
4784
4726
4766
4721
4802
4755
4697
4747
4729
4770
4910
4816
4827
4817
4770
4792
4771
4845
4731
4687
4748
4763
4753
5020
4810
4748
4774
4649
4695
4697
4636
4547
4493
4410
4414
4556
4367
4364
4435
4444
4451
4607
4537
4499
4746
4773
4690
4662
4767
4759
4895
4727
4823
4875
4672
4921
4945
4788
4772
4780
4798
4783
4830
4824
4910
4840
4802
4792
4780
4709
4811
4733
4814
4866
4675
4811
4835
4727
4579
4544
4709
4662
4561
4531
4577
4543
4455
4538
4326
4288
4324
4506
4485
4580
4722
4694
4794
4683
4758
4772
4739
4843
4837
4870
4784
4812
4793
4919
4769
4827
4882
4931
4730
4931
4920
4764
4740
4749
4826
4791
4809
4724
4892
4787
4640
4816
4675
4711
4784
4742
4759
4688
4782
4795
4739
4688
4735
4769
4643
4529
4706
4696
4518
4424
4528
4476
4625
4400
4493
4464
4344
4376
4422
4453
4335
4223
4392
4329
4402
4382
4414
4298
4484
4448
4399
4510
4555
4628
4673
4616
4784
4630
4684
4616
4787
4852
4689
4785
4786
4670
4675
4729
4865
4761
4748
4810
4696
4760
4878
4800
4660
4788
4652
4679
4667
4608
4755
4589
4641
4694
4608
4618
4514
4610
4578
4571
4588
4626
4608
4652
4444
4517
4429
4398
4489
4463
4447
4311
4302
4362
4263
4415
4351
4316
4321
4231
4254
4396
4376
4221
4406
4291
4398
4394
4425
4449
4478
4531
4568
4659
4607
4752
4678
4727
4889
4802
4860
4773
4906
4833
4935
4904
4820
4736
4877
4732
4824
4825
4905
4955
4823
4862
4909
4720
4888
4841
4827
4786
4860
4922
4908
4973
4859
4967
4890
4881
4832
4863
4762
4876
4917
4815
5010
4923
4919
4681
4919
4938
4989
4740
4750
5017
4689
4836
4965
4910
4862
4942
4888
4883
4884
4852
4902
4955
4838
4870
4792
4923
4742
4925
