4876
4839
4862
4881
4925
4825
5005
4826
4898
4832
4808
4870
4834
4867
4986
4873
4816
4916
4810
4861
4869
4843
4960
4846
4878
4836
4842
4781
4827
4831
4903
5032
4855
4973
4901
4804
4868
4929
4875
4803
4894
4946
4969
4910
4893
4894
4856
4846
4812
4757
4835
4810
5005
5018
5033
4915
4824
4920
4984
4846
4871
4701
4805
4765
4657
4676
4711
4719
4604
4718
4671
4616
4546
4412
4497
4439
4379
4370
4489
4343
4253
4344
4342
4250
4252
4438
4331
4287
4461
4318
4290
4446
4338
4402
4401
4413
4414
4524
4386
4532
4638
4482
4570
4507
4627
4660
4579
4726
4674
4619
4635
4671
4591
4641
4738
4728
4613
4779
4833
4729
4701
4860
4822
4812
4853
4709
4755
4844
4850
4818
4851
4605
4778
4764
4818
4810
4790
4683
4831
4730
4626
4670
4538
4530
4535
4481
4333
4431
4406
4299
4277
4292
4296
4270
4322
4399
4316
4355
4396
4440
4423
4505
4632
4529
4549
4543
4623
4507
4656
4623
4706
4698
4722
4667
4701
4669
4721
4691
4723
4747
4849
4865
4837
4779
4808
4825
4871
4722
4839
4810
4769
4873
4922
4751
4878
4777
4896
4946
4837
4919
4910
4841
4790
4763
4737
4868
4824
4806
4784
4807
4833
4661
4669
4633
4586
4569
4515
4437
4426
4426
4583
4459
4387
4522
4630
4603
4561
4658
4741
4629
4679
4702
4807
4819
4759
4800
4822
4846
4810
4794
4964
4926
4827
4916
4959
4895
4764
4859
4853
4727
4927
4775
4831
4749
4788
4860
4982
4732
4811
4767
4709
4910
4749
4586
4731
4506
4589
4548
4419
4347
4419
4370
4652
4558
4479
4626
4500
4548
4690
4767
4724
4677
4654
4692
4763
4736
4749
4743
4707
4758
4841
4894
4860
4857
4852
4888
4901
4908
4883
4892
4820
4746
4833
4744
4811
4809
4741
4769
4804
4991
4839
4897
4819
4695
4837
4796
4841
4855
4774
4636
4707
4670
4646
4654
4739
4633
4605
4478
4534
4458
4436
4412
4364
4500
4451
4355
4389
4252
4273
4335
4325
4416
4269
4340
4359
4463
4421
4432
4654
4584
4574
4529
4580
4693
4630
4742
4746
4660
4840
4776
4780
4668
4769
4771
4759
4665
4833
4858
4804
4877
4878
4743
4704
4728
4796
4810
4747
4823
4851
4779
4802
4694
4625
4635
4591
4771
4645
4814
4772
4620
4639
4564
4563
4576
4614
4503
4571
4556
4520
4503
4316
4438
4290
4497
4333
4229
4370
4395
4307
4291
4307
4284
4219
4351
4350
4347
4327
4448
4371
4489
4433
4553
4568
4466
4640
4666
4720
4716
4704
4750
4682
4862
4742
4829
4793
4851
4878
4889
4907
4819
4843
4875
4777
4847
4862
4811
4892
4811
4923
4957
4840
4961
4914
4932
4830
4940
4914
4897
4991
4938
5001
4881
4813
4799
4824
5055
4912
4899
4898
4882
4836
4910
4865
5035
4857
4954
5004
4942
5008
4972
4875
4886
4907
4868
4923
4955
4900
5001
4881
4857
4879
4939
4806
4895
4895
4835
4846
4830
4994
4756
4866
4930
4873
4893
4993
4854
4847
4847
4907
4819
4746
4931
4931
4871
4779
4919
4831
4840
4936
4883
4956
4710
4989
4884
4843
4841
4942
4960
4799
4861
4844
4901
4937
4801
4810
4852
4830
4996
5010
4947
4953
4860
4894
4899
4961
4920
4971
4885
4824
4886
4945
4986
4835
4794
4839
4804
4952
4890
4856
4860
4942
4870
4909
4816
4942
4843
4874
4905
4900
4862
4925
4809
4984
5012
4896
4941
4883
4950
4900
5005
4915
4962
4790
4912
4859
4816
4767
4825
4813
4971
4887
4789
4745
4804
4656
4549
4739
4638
4419
4528
4540
4508
4473
4421
4361
4440
4230
4347
4410
4250
4307
4357
4203
4205
4324
4378
4199
4364
4498
4338
4382
4418
4396
4530
4452
4504
4578
4620
4600
4617
4549
4687
4577
4557
4732
4572
4730
4709
4637
4650
4739
4647
4897
4899
4671
4814
4788
4709
4887
4798
4793
4829
4776
4707
4838
4735
4847
4743
4775
4684
4708
4945
4828
4774
4813
4845
4742
4614
4690
4668
4635
4556
4666
4503
4401
4429
4389
4312
4384
4307
4345
4384
4277
4422
4315
4321
4270
4357
4475
4375
4416
4506
4493
4586
4611
4523
4674
4676
4720
4702
4698
4692
4643
4689
4861
4644
4756
4777
4697
4733
4815
4652
4773
4795
4853
4872
4730
4874
4798
4880
4793
4870
4810
4797
4856
5042
4874
4963
4764
4790
4845
4823
4776
4725
4866
4758
4862
4738
4696
4685
4805
4686
4635
4716
4487
4581
4453
4469
4453
4447
4372
4488
4413
4480
4439
4609
4656
4556
4612
4775
4695
4738
4757
4678
4782
4705
4820
4837
4802
4850
4800
4954
4856
4845
4789
4819
4768
4758
4871
4830
4806
4827
4710
4848
4731
4791
4811
4764
4706
4664
4628
4633
4641
4673
4460
4512
4560
4570
4506
4575
4382
4454
4347
4357
4383
4604
4616
4559
4521
4594
4720
4655
4689
4745
4723
4668
4741
4806
4776
4809
4742
4890
4855
4804
4798
4784
4775
4697
4821
4877
4838
4819
4876
4776
4767
4865
4701
4817
4834
4657
4804
4672
4797
4806
4739
4794
4667
4739
4631
4774
4825
4837
4589
4625
4537
4463
4610
4561
4551
4545
4541
4479
4445
4333
4408
4347
4402
4355
4366
4218
4347
4316
4280
4355
4417
4509
4463
4407
4598
4519
4596
4792
4612
4783
4751
4810
4830
4650
4724
4654
4717
4761
4802
4849
4740
4814
4740
4851
4802
4802
4691
4789
4851
4686
4766
4736
4759
4763
4605
4755
4564
4648
4696
4700
4687
4623
4560
4563
4664
4529
4526
4526
4433
4537
4436
4481
4451
4334
4538
4433
4410
4440
4292
4375
4211
4310
4276
4331
4333
4316
4385
4292
4342
4350
4319
4381
4438
4423
4630
4446
4537
4611
4582
4631
4696
4766
4748
4871
4761
4773
4850
4883
4764
4715
4791
4802
4901
4896
4947
4742
4805
4845
4881
4934
4859
4695
4886
4851
4907
4897
4912
4968
4940
4868
4880
4958
4942
4918
4864
4861
4920
4988
4933
4890
4869
4805
4953
4876
4924
4902
4977
4857
4952
4966
4794
4856
4938
4849
4888
4935
4894
4901
4936
5046
4907
4995
4755
4781
4876
4814
4892
5002
4848
