3952
3976
4033
3837
3965
3903
4043
4005
3846
3919
3951
3912
4017
3861
3774
3965
4011
3912
3934
3871
3891
3954
3939
3883
3913
3913
4000
3969
3943
3884
4069
3938
3950
3811
3941
3831
3960
3914
3908
4022
3939
3912
3875
3844
3824
4032
3947
3940
3899
3913
3947
3917
3985
3862
4013
3901
3792
3864
3884
3990
3918
3942
3830
3849
3856
3852
3773
3788
3810
3716
3746
3680
3612
3674
3675
3600
3648
3501
3541
3452
3451
3483
3467
3507
3509
3446
3552
3534
3495
3509
3493
3430
3578
3473
3672
3497
3607
3531
3486
3557
3634
3672
3709
3743
3551
3640
3735
3640
3807
3674
3714
3718
3797
3722
3677
3764
3825
3825
3852
3741
3906
3758
3831
3714
3779
3800
3808
3940
3851
3841
3833
3875
3894
3795
3738
3810
3839
3877
3796
3704
3544
3686
3728
3694
3689
3613
3521
3511
3478
3571
3508
3556
3543
3426
3604
3356
3539
3559
3648
3587
3528
3595
3653
3541
3680
3604
3777
3644
3738
3682
3814
3775
3846
3960
3757
3768
3948
3774
3799
3826
3898
3862
3889
3804
3904
3808
3927
3866
3873
3887
3889
3946
3913
3880
3784
4021
3939
3853
3865
3782
3900
3935
3830
3885
3892
3829
3839
4015
3871
3792
3739
3842
3749
3830
3666
3785
3601
3561
3588
3559
3633
3534
3694
3550
3666
3740
3759
3705
3765
3723
3733
3755
3910
3811
3926
3947
3900
3862
3895
4009
3880
3962
3898
3741
3786
3954
3896
3925
3869
3859
4045
3934
3923
3934
3904
3980
3783
3905
3927
3786
3857
3822
3840
3898
3905
3753
3693
3659
3682
3601
3599
3502
3598
3583
3529
3626
3660
3617
3717
3796
3805
3816
3675
3887
3816
3820
3827
3912
3821
3870
3920
3884
3855
3821
4011
3886
3914
3963
3790
3792
3852
3958
3839
3863
3832
3889
3889
3838
3918
3907
3786
3895
3958
3803
3771
3947
3770
3798
3868
3899
3725
3813
3857
3668
3763
3642
3722
3693
3595
3626
3678
3433
3562
3525
3544
3567
3388
3469
3536
3462
3475
3461
3560
3504
3492
3605
3549
3508
3581
3603
3678
3818
3816
3652
3793
3902
3762
3871
3835
3934
3880
3751
3829
3843
3908
3803
3903
3871
3769
3810
3771
3769
3890
3852
3928
3906
3841
3847
3837
3862
3819
3798
3803
3755
3768
3798
3794
3771
3810
3714
3699
3785
3792
3635
3640
3583
3605
3607
3618
3545
3604
3593
3497
3596
3573
3456
3397
3453
3420
3406
3382
3392
3482
3477
3378
3460
3496
3575
3490
3528
3629
3596
3649
3677
3746
3747
3820
3774
3846
3781
3848
3930
3952
3904
3894
3932
3939
3900
3912
3870
3881
3952
3995
3941
3877
3835
3942
3834
3879
3862
3934
3955
3976
3936
3889
3807
3838
3916
4088
3856
3968
3908
3996
3894
3953
3901
3843
4009
3921
3927
4039
3979
3951
3851
4003
3893
3950
3987
4001
3964
3885
3994
4078
3909
4036
3996
3975
3995
4037
3947
3929
4010
3892
3934
3894
3950
3906
3941
3831
3985
3823
3903
3974
3991
3905
4061
3944
4019
3995
4013
3912
3994
3976
3935
3943
3925
3933
3917
4043
3917
3985
3871
3951
4083
3914
3953
3935
3985
3924
3971
3845
3829
3928
3982
3872
3914
3931
3954
4009
3946
3887
3864
3891
3884
3949
3982
3902
3973
3968
3859
3928
3989
3950
3886
3890
3954
3876
3779
3886
3932
3942
3927
3921
4007
3849
3918
3969
3930
3898
3947
3901
3883
3836
3944
3880
3902
3907
3952
3890
3987
3847
3996
3964
3909
3868
3829
3950
3948
3822
3906
3915
3962
3892
3833
3926
3773
3624
3600
3682
3573
3614
3527
3616
3455
3444
3551
3525
3426
3424
3380
3453
3455
3365
3415
3548
3441
3534
3552
3475
3578
3545
3627
3629
3546
3710
3587
3601
3577
3629
3626
3695
3797
3759
3670
3663
3768
3719
3840
3738
3888
3814
3675
3773
3755
3676
3725
3753
3757
3829
3919
3912
3846
3919
3676
3850
3849
3914
3850
3888
3738
3812
3833
3807
3884
3864
3751
3792
3790
3836
3674
3837
3854
3517
3599
3635
3492
3546
3504
3526
3415
3528
3437
3496
3577
3463
3482
3564
3588
3547
3647
3590
3686
3682
3640
3667
3631
3588
3749
3717
3882
3797
3829
3767
3857
3844
3810
3762
3794
3904
3779
3747
3886
3739
3824
3982
3893
3982
3753
3972
3823
3838
3855
3873
3905
3872
3916
3848
3874
3841
3815
3946
3841
3919
3880
3819
3831
3804
3718
3872
3806
3845
3773
3773
3780
3746
3677
3653
3507
3600
3558
3544
3633
3557
3628
3731
3635
3602
3770
3761
3738
3879
3764
3742
3843
3818
3817
3840
4027
3892
3857
3825
3864
3774
3893
3885
3945
3780
3872
3967
3907
3903
3867
3847
3893
3938
3734
3939
3870
3719
3873
3737
3789
3709
3708
3631
3651
3765
3630
3543
3647
3544
3485
3698
3593
3574
3694
3637
3752
3712
3891
3746
3788
3939
3861
3838
3821
3814
3906
3803
3994
3893
3899
3923
3784
3865
3934
3838
3855
3912
3872
3927
3760
3851
3777
3826
3830
3839
3911
3907
3819
3715
3816
3866
3886
3761
3816
3770
3820
3836
3640
3759
3715
3773
3705
3702
3692
3608
3634
3693
3667
3621
3498
3463
3623
3514
3540
3467
3557
3489
3389
3502
3436
3481
3443
3424
3557
3544
3643
3671
3630
3705
3807
3868
3773
3765
3785
3733
3911
3906
3800
3861
3822
3839
3808
3832
3810
3907
3741
3792
3831
3717
3851
3854
3722
3712
3785
3735
3773
3641
3762
3681
3768
3677
3726
3733
3680
3642
3712
3707
3606
3679
3641
3610
3593
3637
3604
3482
3647
3565
3609
3578
3631
3488
3566
3447
3481
3470
3570
3405
3507
3485
3531
3455
3328
3565
3520
3594
3657
3599
3686
3631
3718
3703
3884
3760
3867
3897
3867
3914
3868
3990
3872
3888
3853
4063
3780
3829
3862
3805
4029
3876
3968
3887
3936
3898
3908
3917
3878
3859
4023
3965
3834
4096
3903
3918
3716
3943
4018
3918
3842
3985
3886
4008
4090
3928
3946
3941
3974
4002
3892
3989
3996
3935
3939
3867
3963
3930
3913
3920
3954
3980
3919
3928
4019
3910
3961
3917
3943
3960
4002
3901
3964
3930
