5890
5903
5859
5845
5954
5826
5901
6019
6064
5976
5788
5892
5839
5759
5989
5917
5885
6038
5880
5941
5911
5936
5855
6006
5868
5855
6050
6078
5889
5847
6029
5903
5980
5961
5896
6009
5964
5967
5853
5921
5922
5960
5848
5902
5884
5914
5963
5951
5805
5772
5888
5921
5830
5956
5828
5770
5892
5925
5993
5828
5850
5754
5711
5754
5894
5833
5681
5593
5579
5658
5461
5543
5515
5493
5520
5303
5386
5393
5390
5263
5229
5292
5176
5165
5297
5198
5296
5134
5177
5223
5339
5263
5154
5230
5351
5357
5400
5355
5346
5401
5524
5429
5505
5516
5629
5713
5469
5497
5661
5621
5605
5590
5575
5780
5767
5675
5598
5715
5789
5809
5681
5708
5750
5632
5694
5723
5790
5796
5820
5803
5764
5660
5751
5758
5663
5735
5770
5773
5609
5576
5558
5730
5511
5457
5530
5432
5450
5400
5277
5181
5285
5289
5339
5248
5266
5257
5267
5388
5321
5383
5460
5423
5493
5459
5491
5359
5616
5682
5621
5687
5797
5551
5681
5793
5648
5739
5846
5885
5733
5715
5725
5655
5663
5859
5714
5748
5712
5713
5897
5745
5927
5898
5701
5845
5907
5921
5900
5840
5794
5857
5791
5854
5777
5801
5833
5852
5795
5831
5861
5749
5780
5643
5775
5641
5520
5529
5567
5406
5359
5288
5439
5373
5482
5371
5341
5600
5633
5609
5451
5641
5626
5760
5702
5594
5855
5746
5759
5857
5770
5821
5879
5738
5795
5951
5833
5689
5847
5832
5796
5761
5766
5900
5787
5861
5804
5779
5924
5839
5884
5776
5846
5635
5787
5683
5703
5543
5514
5563
5503
5365
5382
5344
5305
5396
5196
5431
5605
5566
5728
5712
5629
5770
5808
5684
5831
5919
5881
5853
5762
5898
5749
5820
5886
5958
5902
5891
5824
5687
5866
5830
5744
5823
5877
5870
5722
5831
5832
5863
5827
5771
5869
5874
5831
5836
5793
5690
5793
5778
5754
5681
5796
5652
5666
5532
5654
5693
5587
5656
5492
5539
5470
5489
5375
5453
5294
5222
5231
5360
5252
5137
5284
5187
5272
5243
5120
5368
5403
5315
5530
5437
5570
5656
5632
5745
5777
5793
5642
5702
5751
5788
5647
5658
5723
5677
5855
5811
5828
5729
5882
5802
5765
5774
5736
5797
5771
5674
5691
5733
5920
5608
5855
5729
5733
5595
5615
5591
5599
5717
5650
5566
5558
5612
5494
5416
5468
5380
5515
5384
5417
5494
5467
5278
5275
5259
5427
5317
5184
5168
5273
5286
5142
5134
5098
5310
5265
5180
5208
5264
5227
5336
5491
5475
5526
5639
5519
5646
5671
5728
5592
5742
5762
5663
5789
5796
5731
5853
5791
5919
5719
5902
5952
5909
5813
5915
5977
5987
5755
5948
5806
5778
5986
5871
5907
5856
5853
5764
5948
5888
6130
5867
5928
5951
5938
5886
5910
5826
5749
5917
5928
5950
5951
5935
5945
5975
5852
5844
6002
5905
5992
5826
5882
5948
5889
5849
5936
5930
5918
5899
6007
5904
6041
6022
5855
5986
5950
5905
5917
5940
5910
5755
5958
5899
5923
5847
5934
6111
5883
5807
5903
5862
5987
5931
6047
5884
5972
5940
5951
5990
5852
5725
5806
5913
5895
5885
5826
5821
5944
5971
5843
5955
5896
5957
5961
5790
5921
5876
5811
5845
5851
5901
5993
5932
6003
5930
5890
5781
5722
5980
5893
5803
5886
5904
5985
5996
5887
5922
5889
5937
5845
5932
5926
5781
6038
5930
6056
5807
5938
5886
5889
5853
5969
5801
5888
5866
5900
5907
5962
5929
5810
5712
5860
5988
5960
5819
5812
5889
5895
5818
5735
5789
5886
5712
5642
5728
5784
5852
5690
5570
5640
5515
5497
5555
5362
5311
5340
5218
5272
5193
5216
5141
5114
5231
5241
5149
5084
5225
5219
5313
5209
5324
5418
5413
5304
5349
5342
5301
5463
5477
5548
5381
5525
5547
5513
5440
5467
5656
5598
5734
5572
5551
5786
5720
5477
5677
5729
5687
5857
5650
5727
5857
5657
5691
5764
5791
5776
5732
5687
5878
5685
5717
5759
5837
5804
5696
5742
5614
5755
5650
5724
5591
5628
5495
5674
5532
5386
5364
5241
5261
5203
5234
5208
5169
5255
5207
5295
5296
5228
5203
5307
5475
5292
5461
5490
5434
5458
5430
5692
5534
5643
5608
5727
5640
5523
5672
5595
5799
5803
5546
5851
5796
5664
5778
5667
5703
5833
5837
5752
5753
5884
5733
5704
5802
5682
5825
5843
5742
5701
5865
5884
5874
5848
5853
5875
5878
5796
5738
5836
5778
5675
5715
5593
5773
5560
5540
5593
5362
5463
5383
5353
5407
5364
5300
5452
5405
5347
5511
5491
5667
5614
5736
5797
5661
5750
5824
5714
5710
5769
5934
5832
5795
5855
5810
5830
5895
5970
5944
5851
5909
5745
5880
5837
5907
5874
5800
5755
5858
5750
5667
5717
5712
5721
5691
5634
5510
5363
5579
5485
5398
5390
5349
5401
5396
5333
5348
5300
5594
5556
5600
5626
5752
5620
5638
5651
5712
5782
5767
5914
5807
5621
5780
5806
5951
5779
5817
5772
5908
5867
5963
5942
5860
5713
5691
5852
5821
5773
5867
5899
5839
5818
5742
5822
5717
5892
5765
5874
5692
5668
5529
5652
5685
5690
5722
5587
5738
5465
5423
5524
5424
5607
5319
5439
5446
5381
5472
5407
5233
5247
5215
5191
5182
5131
5295
5440
5205
5168
5417
5318
5417
5581
5574
5496
5667
5504
5664
5580
5739
5706
5825
5752
5767
5795
5701
5768
5703
5781
5764
5682
5808
5773
5742
5713
5590
5798
5726
5636
5612
5664
5613
5775
5663
5593
5578
5573
5606
5630
5567
5652
5506
5443
5515
5544
5523
5564
5461
5359
5378
5410
5390
5269
5191
5298
5145
5249
5246
5165
5341
5231
5270
5203
5449
5139
5122
5270
5396
5305
5336
5426
5330
5476
5518
5535
5599
5747
5651
5619
5752
5749
5752
5793
5836
5858
5808
5892
5792
5735
5825
6024
5820
5913
5811
5833
5923
5892
5809
5883
6014
5882
5948
5705
5824
5962
5892
5808
5876
5837
5889
5969
6037
5879
5970
5996
5873
5950
5847
5929
5889
6013
5902
5878
5811
6013
5802
5872
5855
5809
5882
5943
5849
5859
5922
5855
5909
5918
5996
5902
5872
5952
6057
5928
6002
5916
6057
5921
