2960
3000
2944
2980
2918
2999
2923
2962
2938
3008
2949
2948
2921
3033
2936
2884
2924
2977
2973
2952
3008
2982
2979
3049
2939
2878
3006
2998
2981
2881
2948
2980
2961
3029
2935
2961
2976
2942
2975
2951
3019
2992
2967
2899
2966
3042
2924
3000
2869
2939
2937
2915
2869
2926
2953
2941
2946
2926
2917
2922
2906
2918
2985
2940
2894
2839
2861
2926
2775
2833
2760
2791
2759
2719
2664
2714
2744
2633
2743
2634
2594
2628
2579
2659
2563
2693
2538
2558
2588
2604
2665
2589
2718
2596
2692
2698
2663
2661
2726
2784
2700
2820
2747
2827
2766
2713
2817
2775
2783
2760
2811
2803
2856
2787
2787
2868
2986
2773
2937
2805
2887
2852
2843
2815
2871
2875
2962
2963
2865
2827
2855
2955
2863
2793
2883
2838
2908
2820
2891
2877
2874
2818
2795
2825
2692
2670
2653
2628
2663
2646
2596
2658
2619
2673
2633
2672
2682
2728
2708
2709
2652
2613
2728
2772
2651
2738
2770
2787
2821
2842
2801
2809
2806
2831
2852
2929
2835
2874
2898
2923
2921
2830
2928
2884
2898
2805
2947
2791
3022
2929
2930
2895
2963
2957
2967
2930
2898
2918
2861
2935
2927
2904
2937
2930
2934
2879
2951
2878
2895
2888
2861
2872
2823
2864
2781
2798
2703
2705
2733
2685
2615
2704
2697
2698
2688
2767
2677
2818
2771
2834
2914
2786
2841
2854
2899
2904
2941
2937
2916
2888
2859
2920
2981
3002
2874
2878
2850
2893
2974
2869
2913
2877
2900
2912
2944
2972
2948
2924
2842
2859
2879
2862
2842
2753
2842
2785
2748
2721
2760
2680
2822
2709
2723
2669
2674
2718
2858
2911
2775
2813
2829
2883
2804
2760
2842
2888
2908
2924
2948
2866
2959
2950
2928
2926
2830
2838
2928
2939
2943
2890
2933
2898
2892
2832
2880
2872
2937
2906
2834
2830
2932
2887
2809
2907
2938
2901
2851
2855
2840
2828
2845
2786
2812
2798
2700
2977
2783
2784
2821
2735
2730
2685
2696
2775
2659
2704
2597
2681
2624
2537
2613
2626
2549
2632
2602
2634
2697
2655
2825
2821
2773
2802
2937
2872
2892
2893
2896
2857
2909
2870
2795
2916
2784
2821
2885
2847
2893
2951
2977
2854
2883
2946
2884
2893
2858
2938
2801
2915
2894
2901
2859
2837
2804
2877
2906
2707
2851
2826
2713
2715
2759
2786
2796
2663
2778
2756
2619
2756
2696
2802
2610
2682
2659
2701
2690
2573
2595
2577
2587
2535
2651
2614
2638
2578
2747
2600
2640
2715
2638
2699
2712
2734
2760
2827
2740
2832
2853
2911
2927
2857
2943
2874
2903
2893
2988
2890
2984
3000
2871
2870
2956
2987
2906
2945
2866
2881
2965
2976
2980
2875
3029
2941
2954
2952
2949
2995
3007
2873
2942
2915
2979
2899
2991
2874
2925
2899
2862
3033
2864
3019
3028
2885
2904
2903
2953
2926
2861
2912
2908
3011
2942
2958
3052
3007
2961
2943
2981
2969
2964
2889
2968
2912
2993
2897
2998
3056
2932
2926
2840
2945
2871
2893
2968
2972
3034
2886
2921
2988
2994
2890
2933
2971
3031
2951
3013
3037
2907
3042
2986
2929
3108
2980
2978
2908
2970
2920
2998
2982
2954
2973
2948
2961
2920
2942
2941
2987
2936
2875
2949
3050
2904
2936
2881
2957
3032
2791
2976
2926
2993
2861
2983
2922
2904
3021
2972
2986
3000
2851
2942
2949
2900
2917
2993
2884
3006
2981
2985
2965
3063
2952
2937
2911
2953
3026
2946
2919
2886
2973
2969
2858
2897
2943
2990
3003
3009
2916
2930
2940
2901
2966
2892
2878
2810
2866
2860
2914
2816
2787
2773
2737
2758
2674
2680
2613
2636
2628
2629
2597
2552
2636
2578
2652
2605
2550
2616
2612
2705
2552
2604
2650
2641
2681
2734
2593
2677
2700
2706
2795
2762
2705
2767
2823
2811
2755
2854
2846
2787
2834
2734
2797
2878
2787
2829
2896
2847
2835
2813
2810
2862
2912
2922
2846
2883
2961
2888
2858
2884
2788
2829
2847
2840
2788
2907
2827
2827
2809
2879
2877
2898
2823
2797
2835
2679
2756
2659
2634
2691
2621
2617
2545
2659
2645
2587
2619
2565
2640
2580
2627
2722
2740
2689
2625
2750
2800
2751
2774
2746
2889
2819
2722
2818
2789
2825
2866
2879
2853
2889
2917
2846
2774
2893
2829
2995
2936
2881
2938
2857
2778
2880
2944
2855
2928
2965
2958
2967
3014
2879
2838
2811
2966
2821
2904
2807
2898
2908
2867
2876
2818
2824
2880
2815
2827
2902
2740
2721
2728
2699
2696
2798
2563
2680
2694
2664
2757
2707
2809
2771
2765
2833
2810
2907
2780
2904
2858
2863
2826
2936
2827
2879
2892
2909
2917
2966
2860
2910
2897
2919
3006
2813
2984
2939
2951
2896
2948
2827
2836
2890
2893
2838
2883
2842
2746
2875
2865
2773
2764
2723
2802
2628
2733
2726
2712
2620
2676
2758
2817
2702
2721
2802
2807
2885
2862
2835
2825
2901
2886
2888
2980
2890
2941
2963
2850
2919
2945
2946
2889
3004
2844
2965
2830
2884
2790
2931
2954
2977
2839
2927
2835
2887
2909
2893
2809
2807
2885
2949
2891
2891
2766
2814
2807
2748
2808
2867
2809
2744
2837
2745
2702
2772
2686
2707
2692
2660
2668
2604
2533
2573
2622
2622
2658
2713
2586
2590
2625
2684
2704
2612
2713
2788
2700
2801
2809
2952
2837
2865
2806
2830
2923
2844
2934
2872
2919
2917
2783
2824
2864
2803
2773
2766
2851
2848
2968
2858
2786
2827
2847
2713
2895
2872
2861
2791
2763
2793
2721
2773
2765
2856
2733
2751
2706
2818
2756
2751
2691
2657
2804
2626
2721
2580
2598
2700
2665
2626
2698
2647
2597
2610
2658
2655
2589
2607
2599
2658
2542
2586
2741
2696
2615
2647
2703
2777
2769
2803
2850
2899
2845
2817
2807
2913
2892
2879
2944
2971
2852
2866
2953
2991
2985
2905
2891
2893
2977
2925
2962
2810
2955
2890
2929
2939
2883
2979
2982
2885
3028
2984
2874
2956
3032
2925
2959
2940
2928
2992
2927
2918
3001
2990
2892
3049
2969
2894
2919
2951
2981
2993
3007
2939
3043
2916
2999
3019
2847
3046
2987
2955
3027
2916
2917
2878
3071
3032
3032
2916
