3911
3943
3895
3923
3883
3951
3968
3955
3942
3927
3882
3843
3866
3936
3928
3906
3940
3960
3921
3942
4030
3998
3981
3933
3996
3885
3949
3913
3909
3976
3885
4065
3993
3943
3995
3836
3910
3987
3887
3859
3941
3970
3861
3863
3935
3837
4065
3931
3976
3919
3972
3961
3905
3973
3926
3842
3921
3970
3909
3865
4020
3895
3789
3962
3875
3848
3822
3814
3774
3751
3813
3745
3699
3689
3707
3569
3643
3496
3564
3585
3486
3470
3517
3550
3478
3500
3514
3544
3679
3504
3470
3566
3547
3601
3636
3534
3542
3658
3614
3585
3520
3531
3662
3618
3714
3696
3659
3691
3699
3604
3727
3691
3809
3655
3758
3763
3816
3718
3913
3738
3848
3813
3676
3850
3845
3787
3821
3755
3827
3816
3735
3830
3845
3962
3811
3921
3767
3841
3891
3771
3829
3790
3754
3648
3585
3598
3531
3528
3429
3526
3479
3488
3474
3480
3567
3477
3625
3493
3541
3575
3550
3547
3539
3711
3684
3614
3697
3630
3793
3738
3829
3915
3760
3750
3770
3747
3686
3857
3747
3805
3863
3739
3827
3782
3826
3899
3852
3876
3945
3864
3859
3920
3905
3947
3846
3879
3893
3836
3948
3841
3886
3940
3863
3880
3864
3878
3850
3845
3794
3951
3793
3787
3712
3761
3800
3672
3672
3612
3465
3654
3559
3540
3610
3602
3609
3620
3721
3653
3746
3765
3754
3867
3893
3760
3817
3771
3840
3781
3813
3988
3928
3894
3927
3856
3862
4078
3864
3993
3960
4065
3934
3872
4009
3938
3960
3899
3797
3868
3793
3761
3859
3767
3837
3801
3779
3739
3772
3633
3610
3570
3516
3561
3444
3487
3567
3713
3705
3739
3665
3787
3786
3813
3804
3834
3910
3910
3898
3888
3907
3809
3854
3900
3796
3819
3868
4034
3985
3920
3912
3958
3920
3832
3893
3836
3811
3818
3943
3891
3865
3951
3826
3770
3934
3834
3797
3779
3816
3791
3731
3773
3839
3686
3749
3698
3764
3749
3675
3631
3660
3766
3637
3543
3595
3587
3627
3551
3550
3499
3472
3529
3523
3489
3515
3646
3693
3487
3589
3609
3535
3722
3787
3663
3744
3742
3690
3798
3817
3827
3735
3878
3920
3792
3794
3880
3822
3798
3750
3972
3873
3853
3796
3761
3868
3874
3727
3804
3811
3725
3690
3665
3875
3785
3714
3848
3688
3813
3878
3715
3767
3663
3690
3755
3638
3687
3679
3714
3666
3676
3590
3548
3683
3464
3634
3490
3428
3500
3428
3527
3395
3450
3462
3394
3423
3387
3505
3441
3524
3493
3538
3650
3661
3628
3684
3725
3784
3761
3861
3835
3817
3857
3926
3834
3894
3931
3952
3925
3921
3994
3993
3921
3942
3880
3961
3902
3820
4085
4041
3937
3968
3891
3969
3921
3895
4013
3993
3865
3952
3974
3954
3957
3936
3970
3992
3906
3974
3934
3951
4004
3945
3959
3974
3932
3945
3894
3888
3909
3833
3944
3885
3966
3916
4030
3937
3939
3951
3950
4069
3955
3977
3853
3843
3922
3895
3959
3995
3919
3864
3914
3961
3990
3864
3950
4006
3974
3980
3899
4058
4038
3936
3847
3864
4025
3906
4000
3922
3974
4003
3992
3966
3964
3848
3884
3836
3946
4023
3995
3990
3893
3944
3967
3938
3913
3988
3895
3932
4070
3903
3918
3963
3996
3886
4020
3870
3976
3891
3858
3959
3911
3902
4084
3922
3818
3955
3806
3981
4020
3927
4040
3963
3876
3885
3923
3989
3954
3904
4030
3867
3932
3957
3909
3895
3964
3941
4001
3889
3860
3984
3989
3810
3803
3897
3948
3912
3933
3799
3787
3978
4018
3816
3948
3953
3778
3852
3797
3887
3875
3749
3786
3785
3663
3652
3624
3520
3721
3597
3543
3609
3548
3372
3410
3478
3562
3441
3502
3448
3503
3523
3572
3574
3522
3578
3677
3566
3625
3543
3657
3520
3631
3615
3782
3627
3574
3678
3744
3748
3693
3725
3784
3749
3818
3733
3809
3692
3778
3804
3730
3877
3864
3778
3743
3823
3798
3803
3847
3828
3815
3854
3853
3790
3840
3812
3918
3814
3811
3925
3827
3849
3855
3744
3804
3757
3712
3646
3800
3668
3602
3561
3595
3552
3504
3535
3408
3545
3527
3543
3526
3477
3561
3457
3469
3614
3592
3673
3589
3711
3675
3636
3631
3829
3786
3814
3796
3870
3819
3849
3751
3888
3852
3831
3778
3815
3916
3774
3858
3827
3689
3820
3872
3920
3845
3821
3820
3771
3886
3916
3865
3962
3946
3881
3937
3832
3706
3848
3819
3855
3918
3790
3762
3747
3849
3838
3718
3763
3814
3557
3582
3552
3660
3484
3592
3568
3588
3506
3551
3659
3638
3761
3713
3740
3834
3714
3771
3808
3850
3839
3839
3867
3910
3932
3924
3876
3840
3975
3899
3932
3849
3838
3797
3892
3943
3934
3916
3831
3779
3983
3892
3886
3912
3878
3741
3712
3726
3667
3795
3607
3678
3663
3603
3612
3628
3663
3659
3566
3556
3633
3558
3703
3723
3708
3841
3774
3787
3768
3811
3874
3891
3855
3858
3885
3915
3913
3762
3815
3863
3938
3984
3925
4014
3799
3783
3746
3900
3816
3892
3914
3918
3873
3807
3971
3908
3844
3910
3943
3841
3855
3817
3742
3752
3781
3648
3818
3789
3593
3761
3754
3616
3713
3675
3654
3655
3546
3650
3515
3659
3509
3561
3589
3391
3468
3474
3555
3383
3509
3511
3532
3674
3642
3632
3663
3669
3822
3771
3730
3829
3827
3850
3773
3807
3801
3976
3840
3983
3802
3852
3853
3762
3840
3904
3756
3894
3778
3807
3813
3917
3817
3820
3812
3731
3801
3710
3776
3628
3729
3730
3731
3732
3706
3704
3712
3620
3716
3627
3523
3642
3559
3617
3675
3487
3521
3516
3508
3612
3475
3474
3390
3493
3503
3498
3409
3515
3447
3497
3521
3372
3583
3558
3617
3575
3676
3710
3735
3695
3802
3779
3712
3865
3794
3879
3839
3915
3867
3911
3967
3872
4014
3819
3856
3912
3853
3923
3963
3962
3907
3865
3866
3879
3965
3902
4047
3859
3923
3870
3999
3951
3924
3888
3881
3910
3957
3971
3965
3957
3970
3896
3942
3976
3938
3893
4051
3977
4091
3977
3920
3964
3992
3878
3869
3925
3969
4046
3968
3920
3949
4004
3869
3974
3989
4099
3945
3902
4058
3863
4037
