4944
4998
4896
4846
5036
5026
4924
4933
5060
5009
4879
4879
4886
4978
4921
4990
5069
4851
4880
4866
4954
5009
4954
4940
5096
4889
4979
4855
4871
4929
4936
4840
4933
4950
4761
4923
4866
4876
4949
4964
4901
4885
4914
4810
4949
4924
4962
5011
4910
4939
4956
5012
4916
4963
4829
5004
4850
4909
4846
4986
4926
4897
4978
4779
4769
4843
4764
4758
4681
4688
4760
4694
4576
4479
4688
4439
4616
4473
4467
4431
4559
4385
4345
4243
4296
4380
4409
4374
4408
4362
4309
4371
4292
4398
4522
4469
4473
4584
4466
4580
4656
4601
4531
4630
4558
4612
4690
4715
4690
4651
4593
4660
4772
4581
4685
4703
4709
4793
4750
4856
4892
4718
4832
4762
4824
4759
4787
4814
4746
4862
4873
4767
4774
4732
4877
4802
4772
4812
4780
4754
4737
4664
4713
4582
4681
4540
4515
4416
4414
4391
4418
4412
4346
4335
4455
4519
4478
4450
4529
4528
4530
4667
4622
4403
4485
4702
4646
4597
4671
4659
4671
4664
4558
4820
4682
4790
4812
4655
4788
4697
4907
4932
4927
4822
4872
4817
4796
4934
4824
4945
4944
4891
4714
4940
4829
4900
4813
4726
4901
4902
4885
4860
4875
4859
4818
4952
4863
4848
4850
4803
4783
4667
4681
4584
4701
4562
4565
4528
4539
4464
4441
4414
4526
4448
4580
4564
4499
4745
4630
4672
4764
4801
4663
4857
4777
4824
4761
4929
4781
4856
4735
4732
4969
4871
4812
4855
4875
4872
4769
4842
4904
4886
4962
4784
4898
4853
4902
4948
4859
4760
4877
4788
4725
4663
4723
4718
4695
4586
4592
4490
4512
4521
4460
4477
4402
4571
4591
4662
4713
4829
4668
4722
4834
4884
4818
4793
4803
4882
4857
4891
4720
4852
4903
4829
4814
4917
4808
4917
4911
4854
4934
4765
4790
4813
4788
4812
4834
4877
4724
4735
4762
4829
4811
4793
4903
4802
4700
4830
4812
4604
4716
4782
4686
4710
4608
4698
4454
4627
4490
4729
4683
4546
4539
4432
4516
4441
4421
4434
4310
4382
4444
4254
4391
4316
4386
4503
4567
4541
4636
4700
4657
4632
4672
4798
4798
4766
4799
4794
4914
4771
4806
4822
4892
4801
4871
4853
4682
4865
4765
4916
4859
4754
4864
4769
4834
4733
4673
4765
4619
4661
4746
4796
4645
4776
4703
4666
4693
4671
4686
4522
4698
4543
4517
4505
4544
4593
4722
4591
4551
4492
4566
4406
4511
4401
4448
4327
4359
4271
4371
4312
4342
4438
4397
4294
4333
4365
4401
4383
4392
4577
4601
4492
4631
4676
4703
4862
4787
4725
4819
4885
4936
4819
4992
4803
4806
4904
4915
4954
4912
4920
4886
4877
5056
4890
4872
4951
4958
4885
4818
4741
4930
4973
5047
4942
4973
4873
4808
4902
4946
5032
4846
4830
5004
4943
4890
4932
4926
5077
4921
4965
4943
4875
4857
5005
4857
5021
4982
4790
5027
4890
4874
4800
5000
5047
4970
5008
4888
4898
4906
4887
4949
4933
4865
5003
5073
5049
4968
5071
5060
4976
4902
4898
5020
4889
5004
5003
4776
4994
4963
4896
4940
4997
4869
5022
4975
4928
4882
5092
5030
5058
4922
5150
4934
5070
4871
4879
4817
4973
4989
4945
5036
5048
5046
4925
4850
4835
4904
4897
4920
4929
4932
4867
5019
4909
4920
4887
4900
4868
4986
4982
4821
4814
4888
5021
5104
4861
4814
4800
4973
5011
4940
4900
4863
4875
5029
4909
4937
4824
5019
4957
5020
4886
4798
4921
4828
5053
4925
4931
4872
4976
4798
4888
4800
5004
4811
4957
4786
4850
4832
4914
4807
4889
4912
4848
4857
4807
4639
4851
4668
4770
4579
4556
4474
4597
4446
4387
4338
4405
4380
4364
4238
4343
4382
4414
4342
4258
4349
4451
4326
4492
4420
4444
4436
4575
4478
4540
4476
4498
4655
4698
4535
4715
4578
4528
4603
4591
4547
4786
4686
4624
4794
4808
4872
4668
4753
4795
4828
4792
4650
4817
4638
4827
4815
4900
4819
4920
4750
4864
4818
4823
4719
4797
4868
4752
4786
4900
4795
4860
4762
4781
4587
4609
4660
4574
4485
4551
4563
4406
4380
4312
4496
4321
4404
4273
4475
4330
4456
4435
4552
4491
4495
4340
4524
4552
4730
4620
4569
4658
4724
4613
4625
4679
4747
4709
4805
4690
4785
4817
4936
4824
4830
4776
4854
4752
4896
4888
4874
4885
4840
4958
4845
4941
4874
4825
4899
4947
4854
4830
4817
4837
4871
5006
4685
4826
4755
4836
5010
5041
4862
4741
4841
4620
4790
4727
4620
4674
4453
4456
4413
4453
4376
4553
4498
4561
4602
4445
4542
4599
4669
4562
4661
4751
4721
4844
4857
4859
4712
4829
4796
4941
4842
4795
4890
4866
4789
4879
4896
4911
4903
4901
4866
4946
4864
4865
4816
4734
4777
4744
4756
4788
4771
4759
4728
4758
4747
4721
4601
4557
4468
4380
4325
4413
4638
4384
4615
4511
4631
4551
4572
4695
4629
4709
4674
4831
4797
4828
4881
4933
4939
4833
4789
4863
4936
4948
4894
4883
4865
4938
4851
4841
4741
4939
4836
4820
4980
4751
4966
4830
4766
4833
4859
4762
4835
4800
4838
4793
4838
4664
4768
4692
4597
4710
4602
4743
4642
4639
4571
4524
4593
4487
4436
4518
4550
4526
4514
4496
4394
4452
4342
4287
4292
4319
4411
4391
4438
4529
4338
4562
4631
4632
4832
4698
4803
4716
4757
4762
4779
4917
4777
4834
4726
4783
4783
4767
4832
4875
4743
4750
4812
4859
4738
4707
4833
4640
4783
4652
4636
4702
4706
4742
4672
4650
4753
4672
4601
4522
4672
4623
4580
4501
4602
4498
4599
4571
4528
4482
4517
4404
4402
4441
4443
4308
4341
4381
4415
4255
4338
4331
4402
4436
4328
4311
4548
4446
4516
4484
4569
4496
4765
4562
4755
4817
4695
4764
4874
4811
4902
4790
4910
4788
4998
5012
4956
4832
4929
4968
4888
4912
4910
4949
4977
4781
4955
4983
4876
4901
5030
4941
4862
4961
4935
4907
4965
4931
4967
4919
4837
4941
4899
5036
4914
5048
4830
4956
4925
4869
5079
4935
4932
5046
4989
4940
4815
4971
4855
4972
4788
4930
4906
4939
5001
4904
4857
4844
5021
5006
4896
4924
4933
4984
4868
4946
4889
