3972
3959
3863
4045
4024
3901
4074
3955
3998
4023
4008
3873
3939
3906
3981
3995
3961
4016
3906
3927
3984
3905
3900
3984
3893
4009
3927
3947
3942
4046
4024
3954
3997
3932
4017
3923
4001
3969
3938
3989
3979
3963
3953
4053
3952
3892
3872
3960
3939
3973
3901
4037
3926
3981
3862
3900
4042
3959
3899
3849
3958
3891
3909
3872
3965
4021
3929
3809
3809
3844
3772
3715
3718
3696
3726
3758
3699
3562
3674
3614
3533
3576
3569
3538
3515
3584
3488
3457
3538
3520
3605
3510
3587
3534
3549
3565
3488
3617
3525
3704
3613
3612
3615
3615
3685
3750
3682
3618
3672
3830
3744
3695
3789
3702
3669
3872
3749
3890
3796
3923
3880
3901
3801
3751
3829
3940
3862
3909
3823
4006
3701
3790
3883
3889
3932
3859
3801
3924
3838
3826
3792
3830
3702
3726
3616
3758
3637
3544
3565
3544
3585
3444
3467
3517
3529
3421
3561
3605
3534
3583
3582
3524
3651
3704
3751
3718
3661
3743
3839
3801
3804
3694
3756
3841
3785
3812
3841
3799
3846
3890
3878
3792
3838
3756
3826
3886
3874
3913
3980
3813
3842
3891
4038
3956
3941
3826
3958
3895
3964
3872
3804
3865
3854
3961
3895
3902
3842
3863
3978
3785
3920
3777
3922
3719
3754
3711
3689
3563
3630
3538
3705
3615
3614
3578
3598
3602
3654
3738
3740
3660
3797
3819
3769
3892
3836
3834
3983
3862
3967
3872
3835
3972
3966
3869
3947
3911
3985
3896
3993
3898
3869
3827
3890
3908
3913
3938
3899
3983
3955
3841
3819
3892
3850
3791
3618
3787
3695
3665
3670
3546
3556
3575
3605
3607
3570
3651
3723
3637
3762
3877
3827
3798
3826
3892
3861
3873
3814
3977
3869
3804
3786
3984
3905
3829
3887
3925
3912
3827
3907
3945
3946
3817
3925
3842
3876
4028
4067
3827
3868
3938
3840
3774
3870
3855
3857
3787
3806
3938
3820
3796
3778
3716
3705
3724
3746
3725
3748
3711
3746
3697
3638
3605
3600
3659
3572
3462
3585
3533
3365
3411
3439
3510
3524
3580
3499
3677
3627
3622
3681
3708
3801
3752
3832
3910
3878
3780
3815
3803
3809
3932
3874
3897
3824
3892
3807
3876
3787
3905
3816
3790
3985
3815
3819
3830
3884
3719
3721
3750
3912
3843
3819
3829
3734
3682
3681
3771
3728
3733
3808
3744
3670
3641
3836
3601
3623
3649
3745
3659
3558
3604
3625
3676
3586
3530
3625
3531
3496
3513
3522
3480
3550
3428
3492
3549
3553
3544
3543
3644
3678
3535
3670
3678
3705
3812
3789
3794
3812
3845
3867
3868
3948
3875
3938
3972
3882
3980
4032
3941
3949
3968
3995
4064
4015
3940
3957
3971
4022
3937
3967
3901
3876
3945
3953
3888
3943
3947
3928
3912
3940
4060
3937
3996
3866
3997
3920
3906
3905
3929
3944
4028
3899
4005
4011
3930
3977
3974
3865
3944
3932
3984
3843
4009
3846
4003
3951
3912
3999
3997
3941
3979
3910
3837
3895
3915
3997
3971
3912
3969
3988
3924
3983
3948
4026
3978
3973
3911
3943
3912
3942
4021
3990
3932
3827
3931
3904
3998
3968
3917
3959
3948
3964
3983
3994
3936
3971
3959
3952
3997
4046
3923
3982
3952
4025
4125
3965
3891
4031
4001
3959
3842
3969
3965
3955
3888
3994
3950
4002
3856
3840
3963
3911
3982
3870
3933
3994
3950
3976
3956
4008
3934
3998
3913
3939
3965
3905
3867
3954
4016
3983
3919
4028
4091
4019
3997
4004
3857
3970
3872
3974
3929
3859
3969
3913
3973
3916
3936
3849
3963
3902
3884
3891
3886
3867
4038
3882
4002
3821
3818
3646
3739
3755
3673
3698
3547
3612
3515
3439
3595
3453
3507
3533
3452
3360
3557
3483
3456
3485
3414
3496
3501
3479
3635
3618
3574
3616
3613
3606
3687
3728
3717
3661
3758
3675
3700
3802
3767
3669
3721
3863
3593
3780
3912
3666
3880
3725
3829
3764
3902
3834
3892
3768
3745
3760
3851
3854
3820
3793
3908
3809
3805
3852
3848
3855
3865
3820
3857
3858
3776
3822
3765
3743
3749
3732
3720
3699
3610
3605
3492
3593
3503
3470
3505
3441
3579
3408
3579
3533
3576
3586
3560
3606
3673
3585
3713
3606
3695
3680
3704
3656
3791
3842
3766
3850
3797
3818
3834
3936
3842
3818
3896
3886
3864
3904
3774
3743
3928
3861
3957
3942
3828
3966
3816
3952
3989
3924
3836
3805
3884
3885
3888
3933
3873
3938
3913
3907
3909
3906
3839
3814
3915
3850
3696
3874
3792
3668
3705
3670
3549
3542
3548
3587
3468
3704
3649
3558
3585
3674
3692
3759
3905
3713
3884
3847
3859
3910
3816
3867
3928
3868
3906
3881
3899
3914
3973
3901
4011
3890
3979
3989
3936
3948
3916
3862
3906
3919
3790
3897
3958
3887
3797
3826
3840
3747
3788
3698
3737
3572
3680
3646
3581
3605
3530
3544
3515
3682
3586
3732
3664
3729
3823
3749
3938
3753
3841
3889
3918
3844
3941
3848
3941
3903
3883
3854
3795
3971
3794
3982
3872
3858
3815
3844
3873
3952
3876
3938
3838
3931
3897
3880
3871
3796
3839
3876
3852
3890
3752
3791
3779
3782
3730
3712
3761
3778
3662
3686
3648
3720
3699
3688
3632
3557
3593
3677
3569
3564
3503
3488
3487
3445
3489
3556
3499
3550
3443
3467
3672
3622
3688
3728
3694
3785
3671
3734
3780
3841
3928
3759
3843
3849
3826
3841
3814
3851
3872
3877
3841
3739
3739
3912
3938
3865
3902
3858
3842
3886
3772
3746
3714
3681
3828
3828
3717
3778
3710
3698
3725
3594
3689
3647
3660
3679
3691
3673
3602
3642
3507
3590
3600
3504
3574
3521
3530
3502
3552
3570
3542
3466
3511
3486
3499
3632
3460
3549
3573
3576
3625
3655
3712
3707
3585
3762
3802
3854
3873
3903
3830
3985
3904
3932
3874
3963
3755
3893
3924
3900
3875
3881
3956
4000
3904
3944
3945
3941
3877
4078
3802
3971
3949
3899
3984
3989
3842
4051
3943
4072
4082
3905
3894
3874
3904
3947
3923
3984
3991
3911
4006
4064
3997
3917
3968
3992
3897
3920
3971
4029
3988
4003
4010
4028
3916
3967
3953
3967
3944
4004
4046
3976
3921
3965
3958
3962
3926
3932
