4023
3863
4134
4074
4021
3916
3822
4045
3983
4106
3922
3962
3920
3942
3984
4004
4115
3883
3845
3999
3881
4063
3899
3951
3928
3886
3924
3854
3975
3961
3848
3998
3951
3970
3916
3910
3945
3853
3925
3954
3952
3872
3998
3840
4001
3906
3881
3951
3942
3989
4001
3934
3895
3963
3966
3890
3993
3938
3892
3918
3987
3900
3921
3967
3827
3764
3904
3715
3808
3761
3719
3785
3743
3634
3789
3698
3613
3623
3691
3632
3597
3540
3432
3500
3450
3430
3585
3609
3524
3569
3474
3463
3535
3517
3584
3530
3599
3602
3555
3612
3611
3773
3642
3556
3676
3703
3761
3667
3710
3724
3715
3701
3778
3710
3828
3766
3724
3746
3750
3856
3795
3697
3819
3785
3803
3796
3845
3775
3829
3778
3773
3866
3904
3743
3754
3911
3794
3859
3758
3778
3711
3808
3844
3771
3642
3764
3618
3535
3525
3612
3597
3525
3507
3520
3539
3495
3553
3493
3519
3582
3573
3667
3607
3691
3804
3622
3650
3682
3783
3829
3804
3739
3909
3712
3665
3751
3731
3841
3897
3834
3905
3786
3880
3829
3738
3804
3904
3961
3867
3788
3782
3912
3820
3955
3916
3888
3846
3915
3908
3966
3861
3970
3913
3905
3852
3878
3891
3859
4030
3859
3913
3831
3754
3743
3827
3664
3665
3567
3675
3696
3627
3638
3656
3638
3648
3663
3668
3702
3729
3690
3706
3830
3857
3762
3764
3823
3856
3817
3964
3942
3851
3789
3943
3976
3955
3759
3939
3991
3961
3923
3848
3919
4005
3866
3862
3930
3973
3973
3925
3822
3932
3862
3786
3754
3702
3733
3672
3730
3513
3535
3489
3643
3680
3662
3620
3611
3715
3790
3764
3733
3683
3697
3776
3860
3945
3936
3843
3847
3864
3873
3824
3858
3769
3864
3854
3910
3891
3842
3853
3871
3852
3729
3964
3856
4004
3878
3940
3890
3800
3829
3895
3881
3766
3927
3759
3887
3818
3859
3822
3755
3952
3729
3638
3698
3721
3767
3813
3741
3632
3497
3663
3576
3571
3481
3560
3576
3514
3503
3477
3535
3523
3507
3402
3534
3569
3568
3678
3564
3799
3746
3829
3795
3792
3787
3795
3822
3937
3931
3905
3871
3819
3809
3665
3785
4008
3946
3971
3922
3821
3791
3862
3836
3767
3759
3736
3797
3872
3645
3800
3784
3820
3677
3877
3865
3842
3774
3763
3723
3724
3662
3606
3739
3749
3742
3666
3692
3731
3669
3683
3673
3502
3554
3519
3530
3458
3498
3533
3475
3491
3544
3528
3496
3549
3506
3469
3531
3516
3546
3680
3706
3788
3686
3818
3717
3802
3697
3921
3861
3840
3900
3880
3872
3827
3961
3943
3864
3892
3885
4020
3935
3865
3929
3950
3923
3985
3917
4021
3998
3919
4039
3923
3967
3955
3927
3899
3859
3932
4039
3886
4052
3919
3831
3874
4116
3889
4053
3956
4013
4037
3995
3997
3956
3925
4009
3959
3921
3926
3986
3927
3995
3923
3984
3817
3994
3903
3965
3985
3988
3918
4089
3995
4076
3905
3982
3880
3794
3923
3953
3988
3877
4054
3914
3853
3952
3996
3882
3935
3860
3844
3838
3866
4006
3938
3809
3888
3872
3899
3977
3909
3978
3982
3929
3912
3849
4019
3932
3886
3932
3901
3949
3980
3938
3944
3973
4057
3977
3970
4018
4005
3897
3909
3859
4001
3899
4023
4016
3960
4039
3974
3930
3985
4078
3813
4031
3953
3901
3875
4010
3930
3925
3855
4008
3961
3995
3945
3970
3912
3905
3900
4035
3953
3946
3964
3921
3849
3847
3941
3879
4021
3970
3897
3938
3941
3955
3993
3943
3986
4031
3914
3881
3926
3950
3863
3861
3936
3865
3754
3667
3825
3791
3688
3688
3616
3645
3628
3462
3547
3560
3515
3472
3402
3457
3406
3499
3487
3516
3489
3479
3517
3549
3474
3600
3664
3492
3626
3752
3655
3702
3698
3787
3626
3699
3717
3695
3701
3697
3789
3685
3840
3784
3796
3807
3719
3808
3777
3819
3705
3872
3840
3715
3807
3791
3792
3914
3966
3833
3829
3883
3852
3842
3814
3900
3826
3869
3830
3784
3870
3888
3814
3872
3781
3795
3874
3759
3702
3503
3523
3527
3519
3527
3485
3474
3492
3433
3425
3397
3578
3408
3511
3486
3668
3693
3551
3582
3703
3730
3575
3735
3814
3743
3647
3827
3749
3721
3693
3749
3776
3928
3674
3770
3746
3758
3831
3863
3835
3846
3848
3955
3985
3859
3932
3943
3876
3995
3860
3968
3790
3916
3971
3842
3993
3939
3889
3817
3697
3926
3946
3883
3803
3851
3700
3802
3719
3674
3731
3666
3744
3540
3620
3641
3579
3638
3609
3655
3547
3695
3655
3692
3667
3837
3812
3779
3791
3844
3840
3875
4014
3924
3874
3808
3965
3901
3932
3827
3769
3973
3856
3867
3868
3903
3869
3784
3893
3896
3794
3925
3758
3971
3929
3846
3859
3838
3710
3709
3678
3682
3587
3496
3660
3611
3566
3503
3591
3634
3601
3625
3703
3751
3752
3705
3815
3850
3931
3900
3872
3918
3869
3817
3950
3770
3859
3882
3895
3854
3981
3961
3908
3878
3928
3883
3855
3860
3825
3888
3806
3840
3848
3805
3851
3829
3850
3875
3850
3837
3861
3799
3726
3780
3822
3778
3689
3691
3682
3665
3714
3691
3646
3696
3623
3636
3559
3559
3647
3466
3573
3528
3505
3457
3500
3502
3494
3464
3555
3530
3642
3535
3624
3707
3703
3711
3764
3707
3764
3859
3886
3818
3824
3857
3741
3695
3823
3906
3808
3821
3876
3762
3763
3855
3838
3723
3750
3807
3783
3694
3721
3858
3821
3843
3748
3826
3791
3673
3644
3660
3699
3753
3693
3765
3642
3655
3637
3593
3608
3691
3600
3532
3628
3538
3561
3569
3596
3502
3484
3584
3492
3461
3376
3532
3571
3568
3580
3560
3620
3644
3511
3651
3688
3661
3753
3660
3697
3769
3789
3824
3888
3937
3841
3912
3953
3889
3845
3987
3808
3794
3968
3975
3928
3992
3917
4027
4011
3999
3919
3893
4016
4004
3903
3979
3977
3958
3895
3952
3931
3901
3974
3874
3916
3951
3960
3866
3905
3976
3962
3951
3987
3958
3936
4017
3975
3918
3871
3967
3994
3940
3949
3891
3989
3926
3956
3862
3861
3986
3983
4010
3920
3984
3896
3949
3880
3919
4012
3854
3872
