3034
3018
3028
3077
3014
2975
3050
3052
2942
3037
2938
2991
2954
2982
2914
2931
2916
3011
2961
2982
2920
3036
2964
2959
2990
2953
2989
3088
3005
2994
2983
2997
2929
2962
3042
2912
2947
2941
2978
2945
2999
2950
3045
3034
2992
2960
2945
3023
2887
2922
2965
3005
3039
2919
2973
2986
2926
2975
3009
3043
2994
3008
2995
2867
2974
2939
2872
2932
2882
2928
2844
2843
2903
2873
2695
2745
2860
2720
2741
2696
2672
2710
2718
2655
2748
2628
2587
2607
2635
2597
2644
2703
2667
2653
2705
2883
2732
2643
2642
2704
2721
2781
2657
2737
2803
2906
2890
2848
2851
2844
2814
2896
2780
2806
2830
2825
2758
2834
2918
2881
2896
2866
2973
2975
2946
2925
2867
2915
2910
2897
2766
2831
2869
2891
2833
2794
2903
2812
2895
2849
2936
2899
2917
2810
2781
2726
2783
2711
2652
2607
2707
2628
2624
2603
2696
2616
2722
2706
2746
2760
2671
2764
2625
2776
2748
2730
2825
2750
2790
2872
2744
2881
2767
2836
2920
2830
2844
2874
2986
2934
2930
2904
2883
2927
2885
2994
2869
2931
2921
2811
2927
3013
2890
2888
2944
2916
2944
2873
2898
2992
2938
3008
2974
3002
2887
2893
2937
2978
2993
2938
2892
2890
2960
2803
2828
2782
2681
2756
2668
2697
2723
2781
2734
2677
2746
2752
2738
2800
2892
2783
2886
2839
2864
2920
2928
2900
2939
3010
2890
2959
2958
3005
3037
2928
2999
2994
2929
2966
2942
2987
2997
2809
2919
3020
2945
2971
3072
2887
2895
2964
2862
2925
2927
2823
2790
2844
2740
2787
2692
2720
2687
2570
2775
2733
2713
2731
2833
2782
2871
2905
2896
2947
2902
3014
2885
2916
2924
2995
2980
2993
3032
2965
2957
2894
2953
2957
2907
2874
2963
3025
2836
2980
2938
2911
2968
2951
3001
2989
2895
2888
2855
2855
2842
2880
2913
2912
2827
2838
2872
2842
2832
2786
2840
2770
2747
2859
2853
2795
2719
2667
2710
2689
2670
2720
2548
2679
2663
2560
2696
2701
2617
2644
2566
2649
2654
2728
2716
2753
2781
2823
2818
2803
2814
2950
2914
2930
2896
2924
2948
2944
2868
2885
2991
2861
2843
2917
2938
2805
2878
2949
2840
2886
2824
2860
2799
2810
2922
2875
2923
2869
2804
2800
2939
2918
2790
2767
2799
2814
2744
2683
2777
2816
2817
2745
2772
2809
2717
2777
2707
2699
2717
2667
2627
2620
2660
2627
2579
2623
2769
2659
2645
2669
2578
2668
2640
2674
2626
2675
2733
2778
2743
2754
2706
2875
2925
2872
2926
2830
2856
2897
2995
2922
3020
2913
2953
2903
2904
3068
2934
2928
2958
2910
2978
2955
2990
3015
2913
3001
2968
2993
2982
2961
2972
2969
2972
2943
2990
2909
2920
2937
3029
3009
2906
3061
2974
2937
2978
2988
3045
3002
3011
3022
2996
3050
2949
3025
2961
2981
3016
3063
3036
3099
2977
3040
2985
2945
2937
2990
2980
3030
2989
2943
2981
3080
3144
2972
3013
2974
2981
3005
2980
3120
2965
2915
3061
3048
2956
3015
2923
2968
2957
2899
2973
3012
3009
3041
2910
2985
3031
2976
2931
3008
3017
2957
3022
3036
2994
3052
2996
3064
2936
2978
3017
3045
2896
2959
2925
3043
2975
3019
3027
2939
2898
3023
2981
3047
2986
3070
2988
2991
3014
3049
2966
3016
2993
2911
2957
2970
2980
2993
3027
3018
3056
2887
2943
3024
2928
2894
3029
2971
2930
3021
3005
2959
2925
2958
2902
3044
2999
2882
3040
2977
2971
2896
2957
2962
2949
2991
2851
2920
2985
2950
2888
2933
2900
2849
2874
2839
2805
2859
2854
2818
2734
2749
2715
2828
2695
2652
2603
2598
2651
2656
2561
2561
2649
2560
2629
2680
2654
2639
2755
2617
2731
2707
2715
2699
2787
2755
2789
2672
2733
2798
2880
2773
2916
2815
2859
2840
2939
2761
2924
2885
2794
2933
2903
2876
2866
2895
2800
2825
2811
2906
2929
2854
2948
2866
3014
2835
2915
2998
2963
2891
2896
2922
2900
2928
2937
2893
2910
2887
2834
2937
2875
2728
2739
2736
2757
2749
2652
2683
2649
2664
2640
2655
2645
2693
2698
2664
2738
2620
2642
2748
2767
2763
2721
2733
2846
2800
2795
2848
2858
2875
2790
2869
2853
2918
2872
2928
2924
2917
2870
2824
2812
2879
3027
2950
2821
2920
2834
2829
2920
2852
3021
2999
2944
2964
2838
2906
2829
2945
2995
2912
2940
2861
3010
2910
2967
2906
2936
2862
2878
2891
2848
2783
2776
2784
2799
2719
2700
2699
2647
2720
2826
2714
2698
2726
2762
2807
2802
2785
2861
2851
2950
2922
2823
2942
2909
2947
3013
2955
2870
2965
2950
2910
2881
2917
2897
2925
2928
3013
3030
2942
2931
2975
2938
2865
2940
2871
2876
2866
2849
2914
2772
2813
2806
2834
2796
2784
2718
2792
2684
2779
2755
2778
2790
2792
2772
2799
2828
2896
2871
2881
2860
2991
2966
2943
3007
2978
2987
2920
2970
2949
3010
2984
2970
2926
2899
2951
2902
2848
2974
2887
2866
2985
2937
2936
2918
2763
2944
2853
2875
2882
2840
2921
2864
2966
2896
2849
2819
2795
2860
2798
2745
2776
2777
2738
2716
2885
2737
2669
2707
2748
2658
2694
2677
2568
2618
2648
2654
2579
2703
2531
2590
2650
2758
2667
2625
2735
2843
2821
2806
2791
2901
2912
2823
2802
2837
2875
2929
2898
2927
2792
2860
2922
2900
2913
2923
2783
2876
2867
2900
2794
2926
2812
2847
2886
2807
2851
2866
2844
2800
2808
2766
2825
2831
2739
2809
2714
2742
2786
2797
2715
2735
2692
2697
2654
2658
2658
2724
2606
2623
2743
2683
2568
2599
2652
2674
2670
2544
2646
2727
2608
2727
2692
2721
2694
2839
2662
2761
2809
2799
2844
2903
2923
2858
2929
3002
2845
2923
2846
2920
2954
2985
2988
3004
2841
2980
2981
3027
2894
2911
2910
3042
2917
2926
3005
2966
3030
2880
2953
3010
2986
2944
2956
3053
2966
3051
3034
3037
2936
2908
2990
3001
2991
3023
2946
2971
2965
3020
3084
2940
2975
2868
3044
3067
3012
3069
3022
3071
2999
2987
2965
2996
2932
2944
3042
2998
2929
2990
3037
2903
3037
2951
