4019
4062
4029
3991
3996
3901
3979
3951
3973
3966
4038
3868
3967
3970
3965
3996
3930
3937
3938
3887
4011
4025
4084
3975
4026
4069
3903
3975
4053
4003
3978
4003
3917
4012
3992
4021
3904
3998
3957
3936
4012
3915
4003
3988
4012
3937
3876
3982
3889
3960
4099
4053
3855
3922
3902
3895
3943
4023
3931
3984
3947
3814
3925
3885
4042
3994
3884
3911
3890
3850
3933
3790
3745
3857
3763
3744
3633
3605
3675
3624
3626
3648
3503
3566
3549
3545
3653
3530
3591
3540
3568
3512
3464
3652
3549
3476
3685
3567
3672
3626
3770
3590
3667
3705
3637
3743
3720
3655
3774
3742
3716
3770
3760
3702
3808
3775
3753
3836
3815
3798
3774
3815
3782
3863
3904
3767
3815
3726
3776
3840
3875
3999
3908
3794
3862
3923
3806
3845
3766
3918
3814
3704
3830
3899
3612
3634
3575
3680
3501
3639
3437
3548
3481
3548
3617
3543
3606
3601
3530
3628
3617
3663
3601
3679
3618
3692
3756
3672
3733
3693
3795
3764
3795
3828
3686
3757
3893
3900
3815
3772
3842
3877
3773
3888
3832
3919
3809
3931
3895
3920
3887
3840
3863
3988
3909
3978
3813
3898
3899
3953
3933
3964
3956
3895
3915
3880
3948
3926
3921
3825
3848
3811
3857
3731
3777
3740
3680
3720
3685
3644
3559
3584
3626
3608
3628
3682
3678
3643
3672
3733
3853
3794
3766
3944
3876
3898
3895
3859
3967
3935
3939
3972
3959
3775
4002
3979
3895
3921
3994
3907
4032
3871
3915
3954
4021
4026
3848
3855
3836
3744
3902
3747
3806
3725
3850
3787
3797
3642
3601
3686
3490
3603
3607
3693
3649
3717
3777
3705
3894
3849
3827
3848
3913
3886
3844
3857
3859
3974
3912
3931
3954
3913
3823
3776
3856
3937
3900
3871
3898
3936
3891
3911
3956
3830
3838
3828
3912
3900
3743
3830
3922
3835
3899
3806
3851
3726
3735
3773
3818
3836
3678
3728
3821
3762
3675
3750
3738
3696
3757
3724
3643
3645
3601
3541
3648
3635
3609
3556
3610
3495
3488
3408
3481
3511
3642
3627
3754
3644
3678
3687
3847
3807
3728
3776
3808
3909
3869
3877
3918
3859
3906
3896
3979
3849
3859
3799
3845
3967
3716
3953
3799
3897
3801
3802
3894
3867
3796
3798
3745
3798
3759
3712
3793
3803
3793
3789
3736
3746
3733
3735
3723
3627
3774
3666
3659
3628
3605
3597
3709
3551
3614
3562
3566
3589
3521
3437
3561
3544
3520
3594
3480
3399
3524
3550
3477
3517
3675
3585
3569
3727
3791
3742
3805
3801
3832
3810
3918
3896
3996
3888
3855
3829
3913
4104
4005
4018
3916
3999
3966
3995
3991
3922
3873
4012
3944
4044
3980
3926
3865
3896
3957
4034
4011
3901
3908
3896
3968
3930
3974
3972
3921
4068
4043
3898
4077
3973
4034
3942
3991
4012
3934
4003
3987
3979
3968
3940
4002
4037
3907
3905
3958
3930
3912
3926
4111
4000
3940
3886
3942
3999
3997
3959
3861
4106
3947
4038
3987
4093
3945
3976
4131
3960
4006
3917
3917
3869
3923
4079
3950
4011
3955
3956
3970
3995
3993
3834
4027
3899
3914
4037
3882
3983
4054
3866
3959
4057
3891
3998
3967
3972
3952
3951
4018
3988
3849
3938
4012
3891
3976
3949
3987
3911
3846
3971
3968
3981
3876
3840
3979
3990
3959
3974
4020
3909
3953
4081
4089
4022
3942
3932
4010
3950
3885
3971
3972
3905
3981
3992
3952
4039
3969
3941
3997
3955
3973
4020
3892
3925
3934
3951
3811
4003
3896
3846
3890
3935
3936
4027
3950
3916
3964
3905
3880
3926
3808
3843
3924
3724
3706
3765
3822
3792
3631
3611
3662
3605
3515
3382
3615
3490
3522
3554
3482
3554
3523
3536
3626
3561
3451
3506
3577
3466
3571
3577
3572
3649
3651
3772
3595
3677
3640
3765
3816
3756
3705
3793
3922
3789
3670
3681
3738
3737
3619
3771
3751
3701
3836
3920
3879
3754
3855
3802
3820
3785
3800
3801
3836
3832
3831
3726
3873
3885
3877
3843
3870
3854
3854
3796
3845
3883
3896
3676
3723
3719
3608
3618
3621
3569
3543
3517
3573
3604
3490
3478
3632
3620
3664
3624
3530
3556
3608
3603
3661
3623
3715
3650
3781
3693
3790
3816
3672
3691
3795
3730
3813
3805
3733
3789
3844
3879
3842
3865
3979
3844
3773
3816
3845
4017
3838
3911
3791
3873
3805
3827
3949
3983
4012
3770
3847
3851
3827
3756
3924
3890
3852
3968
3860
3864
3894
3759
3975
3862
3887
3803
3691
3722
3694
3649
3602
3604
3482
3548
3606
3684
3697
3631
3684
3665
3735
3757
3852
3925
3878
3879
3867
3849
3936
3902
3956
3950
3983
3905
3920
3853
3977
4050
3849
3889
3839
3852
3812
3966
3788
3777
3884
3971
3773
3919
3970
3877
3842
3680
3730
3617
3725
3696
3704
3631
3579
3672
3618
3507
3560
3581
3634
3684
3771
3678
3774
3798
3851
3805
3779
3845
3811
3936
3834
3912
3900
3821
3858
3815
4009
3998
3993
3874
3995
3846
3845
3829
3905
3930
3831
3932
3820
3869
3710
3802
3834
3649
3945
3813
3770
3922
3828
3872
3798
3716
3738
3666
3696
3709
3722
3773
3670
3657
3716
3574
3711
3756
3654
3640
3554
3537
3539
3504
3573
3378
3413
3611
3472
3550
3572
3686
3698
3560
3676
3738
3669
3755
3769
3779
3818
3799
3750
3829
3814
3779
3879
3837
3857
3806
3878
3864
3863
3843
3873
3833
3869
3805
3850
3831
3686
3653
3833
3810
3903
3743
3697
3783
3767
3783
3682
3810
3726
3725
3762
3807
3731
3674
3644
3706
3639
3672
3628
3594
3586
3512
3478
3593
3520
3611
3499
3571
3552
3435
3562
3480
3481
3502
3495
3567
3629
3574
3674
3713
3712
3600
3688
3727
3820
3700
3913
3892
3905
3831
3922
3840
3890
3854
3889
3992
3808
3954
3792
4036
3938
3883
3931
3879
3990
3897
3971
4008
4014
3910
3976
3983
3987
3873
3953
4027
3888
3965
3884
4055
4076
3831
3873
3964
3994
3940
3965
3971
3982
4065
4020
3966
3965
4048
3989
3912
3937
3917
4076
3999
4084
3993
4067
3869
3964
3942
3977
3958
3920
3978
3852
3871
3929
3977
3919
4047
3933
