2942
2886
2951
3044
2888
2992
3094
2925
2906
3005
2991
3056
2938
2959
3008
2941
2983
2978
2955
3003
2924
2921
2872
3029
3036
3030
2968
2992
2936
2957
2835
2991
2965
2925
3091
2994
2946
2909
3026
3004
2983
2887
3024
2990
2956
2896
2997
2918
2913
2951
2960
2908
2872
2915
2915
2902
2941
2889
2868
2920
2983
3013
2907
2877
2904
3001
2950
2949
2971
2899
2933
2885
2845
2838
2843
2814
2811
2744
2749
2701
2763
2688
2717
2769
2603
2634
2624
2578
2647
2572
2590
2641
2703
2686
2747
2711
2823
2642
2702
2731
2709
2777
2807
2804
2820
2840
2728
2821
2702
2759
2781
2731
2861
2924
2972
2844
2769
2903
2852
2857
2734
2899
2878
2904
2834
2839
2879
2809
2885
2936
2899
2846
2910
2914
2865
2802
2793
2789
2926
2921
2816
2730
2845
2824
2808
2768
2690
2774
2731
2645
2706
2580
2647
2622
2620
2624
2703
2596
2671
2762
2708
2696
2803
2822
2734
2751
2859
2730
2801
2863
2854
2827
2816
2829
2796
2794
2849
2838
2839
2852
2829
2888
2856
2854
2954
2807
2883
2952
2858
2911
2934
2910
2877
2873
2948
3016
2888
2941
2874
2943
2882
2913
2871
2918
2892
2961
2941
2844
2833
2834
2946
2872
2801
2766
2780
2755
2642
2683
2711
2694
2659
2740
2639
2758
2739
2663
2812
2797
2863
2859
2817
2826
2907
2991
2901
2834
2860
2926
2928
2879
2897
2998
2973
2883
2911
2879
2862
2963
2948
2881
2873
2981
2944
2935
2879
2836
2843
2968
2878
2942
2856
2984
2848
2768
2868
2902
2763
2665
2780
2738
2658
2602
2720
2776
2724
2747
2747
2802
2843
2902
2889
3015
2856
2857
2917
2846
2903
2896
2877
2958
2937
2975
2968
2965
2867
2878
2897
2865
2955
2912
2837
2971
2889
2833
2893
2912
2869
2917
2931
2884
2886
2900
2920
2892
2927
2844
2897
2808
2964
2888
2897
2888
2827
2822
2763
2676
2736
2728
2681
2705
2752
2683
2729
2662
2669
2680
2703
2614
2742
2637
2624
2620
2605
2634
2746
2700
2821
2859
2753
2832
2859
2913
2837
2883
2908
2871
2805
2929
2882
2960
2960
2863
2829
2880
2855
2854
2914
2935
2909
2896
2859
2930
2897
2879
2886
2868
2891
2882
2833
2801
2868
2955
2841
2816
2806
2826
2762
2823
2753
2767
2766
2776
2734
2778
2702
2668
2755
2674
2690
2785
2706
2648
2753
2660
2718
2621
2702
2592
2640
2577
2569
2523
2703
2602
2696
2711
2758
2744
2784
2718
2797
2813
2762
2866
2826
2831
2889
2891
2921
2973
2878
2972
2982
2935
2934
3053
3007
2931
2988
2945
2956
2949
3010
2993
2899
2909
3016
2957
2964
2944
2958
2956
2997
2982
3000
2998
2899
2967
2926
3033
3006
3012
2971
2967
2993
2953
2937
2930
3022
2983
3013
3039
2998
3029
2968
3005
2975
2941
2893
3012
3078
2980
3022
2911
2932
2933
2972
2982
3072
3036
2960
2960
2964
2955
2925
3074
2985
3000
2932
2969
2969
3089
3014
3138
3048
2962
2928
2942
2949
3044
2973
3035
2999
2937
2914
2915
2985
3019
2993
2956
3000
3031
2932
2999
2912
2948
2960
3038
3047
2913
2894
2986
2909
2907
2993
3036
2951
3056
2919
3007
3008
2945
2960
3013
2943
2915
2949
2925
2940
2944
2993
3060
2900
3015
3071
2912
2926
3028
2937
2992
3002
2923
2950
3040
3024
2978
2960
2910
3019
3042
2983
2957
2958
3032
2966
3023
3002
3044
2896
2992
2931
3058
3006
2968
2942
3000
2920
2909
2890
3032
2875
2810
2858
2874
2934
2865
2865
2869
2879
2732
2873
2864
2679
2749
2698
2737
2643
2708
2683
2664
2537
2574
2613
2651
2671
2661
2635
2657
2604
2741
2696
2702
2669
2683
2719
2768
2799
2733
2632
2688
2751
2873
2777
2758
2749
2838
2819
2757
2802
2780
2725
2867
2839
2798
2855
2761
2935
2855
2852
2914
2898
2873
2814
2817
2979
2884
2858
2923
2897
2833
2876
2759
2937
2940
2863
2953
2877
2951
2813
2925
2878
2873
2836
2740
2734
2736
2702
2711
2704
2710
2632
2661
2626
2623
2665
2671
2681
2648
2710
2613
2656
2720
2706
2762
2718
2829
2813
2798
2744
2761
2800
2775
2816
2852
2921
2826
2828
2904
2889
2964
2874
2945
2845
2904
2922
2968
2874
2917
2895
2969
2918
3010
2972
2902
2887
2929
2885
2991
2914
2940
3008
2882
2885
2885
2937
2847
2943
2913
2958
2738
2890
2895
2901
2864
2798
2786
2735
2691
2747
2754
2686
2734
2815
2693
2734
2706
2840
2828
2842
2756
2881
2933
2824
2889
2918
2859
2862
2858
2879
2889
2979
3008
2926
2938
2836
2918
3007
2921
2894
2970
2940
2918
2925
2973
2920
2926
2876
2788
2833
2925
2790
2782
2794
2740
2773
2709
2721
2658
2823
2640
2714
2721
2695
2698
2715
2781
2753
2851
2745
2822
2851
2914
2942
2886
2965
2966
2912
2941
2923
2979
2900
2962
2983
2988
2960
2855
2873
2936
3009
2861
2913
3001
2819
2918
2897
2911
2928
2968
2807
2961
2861
2891
2799
2892
2825
2891
2800
2821
2838
2807
2810
2858
2814
2865
2707
2785
2786
2677
2650
2618
2729
2721
2626
2721
2670
2641
2672
2542
2588
2608
2521
2588
2578
2766
2791
2709
2741
2730
2789
2814
2755
2830
2793
2854
2931
2807
2907
2801
2745
2888
2781
2870
2854
2803
2897
2822
2782
2806
2830
2927
2817
2825
2805
2815
2836
2858
2842
2811
2804
2857
2801
2770
2906
2816
2731
2801
2812
2777
2761
2786
2789
2786
2732
2697
2664
2706
2677
2640
2744
2775
2678
2590
2693
2656
2561
2679
2656
2618
2763
2650
2639
2732
2659
2700
2747
2776
2755
2776
2776
2815
2806
2903
2871
2915
2927
2993
3004
2861
2909
3007
2932
3037
2944
2910
2901
2969
3073
2907
3000
2927
2951
3046
2920
3084
2983
2908
2946
2989
2928
2960
2925
2910
2871
2965
3047
3004
2999
2853
2982
2993
2955
3032
3003
2963
2837
2953
3043
2944
2982
3000
3035
2876
2920
2913
2963
2884
3057
2978
3017
2977
2922
2938
2983
2908
2930
2944
3040
2983
3003
2996
2977
2922
2951
