4941
5062
4990
4830
4884
4889
4902
4963
4971
5027
4911
5013
4966
5061
4962
4970
5055
4999
5024
4863
4777
4951
4887
4977
5000
4833
4928
5015
4880
4995
4859
4947
4810
4982
4914
4929
4792
4923
4948
4878
4836
4983
5081
4989
4871
4965
4919
4959
5010
4907
4910
4920
4921
4954
5072
5034
5136
5054
5022
4983
4936
4896
4927
4980
4878
4930
4831
4953
4852
4840
4785
4731
4645
4782
4736
4698
4659
4616
4482
4411
4593
4518
4457
4453
4312
4378
4459
4449
4522
4398
4510
4339
4434
4475
4432
4475
4603
4588
4409
4564
4553
4547
4579
4665
4647
4577
4509
4634
4657
4594
4758
4635
4756
4680
4671
4695
4787
4802
4749
4791
4813
4614
4793
4732
4705
4795
4773
4919
4865
4847
4856
4791
4907
4720
4797
4812
4811
4799
4715
4679
4616
4687
4703
4615
4760
4644
4538
4536
4591
4393
4420
4303
4537
4500
4472
4351
4395
4430
4438
4509
4324
4577
4698
4594
4607
4561
4619
4664
4657
4610
4682
4707
4637
4787
4823
4708
4834
4699
4626
4814
4746
4749
4780
4769
4773
4846
4752
4763
4824
4806
4878
4815
4833
4915
4828
4923
4943
4722
4871
4865
4871
4917
4958
4871
4902
4895
4917
4869
4904
4764
4878
4794
4792
4683
4622
4643
4663
4680
4495
4434
4515
4523
4562
4595
4505
4598
4672
4722
4752
4684
4836
4728
4656
4946
4766
4898
4807
4909
4942
4816
4906
4896
4875
4848
4927
4930
4849
5032
4959
4775
4886
4782
4890
4953
4890
4956
4821
4923
4831
4683
4776
4792
4848
4770
4737
4529
4547
4501
4561
4520
4550
4533
4572
4575
4507
4701
4662
4594
4795
4742
4619
4900
4827
4905
4897
4897
4763
4831
4875
4749
4972
4725
4742
4898
4896
4877
4877
4921
4802
4795
4819
4872
4965
4937
4840
4870
4731
4714
4775
4727
4728
4671
4703
4740
4764
4813
4749
4793
4827
4792
4804
4652
4710
4639
4681
4750
4679
4625
4515
4616
4568
4518
4562
4486
4409
4528
4466
4449
4462
4475
4421
4444
4429
4530
4469
4547
4664
4646
4684
4643
4753
4765
4851
4894
4797
4839
4704
4869
4918
4791
4763
4837
4807
4740
4798
4960
4856
4837
4838
4733
4777
4885
4752
4768
4859
4790
4744
4856
4765
4811
4838
4677
4790
4688
4686
4746
4837
4687
4676
4634
4775
4761
4560
4514
4548
4508
4461
4602
4612
4552
4489
4628
4419
4428
4375
4459
4385
4365
4448
4374
4383
4446
4369
4361
4531
4485
4623
4554
4706
4733
4744
4721
4619
4700
4794
4683
4751
4843
4902
4738
4900
4867
4933
4971
4867
5002
4791
4992
5097
4985
4992
4868
4983
5028
5028
4874
4928
4898
4969
4986
4935
4842
4996
4951
4943
4805
4979
4937
4982
5003
4990
4907
4910
4878
4812
5026
4914
5032
4950
4953
4958
4956
4952
5005
4961
5019
5010
4862
4909
4941
4982
4966
5055
4968
4896
4997
4962
5020
4984
4920
4865
5046
5033
5005
4950
5080
5028
4836
4861
4883
4927
4914
4862
4945
4964
4984
4986
4854
4982
4931
4960
4942
4986
4937
5000
4881
4910
4899
4959
5018
4932
4937
4918
4994
4939
4951
4973
4902
4789
4899
4979
4936
4930
5065
5001
5006
5041
4751
5033
4975
4928
4883
4947
4973
4963
4948
4950
4955
5038
4938
5053
5016
5010
5001
4940
4919
4985
4944
4952
4980
5042
5002
5047
4960
4825
4952
4992
5026
4962
5011
4915
5012
5026
4956
4989
4834
4953
4864
4881
4913
4981
5067
4930
4925
4960
4865
4759
4904
4879
4897
4861
4956
4764
4860
4811
4719
4913
4765
4728
4766
4770
4724
4634
4489
4549
4498
4414
4528
4428
4458
4381
4259
4399
4397
4400
4405
4321
4427
4462
4441
4538
4626
4569
4482
4558
4488
4503
4650
4663
4707
4590
4602
4739
4657
4645
4736
4657
4760
4618
4636
4803
4693
4748
4731
4765
4785
4771
4739
4791
4769
4715
4775
4672
4629
4716
4759
4755
4969
4827
4740
4732
4848
4838
4835
4781
4851
4777
4765
4710
4768
4727
4763
4721
4633
4553
4696
4520
4521
4436
4523
4525
4407
4540
4281
4405
4486
4338
4383
4345
4459
4462
4529
4525
4515
4590
4610
4657
4716
4571
4760
4636
4688
4724
4625
4842
4686
4822
4795
4893
4773
4861
4859
4945
4843
4720
4842
4812
4739
4845
4836
4893
4835
4978
4974
4785
4882
4735
4948
4960
4848
4828
4843
4815
4834
4871
4857
4943
4788
4834
4706
4811
4744
4680
4762
4812
4664
4715
4599
4487
4466
4482
4422
4544
4538
4519
4592
4546
4749
4606
4819
4810
4784
4863
4858
4881
4779
4891
4810
4872
4782
4864
4961
4838
4767
4737
4910
4847
4800
4843
4922
4930
4876
4922
4922
4848
4851
4774
4795
4810
4776
4727
4703
4759
4687
4565
4657
4695
4608
4534
4524
4469
4571
4516
4597
4623
4599
4764
4725
4758
4740
4786
4734
4785
4768
4899
4851
4855
4926
4970
4844
4955
4810
4924
5001
4998
4908
4888
4869
4934
4937
4691
4795
4911
4835
4849
4857
4800
4749
4755
4766
4848
4943
4746
4838
4752
4642
4699
4678
4716
4790
4634
4698
4701
4647
4640
4576
4668
4675
4501
4560
4444
4422
4367
4465
4474
4468
4526
4430
4561
4438
4445
4436
4544
4424
4567
4424
4682
4696
4602
4649
4744
4712
4759
4806
4851
4840
4798
4852
4767
4760
4754
4916
4740
4747
4815
4825
4841
4748
4740
4808
4637
4762
4787
4812
4755
4771
4670
4671
4611
4683
4665
4558
4539
4662
4610
4641
4587
4569
4599
4582
4613
4586
4630
4510
4591
4581
4553
4516
4397
4519
4484
4465
4364
4462
4406
4441
4379
4502
4588
4530
4460
4507
4472
4573
4615
4616
4630
4651
4778
4679
4825
4843
4857
4656
4828
4788
4832
5054
4909
4929
4892
4898
4906
4942
4791
4806
5007
4949
4964
4973
4856
5079
4897
4895
4878
4857
4956
4941
4988
4889
4855
4974
4970
4922
4983
4913
4926
4949
5033
4933
4890
4972
5015
4917
4922
4970
5016
5006
5108
4983
5002
4931
5125
5055
4862
4935
4923
5006
5022
4915
4881
4961
4954
4865
5043
4956
4941
4947
4919
5025
5003
4893
5036
