2974
3000
2958
2944
2995
2947
2972
2909
2932
2989
3027
3018
2927
2944
2990
2931
3009
2909
2946
3005
3046
2989
2944
3028
2948
2925
2981
3002
2979
2958
2942
2995
2935
3045
2968
3023
2886
3043
2989
3021
3012
3053
2984
3056
2977
2946
2994
3027
2983
2963
2937
3032
3018
2955
2948
3010
2894
3005
3015
2883
3038
2963
2873
3001
2915
2886
3004
2838
2978
2870
3017
2764
2880
2870
2851
2874
2789
2745
2873
2647
2740
2751
2637
2626
2668
2648
2689
2649
2684
2662
2717
2678
2701
2736
2698
2660
2647
2625
2653
2811
2738
2893
2735
2789
2803
2678
2762
2827
2844
2807
2877
2793
2858
2870
2781
2923
2786
2839
2857
2904
2780
2844
2902
2740
2920
2819
2786
2979
2881
2791
2868
2859
2876
2935
2804
2819
3045
2891
2852
2839
2855
2838
2785
2903
2834
2706
2858
2785
2769
2604
2662
2678
2638
2647
2652
2671
2675
2707
2721
2790
2789
2692
2743
2842
2717
2712
2771
2737
2848
2727
2783
2842
2788
2844
2830
2820
2943
2831
2862
2873
2848
2897
2911
2886
2793
2931
2914
2816
2935
2949
2937
2878
2896
2887
2917
3009
2997
2974
2919
2951
2804
3046
2937
2814
2952
2974
2826
2983
3018
2833
2892
2886
2890
2800
2828
2874
2799
2667
2791
2785
2632
2738
2711
2763
2715
2735
2789
2753
2989
2815
2888
2852
2913
2855
2971
2943
2872
2953
2986
2941
2995
2985
2882
2853
3090
2974
2869
2911
2932
2995
2923
2881
2939
3065
2968
2960
3034
2989
2899
2885
2863
2912
2779
2904
2784
2706
2686
2777
2724
2819
2700
2683
2715
2853
2771
2791
2826
2921
2729
2833
2902
2862
2871
2857
2934
2958
2854
2974
2971
2972
2861
2909
2999
2876
2962
2963
2920
2949
2968
2908
2920
2872
2942
2882
2895
2968
2984
2908
2893
2927
2842
2927
2832
2853
2936
2898
2865
2851
2923
2839
2817
2883
2837
2853
2766
2816
2823
2761
2724
2759
2794
2723
2610
2751
2793
2633
2727
2647
2715
2624
2612
2687
2645
2679
2708
2598
2752
2754
2686
2836
2835
2856
2781
2796
2913
2860
2866
2915
2833
2910
2803
2911
2942
2827
2884
2789
2968
2871
2973
2913
2859
2917
2807
2763
2843
2796
2874
2870
2844
2855
2770
2754
2823
2900
2930
2838
2828
2776
2798
2692
2737
2721
2695
2845
2738
2749
2639
2764
2788
2761
2699
2709
2651
2561
2634
2660
2715
2638
2570
2647
2676
2602
2613
2682
2815
2645
2652
2768
2690
2822
2782
2882
2885
2896
2848
2867
2901
2980
2915
2936
3010
2913
2969
2936
2946
3049
3006
2985
2953
2962
3048
2986
2894
2903
3025
3028
2929
2976
2841
2996
2930
2955
3022
2986
2936
2948
2950
3062
2986
2984
2954
3110
3109
2990
2985
2970
2935
3026
2916
2973
3012
3006
2968
3016
2926
2959
3014
3013
2993
3015
2981
2945
2998
3000
3047
2906
3070
3001
2931
2966
3005
2887
2960
2918
2954
2954
3026
3087
3015
3088
2957
2916
2997
2981
2982
3063
3046
2927
2978
2973
2918
3028
2934
2995
2960
3041
2992
3006
2985
3076
2995
2934
3019
2951
3049
2989
3029
3027
3054
3001
3024
2953
2934
3048
2930
3052
3050
3015
2893
2999
2984
3045
3006
2983
2995
2950
2952
2967
2881
2980
2938
2989
3070
2965
2967
2969
2975
2940
2891
3015
2984
2970
3004
2928
2958
2999
3005
2886
2951
2967
3001
2981
2956
2955
2983
2922
2859
2969
3051
2930
2976
2925
2889
3012
2980
2890
2998
2882
3001
2946
2876
2929
2944
2887
2947
2987
2890
2841
2793
2813
2906
2819
2778
2834
2741
2715
2738
2615
2594
2664
2651
2659
2760
2677
2546
2695
2613
2700
2635
2662
2806
2664
2695
2761
2748
2779
2697
2757
2701
2831
2742
2833
2702
2849
2843
2796
2809
2850
2723
2760
2854
2806
2745
2809
2819
2758
2847
2835
2754
2845
2854
2862
2876
2845
2855
2829
2951
2862
2847
2887
2894
2879
2929
2878
2838
2914
2946
2920
2819
2933
2801
2818
2716
2837
2701
2706
2715
2603
2671
2761
2651
2688
2683
2643
2673
2627
2676
2698
2764
2691
2660
2653
2730
2766
2652
2734
2895
2874
2808
2848
2895
2829
2816
2938
2720
2908
2796
2854
2944
2825
2853
2856
2807
2887
2893
2852
2857
2890
2903
2926
2873
2878
2940
2943
2994
2890
2989
2816
2873
2913
2934
2966
2933
2868
2930
2849
2999
2951
2927
3022
2884
2761
2753
2850
2789
2800
2612
2695
2672
2731
2722
2647
2730
2724
2825
2779
2749
2874
2868
2853
2848
2847
2963
2894
2823
2891
2957
2833
2876
2940
2871
2900
2896
2995
2969
2972
2947
2957
2857
2880
2916
2865
2987
2939
2906
2940
2954
2875
2957
2830
2896
2847
2700
2826
2759
2731
2732
2750
2645
2720
2745
2701
2704
2707
2710
2740
2872
2854
2720
2829
2888
2889
2905
2915
2953
2904
2871
2865
2868
2962
2800
2886
2987
2931
2959
2968
2895
2942
2910
2913
2910
2866
2908
2911
2830
2848
2805
2907
3062
2839
2823
2851
2907
2906
2787
2798
2946
2832
2776
2804
2752
2751
2748
2809
2810
2806
2685
2742
2697
2625
2726
2744
2691
2612
2619
2670
2602
2684
2724
2616
2563
2713
2795
2673
2756
2761
2761
2761
2866
2730
2900
2926
2813
2863
2943
2962
2914
2840
2767
2809
2935
2851
2762
2795
2826
2825
2851
2918
2878
2886
2841
2916
2858
2882
2845
2798
2863
2865
2889
2818
2788
2768
2805
2852
2898
2814
2830
2809
2774
2834
2733
2849
2776
2743
2775
2734
2670
2672
2749
2680
2735
2619
2669
2681
2695
2701
2630
2649
2556
2647
2668
2769
2655
2687
2769
2879
2765
2768
2857
2791
2854
2878
2878
3028
2929
2865
2911
2933
2927
2942
3004
2991
2910
2893
2952
2947
2898
2964
2972
3025
2906
3099
2968
2900
2922
2985
2953
2902
3020
3037
2996
2947
2905
3003
2919
2957
3006
2948
3055
2956
3066
2888
3010
3013
2919
2974
2935
2936
3004
2987
3052
2981
2969
2951
2871
3058
2974
3019
2967
3022
2951
2995
2922
3043
2927
3006
2921
2959
2967
3060
2893
2969
2876
