5042
4957
5095
5057
5059
4896
5066
4963
5021
5110
5025
4891
4865
4864
4886
4992
4904
5070
4941
4859
5052
4981
4999
5029
4935
4916
4978
4907
4969
5004
4880
5022
5054
5012
4977
5027
4912
5070
5009
4946
4991
5107
5030
4910
4928
4981
5018
4993
4918
5049
4874
4869
4895
4858
4984
4970
4907
4926
4913
4984
4948
5020
4998
4930
4876
4834
4882
4735
4858
4847
4728
4918
4844
4930
4780
4668
4619
4748
4683
4595
4514
4545
4599
4495
4412
4460
4473
4464
4491
4335
4467
4519
4477
4449
4436
4426
4502
4597
4556
4514
4501
4576
4584
4636
4631
4619
4538
4722
4663
4594
4578
4712
4662
4702
4683
4635
4634
4660
4798
4787
4840
4809
4774
4684
4737
4645
4694
4722
4860
4819
4796
4828
4766
4777
4740
4858
4882
4774
4854
4715
4761
4771
4816
4699
4624
4615
4576
4626
4568
4562
4435
4473
4432
4431
4522
4409
4454
4520
4487
4691
4482
4620
4549
4592
4555
4685
4670
4599
4767
4740
4824
4657
4714
4712
4831
4816
4831
4760
4806
4644
4857
4830
4873
4827
4967
4778
4767
4874
4888
4925
4858
4826
4803
4908
4795
4666
4851
4895
4879
4906
5033
4875
4805
4883
4796
4851
4826
4830
4854
4857
4757
4827
4726
4712
4786
4664
4735
4558
4630
4579
4656
4537
4567
4611
4543
4629
4692
4608
4602
4744
4723
4538
4722
4778
4781
4872
4714
5001
4923
4886
4919
5022
4860
4911
4948
4987
4901
4835
4977
4946
4867
4835
5002
4972
4888
5005
4858
4808
4864
4857
4636
4837
4722
4671
4692
4674
4547
4605
4442
4522
4480
4566
4585
4509
4645
4695
4721
4663
4757
4671
4677
4647
4828
4873
5026
4851
4839
4974
4955
4874
4799
4833
4882
4904
4884
4800
4884
4878
4921
4978
4840
4911
4844
4859
4863
4872
4845
4832
4896
4860
4830
4876
4822
4698
4789
4732
4825
4743
4790
4724
4783
4632
4704
4706
4648
4782
4648
4609
4550
4547
4475
4417
4493
4377
4499
4381
4419
4422
4550
4322
4440
4418
4379
4582
4600
4498
4637
4601
4724
4723
4812
4805
4785
4766
4888
4779
4842
4866
4836
4813
4720
4857
4886
4843
4783
4829
4769
4904
4862
4851
4690
4784
4667
4823
4766
4889
4705
4770
4795
4754
4859
4771
4694
4668
4594
4801
4695
4667
4682
4709
4559
4540
4603
4685
4626
4558
4621
4558
4493
4632
4624
4449
4311
4664
4415
4365
4367
4389
4348
4461
4362
4478
4463
4407
4517
4527
4568
4593
4592
4756
4696
4882
4750
4777
4805
4882
4825
4910
4869
4836
4952
4940
4825
4874
4865
5036
5014
4913
4970
4954
5046
4946
4868
4952
4966
5022
4999
4914
5022
5000
4970
4878
4977
4931
4832
5060
4934
4901
5061
4880
4839
4995
5035
4867
5137
4938
5043
5001
4998
5030
4899
5093
4835
4908
5016
4885
4919
4864
4956
4978
5050
4960
4953
5020
4907
5034
4985
5008
5034
4953
4912
4946
4993
4856
4979
5007
5014
4895
4937
4977
4855
4886
4912
4923
4888
5021
5136
4909
4955
5071
5000
5002
4975
4859
4982
4914
5037
5146
4938
4899
5063
5084
5062
4979
4983
4967
5070
5015
5011
4940
4895
4939
4852
4883
4926
4966
5035
4930
5004
4944
5020
5063
5007
4901
4853
4998
5084
5067
4974
5039
4971
4960
4963
5030
5027
4993
4940
4953
4969
4948
5014
5010
4964
5074
5049
4969
4929
4872
4925
5031
4880
4960
4936
4997
5004
5004
4927
4922
4998
4859
4923
4993
4943
4861
5040
5017
4967
4961
4841
4962
4924
4966
4972
5058
4942
4945
4801
4822
4784
4791
4709
4622
4546
4565
4702
4483
4633
4512
4506
4501
4372
4402
4496
4463
4304
4395
4437
4528
4538
4509
4564
4460
4458
4455
4480
4548
4578
4627
4695
4585
4567
4556
4543
4561
4598
4575
4683
4526
4626
4624
4734
4740
4718
4773
4856
4764
4802
4760
4713
4827
4701
4801
4752
4776
4732
4902
4699
4804
4837
4834
4723
4782
4900
4831
4762
4729
4771
4875
4775
4834
4747
4759
4650
4709
4548
4535
4468
4382
4584
4504
4386
4471
4469
4499
4492
4398
4411
4437
4500
4465
4700
4600
4668
4486
4547
4688
4618
4616
4619
4723
4683
4763
4647
4647
4778
4668
4763
4769
4762
4774
4782
4875
4798
4736
4909
4862
4931
4846
4830
4786
4809
4870
4859
4847
4942
4972
4859
4779
4912
4849
4899
4917
4837
4983
4866
4788
4899
4859
4885
4680
4792
4774
4681
4687
4614
4677
4523
4610
4496
4497
4418
4474
4543
4505
4546
4592
4536
4653
4706
4646
4807
4841
4816
4792
4876
4896
4853
4844
4895
4838
4901
4950
4878
4869
4812
5009
4824
4884
4889
4957
4960
5038
4863
4912
4886
4888
4782
4780
4847
4833
4765
4755
4650
4716
4706
4566
4491
4614
4534
4573
4530
4652
4511
4510
4661
4695
4688
4683
4640
4783
4807
4733
4870
4767
4941
4827
4743
4811
4921
4822
4834
4929
4742
4871
4902
4821
4837
4887
4780
4866
4909
4798
4892
4848
4866
4789
4856
4760
4774
4756
4841
4796
4819
4819
4662
4702
4690
4729
4825
4687
4706
4704
4564
4702
4583
4599
4604
4511
4544
4556
4532
4456
4584
4464
4471
4395
4445
4476
4461
4513
4509
4430
4553
4520
4583
4522
4736
4560
4590
4714
4789
4710
4733
4772
4833
4900
4811
4738
4818
4781
4823
4763
4803
4808
4800
4765
4835
4869
4724
4775
4721
4708
4684
4733
4770
4678
4764
4727
4660
4784
4526
4649
4551
4763
4597
4703
4597
4593
4712
4745
4560
4633
4580
4579
4458
4446
4513
4472
4362
4425
4353
4474
4446
4577
4421
4394
4521
4440
4424
4464
4539
4474
4596
4580
4514
4557
4644
4723
4733
4628
4868
4751
4795
4835
4973
4994
4883
4915
4863
4903
5053
4908
4962
4874
4972
4967
4765
4971
4850
4928
4996
4914
4986
5015
5067
4994
4844
4950
4913
4995
5081
4938
4924
5026
4895
5000
5083
4900
4974
4970
4933
4937
4947
5089
4962
5199
4933
4989
4887
5008
4869
4976
4931
4907
4879
5065
5036
4972
5058
4954
5007
4859
4920
5045
5016
4990
5023
5057
5034
5023
4867
4933
5015
