3989
3952
4035
3946
4026
3933
3876
3867
4036
4053
3945
4035
4004
4057
3930
3870
3975
4010
4005
4034
3985
3949
3919
3870
3986
3891
3900
3840
3937
3959
3953
4023
3877
4020
3970
3881
4056
3922
3900
4002
3984
3931
3927
4033
4055
3914
3957
4051
4014
4054
3851
3959
3955
3899
4015
3949
3929
3966
4024
3917
3897
3976
3931
3861
3954
3957
3911
4026
3835
3975
3797
3875
3866
3863
3924
3766
3844
3796
3788
3684
3619
3654
3584
3615
3523
3601
3569
3553
3466
3613
3543
3526
3516
3500
3635
3750
3583
3690
3664
3560
3719
3665
3679
3664
3697
3731
3762
3616
3714
3748
3797
3746
3815
3758
3772
3806
3808
3689
3883
3801
3819
3809
3832
3743
3943
3787
3811
3831
3781
3852
3895
3811
3773
3811
3880
3800
3925
3856
3728
3816
3866
3827
3817
3912
3678
3733
3617
3716
3611
3647
3523
3660
3560
3569
3561
3483
3591
3627
3685
3592
3555
3667
3595
3706
3623
3690
3655
3807
3765
3750
3746
3770
3701
3788
3771
3880
3753
3774
3834
3936
3715
3805
3894
3849
3941
3841
3798
3884
3870
3860
3825
3922
3859
3807
3870
4025
3819
3859
3786
4046
3954
3941
3849
3906
3900
3824
3889
3901
3883
3772
3880
3873
3750
3838
3749
3831
3787
3668
3573
3561
3617
3612
3624
3582
3717
3721
3757
3697
3688
3601
3827
3682
3837
3669
3830
3836
3827
3897
3951
3869
3939
3954
3917
3877
3837
3931
3797
3932
3986
3965
3976
3945
3852
3871
3858
3829
3904
3888
3878
3838
3767
3859
3865
3701
3689
3679
3728
3713
3650
3622
3747
3673
3659
3561
3620
3693
3704
3701
3830
3642
3807
3857
3750
3912
3944
3852
3951
3914
3870
3892
3903
4014
3935
3928
3827
3904
3876
3832
3872
3904
3871
3808
3804
3858
3873
3926
3786
3858
3853
3869
3848
3826
3798
3788
3817
3907
3825
3827
3829
3705
3746
3787
3738
3692
3701
3637
3745
3697
3643
3633
3550
3572
3662
3553
3625
3508
3598
3504
3521
3543
3597
3511
3575
3535
3650
3635
3660
3748
3738
3783
3843
3865
3764
3758
3854
3789
3865
3890
3823
3817
3810
3926
3812
3825
3793
3843
3777
3829
3939
3866
3781
3823
3877
3846
3689
3884
3871
3718
3785
3822
3775
3722
3707
3773
3763
3762
3693
3773
3754
3721
3706
3762
3738
3665
3520
3670
3586
3661
3602
3682
3607
3516
3585
3533
3576
3629
3633
3530
3577
3617
3514
3674
3574
3684
3521
3661
3678
3743
3641
3701
3827
3758
3806
3944
3903
3811
3818
3857
3971
3923
3968
3906
3992
3876
3873
3892
3973
3979
3894
4084
4002
3944
4030
4018
4021
3906
3843
4129
3975
3876
3898
3970
4054
3834
3953
4076
3929
3951
3866
4070
3877
3996
3971
3887
3989
4032
4116
4016
3990
3969
3973
3959
4012
3957
4077
4020
3931
4020
3970
3969
3972
3873
3970
3940
3991
3987
4020
3994
4039
3966
3994
4016
4056
3911
4031
3893
4021
4056
4016
4163
3892
3989
4019
3906
4026
4031
4008
4039
4089
4034
4008
3993
3949
4009
3957
4057
4014
3972
3987
3929
3974
3987
4018
3980
4025
4035
3933
3996
4031
3913
3975
3888
3988
3898
3984
3977
3939
3884
3884
3898
3956
3959
3923
3903
4096
4035
3966
3999
4045
4035
3954
3986
3981
4044
4056
3907
4090
3980
3903
3950
4003
3960
3973
3984
4081
3993
3921
3965
3968
3954
3929
3846
4029
3941
3972
4044
3966
3934
4072
4026
4085
4029
3936
3876
3965
4071
3875
3965
3827
3921
3963
3976
3954
3859
3845
3891
3879
3760
3820
3869
3819
3740
3779
3770
3633
3789
3598
3478
3594
3556
3505
3503
3531
3613
3415
3615
3478
3686
3595
3585
3661
3529
3615
3605
3586
3638
3653
3649
3593
3626
3697
3594
3649
3684
3732
3615
3778
3733
3794
3729
3670
3752
3715
3645
3776
3721
3853
3828
3803
3745
3772
3831
3885
3700
3797
3789
3720
3873
3917
3826
3906
3885
3869
3808
3897
3710
3700
3922
3844
3912
3832
3840
3795
3664
3712
3712
3595
3672
3566
3712
3576
3543
3599
3524
3509
3576
3576
3513
3446
3634
3629
3659
3584
3601
3714
3646
3747
3734
3725
3623
3683
3747
3839
3718
3793
3735
3876
3676
3982
3720
3800
3906
3867
3784
3904
3726
3765
3995
3913
3894
3849
3974
3926
3935
3909
3796
3870
3895
3858
3867
3809
3980
3841
3940
3949
3784
3924
3838
3879
3856
3844
3810
3763
3769
3703
3808
3790
3711
3622
3694
3637
3650
3550
3685
3636
3656
3680
3716
3721
3827
3707
3828
3813
3805
3879
3874
3870
3890
3950
3849
3997
3970
3878
3930
3799
3902
3969
4003
3875
3922
3948
3880
3852
3823
3984
3905
3839
3944
3856
3793
3732
3831
3813
3771
3841
3711
3574
3635
3430
3703
3664
3611
3735
3661
3703
3638
3717
3825
3785
3835
3775
3947
3805
3842
3931
3915
3959
3865
3854
3791
3843
3884
3915
3788
3928
3860
3957
3948
3823
3786
3886
3825
3830
3909
3891
3809
3711
3915
3810
3806
3823
3874
3812
3910
3742
3774
3783
3659
3835
3789
3686
3785
3701
3646
3650
3781
3748
3692
3648
3535
3539
3498
3709
3506
3583
3548
3552
3491
3574
3586
3605
3519
3530
3669
3807
3652
3698
3680
3755
3836
3864
3821
3812
3757
3820
3829
3786
3764
3863
3804
3816
3803
3758
3786
3853
3784
3904
3810
3740
3765
3860
3758
3958
3701
3804
3791
3634
3728
3775
3750
3727
3795
3729
3698
3770
3723
3672
3629
3714
3672
3653
3531
3604
3631
3677
3631
3665
3620
3550
3577
3543
3495
3607
3583
3514
3555
3531
3523
3622
3649
3658
3535
3660
3684
3682
3804
3621
3792
3849
3889
3841
3824
3851
3808
3797
3792
3802
3994
3912
4040
3882
4055
3976
3912
3922
4022
3881
3927
3913
3889
3918
3934
4053
3988
3895
4047
3983
4019
3974
3940
3993
3963
3959
4043
3927
3949
3947
3922
3914
4032
3927
3958
4052
4034
3916
3987
3939
4064
4022
4126
3901
4026
3959
4001
4018
3987
3866
4025
3900
4001
3943
3926
3999
4008
4145
3985
3996
3954
3998
3954
3985
3959
3956
