3937
3861
3938
4001
3950
3935
3986
4053
4002
4019
4024
4034
3874
4048
3931
3926
4015
4012
3917
3945
3944
3931
3934
3941
3986
3988
4066
4046
3845
3965
3972
3959
4079
4026
3951
4011
3957
4022
3882
3868
3912
4013
3967
4129
3987
4072
3873
3863
4048
3989
3930
4038
4020
3887
3973
3978
3976
4011
3988
3932
3998
3930
3902
4030
3956
3925
3911
3937
3793
3834
3778
3886
3839
3798
3835
3832
3844
3763
3688
3614
3693
3671
3580
3537
3572
3730
3578
3506
3579
3603
3654
3501
3540
3539
3524
3553
3603
3591
3603
3539
3724
3608
3797
3637
3688
3730
3719
3698
3741
3849
3785
3699
3734
3690
3751
3772
3797
3817
3773
3777
3880
3830
3763
3791
3813
3893
3790
3808
3861
3904
3851
3794
3825
3809
3828
3776
3854
3789
3744
3902
3828
3745
3855
3823
3840
3729
3660
3719
3637
3597
3570
3498
3568
3587
3706
3549
3585
3654
3547
3555
3573
3493
3688
3617
3584
3736
3690
3764
3743
3645
3674
3767
3836
3763
3874
3772
3715
3825
3830
3785
3769
3858
3870
3798
3769
3740
3863
3917
3918
3864
3831
3867
3861
3858
3866
3854
3815
3910
3832
3775
3885
3738
3848
3926
3883
3825
3926
3954
4013
3803
3891
3875
3870
3857
3770
3756
3771
3635
3641
3609
3664
3694
3695
3676
3631
3696
3710
3724
3801
3710
3816
3735
3841
3909
3886
3933
3855
3826
3877
3881
3989
3878
3885
4001
4033
3846
3984
3832
3857
3963
3867
3976
3862
3858
3891
3889
3817
3908
3904
3826
3814
3836
3754
3691
3702
3707
3652
3768
3647
3578
3671
3615
3614
3645
3669
3662
3683
3682
3809
3797
3904
3851
3767
3942
3790
3888
3925
3897
3923
3911
3906
3928
3842
3910
3912
3988
3842
3840
3998
3906
3832
3936
3845
3857
3916
3855
3877
3885
3859
3955
3881
3911
3838
3871
3806
3820
3841
3813
3690
3747
3739
3762
3619
3713
3723
3727
3686
3727
3690
3506
3629
3649
3595
3607
3633
3550
3572
3587
3576
3607
3585
3648
3662
3609
3668
3716
3545
3665
3873
3839
3794
3775
3855
3893
3835
3863
3818
3792
3894
3985
3916
3885
3806
3801
3844
3871
3833
3813
3816
3787
3879
3807
3774
3826
3810
3924
3752
3826
3702
3795
3803
3788
3802
3682
3879
3793
3684
3766
3685
3866
3707
3744
3708
3596
3736
3670
3707
3557
3589
3527
3633
3612
3533
3673
3579
3552
3560
3639
3591
3640
3518
3596
3598
3648
3553
3760
3717
3848
3637
3649
3771
3854
3860
3849
3995
3827
3912
3953
3932
3851
3939
3954
4004
3999
3939
4001
3945
3811
3880
3988
3996
3899
4135
3968
3881
3959
3973
3943
3946
3935
4058
4043
4022
4036
4011
3996
4069
3963
3981
3944
3919
4015
4063
3942
3947
3989
3863
3975
4000
3981
3896
3865
4014
4044
4049
3950
4024
3952
3957
3985
3964
4018
3863
4087
3821
3985
4041
3979
3923
4042
4039
4082
4064
4000
4006
4044
3901
4024
4015
3975
4017
4049
3952
3929
3957
3963
3986
4059
4020
3968
3996
3994
3837
3970
4040
3982
3951
3952
3888
3864
3951
3972
4065
3953
4040
3900
4009
4010
3958
3945
4049
3963
4026
4061
3910
4032
3957
3982
3884
3912
3969
4094
3915
3949
3948
3929
4033
3956
4025
3942
3903
3923
3909
4071
3918
4003
4092
3970
3987
3915
4004
3958
3997
4033
3833
3900
4009
3870
3787
3991
3965
4000
4003
3909
4050
4006
3959
3854
3877
3963
4015
4024
3854
3996
3987
4005
3982
3943
3946
3924
3992
3853
4041
3930
3881
3960
3968
3932
3860
3848
3874
3771
3789
3715
3692
3595
3737
3613
3641
3607
3533
3491
3569
3518
3597
3496
3491
3591
3586
3546
3629
3530
3587
3640
3703
3657
3573
3688
3614
3680
3595
3675
3714
3734
3723
3744
3736
3735
3668
3791
3679
3715
3807
3723
3655
3803
3846
3867
3740
3733
3878
3842
3629
3857
3830
3824
3761
3917
3805
3730
3894
3866
3861
3805
3877
3856
3888
3797
3802
3714
3865
3795
3714
3799
3798
3666
3751
3719
3707
3560
3540
3487
3653
3459
3532
3499
3637
3367
3455
3540
3640
3651
3531
3690
3641
3663
3585
3682
3658
3627
3625
3837
3678
3818
3779
3878
3858
3930
3821
3827
3845
3774
3892
3820
3830
3828
3808
3749
3855
3853
3907
3985
3887
3831
3812
3898
3842
3779
3923
3892
3814
3843
3842
3926
3944
3924
3862
3914
3828
3899
3867
3902
3862
3897
3611
3689
3639
3590
3636
3600
3656
3522
3590
3543
3564
3755
3763
3657
3732
3659
3862
3815
3873
3858
3792
3787
3842
3890
3928
3943
3902
3828
3832
3826
3868
3927
3912
3957
3847
3840
3854
3918
3889
3936
3726
3847
3761
3752
3788
3761
3823
3745
3780
3708
3670
3737
3786
3711
3599
3719
3554
3626
3620
3631
3585
3630
3649
3730
3708
3744
3839
3869
3799
3818
3882
3892
3840
3868
3820
3951
4000
3892
3992
3849
3978
3779
3872
3778
3869
3888
3850
3924
3761
3924
3917
3948
3843
3803
3915
3858
3829
3685
3874
3727
3730
3784
3762
3806
3804
3763
3819
3727
3757
3739
3761
3700
3580
3454
3616
3588
3631
3521
3593
3571
3485
3590
3464
3590
3561
3495
3599
3507
3595
3584
3654
3716
3735
3649
3694
3742
3828
3680
3875
3780
3628
3884
3810
3817
3739
3861
3822
3846
3873
3855
3918
3796
3683
3833
3799
3735
3698
3836
3805
3789
3728
3784
3781
3785
3871
3694
3655
3763
3697
3709
3708
3744
3692
3669
3700
3688
3718
3606
3551
3663
3709
3572
3545
3666
3569
3600
3532
3599
3693
3563
3657
3636
3640
3533
3528
3716
3629
3643
3668
3649
3701
3663
3835
3812
3836
3839
3846
3832
3881
3892
3870
3894
3829
3938
4111
3935
3966
3865
3942
4030
3970
3968
3969
4031
3869
3983
3931
3900
3934
3986
4036
3871
3839
3866
3895
3994
4025
3969
3881
3970
3827
3969
3840
3928
4083
3949
4004
4039
3964
4059
3919
4018
4098
3993
3969
4039
4067
4107
4091
3933
4069
3952
3935
3916
3917
3890
3952
3877
3886
4003
3943
3949
3925
3860
3998
3844
3996
3916
3917
