3974
3983
3969
3953
3991
4001
4014
3962
4077
4015
4027
3966
3955
3957
4019
4037
3980
4031
4012
4027
4047
4016
3932
4038
3916
4155
3851
3950
3972
3992
3983
3976
4022
3963
3981
3883
3985
3930
3947
3947
3981
3982
3883
4001
4019
4012
3855
4057
3899
3917
4029
3933
3988
4006
3946
3865
3993
3978
3948
3935
3923
3983
4045
4028
3773
3892
3986
3937
3892
3889
3920
3916
3829
3953
3701
3767
3856
3681
3761
3780
3643
3757
3615
3541
3615
3582
3634
3576
3604
3590
3604
3607
3678
3624
3570
3578
3555
3678
3587
3641
3631
3680
3748
3736
3816
3701
3757
3675
3749
3797
3695
3679
3714
3905
3705
3642
3832
3799
3810
3785
3862
3928
3776
3823
3890
3809
3753
3777
3752
3849
3822
3824
3998
3882
3828
3760
3863
3827
3817
3869
3806
3786
3717
3848
3818
3775
3709
3759
3661
3705
3607
3572
3558
3539
3668
3572
3638
3552
3729
3548
3665
3652
3657
3636
3676
3631
3660
3711
3677
3779
3728
3786
3648
3750
3652
3743
3859
3891
3822
3852
3842
3801
3861
3821
3742
3787
3841
3940
4018
3889
3867
3873
3862
3893
3816
3867
3866
3826
3849
4011
3946
3918
3952
3958
3935
3967
3966
4027
3837
3860
3866
3850
3785
3767
3788
3865
3754
3702
3573
3576
3712
3610
3740
3628
3682
3746
3672
3647
3829
3804
3772
3822
3826
3779
3818
3919
4062
3761
3914
3955
3912
4061
3878
4003
3980
3917
3803
3942
3896
3809
3907
3931
3801
3908
3824
3929
3892
3935
3882
3823
3784
3896
3848
3789
3704
3781
3659
3617
3610
3691
3605
3647
3573
3659
3740
3704
3729
3771
3725
3821
3829
3889
3864
3900
3816
3863
3908
3810
3911
3841
3859
4006
3917
3856
3921
3894
3900
3882
3904
3952
3907
3921
3892
3968
3875
3844
3892
3926
3897
4020
3784
3879
3638
3768
3861
3776
3717
3754
3743
3800
3842
3826
3783
3738
3696
3720
3654
3656
3689
3740
3721
3594
3602
3551
3650
3595
3552
3569
3545
3685
3564
3514
3637
3688
3712
3695
3648
3740
3786
3809
3888
3701
3799
3828
3958
3780
3847
3823
3875
3867
3911
3916
3852
3929
3897
3814
3838
3899
3885
3690
3789
3811
3804
3848
3769
3798
3732
3893
3809
3797
3783
3769
3733
3771
3726
3742
3773
3613
3788
3658
3677
3561
3609
3671
3663
3745
3724
3557
3605
3561
3497
3667
3623
3606
3683
3532
3633
3579
3562
3594
3591
3626
3664
3562
3570
3723
3761
3716
3640
3741
3774
3792
3815
3885
3891
3990
3943
3837
3836
3961
3921
3838
4028
3880
3935
3903
3969
4023
4000
3982
4075
3936
4041
4089
3990
3999
4002
3982
3961
3924
3981
3943
3956
4049
3939
3976
4048
3967
4052
4051
4001
3973
3993
3964
3938
3959
4054
4000
3904
3967
3880
4106
3990
4077
3869
3951
4099
3982
3948
4076
3972
3913
4041
3859
3969
3802
3986
3892
3890
4030
3966
3942
3972
3907
3959
3912
3969
3959
4028
4007
4073
4068
4064
4056
3999
3854
3948
4016
3923
3957
4058
3891
4097
4037
3926
4071
4025
4017
4085
3934
4050
3914
3913
4010
4049
3929
3969
3971
4013
4019
4018
4064
3897
3964
3925
4057
4003
3902
3983
4035
3968
3927
3969
4016
3955
4071
4113
3999
3961
3981
3986
4001
3956
3981
4001
3956
3950
3815
3826
3908
4046
4069
3900
3900
3991
3966
3993
3921
3905
3887
4037
3997
4015
3980
3885
3944
4014
3915
3959
3998
3922
4057
3877
4001
4080
3926
3979
3923
3909
4005
3941
3945
4016
3906
3908
3822
3950
3939
3861
3856
3795
3898
3909
3766
3671
3660
3689
3621
3721
3570
3590
3712
3626
3544
3554
3651
3640
3512
3501
3482
3484
3636
3597
3615
3548
3555
3601
3574
3705
3616
3650
3753
3760
3730
3676
3797
3882
3733
3736
3818
3810
3712
3890
3769
3722
3886
3861
3817
3831
3780
3814
3847
3816
3766
3799
3800
3818
3782
3783
3895
3893
3898
3864
3860
3939
3839
3797
3792
3898
3713
3824
3761
3674
3670
3659
3788
3553
3651
3713
3564
3549
3529
3528
3551
3550
3573
3517
3690
3538
3595
3623
3564
3502
3677
3661
3638
3668
3750
3719
3664
3799
3764
3721
3779
3722
3866
3678
3814
3755
3824
3780
3842
3727
3840
3876
3750
3824
3886
3915
3821
3863
3890
3824
3925
3913
3886
3852
3822
3938
3873
3902
3914
3981
3911
3904
3820
3867
3828
3838
3770
3909
3858
3771
3744
3743
3802
3749
3749
3710
3593
3608
3600
3584
3715
3584
3558
3594
3630
3687
3825
3802
3949
3841
3817
3908
3911
3848
3849
3924
3963
3828
3948
3829
3803
3814
3922
3979
3956
3947
3879
3909
3836
3929
4000
3909
3899
3952
3820
3825
3868
3753
3843
3735
3717
3820
3687
3596
3733
3655
3674
3582
3566
3672
3700
3736
3669
3744
3746
3737
3971
3847
3897
3749
3751
3903
3919
3914
3747
3953
3850
3934
3937
3891
3926
3869
3876
3826
3782
3943
3873
3805
3916
3833
3900
3777
3850
3758
3815
3769
3975
3861
3804
3798
3801
3767
3849
3728
3783
3768
3830
3672
3828
3743
3722
3736
3801
3652
3680
3560
3563
3638
3528
3548
3528
3524
3546
3489
3575
3607
3458
3542
3576
3549
3679
3626
3732
3827
3703
3765
3705
3826
3750
3805
3805
3803
3883
3886
3873
3827
3746
3809
3803
3840
3747
3930
3807
3909
3747
3794
3715
3755
3826
3692
3728
3789
3725
3785
3697
3829
3694
3874
3781
3744
3758
3766
3657
3685
3704
3662
3661
3588
3595
3682
3553
3601
3678
3554
3595
3513
3597
3572
3539
3574
3606
3528
3587
3589
3750
3627
3620
3673
3590
3590
3788
3739
3782
3743
3827
3845
3777
3831
3870
3750
3949
3914
3861
4008
4095
3977
3968
3842
3936
3842
3992
4011
3945
3994
3920
3978
4073
3834
3861
3967
3996
3908
4038
3944
4027
3967
4120
4020
3953
3862
3935
3951
3951
3956
4010
4062
3971
3967
3912
4069
3956
4081
3909
3979
4003
3900
3997
3950
3998
4012
3952
4017
4048
4125
4014
4063
3981
3971
4102
4031
3970
4021
3975
4038
4092
3998
4022
4020
4016
3971
