2964
2980
2961
2975
2941
2976
2980
3029
2960
3046
2938
2963
2950
2993
2853
2984
2920
2954
3033
2936
2980
2988
3013
2986
3033
2930
2954
3003
2911
2880
3068
2982
2915
3020
3032
2955
2875
3066
2877
3046
3016
3012
3019
3007
2993
3045
3001
3011
2929
2977
3010
3002
2961
2947
3019
2860
2894
2951
2963
2923
3003
2988
3013
2962
2882
2918
2847
2899
2968
2871
2944
2763
2871
2890
2911
2860
2798
2746
2797
2732
2753
2665
2642
2776
2764
2585
2615
2696
2706
2792
2659
2688
2745
2796
2765
2646
2733
2707
2704
2796
2733
2817
2748
2776
2766
2846
2805
2913
2822
2786
2803
2896
2748
2853
2846
2845
2954
2815
2811
2890
2918
2921
2898
2831
2843
2905
2820
2828
2856
2807
2892
2943
2915
2983
2901
2948
2937
2896
2906
2865
2875
2842
2803
2892
2719
2763
2709
2678
2860
2721
2686
2716
2646
2640
2653
2673
2726
2620
2738
2703
2678
2694
2758
2729
2792
2777
2733
2743
2762
2871
2790
2704
2870
2842
2848
2812
2796
2800
2886
2819
2899
2864
2929
2982
2788
2800
2862
2814
2838
2842
2950
2888
2813
2949
2827
2924
2844
2920
2944
2937
2871
2933
2911
2880
2861
2877
2884
2935
2899
2899
2862
2884
2768
2801
2874
2841
2803
2873
2761
2651
2800
2730
2725
2733
2741
2794
2753
2706
2811
2828
2884
2858
2945
2900
2811
2881
2869
2842
2937
2933
2897
2957
2947
2828
2943
2938
3035
2932
2853
2918
2916
2934
3018
2946
2923
3008
2977
2882
2903
2814
2858
2925
2914
2914
2814
2751
2684
2691
2747
2749
2737
2784
2634
2700
2716
2870
2886
2836
2829
2823
2848
2868
2897
2914
2954
2894
2992
2901
2890
2917
3013
2932
2948
2963
2859
2888
2896
2980
2949
2837
2902
2945
2878
2902
2816
2876
2787
2853
2811
2900
2805
2859
2874
2914
2845
2869
2850
2895
2906
2827
2827
2744
2773
2911
2696
2843
2775
2773
2782
2783
2811
2692
2739
2741
2581
2798
2634
2620
2681
2581
2673
2643
2751
2718
2791
2799
2774
2703
2824
2767
2882
2904
2820
2832
2809
2869
2956
3001
3027
2943
2926
2829
2952
2768
2814
2798
2874
2841
2966
2930
2831
2942
2795
2809
2938
2730
2836
2831
2773
2865
2871
2772
2918
2869
2869
2778
2901
2725
2746
2781
2697
2759
2764
2804
2806
2824
2765
2627
2678
2779
2710
2692
2746
2636
2812
2715
2627
2642
2714
2603
2746
2811
2667
2767
2726
2724
2697
2807
2744
2949
2775
2881
2861
2872
2910
2858
2933
2935
2968
2954
3065
3031
3007
3101
2953
2951
3013
2937
3020
2926
2976
2981
2928
2949
3042
3061
3008
2973
2935
2997
2996
3027
3004
2918
3061
2934
3004
3017
3030
3065
3010
3030
2972
2949
2931
2982
2892
2956
2958
2973
2886
2997
2965
2873
3054
2996
2982
2957
2985
3119
3011
3035
3028
3053
2970
2902
2964
3018
3068
3006
3004
2987
2956
3009
2925
3060
2915
3049
2907
2950
3026
2994
2970
2897
3049
2919
2923
2959
2974
3035
3108
2989
3021
2983
3100
2982
3004
2991
2977
2966
3007
2934
2980
2964
2936
3006
2977
2945
2977
2977
2953
2963
3062
3063
3009
2942
3070
3026
3043
2971
2899
3022
3004
2975
3049
2999
3014
3043
2932
3014
2973
3042
2992
2987
2949
3018
3014
3025
2953
2934
2965
2976
2969
2977
2939
3010
3022
2942
2936
2975
3064
2967
3025
2998
2872
3011
2927
3003
3061
2963
2975
2987
3002
2949
3067
3012
2920
3029
2984
2941
2912
2981
2940
3003
2946
2925
2952
2908
2931
2962
2951
2806
2824
2891
2864
2729
2736
2748
2690
2722
2708
2597
2702
2594
2658
2616
2667
2712
2693
2791
2671
2762
2719
2697
2662
2757
2724
2829
2750
2764
2774
2746
2856
2752
2799
2771
2774
2758
2828
2786
2789
2844
2801
2851
2817
2871
2894
2836
2788
2886
2811
2899
2925
2830
3006
2840
2856
2836
2920
2979
2916
2913
2952
2878
2906
2864
2885
2825
2903
2851
2832
2945
2721
2792
2872
2784
2762
2672
2695
2704
2684
2798
2676
2775
2661
2723
2817
2652
2653
2565
2731
2740
2775
2774
2766
2823
2636
2741
2777
2930
2874
2805
2885
2892
2803
2783
2848
3001
2776
2955
2914
2862
2915
2818
2861
2889
2871
3012
2875
2873
2916
2959
2956
2912
2907
2969
2904
2904
2945
2820
2949
2956
2926
2906
2803
2917
2868
2918
2867
2962
2875
2879
2852
2873
2768
2805
2797
2795
2731
2726
2743
2816
2669
2743
2819
2760
2727
2808
2874
2785
2889
2847
2869
2921
2943
2934
2902
2862
2915
2969
2934
2906
2919
2946
2984
2968
2958
2926
2961
3033
2973
2970
2949
2886
2925
2915
2837
2874
2924
2879
2743
2800
2833
2854
2891
2923
2840
2739
2747
2662
2703
2737
2726
2742
2723
2818
2773
2774
2858
2909
2843
2946
2859
2913
2933
2876
2853
2858
3016
2908
2793
2910
2927
2903
2875
2918
2888
2833
2902
2894
2934
2868
2795
2818
2919
2934
2895
2814
2909
2902
2910
2817
2863
2751
2823
2816
2821
2795
2844
2858
2751
2834
2714
2878
2730
2726
2664
2714
2738
2728
2634
2733
2665
2681
2716
2636
2743
2625
2660
2703
2687
2677
2684
2640
2768
2704
2754
2802
2802
2772
2899
2874
2931
2814
2883
2948
2856
2889
2929
2923
2898
2841
2942
2886
2835
2918
2760
2951
2813
2805
2891
2923
2821
2706
2799
2890
2926
2812
2918
2863
2847
2834
2741
2789
2859
2796
2699
2803
2778
2781
2699
2760
2698
2732
2681
2702
2655
2663
2685
2756
2738
2712
2655
2811
2702
2635
2746
2808
2696
2787
2809
2694
2787
2763
2807
2873
2879
2807
2926
2754
2869
2902
2817
2872
2849
2954
2977
2969
2941
3006
2909
2935
2986
2903
3030
2994
3054
2847
3081
3009
2944
2943
2990
3010
2942
2941
2918
3033
2983
2940
3052
3034
3082
2981
3028
3088
3019
2944
2988
3002
2935
3008
3053
3037
2967
2973
3044
2986
2910
2938
3000
2930
2982
3002
3028
3051
3068
3039
3014
2976
2973
2998
2955
2931
2976
3037
2945
3011
2958
3086
3002
2920
3019
