2986
3013
2962
2921
3049
2970
3018
2935
2955
2940
2963
3054
2974
2930
3040
2953
2994
2989
3032
2977
2986
2988
2982
2916
3047
2949
3058
2937
2915
2980
2919
2979
3002
2923
2951
3008
2925
2942
2994
3010
2992
2924
2873
2954
3062
2941
2933
2985
2971
2965
2980
2968
3026
3048
2929
3040
2903
2999
3005
2949
2969
3074
2975
2931
3015
2965
2988
3010
3002
2944
2963
2952
2826
2834
2819
2906
2806
2874
2778
2818
2738
2797
2693
2783
2777
2768
2686
2615
2684
2748
2782
2752
2691
2670
2604
2718
2696
2828
2776
2744
2787
2754
2759
2718
2734
2831
2781
2703
2819
2792
2780
2842
2756
2818
2827
2746
2861
2810
2933
2787
2875
2929
2860
2775
2879
2789
2952
2808
2951
2845
2866
2933
2896
2925
2846
2789
2943
2864
2958
2795
2870
2806
2849
2918
2867
2772
2780
2743
2722
2759
2790
2745
2719
2644
2686
2648
2700
2670
2690
2729
2705
2745
2826
2699
2791
2716
2779
2773
2734
2756
2751
2805
2803
2881
2844
2843
2834
2873
2792
2945
2809
2937
2916
2942
2892
2928
2948
2882
2870
2984
2955
2946
2955
2816
2919
2854
2855
2883
3014
3004
2943
2925
2976
2979
3012
2964
2852
2828
2893
2880
2855
2910
2859
2854
2850
2825
2753
2715
2779
2822
2839
2724
2752
2718
2717
2819
2852
2847
2813
2893
2792
2885
2940
2845
2844
2869
2961
2970
2890
2795
2971
2918
2949
2969
2820
2943
2937
2879
2874
2946
2912
2912
2822
2991
2891
2979
2949
2899
2870
2835
2886
2912
2883
2854
2813
2911
2702
2745
2740
2743
2785
2766
2689
2800
2730
2808
2774
2783
2803
2827
2905
2858
2883
2881
2872
2966
2778
2974
2940
2876
2871
2954
2865
2977
2887
2934
2894
2905
2976
2840
3069
2904
2859
2852
2776
2877
2878
2899
2873
2957
2928
2876
2911
2843
2786
2857
2960
2935
2783
2837
2933
2722
2790
2770
2768
2754
2818
2861
2760
2732
2751
2688
2662
2698
2741
2766
2720
2752
2705
2689
2735
2698
2764
2662
2693
2723
2855
2848
2784
2784
2813
2891
2883
2858
2939
2872
2914
2901
2824
2897
2873
2870
2940
2899
2920
2816
2838
2858
2886
2899
2883
2963
2766
2919
2883
2906
2769
2857
2812
2790
2793
2865
2794
2829
2887
2823
2787
2798
2735
2879
2945
2723
2871
2808
2756
2762
2765
2806
2705
2704
2635
2691
2663
2657
2619
2684
2731
2723
2732
2713
2623
2692
2718
2697
2676
2777
2850
2770
2815
2805
2906
2982
2786
2906
2886
2944
2936
2920
2935
2953
2953
2972
2970
2957
3068
3065
2908
2956
3031
3007
2963
2987
2999
3060
3043
3037
3041
3014
2963
2932
2935
2972
2929
3087
2875
2968
2890
3008
2936
2926
3003
3002
2929
3010
3011
2964
2928
3041
3044
2991
3090
2936
3032
2936
2983
2967
3038
3018
2876
3023
2974
3002
2939
2988
2990
2899
2984
3002
3039
2979
3073
3047
3067
2996
3022
3008
2902
3046
2991
2925
2965
2912
2961
2911
2988
3069
2989
2990
3016
3095
3023
2931
3057
2996
3059
3041
2969
3052
3005
3045
2928
3052
3054
2985
3029
2994
2961
2929
2927
2957
3048
3033
2928
2919
2947
2942
2933
3056
2851
3002
2951
2951
2980
2966
2946
2957
2971
2884
3008
3079
2988
3008
3058
3009
3111
2957
3002
3030
3001
2836
2938
2976
2963
3070
3016
2901
2977
2927
2939
2976
2984
3027
3082
3099
2983
2954
2941
2970
2886
2955
2924
3032
2978
3032
3010
2949
2953
3007
2962
2950
3027
3019
2816
2980
2914
2930
2917
2877
2924
2889
2859
2845
2858
2820
2776
2831
2802
2837
2725
2625
2721
2693
2733
2699
2728
2750
2737
2552
2638
2730
2704
2679
2738
2733
2706
2706
2724
2777
2763
2677
2759
2771
2749
2715
2797
2811
2769
2849
2871
2834
2901
2836
2805
2746
2785
2899
2891
2761
2839
2826
2843
2850
2923
2730
2798
2741
2825
2890
2872
2908
2861
2866
2830
2821
2916
2851
2932
2778
2899
2884
2863
2793
2774
2767
2857
2795
2789
2671
2735
2749
2748
2702
2585
2631
2623
2557
2622
2683
2651
2716
2688
2797
2735
2703
2787
2818
2771
2748
2826
2777
2798
2762
2822
2819
2911
2731
2896
2885
2948
2912
2803
2769
2821
2920
2829
2822
2869
2917
2948
2887
2859
2928
2949
2915
2920
2917
2932
2960
2905
3057
2867
2877
2938
2903
2962
2929
2913
2806
2891
2870
2910
2837
2908
2893
2832
2861
2894
2801
2722
2658
2668
2696
2708
2782
2720
2737
2762
2890
2784
2865
2835
2879
2802
2821
2836
2973
2872
3002
2905
2911
2783
2883
2937
2940
2969
2954
2920
2896
2866
2944
2871
2886
2931
2837
2888
2870
2804
2865
2889
2773
2894
2821
2812
2808
2711
2613
2783
2712
2764
2724
2811
2778
2738
2724
2817
2820
2705
2906
2843
2891
2890
2884
2935
2965
2921
2821
2961
2827
2879
3067
2940
2974
2943
2808
2900
2832
2878
2910
2839
2918
2971
2934
2935
2826
2841
2883
2902
2799
2800
2837
2869
2843
2839
2797
2914
2812
2889
2757
2802
2880
2888
2798
2815
2784
2746
2737
2744
2777
2751
2750
2629
2730
2798
2627
2696
2671
2703
2619
2766
2740
2706
2525
2741
2672
2730
2793
2762
2869
2760
2878
2868
2827
2819
2838
2837
2857
2953
2835
2871
2905
2914
2926
2837
2963
2878
2817
2758
2896
2892
2775
2910
2725
2759
2843
2929
2831
2761
2818
2850
2818
2744
2828
2805
2802
2787
2765
2765
2772
2733
2696
2758
2758
2737
2797
2692
2704
2698
2726
2687
2726
2735
2715
2779
2798
2738
2830
2687
2707
2718
2622
2760
2722
2797
2709
2867
2819
2882
2873
2938
2779
2916
2865
2934
3038
2925
2939
3033
2893
2952
3009
3022
3060
2894
2946
2932
2918
2950
3081
2967
2940
2913
3041
2998
2893
3005
3019
2951
2934
2972
2966
3066
2882
3039
2987
2940
3022
2996
3043
2937
3050
2993
2916
3078
2965
2989
2901
3001
3030
2941
2969
3018
2980
2927
2937
2956
2918
3010
2909
2952
2938
2991
3047
2952
2993
3008
2990
3052
2890
2974
3005
3047
2958
2921
