4018
3974
4063
4001
4034
4021
4047
4113
4056
4034
4077
3902
4081
4016
3963
4003
4020
3960
4063
4052
4009
4070
4075
4008
3991
4049
3921
3935
3970
4001
4001
3965
4027
3973
4039
3950
3921
3938
3981
4032
4097
3810
3898
4108
4062
3951
4052
3958
3924
3871
3832
3996
3850
3967
3958
4005
3942
3917
3967
4062
3993
3923
3912
4044
3994
3926
3977
3912
3860
3917
4010
3889
3826
3942
3865
3785
3718
3824
3679
3806
3686
3671
3615
3687
3628
3544
3646
3603
3630
3601
3646
3591
3674
3731
3595
3683
3650
3646
3718
3610
3751
3551
3785
3703
3789
3709
3776
3692
3679
3761
3825
3727
3749
3781
3824
3734
3768
3871
3831
3895
3868
3911
3842
3842
3822
3917
3779
3842
3911
3824
3758
3759
3940
3913
3835
3866
3908
3890
3934
3810
3944
3755
3759
3707
3791
3832
3714
3599
3700
3660
3679
3686
3724
3616
3618
3634
3584
3696
3650
3717
3615
3603
3643
3555
3740
3757
3698
3700
3700
3771
3809
3808
3742
3695
3798
3684
3823
3796
3917
3855
3829
3839
3917
3808
3900
3844
3877
3912
3864
3901
3901
3903
3904
3907
3981
4019
3920
3874
3807
4014
3929
4009
3949
3901
3921
3879
3964
3890
3867
3836
3834
3950
3918
3798
3790
3845
3861
3692
3675
3650
3652
3570
3735
3677
3664
3639
3618
3769
3767
3862
3869
3789
3845
3860
3902
3824
3889
3922
3890
3894
3953
3973
3972
3905
3863
3857
3899
4009
3839
4012
3980
3956
3928
3947
3872
3837
3932
3879
3943
3866
3730
3827
3757
3747
3749
3759
3708
3688
3707
3590
3714
3607
3743
3730
3746
3690
3710
3784
3846
3801
3773
3958
3868
3933
3779
3890
3885
3877
3903
3970
3943
3818
3930
3905
3822
3922
3845
3888
3848
3940
3992
3893
3905
4016
3802
3828
3879
3890
3850
3866
3891
3752
3812
3771
3935
3842
3910
3733
3801
3824
3654
3667
3716
3832
3827
3646
3759
3597
3610
3609
3618
3658
3658
3528
3703
3642
3578
3614
3620
3593
3660
3527
3598
3680
3678
3898
3691
3865
3692
3709
3849
3821
3843
3855
3955
3941
3914
3963
3800
3856
3900
3883
3835
3855
3896
3906
3870
3812
3866
3708
3894
3850
3806
3827
3871
3837
3824
3674
3869
3866
3829
3798
3764
3802
3730
3696
3747
3697
3768
3784
3771
3724
3652
3715
3690
3560
3699
3656
3571
3632
3692
3583
3770
3607
3563
3642
3588
3539
3620
3547
3642
3719
3609
3675
3667
3658
3723
3711
3791
3771
3879
3891
3820
3856
3944
3912
4014
4041
3904
3984
3963
4060
3946
4013
4029
4033
4045
4010
3925
4050
3926
4073
4034
3893
4014
3927
3975
3913
3964
3982
3976
4016
3982
4044
4033
3889
3956
3973
3996
4101
3959
3930
4013
4028
4103
3943
4073
3991
3978
3979
3945
3986
4018
3949
4072
3969
4033
3934
4163
4073
3961
4049
3954
3957
4074
4032
3995
3926
3985
3885
4088
3980
3947
3975
4014
4038
3988
4065
3997
3938
3916
3945
3996
3941
3985
4129
3871
3988
4068
4007
3891
3956
3958
3905
3997
4067
3976
3958
4022
4045
4013
3964
4027
3978
3890
3989
3913
4069
4004
4035
4035
3950
4007
4014
4089
3978
3962
3987
4014
4029
4071
3954
3941
3990
3996
4025
4136
3976
4026
4007
3993
3948
4032
4060
3947
4106
3962
4010
4077
4042
3922
3972
3951
3994
4015
4049
4110
4002
3973
4068
4053
3909
3995
4020
4010
4017
3979
4043
3996
4010
3957
3975
4051
4031
3978
4081
3946
4080
4079
3886
4035
3948
3993
3944
3962
3941
3896
4060
3829
3805
3782
3902
3899
3849
3758
3742
3744
3777
3589
3584
3727
3615
3628
3639
3692
3568
3607
3630
3641
3646
3634
3556
3692
3627
3608
3587
3711
3674
3665
3603
3795
3799
3706
3727
3604
3872
3753
3739
3759
3760
3797
3764
3921
3782
3742
3873
3748
3737
3906
3831
3882
3871
3849
3821
3734
3872
3862
3909
3828
3895
3881
3803
3876
3876
3772
3860
3804
3845
3894
3964
3863
3870
3894
3773
3799
3798
3675
3704
3578
3691
3687
3690
3645
3482
3520
3538
3556
3554
3579
3665
3675
3583
3578
3689
3601
3685
3730
3719
3733
3812
3748
3807
3843
3811
3839
3816
3797
3821
3841
3822
3789
3760
3856
3942
3924
3816
3882
3891
3905
3908
3864
3947
3855
3764
3980
3932
3933
3884
3859
3960
4011
3927
3953
3897
3826
3945
3938
4002
3736
3849
3878
3863
3808
3727
3671
3698
3671
3698
3638
3608
3691
3650
3760
3715
3598
3530
3885
3736
3880
3794
3685
3846
3890
3858
3802
3852
3872
3876
3785
3997
3998
4045
3977
4014
3833
3918
3929
3946
3962
3886
3938
3959
3892
3889
3851
3766
3860
3947
3880
3852
3863
3772
3729
3794
3723
3647
3740
3725
3662
3619
3598
3609
3807
3739
3751
3794
3776
3804
3866
3834
3839
3808
3868
3847
3920
3830
3868
3995
3922
3968
3913
3934
3874
3874
3838
3898
3904
3915
3843
3953
3921
3892
3765
3968
3804
3894
3878
3981
3844
3724
3808
3797
3792
3832
3746
3776
3740
3868
3758
3684
3793
3727
3656
3640
3786
3738
3644
3645
3719
3641
3624
3618
3547
3569
3647
3607
3632
3612
3675
3561
3605
3578
3603
3587
3754
3762
3707
3817
3779
3720
3797
3861
3749
3900
3797
3928
3836
3868
3959
3989
3781
3882
3859
3832
3877
3909
3802
3785
3826
3814
3861
3868
3846
3797
3727
3802
3780
3760
3800
3734
3673
3770
3710
3746
3665
3717
3737
3739
3729
3719
3581
3649
3603
3660
3713
3540
3704
3601
3606
3709
3667
3629
3670
3610
3633
3685
3624
3596
3708
3679
3707
3751
3733
3864
3739
3769
3894
3826
3838
3962
3892
3901
3918
3922
3894
3950
4069
3998
3913
4019
3942
3993
3949
3958
4004
4014
4007
3984
3931
4080
3957
3962
3947
4083
4066
3995
4053
4054
3982
4033
3875
4028
3988
4010
3898
3985
3965
3946
3958
3982
3944
4017
3989
4042
4094
4086
3991
4031
4039
4007
4058
4067
3924
3951
3941
4000
3951
4000
4069
4091
4090
3869
4111
4104
3976
4012
3974
3946
4046
3953
4040
3892
3924
