3035
3051
3139
2967
2985
3011
2986
3023
2955
2948
3003
2975
3062
2929
3105
2902
3067
2991
3018
3012
2918
3004
3095
3027
3054
2993
2907
2920
2984
3048
3023
2946
2980
2995
2944
2981
2962
3031
2933
2987
2976
3049
3153
2922
3106
3024
3036
3029
2994
2956
3114
2976
2980
2981
3000
3064
3094
3081
3002
2942
2902
2995
2925
3064
3089
2961
2910
2906
2942
3014
2858
2898
2804
2861
2921
2853
2904
2945
2905
2750
2842
2812
2797
2703
2712
2708
2704
2684
2778
2772
2752
2726
2715
2773
2746
2735
2768
2727
2774
2728
2805
2769
2751
2758
2752
2720
2720
2838
2798
2833
2761
2901
2797
2802
2841
2858
2757
2917
2760
2923
2891
2826
2898
2996
2947
2950
2911
2998
2935
2933
2836
2842
2901
2882
2924
2853
2962
2952
2972
2866
2908
2945
2796
2896
2746
2827
2715
2829
2779
2830
2878
2692
2677
2694
2822
2754
2665
2687
2720
2740
2762
2752
2806
2709
2759
2762
2748
2761
2754
2857
2763
2756
2779
2868
2878
2820
2888
2881
2860
2857
2931
2830
2956
2868
2906
2833
2860
2988
2946
3039
3003
2899
2966
2971
2979
2903
2926
2956
2869
2978
2893
2970
2907
2942
3009
2907
2767
2972
2884
2944
2857
2849
2951
2821
2944
2827
2747
2832
2805
2771
2842
2748
2816
2810
2731
2739
2854
2803
2792
2932
2834
2805
2831
2893
2898
2975
2855
2881
2976
2935
2983
2834
2952
3004
2947
2972
2915
2915
2993
2978
2913
2979
2992
2885
2933
2898
2898
2864
2888
2818
2780
2848
2851
2784
2778
2772
2757
2725
2671
2749
2762
2646
2752
2745
2775
2843
2847
2788
2919
2942
2933
2902
2966
2891
2923
2985
2948
2967
3031
2982
2949
3097
2984
2951
2901
2940
3029
3010
2911
2946
2868
2939
3008
2939
2896
2955
2807
2904
2879
2975
2843
2881
2921
2875
2801
2823
2978
2801
2798
2696
2811
2820
2853
2788
2813
2799
2743
2815
2829
2728
2775
2767
2727
2690
2638
2632
2654
2722
2732
2639
2813
2722
2764
2786
2888
2774
2876
2738
2935
2925
2797
2912
2909
2924
2923
2920
2915
2945
2882
2972
2821
2873
2898
2865
2938
2956
2974
2923
2940
2874
2949
2878
2873
2895
2801
2945
2861
2908
2870
2870
2796
2814
2862
2770
2794
2863
2733
2843
2811
2797
2744
2789
2789
2734
2808
2742
2795
2754
2804
2682
2756
2685
2811
2746
2702
2652
2594
2732
2774
2703
2771
2845
2815
2698
2852
2729
2775
2679
2832
2925
2862
2857
2853
2892
3013
3005
2981
3090
3046
2958
3039
3065
2985
3005
2977
3026
3030
3032
2946
3122
2956
3068
2911
3049
2992
3038
3054
3024
2971
3018
3030
2995
3035
2925
3082
2971
3030
2981
3072
3063
2946
3052
2984
3052
3040
3090
3033
2988
3007
3108
2997
3048
2985
2981
3064
2946
2981
3045
3093
3050
3092
2988
2973
3036
2985
2928
3067
2958
3055
2985
2954
3046
2939
3033
3006
3026
3009
3005
3068
3093
3125
2916
2989
3030
3003
3109
3113
2950
2997
2973
3006
2960
3049
3011
2987
3086
3051
2984
3002
3003
2992
2910
3065
2900
3062
3127
2890
3068
3025
3021
3010
2929
3027
3098
2961
3001
3000
3065
3108
3005
3008
3041
3036
3032
2908
3006
3056
3090
3005
2994
3039
3020
3068
3019
3053
2943
2948
3007
3001
3005
3028
2972
3001
3023
2885
2974
3001
3041
2952
3020
3076
3079
2942
3001
3028
2885
3063
3000
2967
2964
2908
2959
3024
2919
3033
2890
2928
2992
2940
3000
3084
3049
2966
3074
2996
2956
2950
2927
2987
2974
2855
2812
2907
2882
2843
2788
2875
2846
2861
2761
2736
2743
2715
2716
2735
2741
2789
2710
2626
2753
2678
2773
2696
2648
2673
2733
2693
2686
2777
2721
2776
2757
2739
2774
2775
2811
2813
2864
2828
2911
2920
2895
2879
2907
2923
2848
2900
2976
2923
2826
2980
2941
2873
2884
2882
2823
3026
2835
2927
2941
2880
2884
2828
2858
2935
2875
2837
2912
2917
2937
2861
2862
2948
2834
2878
2732
2779
2837
2726
2700
2756
2646
2679
2681
2708
2752
2632
2779
2740
2702
2817
2761
2828
2683
2715
2808
2891
2794
2852
2805
2887
2914
2748
2851
2760
2863
2892
2788
2938
2774
2827
2861
2944
2970
2916
2943
2947
2848
2895
2907
2930
2910
2996
2927
2936
2825
2847
2867
2913
2914
2961
3008
2896
2851
2948
2926
2957
2860
2844
2909
2887
2798
2920
2890
2824
2807
2889
2839
2704
2701
2788
2759
2684
2822
2773
2793
2814
2766
2734
2842
2876
2922
2791
2931
2962
2956
2861
2810
2941
2859
2927
2953
2904
2931
2954
2979
3018
2930
2923
3031
2918
2809
2985
2901
2818
2920
2882
2885
2847
2885
2851
2764
2844
2890
2783
2855
2753
2835
2577
2754
2799
2719
2678
2709
2782
2816
2794
2863
2818
2847
2858
2923
2960
2965
2898
2770
3037
2900
2968
2861
2960
2896
2967
2919
2851
2964
2912
2883
2961
2818
2954
2990
2872
2946
2815
2884
2962
2879
2829
2910
2853
2843
2848
2921
2857
2934
2803
2756
2850
2764
2839
2808
2736
2823
2742
2844
2766
2741
2723
2714
2668
2683
2745
2574
2749
2757
2723
2659
2733
2629
2696
2691
2830
2734
2764
2880
2759
2754
2842
2905
2894
2897
2877
2829
2986
2947
2896
2934
2903
2961
2870
2854
3028
2928
2892
2886
2834
2954
2974
2851
2798
2879
2937
2891
2755
2898
2781
2848
2888
2851
2741
2855
2776
2722
2905
2738
2806
2718
2756
2768
2766
2790
2791
2769
2716
2714
2745
2809
2802
2714
2675
2697
2756
2722
2743
2716
2690
2678
2690
2737
2695
2739
2790
2833
2768
2891
2837
2956
2935
3000
2940
2932
2940
2978
3037
2955
3062
2999
3008
2961
3028
3080
2892
2888
3007
3022
3044
2994
2996
2939
2972
3027
3103
2960
3007
2987
3071
3063
3069
2925
2960
3009
3134
3008
2988
2988
3081
3011
3048
3022
3068
3019
3080
3143
2906
3062
3040
3096
3035
3055
2997
3052
3072
3031
3054
3022
3024
3031
3119
2921
2987
2987
3051
3035
3019
2961
3069
2940
3005
3009
2978
2932
2914
