4703
4710
4644
4706
4755
4679
4654
4713
4671
4768
4719
4793
4634
4650
4664
4753
4654
4635
4725
4729
4777
4649
4679
4763
4709
4640
4752
4622
4680
4757
4808
4550
4746
4663
4775
4650
4793
4693
4645
4630
4768
4741
4768
4551
4676
4524
4578
4716
4712
4693
4638
4667
4576
4685
4723
4642
4532
4658
4732
4546
4628
4551
4533
4488
4287
4396
4268
4320
4194
4110
4146
4061
4252
3985
4136
4010
3986
3969
3898
4002
3978
4092
4008
4081
4127
4110
4129
4336
4234
4263
4147
4317
4364
4306
4403
4433
4363
4358
4506
4372
4438
4431
4448
4615
4571
4546
4535
4511
4567
4658
4568
4484
4724
4605
4692
4602
4556
4599
4735
4615
4653
4715
4591
4632
4554
4578
4761
4390
4644
4715
4633
4696
4714
4734
4544
4419
4562
4477
4428
4407
4431
4327
4219
4215
4083
4073
4073
4087
4059
4175
4078
4138
4220
4251
4112
4234
4249
4278
4275
4328
4370
4363
4560
4478
4460
4585
4565
4462
4563
4721
4462
4764
4585
4589
4597
4617
4603
4661
4622
4608
4735
4663
4695
4693
4692
4754
4536
4577
4677
4846
4711
4576
4710
4662
4694
4729
4752
4640
4687
4698
4505
4509
4587
4644
4583
4710
4585
4580
4539
4685
4596
4477
4526
4505
4368
4377
4258
4230
4236
4136
4186
4180
4198
4236
4313
4380
4409
4430
4421
4551
4599
4535
4582
4600
4540
4558
4511
4783
4664
4711
4659
4686
4621
4632
4676
4694
4739
4681
4646
4813
4693
4649
4742
4600
4692
4689
4689
4653
4694
4669
4548
4584
4593
4506
4662
4371
4545
4457
4315
4283
4184
4213
4211
4166
4180
4271
4319
4304
4297
4428
4495
4652
4585
4493
4481
4547
4727
4553
4627
4669
4776
4575
4670
4676
4743
4710
4615
4689
4662
4655
4614
4656
4723
4740
4710
4575
4641
4690
4718
4694
4654
4652
4652
4705
4462
4579
4712
4534
4697
4744
4736
4648
4533
4645
4600
4653
4506
4623
4591
4610
4370
4444
4406
4456
4376
4214
4341
4246
4178
4064
4067
4128
3992
4091
4018
4064
3949
4108
4064
4083
4308
4230
4347
4255
4436
4574
4477
4598
4619
4520
4606
4529
4524
4532
4756
4574
4707
4659
4592
4640
4712
4703
4600
4665
4642
4617
4710
4636
4647
4726
4613
4553
4646
4680
4678
4614
4631
4655
4597
4570
4578
4554
4577
4453
4526
4469
4558
4469
4427
4552
4513
4259
4375
4371
4369
4293
4312
4188
4190
4132
4098
4054
4111
4026
4062
4088
4051
3886
3889
3987
3926
3982
4065
4120
4015
4133
4258
4236
4284
4421
4372
4506
4635
4462
4642
4416
4525
4689
4606
4631
4698
4731
4743
4643
4648
4734
4796
4732
4736
4662
4816
4771
4714
4691
4718
4698
4706
4703
4699
4716
4719
4763
4743
4759
4644
4794
4705
4717
4659
4653
4760
4709
4771
4730
4617
4783
4676
4689
4701
4750
4647
4728
4692
4589
4724
4675
4729
4776
4722
4816
4750
4626
4704
4689
4719
4708
4641
4683
4655
4799
4617
4755
4710
4693
4695
4641
4751
4560
4647
4553
4792
4760
4637
4709
4651
4703
4789
4618
4764
4687
4816
4722
4715
4698
4787
4645
4659
4654
4733
4658
4636
4783
4672
4661
4718
4745
4740
4690
4759
4722
4726
4721
4693
4699
4694
4742
4715
4685
4692
4689
4581
4655
4759
4740
4743
4696
4680
4677
4722
4619
4725
4643
4638
4656
4780
4644
4597
4684
4581
4782
4612
4594
4706
4739
4752
4672
4541
4723
4640
4669
4683
4637
4624
4697
4645
4621
4521
4606
4616
4634
4412
4533
4502
4435
4290
4193
4151
4085
4089
3926
4105
4130
4036
3997
4056
3942
3964
4011
4080
4090
3957
4085
4019
4116
4153
4248
4316
4332
4307
4328
4333
4350
4315
4470
4563
4460
4456
4516
4501
4463
4468
4588
4617
4570
4571
4624
4553
4682
4628
4698
4644
4599
4576
4684
4700
4593
4671
4600
4657
4579
4713
4668
4620
4688
4738
4664
4654
4771
4572
4539
4516
4586
4655
4706
4623
4521
4510
4321
4339
4235
4234
4159
4113
4099
3970
4126
3934
4055
3963
4062
4012
4174
4191
4054
4260
4269
4257
4345
4348
4411
4434
4515
4414
4513
4493
4539
4596
4568
4606
4603
4657
4658
4684
4605
4584
4732
4657
4700
4665
4652
4651
4645
4723
4644
4659
4616
4765
4645
4720
4629
4645
4707
4693
4651
4662
4758
4688
4601
4528
4562
4596
4636
4578
4621
4540
4556
4579
4590
4570
4539
4403
4565
4480
4185
4292
4327
4159
4194
4190
4196
4267
4234
4297
4411
4385
4493
4432
4502
4432
4564
4672
4599
4588
4700
4613
4664
4521
4665
4596
4736
4728
4647
4641
4668
4664
4718
4623
4712
4747
4679
4738
4698
4664
4788
4674
4603
4651
4566
4734
4547
4524
4622
4596
4410
4457
4369
4524
4350
4269
4327
4267
4218
4128
4152
4057
4333
4336
4361
4380
4516
4470
4548
4482
4585
4581
4647
4584
4506
4476
4547
4671
4706
4651
4604
4697
4720
4658
4696
4651
4690
4655
4661
4684
4746
4696
4590
4660
4649
4759
4639
4665
4677
4684
4575
4696
4645
4671
4650
4582
4530
4631
4743
4509
4551
4553
4544
4467
4597
4353
4344
4506
4459
4312
4446
4372
4237
4225
4234
4178
4144
4109
4164
4076
4031
4018
3995
4046
4092
4138
4215
4302
4421
4187
4382
4347
4505
4508
4492
4670
4724
4634
4696
4623
4611
4589
4670
4545
4712
4631
4779
4584
4700
4572
4670
4652
4534
4588
4605
4521
4647
4489
4661
4593
4513
4586
4609
4516
4516
4446
4500
4576
4505
4650
4452
4446
4315
4463
4399
4364
4310
4270
4227
4265
4156
4189
4198
4140
4182
4096
4029
4038
4127
4087
4006
4016
4074
3986
4046
4107
4063
4120
4063
4158
4212
4170
4245
4284
4431
4440
4528
4443
4551
4470
4565
4554
4680
4608
4580
4733
4828
4609
4682
4650
4739
4787
4697
4682
4611
4718
4664
4674
4625
4628
4768
4850
4815
4604
4629
4627
4627
4492
4673
4643
4787
4724
4736
4649
4583
4659
4677
4569
4802
4619
4699
4716
4672
4692
4667
4654
4675
4737
4718
4681
4766
4690
4743
4610
4626
4723
4680
4673
4601
4741
