4010
4015
4022
3957
4049
4043
4041
3977
3944
4027
4030
4025
4067
4044
4001
4019
4002
4066
3976
3976
4061
4071
3939
3973
4007
3998
4060
4040
3930
3943
4097
4023
3952
4008
3958
4021
4004
3961
3985
4070
3935
3978
3939
3926
3967
3974
3999
3911
3986
3906
3945
3895
3917
4075
3946
3936
3971
3958
3924
4074
4044
3978
3967
4011
3918
3970
3988
3995
3972
3977
3928
3923
3920
3899
3917
3842
3938
3775
3726
3705
3773
3758
3717
3702
3648
3659
3678
3596
3619
3693
3670
3567
3645
3739
3720
3611
3722
3670
3665
3585
3630
3700
3631
3694
3698
3738
3804
3764
3706
3730
3763
3707
3740
3669
3786
3806
3775
3811
3825
3777
3719
3890
3773
3798
3788
3801
3798
3848
3862
3821
3847
3869
3844
3786
3791
3829
3864
3824
3890
3776
3906
3878
3715
3752
3738
3772
3789
3679
3617
3737
3673
3628
3695
3648
3650
3621
3628
3703
3634
3724
3585
3665
3637
3680
3663
3687
3728
3745
3706
3628
3670
3810
3865
3766
3812
3883
3818
3716
3775
3869
3844
3796
3873
3906
3811
3738
3852
3886
3871
3982
3868
3920
3933
3855
3907
3949
3936
3999
3823
3931
3923
3893
3875
3890
3915
3841
3904
3896
3901
4012
3878
3869
3890
3877
3906
3902
3732
3762
3694
3678
3598
3687
3693
3603
3660
3736
3749
3661
3716
3821
3782
3770
3888
3742
3854
3794
3855
3737
3741
3865
3848
3953
3981
3945
3824
3897
3856
3924
3949
3936
3900
3899
3845
3846
3971
3926
3917
3919
3953
3825
3804
3847
3877
3763
3758
3838
3579
3662
3727
3633
3576
3754
3641
3764
3719
3736
3739
3792
3807
3797
3776
3906
3891
3842
3777
3857
3873
3881
3903
3875
3956
3947
3786
3958
4006
3801
3886
3967
3899
3971
3834
3995
3880
3911
3821
3883
3793
4037
3852
3820
3855
3779
3812
3803
3796
3872
3769
3856
3704
3820
3812
3692
3775
3750
3814
3732
3607
3649
3813
3635
3670
3609
3650
3683
3677
3537
3644
3654
3605
3683
3759
3576
3621
3691
3793
3738
3744
3737
3756
3851
3804
3864
3835
3774
3917
3898
3855
3798
3820
3899
3956
3848
3921
3838
3800
3881
3775
3740
3833
3846
3759
3822
3781
3730
3807
3860
3835
3795
3849
3880
3791
3864
3680
3773
3774
3665
3686
3776
3724
3817
3696
3610
3748
3571
3624
3699
3635
3703
3812
3539
3679
3578
3663
3635
3609
3538
3571
3585
3639
3621
3795
3722
3683
3657
3684
3672
3790
3703
3739
3793
3828
3808
4006
4020
3838
3887
3919
3900
3931
3985
3815
3996
3954
4029
4085
3935
3961
3992
4078
3983
4053
4004
3961
3986
4047
3994
4009
3951
3966
3984
4075
3987
4090
4007
3982
4017
3923
3970
3969
3979
4064
3995
4122
3913
3946
4041
3908
4038
4090
3995
4005
3997
3918
4059
4046
3980
3997
3990
4100
3954
3997
4020
3908
3890
3980
3991
3916
4030
4035
4009
4077
4046
3947
3992
4086
3974
4009
3944
4040
4178
4033
4020
3957
4025
3998
3966
3857
3970
3980
3983
3949
4032
4006
4004
4035
4020
4018
3955
3978
4054
3970
3871
4010
3988
4060
4032
4064
4065
3961
3977
4084
3912
4001
4048
4031
3974
4025
3892
4023
4025
4112
4068
3989
3965
4050
3993
4018
4120
3898
4034
3957
3957
4061
3964
4047
3983
4059
4024
3967
4003
4007
4156
4017
4102
4029
3988
4000
4048
4001
3950
4156
4003
3987
3906
4068
3917
3950
3961
4033
4025
4065
3925
4041
3997
3950
4117
4068
3971
3991
4040
3934
3994
3874
3884
4034
3961
3856
3944
3873
3876
3820
3808
3826
3783
3816
3811
3679
3637
3782
3717
3665
3619
3583
3645
3592
3581
3683
3624
3684
3649
3637
3691
3570
3650
3678
3746
3613
3616
3760
3695
3736
3804
3612
3755
3824
3828
3739
3733
3832
3830
3816
3769
3836
3822
3727
3774
3839
3885
3882
3856
3762
3782
3874
3818
3841
3921
3914
3707
3893
3706
3873
3852
3885
3820
3938
3882
3760
3751
3867
3838
3918
3751
3595
3759
3525
3794
3743
3677
3668
3672
3665
3644
3521
3595
3580
3514
3518
3531
3596
3571
3589
3552
3566
3615
3673
3627
3550
3721
3796
3745
3762
3835
3778
3791
3740
3687
3807
3751
3819
3750
3817
3786
3669
3693
3801
3823
4001
3946
3898
3840
3762
3877
3914
3858
3845
3972
3972
3831
3886
3905
3972
3845
3850
3932
3918
3900
4045
3802
3873
3827
3903
3809
3762
3835
3724
3841
3705
3666
3688
3688
3619
3690
3661
3647
3653
3795
3670
3799
3640
3798
3858
3851
3791
3890
3828
3932
3910
3909
3886
3973
3998
3892
3935
3906
3860
3856
3945
3864
3884
3857
3925
3835
3789
3940
3833
3893
3841
3909
3751
3770
3788
3770
3873
3714
3748
3630
3645
3663
3704
3554
3620
3600
3701
3721
3734
3744
3629
3750
3839
3849
3814
3868
3901
3805
3924
3820
3872
3922
3798
3832
3774
3878
3939
3890
3961
3849
3887
3874
3863
3850
3896
3858
3746
3707
3757
3803
3815
3825
3836
3871
3827
3846
3765
3657
3877
3818
3720
3820
3847
3884
3752
3743
3752
3643
3728
3603
3657
3581
3646
3611
3643
3593
3596
3548
3518
3521
3563
3610
3585
3728
3744
3621
3703
3721
3687
3668
3762
3726
3713
3812
3765
3881
3831
3820
3675
3792
3842
3976
3872
3799
3767
3757
3838
3846
3778
3902
3765
3773
3783
3784
3954
3801
3783
3913
3745
3763
3775
3794
3675
3760
3736
3746
3838
3679
3671
3688
3713
3717
3636
3717
3667
3622
3727
3683
3620
3690
3566
3566
3699
3609
3591
3608
3590
3708
3606
3576
3637
3699
3641
3690
3685
3625
3727
3730
3849
3772
3785
3943
3784
4012
3772
3972
3933
3965
3897
3873
3937
3926
3933
3965
3952
3982
4013
3976
3945
4032
3985
4004
3949
3987
4114
3982
3921
4055
3970
4074
4045
3962
4037
3993
4025
4101
4037
4020
3920
3976
4059
4017
3904
4018
3866
3922
3947
3918
4081
3945
4043
4039
4050
4009
4018
3984
4063
4076
3991
4011
3960
3975
4086
4062
3958
3924
4008
4096
4004
3956
3954
3956
4040
3888
4066
4081
3953
