4963
4983
4982
4980
4908
4952
4949
5010
5119
4914
5031
4923
4941
5008
5055
4917
5089
4968
4926
5141
4973
5021
5076
4926
4941
4985
4924
5030
4961
5023
4938
4881
4979
4917
4907
4916
5004
4981
5132
4943
4879
4900
4951
5037
5101
5054
5026
5048
5062
5059
5045
4888
5152
4917
4989
5060
4929
5013
4879
5010
4962
4863
5046
5022
4851
5011
4821
4923
4995
4913
4862
4913
4894
4930
4945
4885
4985
4684
4766
4860
4660
4686
4673
4526
4700
4521
4593
4604
4628
4524
4573
4495
4498
4519
4592
4607
4650
4619
4566
4567
4711
4533
4620
4521
4616
4757
4627
4753
4766
4550
4662
4559
4620
4817
4691
4722
4709
4796
4684
4743
4849
4741
4791
4797
4830
4630
4794
4758
4765
4848
4776
4800
4762
4734
4736
4898
4668
4828
4810
4734
4847
4686
4757
4786
4721
4753
4755
4659
4727
4641
4613
4592
4654
4459
4611
4455
4524
4578
4513
4569
4550
4479
4621
4575
4562
4517
4563
4624
4640
4702
4525
4691
4693
4651
4636
4731
4689
4805
4626
4654
4813
4845
4605
4742
4764
4876
4805
4901
4699
4808
4902
4783
4744
4898
4899
4731
4706
4791
4860
4810
4929
4794
4919
4853
4962
4871
4830
4895
4851
4925
4790
4798
4775
4780
4734
4654
4678
4730
4744
4695
4718
4575
4594
4639
4738
4781
4611
4554
4674
4594
4671
4741
4810
4822
4893
4873
4799
4845
4876
4791
4935
4847
4956
4849
4862
4898
4929
4935
4875
4939
4895
4941
4773
4922
4863
4689
4783
4911
4909
4872
4827
4786
4685
4589
4754
4688
4698
4670
4624
4469
4588
4433
4516
4563
4639
4626
4580
4763
4670
4806
4720
4698
4740
4906
4821
4831
4909
4678
4770
4861
4799
4860
4784
4968
5051
4837
4743
4838
4920
4996
4889
4799
4871
4803
4872
4792
4772
4741
4738
4738
4701
4798
4730
4677
4811
4756
4682
4787
4878
4595
4768
4636
4712
4687
4563
4644
4578
4643
4514
4689
4404
4584
4464
4548
4446
4493
4342
4451
4522
4476
4530
4578
4527
4611
4640
4702
4739
4546
4737
4756
4861
4797
4728
4837
4614
4822
4837
4734
4983
4788
4843
4794
4864
4823
4726
4836
4910
4800
4760
4805
4823
4877
4695
4779
4787
4779
4842
4776
4807
4772
4711
4764
4718
4738
4707
4662
4785
4650
4751
4666
4662
4658
4632
4556
4644
4645
4535
4680
4712
4680
4641
4548
4423
4511
4511
4522
4480
4628
4505
4549
4547
4534
4596
4598
4620
4746
4742
4594
4706
4849
4774
4854
4962
4847
4892
4892
5057
4930
5062
4960
4771
4961
4861
4856
4979
4813
4994
4987
4930
5053
4980
4961
5020
4936
4925
4927
5048
4978
5102
4999
5059
4964
4960
5014
4983
5014
5067
4854
4976
4888
5001
4846
4960
4898
4858
4940
5044
5018
5024
4996
4885
4992
5092
5006
5000
4988
4950
4978
4908
4861
5058
4925
5004
5025
5078
5087
4981
4990
4979
4864
5022
5080
5039
5071
5124
5056
4945
5054
5047
4925
4921
5046
4967
5051
5136
4941
4922
4981
4996
5083
4935
5076
5004
5023
4967
4978
4963
4974
5071
4870
4931
4962
4974
4973
5094
5158
4913
5005
5012
5020
5007
4986
4961
4982
5056
5089
5129
5007
5018
4931
4993
4868
4949
4952
5113
5074
5110
4988
5018
5075
5028
5119
4949
4951
4914
5093
5018
5130
4946
4997
5065
4954
4919
4890
4968
4962
4952
5098
5083
4987
4989
5054
5033
5015
4950
4953
5166
4934
4981
4962
4979
5003
4923
4924
4939
5021
4909
5076
4869
4984
5151
4959
4939
5036
4879
4830
4950
4988
4849
4810
4774
4897
4684
4768
4634
4805
4744
4770
4733
4510
4548
4589
4440
4425
4584
4513
4488
4506
4493
4514
4582
4527
4640
4562
4585
4707
4538
4534
4481
4596
4509
4634
4641
4607
4623
4698
4727
4718
4706
4665
4731
4691
4708
4781
4692
4778
4685
4763
4701
4841
4747
4690
4806
4786
4730
4767
4806
4855
4862
4677
4781
4757
4736
4668
4789
4760
4866
4890
4757
4691
4742
4772
4788
4756
4770
4746
4663
4685
4668
4610
4513
4575
4379
4379
4459
4461
4433
4473
4387
4522
4422
4535
4564
4568
4557
4628
4661
4717
4683
4726
4535
4642
4696
4583
4830
4737
4785
4838
4802
4731
4791
4676
4855
4786
4721
4719
4691
4865
4912
4901
4864
4921
4834
4763
4911
4750
4788
4837
4964
4857
4882
4802
4823
4830
4874
4859
4874
4887
4748
4784
4748
4890
4823
4747
4738
4675
4610
4552
4734
4522
4510
4556
4492
4507
4701
4559
4578
4571
4636
4671
4557
4842
4816
4937
4981
4740
4712
4805
4814
4865
4906
4876
4847
4821
4859
4992
4764
4870
4812
4991
4945
4795
4813
4962
4847
4728
4809
4830
4808
4732
4765
4632
4683
4633
4607
4585
4618
4505
4507
4530
4639
4554
4554
4596
4571
4728
4665
4688
4672
4779
4801
4871
4895
4852
4963
4683
4832
4793
4924
4856
4924
4633
4917
4859
4835
4882
4858
4800
4852
4855
4871
4725
4859
4802
4822
4737
4676
4681
4789
4763
4774
4744
4876
4761
4641
4743
4699
4638
4665
4655
4701
4635
4700
4646
4545
4603
4607
4616
4444
4603
4499
4478
4588
4488
4484
4431
4558
4532
4433
4438
4434
4525
4668
4686
4582
4657
4663
4719
4629
4789
4766
4706
4778
4792
4759
4765
4826
4790
4714
4864
4695
4957
4938
4849
4816
4780
4685
4741
4747
4808
4716
4825
4696
4777
4620
4686
4651
4737
4718
4743
4596
4635
4698
4747
4707
4595
4519
4715
4609
4582
4636
4704
4558
4600
4529
4475
4506
4520
4496
4546
4518
4494
4570
4516
4575
4426
4524
4604
4638
4500
4674
4646
4634
4770
4775
4648
4772
4700
4828
4891
4897
4828
5051
4871
5022
4909
4967
4937
4865
4947
4819
4981
5004
4934
4922
4968
5006
5080
4946
5043
5016
5020
4967
5042
4962
4873
4940
4982
5017
5070
5005
5153
4954
4906
4982
5156
4855
4904
5081
5004
5033
5001
5049
4889
4870
4980
5015
4988
5018
4957
5003
4894
4920
4975
4959
5038
4953
5033
5055
4966
5026
4969
5016
5045
5089
5117
5043
5034
5105
5007
4971
5026
4977
