3985
3939
3914
4010
4079
3987
4033
4022
3944
3911
4056
3900
4105
4051
4052
3974
4008
4029
4111
4020
4021
4090
4042
3917
3921
4148
4029
4073
4045
4051
3990
3954
3975
4034
4064
4056
3928
3976
3964
4024
3978
4087
3946
3946
4036
3894
3953
4032
3963
3941
3930
4082
3947
3962
4031
3956
4014
4077
3975
3987
4045
3973
3951
3989
3989
3855
3991
3971
3939
4007
3916
3953
4042
3932
3901
3896
3790
3807
3834
3755
3786
3831
3815
3699
3772
3615
3658
3619
3568
3727
3649
3615
3653
3563
3768
3681
3738
3679
3724
3783
3744
3753
3732
3807
3864
3654
3775
3756
3740
3809
3668
3735
3794
3729
3806
3797
3774
3785
3925
3665
3861
3787
3912
3845
3886
3809
3683
3866
3878
3889
3845
3840
3859
3881
3750
3910
3772
3808
3896
3876
3796
3699
3892
3854
3591
3751
3810
3707
3803
3750
3769
3659
3702
3573
3510
3571
3686
3540
3628
3595
3549
3646
3727
3687
3560
3618
3686
3798
3685
3676
3630
3738
3705
3800
3701
3926
3782
3767
3677
3741
3830
3873
3785
3810
3830
3833
3951
3846
3794
3834
3838
3819
3872
3868
3759
3891
3913
3922
3873
3776
3977
3915
3846
3884
3903
3874
3798
3922
3838
3907
3827
3943
3693
3827
3865
3754
3720
3836
3803
3694
3751
3666
3745
3739
3677
3628
3715
3786
3856
3714
3776
3802
4005
3917
3837
3894
3840
3896
3936
3814
3948
3931
3962
3904
4006
4094
3919
4004
3838
3889
3894
3881
3997
3898
3987
3861
3905
3895
3865
3839
3798
3755
3667
3880
3707
3779
3667
3725
3671
3711
3666
3604
3556
3688
3662
3719
3744
3798
3736
3768
3907
3862
3916
3855
3855
3845
3984
3805
3898
3819
3916
3992
3800
3874
3836
3828
3781
3890
3910
3894
3798
3832
3931
3870
3810
3759
3842
3847
3809
3896
3725
3740
3804
3848
3699
3756
3889
3705
3665
3825
3750
3778
3895
3701
3721
3730
3826
3747
3649
3751
3591
3534
3703
3627
3680
3577
3622
3642
3621
3634
3547
3662
3754
3704
3763
3715
3805
3828
3828
3883
3781
3813
3843
3868
3773
3781
3818
3912
3860
3846
3844
3978
3847
3872
3863
3806
3813
3856
3844
3840
3840
3935
3846
3736
3860
3908
3832
3740
3753
3855
3735
3773
3805
3917
3800
3716
3647
3756
3676
3804
3702
3688
3835
3687
3647
3726
3657
3636
3638
3691
3637
3638
3594
3624
3615
3662
3744
3579
3776
3758
3729
3704
3794
3752
3731
3772
3947
3839
3890
3864
3887
3924
3921
4065
3990
3874
3957
3931
3988
3860
3970
3914
4063
4038
4092
4008
3912
3965
4064
3966
4074
3919
3923
4047
4103
3943
4012
4054
4015
3998
4011
3972
4028
4004
3988
3969
4047
4058
4058
4073
3963
3936
4044
3991
4023
3998
3974
3948
4023
4041
3914
4057
4038
4060
4008
3980
3928
3993
4021
4082
4038
4025
4088
3968
4113
4052
4069
3983
3876
3970
4052
3979
4005
3972
4048
3985
3885
4029
4053
4066
3991
3985
4015
3887
4017
4017
4067
4037
4030
3943
4029
3889
3996
3987
4081
3968
4035
4024
4091
3944
4044
4109
3998
3936
3969
3977
4024
3996
3944
3920
4029
4069
3991
3975
3999
3885
4016
3995
3962
4027
3889
3952
4053
4033
3981
3955
4025
4088
3993
4056
4075
3991
4016
3969
3937
3965
3917
3983
4007
3989
3931
3993
4058
3884
3990
3959
3897
4023
3962
4007
4063
3966
4049
4027
3987
4015
4083
3891
3919
4025
4007
4045
4028
3986
3985
4016
3919
4037
4137
4019
3838
3929
3855
4068
3973
4006
3908
3957
4022
3850
3930
3833
3883
3856
3757
3830
3761
3738
3830
3609
3696
3705
3692
3664
3618
3578
3678
3557
3678
3569
3688
3606
3644
3570
3684
3675
3637
3667
3674
3617
3635
3651
3666
3757
3660
3631
3818
3693
3808
3917
3951
3757
3841
3831
3763
3779
3772
3826
3843
3888
3738
3803
3775
3903
3858
3966
3870
3804
3931
3866
3826
3935
3827
3812
3947
3842
3748
3846
3775
3744
3728
3859
3899
3752
3718
3777
3782
3773
3702
3715
3574
3703
3633
3635
3607
3757
3658
3584
3644
3717
3537
3589
3661
3625
3684
3600
3632
3785
3726
3695
3786
3656
3696
3752
3824
3756
3855
3856
3734
3764
3874
3846
3793
3840
3865
3782
3868
3771
3928
3931
3925
3881
3810
3881
3999
3966
3926
3917
3877
3856
3926
3880
3947
3939
3945
3870
3905
3842
3902
3799
3740
3832
3764
3798
3785
3739
3712
3674
3625
3664
3719
3587
3729
3616
3649
3688
3632
3763
3827
3690
3908
3721
3873
3815
3836
3872
3947
3896
3960
3872
3957
3868
3976
3801
3802
3971
3959
3828
3907
3926
3966
3869
3982
3806
3847
3793
3899
3873
3702
3831
3874
3835
3881
3747
3790
3656
3649
3641
3658
3698
3775
3666
3667
3685
3781
3762
3726
3876
3824
3931
3826
3841
3891
3954
3816
3895
3939
3807
3879
3816
3927
3859
4008
3960
3898
3925
3899
3809
3920
3808
3850
3892
3811
3882
3844
3906
3780
3931
3768
3881
3864
3796
3839
3816
3811
3792
3761
3750
3843
3771
3704
3824
3677
3650
3717
3649
3776
3775
3664
3714
3545
3613
3590
3613
3476
3596
3626
3606
3615
3638
3659
3699
3595
3792
3641
3797
3792
3808
3825
3814
3816
3842
3815
3855
3845
3747
3704
3878
3833
3775
3918
3860
3905
3747
3820
3844
3885
3857
3904
3811
3757
3897
3809
3861
3747
3748
3910
3705
3804
3781
3782
3739
3709
3749
3783
3704
3755
3691
3711
3706
3803
3707
3637
3709
3608
3666
3652
3778
3666
3737
3606
3687
3551
3670
3760
3625
3639
3731
3740
3650
3747
3805
3706
3711
3954
3958
3830
3864
3818
3967
3979
4015
3839
3891
3886
4058
3871
3980
3954
4024
4000
4009
3942
3895
3990
3950
3995
3995
4063
3975
3960
3949
4149
4037
4000
4043
3974
4004
3925
3990
4090
3939
4048
4105
4030
4033
4084
3955
3945
4032
4000
3980
3950
4018
4017
3963
4082
3936
4061
4061
4013
3993
4004
4064
4033
3953
3966
4038
4038
4005
3962
4071
4033
4015
3959
4019
3988
3931
4033
4129
3962
3899
3947
