4034
3987
4010
4046
4094
4010
3962
4085
4000
4006
4025
4079
3925
4015
4004
4034
4099
4157
4015
4022
4011
3963
4001
4071
3945
3977
4043
3965
4034
3980
4081
3912
3960
4072
3986
4019
3999
3971
4018
4111
3993
4101
3924
3990
4054
4043
4097
4045
4000
3974
3974
4208
3939
3970
4007
4048
3978
3898
3952
4033
4047
3964
4068
3900
3986
3945
3884
3939
3974
3978
3972
3853
3962
3921
3894
4043
3844
3837
3875
3875
3725
3682
3655
3688
3639
3703
3606
3628
3661
3750
3653
3559
3654
3637
3735
3593
3623
3636
3741
3700
3634
3674
3634
3674
3765
3656
3780
3729
3690
3760
3733
3807
3732
3752
3836
3771
3718
3795
3815
3747
3802
3765
3871
3890
3791
3782
3791
3744
3919
3884
3810
3976
3902
3802
3871
3719
3897
3835
3903
3880
3780
3839
3803
3714
3879
3692
3744
3822
3672
3721
3788
3663
3587
3645
3591
3510
3658
3604
3648
3667
3667
3613
3652
3768
3697
3682
3665
3676
3725
3631
3925
3631
3822
3724
3808
3685
3724
3727
3742
3855
3771
3806
3834
3767
3768
3868
3766
3786
3855
3877
3893
3907
3784
3900
3883
3890
3849
3783
3759
3887
3857
3911
3795
3866
3917
3913
3851
3956
3867
3827
3916
3875
3960
3881
3854
3854
3726
3769
3771
3684
3611
3749
3655
3757
3716
3637
3708
3737
3722
3798
3845
3807
3768
3768
3850
3876
3827
3836
3888
3978
3865
3860
3935
3938
3994
3830
3939
3874
3917
3909
3858
4003
3960
3931
3890
3997
3972
3901
3963
3780
3866
3831
3759
3775
3779
3631
3703
3603
3659
3740
3723
3697
3628
3701
3674
3759
3797
3793
3821
3896
3856
3973
3885
3809
3853
3971
3901
3764
3812
3929
3925
3914
3917
3928
3919
3872
3888
3850
3794
3946
3815
3839
3907
3863
3863
3840
3857
3872
3804
3758
3914
3793
3777
3765
3766
3817
3826
3674
3767
3860
3695
3744
3797
3711
3726
3716
3729
3686
3573
3630
3749
3703
3598
3597
3548
3734
3622
3505
3502
3656
3622
3729
3750
3658
3830
3734
3786
3823
3681
3870
3757
3916
3862
3857
3814
3923
3910
3897
3883
3889
3771
3830
3824
3903
3949
3890
3873
3746
3809
3774
3874
3777
3738
3811
3868
3790
3848
3751
3836
3837
3771
3852
3790
3856
3761
3775
3759
3784
3748
3722
3872
3603
3697
3777
3713
3597
3703
3725
3644
3750
3655
3598
3635
3697
3604
3636
3671
3656
3661
3576
3708
3703
3762
3755
3662
3687
3820
3806
3807
3798
3833
3839
4020
3985
3911
3878
3930
3946
4002
4110
3891
4001
3999
4040
3939
3952
3889
3935
3947
4027
3976
3860
3977
3993
3916
3980
3997
4042
3998
4025
3889
3883
3919
4045
4081
4022
3966
3987
4048
3955
4045
4049
4068
4103
4047
3979
4022
4042
3961
3973
4007
4031
3974
3947
4007
3908
3971
4045
4078
4104
4074
4043
3927
4073
3969
4042
4065
4036
3990
3971
4031
3999
4100
4027
3887
3896
4080
3989
4159
3978
4037
4016
4100
3957
4125
3921
4085
3951
4121
4042
4090
4036
3990
3978
4026
3947
3827
4056
4030
4007
4038
3870
4021
4034
3971
4045
4060
4090
4027
4068
4076
3987
4044
3989
3997
4036
4015
4083
3948
3970
3972
4015
3973
4041
3966
4001
4003
4034
3988
4064
4108
3985
3952
3831
3972
4088
4069
4051
3964
3800
4006
4009
3922
3862
3895
3952
4022
4027
4026
4015
3883
3923
3940
3931
4054
4066
4008
3927
3987
3939
3931
3809
3917
3969
4012
3878
4006
4012
3909
4025
4050
3861
4052
4060
3903
4004
3844
3986
3935
3906
3868
3873
3821
3806
3846
3785
3766
3804
3761
3679
3750
3639
3664
3681
3587
3523
3549
3598
3684
3601
3629
3618
3659
3710
3611
3655
3626
3638
3636
3603
3587
3924
3726
3761
3822
3674
3766
3756
3790
3749
3711
3861
3782
3698
3860
3838
3798
3761
3835
3799
3960
3776
3788
3916
3828
3805
3791
3829
3895
3993
3833
3843
3819
3731
3766
3924
3880
3937
3803
3940
3780
3857
3800
3813
3750
3744
3654
3664
3644
3627
3687
3681
3704
3608
3634
3633
3560
3583
3677
3695
3586
3676
3637
3625
3682
3761
3644
3732
3735
3694
3673
3833
3758
3835
3804
3694
3806
3755
3822
3811
3785
3900
3911
3822
3813
3790
3871
3922
3778
3799
3903
3830
3989
3775
3925
3954
3824
3864
3968
3793
4012
3878
3914
3904
3988
3828
3886
3883
3862
3820
3813
3948
3828
3785
3664
3823
3727
3679
3707
3705
3681
3683
3630
3617
3653
3624
3645
3747
3690
3858
3654
3846
3879
3742
3886
3871
3819
3834
3863
3773
3796
3847
3916
3837
3934
3959
3859
3858
3930
3974
3859
3939
3892
3866
3899
3766
3881
3751
3840
3812
3801
3783
3806
3759
3776
3744
3663
3754
3587
3588
3708
3616
3672
3761
3597
3766
3815
3725
3801
3866
3932
3879
3841
3822
3811
3922
3917
3873
3979
3858
3834
3888
3819
3868
3905
3934
4017
3980
3843
3966
3841
3685
3837
3850
3906
3834
3825
3804
3741
3847
3767
3790
3918
3881
3874
3709
3747
3796
3721
3774
3853
3698
3896
3643
3575
3586
3738
3660
3670
3533
3663
3616
3643
3569
3665
3575
3578
3554
3634
3687
3640
3628
3697
3708
3723
3669
3616
3763
3815
3845
3874
3823
3885
3870
3746
3871
3824
3773
3761
3849
3810
3807
3852
3768
3917
3749
3954
3892
3852
3799
3770
3838
3814
3852
3728
3753
3674
3733
3842
3820
3733
3806
3762
3797
3672
3623
3746
3641
3600
3674
3662
3595
3601
3714
3706
3648
3637
3601
3585
3739
3578
3696
3679
3755
3594
3634
3540
3735
3790
3727
3716
3726
3723
3776
3848
3856
3760
3871
3972
3896
3927
3985
3922
4022
4059
3939
3970
4007
4019
3889
4098
3984
3970
4016
3970
4068
3854
3985
3983
3969
4026
3976
3921
3987
3976
4090
4043
3973
3959
4102
3992
4042
3878
3891
3940
4062
4022
3946
4019
4026
3975
4031
4025
4105
4001
3894
4098
4067
3879
3999
4008
3976
3916
3993
3972
3922
3945
3908
3964
3951
3939
4027
3963
3991
3918
4146
4075
4031
4007
4013
3995
4063
3978
