3075
3157
3091
2967
3087
2998
3017
2997
3046
3062
2957
2972
2947
3034
3111
2958
3048
2937
3125
3073
3145
2997
2920
2999
3043
3093
2920
2965
2982
2953
3040
3015
3046
2947
2961
3046
3116
2937
3010
3094
3008
2957
2971
3106
3143
3078
3015
3039
3108
3011
2909
2989
3008
2975
2918
3008
2978
3051
2918
2998
3028
3015
3084
3059
3052
2985
2983
3015
2977
2962
3052
2970
2915
2928
2892
2934
2973
2870
2952
2803
2818
2744
2763
2834
2792
2813
2751
2817
2715
2816
2793
2747
2837
2708
2781
2805
2812
2733
2765
2827
2739
2781
2707
2827
2777
2779
2737
2778
2778
2813
2769
2767
2879
2792
2848
2809
2916
2917
2841
2878
2812
2839
2897
2914
2839
2837
2902
2903
2996
2822
2881
2796
2986
2896
2965
2864
2789
2872
2950
2928
2890
2859
2865
2866
2864
2880
2795
2877
2845
2818
2807
2813
2797
2696
2753
2693
2731
2763
2822
2711
2702
2699
2860
2751
2803
2717
2762
2746
2796
2696
2744
2827
2835
2795
2794
2956
2828
2833
2852
2806
2805
2828
2838
2927
2885
2862
2991
2938
2800
2995
2857
2902
2952
2902
2945
2933
2937
2919
2955
2973
2923
2904
2862
2927
3012
3000
2952
2949
2864
3005
2978
2967
2860
2787
2836
2850
2804
2825
2831
2678
2737
2701
2666
2726
2761
2822
2816
2892
2823
2857
2799
2902
2922
2939
2869
2873
2985
2905
2908
2968
2974
2922
2953
2962
2938
2830
2938
2899
2977
3046
2968
2965
3012
2942
2945
2943
2986
2869
2951
2898
2782
2939
2876
2750
2880
2734
2831
2796
2698
2764
2711
2811
2702
2786
2867
2783
2728
2883
2891
2886
2897
2874
2970
2835
2999
2918
2978
2924
2912
2956
2917
2824
3039
2840
2835
2939
2856
2873
2957
2879
3015
2989
2899
2966
2967
2950
2931
2862
2914
2912
2892
2871
2887
2880
2779
2855
2786
2864
2817
2816
2809
2803
2811
2800
2823
2894
2773
2680
2794
2724
2770
2764
2819
2795
2772
2674
2622
2686
2776
2831
2722
2725
2759
2746
2765
2853
2803
2833
2931
2868
2962
2861
2863
2949
2829
2894
2937
2912
2981
2857
2907
2864
2904
2901
2930
2874
2879
2929
2893
2944
2823
2926
2882
2863
2810
2881
2934
2769
2933
2861
2877
2864
2825
2837
2783
2836
2892
2845
2892
2865
2775
2966
2869
2769
2716
2804
2756
2847
2773
2684
2744
2765
2791
2659
2751
2721
2732
2785
2755
2795
2805
2808
2884
2781
2843
2900
2890
2966
2821
3029
2915
2932
2925
3041
2910
2949
2975
2917
2937
3072
2999
3020
3116
3014
2965
3048
3143
3061
2976
3022
2959
3067
3009
3068
3060
3018
3032
2956
3066
3023
2939
2982
3086
3036
3037
3005
3013
2920
3060
3003
2996
3068
3106
2963
3002
2918
2903
3021
3003
2983
3061
2963
2983
3051
3079
3033
3063
3077
3046
3076
3093
3076
2994
3005
2986
2870
3007
3059
2979
3033
3009
3091
3049
2959
3113
3053
3000
2938
3052
3012
2998
3007
3010
3103
3009
2995
3037
2972
3043
3007
2986
3062
2995
3026
3082
3064
3014
3065
3050
3027
3045
2961
2994
3120
3053
2987
2969
3010
2904
3041
2885
3025
3143
2962
3086
3184
3045
2930
2946
3052
3030
3065
2985
3018
3040
3095
2915
3038
3023
2952
3027
2972
3038
3050
3024
3003
2966
3129
3050
2981
3035
3013
3017
2979
2912
3013
3010
3051
2939
3061
3053
3013
3002
3005
3101
3064
3050
3032
2942
2972
3082
2894
3023
2921
2916
3087
2995
3104
3027
2999
2980
3020
3027
3034
3016
2984
2966
2910
2970
2935
2940
2929
2967
2870
2825
2877
2762
2764
2803
2830
2769
2878
2670
2745
2630
2800
2763
2752
2678
2714
2779
2774
2739
2775
2794
2735
2780
2817
2806
2795
2770
2732
2914
2786
2898
2797
2784
2860
2745
2759
2832
2858
2845
2919
2915
2828
2954
2938
2922
2913
2841
2889
2886
2868
2882
2890
2846
2922
2884
2862
2899
2949
2948
2929
2952
2983
2890
2890
2943
2842
2778
2844
2979
2934
2795
2906
2816
2825
2870
2787
2785
2699
2717
2747
2746
2803
2658
2768
2699
2734
2709
2728
2742
2705
2766
2697
2819
2737
2829
2766
2720
2828
2775
2908
2862
2808
2873
2819
2820
2858
2834
2931
2865
2874
2884
2887
2874
2843
2863
2888
2990
2956
2899
2899
2999
2864
2951
2900
2894
2921
2975
2945
2928
2957
2848
2910
2903
2921
2880
2941
2914
2901
2855
2907
2840
2815
2843
2721
2769
2836
2811
2801
2729
2749
2674
2751
2773
2844
2778
2912
2767
2922
2904
2881
2883
2891
3034
2934
2998
2963
2909
2944
2906
2920
3007
2947
2934
2966
2859
2915
2877
2913
2960
2941
2881
2890
2923
2865
2898
2842
2944
2784
2913
2847
2904
2782
2763
2774
2750
2727
2736
2746
2765
2828
2820
2752
2868
2754
2886
2964
2782
2891
2881
2971
3019
2980
2893
2914
2958
2870
2930
2929
2837
2874
2828
2876
2925
2859
2873
2929
2889
2877
2948
2904
2771
2901
2800
2969
2964
2824
2939
2835
2877
2878
2831
2894
2770
2819
2860
2829
2827
2703
2786
2785
2803
2714
2718
2811
2724
2764
2718
2746
2772
2764
2603
2765
2709
2734
2786
2650
2709
2778
2684
2850
2870
2760
2847
2835
2826
2839
2841
2954
2975
2881
2881
2901
2823
2952
2885
2846
2827
2877
2871
2850
2863
2958
2769
2816
2845
2837
2836
2861
2904
2846
2922
2755
2849
3018
2787
2894
2872
2793
2831
2755
2777
2866
2719
2771
2815
2814
2842
2722
2755
2771
2804
2845
2732
2788
2772
2672
2757
2734
2760
2771
2745
2707
2860
2736
2856
2720
2803
2771
2866
2799
2877
2854
2940
2998
2896
2938
2957
2982
3064
3001
2968
3002
3010
3089
2920
2991
3033
2967
2922
3055
3029
3075
2989
3118
3026
2973
3008
2938
2958
3034
3040
2981
3007
3010
3021
3013
3044
2990
3029
3044
2996
3008
2901
3109
3077
3063
3056
2931
3100
3006
2926
3142
3063
3103
3104
3033
2976
2987
2943
3062
3113
2971
3091
3110
3018
2927
3023
3062
3019
2906
3065
3068
3104
2959
3081
3014
3081
2992
3061
