4014
3973
4113
4010
3960
4140
4026
4033
3868
4003
4004
4078
3960
3975
3945
4022
3935
3898
3976
3997
3999
3985
4000
4019
3995
4104
3975
4046
3962
4040
4002
4011
4062
4090
3961
3955
4019
4019
3969
4085
4047
4115
4059
4058
3937
4049
3955
4038
4091
3954
3969
3950
3981
4042
4018
3966
3986
4031
3993
3966
3902
3985
3972
4013
3941
3923
3922
3905
3824
3995
3966
3860
3921
3990
3933
3897
3991
3945
3924
3866
3912
3804
3724
3772
3662
3699
3711
3731
3687
3645
3656
3677
3664
3677
3728
3669
3718
3590
3730
3628
3739
3745
3725
3727
3642
3721
3698
3733
3824
3697
3661
3746
3827
3812
3821
3716
3637
3806
3839
3932
3803
3958
3752
3819
3827
3731
3848
3776
3812
3857
3885
3915
3880
3773
3949
3846
3633
3849
3859
3866
3929
3776
3801
3767
3794
3903
3739
3726
3777
3770
3705
3608
3621
3716
3635
3572
3659
3641
3691
3607
3711
3673
3685
3614
3683
3764
3706
3595
3586
3721
3710
3782
3772
3788
3782
3783
3738
3744
3883
3732
3758
3833
3715
3813
3862
3930
3812
3806
3844
3830
3872
3863
3856
3889
3836
3849
3799
3768
3893
3808
3944
3858
3852
3963
3941
3925
3880
3941
3846
3917
3945
3793
3903
3909
3801
3831
3690
3798
3821
3675
3647
3632
3679
3734
3537
3737
3621
3727
3730
3829
3799
3934
3863
3871
3773
3876
3837
3918
3902
3887
4008
3869
3965
3888
3899
3927
3938
3804
3940
4055
3898
3868
3958
3909
3939
3843
3940
3772
3882
3858
3818
3894
3716
3765
3746
3685
3711
3691
3717
3731
3715
3731
3541
3640
3709
3696
3712
3798
3812
3792
3823
3903
3942
3888
3999
3959
3954
3905
3871
3939
3975
3918
3923
3917
3959
3854
3953
3873
3721
3825
3904
3970
3909
3824
3930
3764
3774
3761
3836
3882
3806
3684
3864
3829
3862
3829
3875
3737
3840
3838
3864
3725
3699
3838
3728
3726
3564
3637
3566
3641
3767
3679
3634
3661
3503
3612
3532
3580
3645
3685
3636
3824
3770
3708
3719
3797
3727
3819
3794
3842
3827
3900
3946
3964
3836
3911
3854
3866
3755
3810
3832
3813
3837
3734
3901
3906
3736
3798
3909
3960
3883
3773
3743
3749
3779
3810
3834
3853
3805
3867
3846
3776
3815
3726
3829
3803
3824
3837
3762
3764
3728
3742
3658
3633
3705
3753
3683
3667
3790
3679
3650
3679
3602
3657
3699
3638
3647
3639
3630
3711
3763
3742
3782
3644
3770
3877
3795
3770
3819
3842
3910
3976
3833
3905
3884
3959
3932
4033
4009
3889
3974
3999
4006
4088
3935
4140
3979
3959
4014
4113
4076
3955
3995
3930
3970
3921
3968
3963
4032
4055
4139
4020
3813
3985
3937
4159
3983
4012
4036
4105
3960
4033
3981
4005
4115
3978
4029
4072
4102
4004
4155
3923
3943
4071
3924
3891
4020
4006
3972
4020
3981
3997
3802
4064
3990
4095
4010
4104
3992
4065
4050
3993
4009
3962
3975
4041
4073
3977
4148
4044
4011
4013
4053
4024
4111
4007
4017
3966
4047
4064
4129
4002
4006
4087
3936
4053
3942
4029
4090
3975
4073
3991
4022
4081
4072
4017
4138
3921
4005
3978
4049
4022
4072
4147
4045
4048
4113
4035
4104
3994
3955
4009
4087
4068
4082
3919
4021
3891
4074
3992
4015
3901
4038
3967
3951
4024
4016
4071
4029
4015
4068
4017
4000
3942
3978
4034
4059
4004
3943
3930
4013
3941
3971
4004
3951
4008
4111
3948
3946
3964
4024
3837
4142
3949
4064
3914
3952
4036
4051
3945
4018
4009
3925
3890
4008
4056
3834
3993
3923
3948
3928
3889
3755
3918
3848
3898
3824
3733
3849
3708
3777
3737
3733
3622
3684
3773
3649
3580
3690
3631
3626
3598
3667
3667
3560
3628
3640
3737
3749
3685
3695
3640
3761
3737
3745
3700
3702
3785
3780
3797
3922
3753
3813
3743
3756
3678
3828
3704
3708
3819
3784
3806
3778
3852
3859
3806
3833
3847
3796
3834
3744
3826
3822
3802
3843
3831
3860
3761
3892
3752
3839
3914
3744
3855
3779
3745
3784
3696
3691
3703
3593
3641
3610
3613
3674
3718
3592
3694
3661
3480
3719
3620
3604
3647
3718
3703
3742
3721
3751
3681
3690
3679
3805
3846
3876
3785
3620
3854
3725
3824
3767
3837
3771
3845
3927
3739
3755
3790
3918
3822
3863
4040
3847
3875
3851
3978
3790
3914
3782
3741
3882
3866
3829
3815
3797
3983
3931
3888
3837
3975
3787
3810
3785
3771
3815
3797
3829
3753
3790
3599
3731
3693
3667
3734
3756
3765
3758
3741
3636
3749
3703
3777
3915
3790
3832
3895
3905
3884
3882
3940
3840
3878
3876
3827
3912
3826
3878
4002
3886
3913
3775
3912
3816
3879
3809
3852
3840
3784
3763
3825
3799
3792
3748
3800
3632
3751
3624
3618
3584
3655
3667
3754
3746
3773
3666
3772
3905
3827
3754
3816
3908
3769
3883
3942
3882
3790
3850
3922
3773
3813
3900
3845
4000
3890
3902
3844
3891
3899
3852
3823
3854
3768
3906
3833
3725
3847
3830
3797
3880
3958
3850
3848
3832
3781
3764
3790
3756
3779
3701
3818
3650
3727
3798
3714
3651
3611
3626
3702
3641
3713
3555
3707
3700
3605
3615
3552
3697
3697
3702
3596
3629
3723
3738
3824
3783
3719
3796
3742
3895
3898
3781
3756
3916
3900
3832
3773
3844
3807
3908
3838
3942
3889
3831
3906
3830
3780
3895
3767
3897
3798
3941
3729
3701
3736
3832
3804
3758
3803
3807
3665
3807
3705
3764
3771
3649
3777
3670
3802
3665
3663
3700
3708
3745
3666
3616
3660
3665
3636
3631
3650
3712
3617
3648
3807
3635
3690
3668
3719
3580
3766
3679
3769
3762
3926
3778
3848
3842
3931
3961
3896
4003
3833
3908
3907
3904
4040
3960
4036
3980
4042
3956
4031
4024
3931
4083
3986
3999
4006
4004
3937
4043
4032
3984
3965
3989
3954
4099
3998
4073
3934
4005
4036
4024
4105
4119
4119
3959
4053
4065
3946
4104
3938
4074
4151
4041
4024
3844
3976
4072
3965
4063
3955
3959
3966
4084
3957
4006
4073
3997
4011
4079
4030
3985
4021
4000
3949
4017
3992
4011
4021
4081
4029
4019
