3008
3035
3002
2977
3020
3011
2920
2991
3096
3031
3055
3066
2939
3163
2965
3048
3013
2981
2984
3047
2962
3077
3000
2950
3005
3010
2916
3020
2926
3019
2915
3044
3009
2944
3048
2996
3007
2906
3050
2868
3055
3012
2997
3099
3026
3080
2982
3000
2978
3050
3124
2972
2967
2957
3023
2986
3021
2947
2914
3073
3039
2980
2980
2947
3098
3001
2962
2961
2980
3102
3037
2912
2948
2905
2949
2888
2936
2782
2941
2796
2947
2770
2797
2759
2866
2783
2791
2770
2715
2870
2841
2806
2738
2773
2813
2729
2742
2686
2767
2772
2799
2808
2805
2767
2851
2788
2853
2828
2770
2824
2849
2798
2850
2815
2799
2834
2873
2863
2810
2823
2828
2886
2833
2885
2763
2991
2801
2907
2829
2889
2957
2848
2883
2856
2863
2996
2877
2855
2869
2921
2891
2883
2865
2843
2850
2795
2802
2851
2753
2803
2807
2757
2723
2651
2647
2753
2803
2781
2755
2677
2745
2703
2797
2862
2856
2801
2676
2845
2745
2838
2749
2841
2779
2821
2784
2770
2894
2794
2831
2868
2946
2827
2784
2900
2906
2905
2878
2904
2930
2893
2879
2862
2885
2915
2972
2816
2925
2919
2916
2841
2969
2975
2928
2896
2965
2917
3015
2995
2878
2967
2843
2897
2968
2859
2778
2849
2908
2851
2692
2738
2769
2726
2721
2789
2815
2861
2844
2675
2817
2757
2862
2902
2846
2901
2989
2943
2998
2906
2953
2918
3021
2930
2887
3003
2894
2849
2962
2961
2910
2986
2987
2917
2891
2881
2940
2876
2841
2913
2877
2907
2810
2843
2859
2900
2822
2809
2798
2790
2804
2617
2712
2809
2802
2819
2836
2801
2863
2812
2896
2888
2831
2950
2840
2825
2881
2995
2948
2992
2904
2909
2833
3040
2911
2914
2975
2894
2944
2957
2937
2938
2952
2900
2838
2843
2808
2901
2848
2824
2965
2929
2877
2948
2912
2893
2781
2910
2823
2902
2867
2734
2827
2732
2748
2720
2778
2765
2809
2886
2770
2675
2779
2648
2701
2759
2782
2771
2682
2618
2700
2683
2795
2779
2782
2728
2793
2796
2879
2891
2843
2871
2885
2860
2822
2890
2838
2937
2948
2901
2880
2941
2836
2920
2919
2916
2934
2856
2868
2886
2872
2836
2877
2932
2890
2856
2855
2824
2816
2788
2819
2943
2823
2908
2824
2775
2713
2823
2800
2847
2786
2772
2806
2731
2800
2820
2860
2758
2744
2753
2708
2745
2720
2745
2778
2629
2718
2877
2669
2790
2732
2752
2751
2810
2848
2786
2744
2815
2943
2997
2901
2932
2967
2855
2934
2964
2917
3025
3035
3134
3031
3053
3060
3025
3091
2997
3075
3001
2954
3002
3060
3079
2955
3096
3045
3009
3019
3028
3037
3001
3028
3034
3003
3037
2947
2967
3023
2939
3060
3029
2981
3035
2938
2962
3000
3050
3017
3107
2905
3045
3061
2926
3019
3019
3039
3050
3078
2963
3084
2892
3031
3019
2991
3012
3035
3048
2982
3066
2920
3040
2998
2979
2963
3000
3098
2960
2993
3016
3001
3006
3023
3032
3040
2960
2939
3112
3087
3023
3083
3046
3027
3063
3032
3119
2994
3002
3080
3047
3035
2953
2973
3034
2959
3006
3054
3017
2985
2950
2989
3137
2936
3048
2973
3032
3009
3086
3010
3009
2965
3013
2908
3008
2930
2927
2991
3060
3000
2924
3017
3080
2997
2907
2954
2995
3019
2928
2938
3029
2960
2976
3037
3000
3002
2904
3076
3043
3065
2983
3013
3047
2934
2942
2978
3031
2975
3072
3047
2948
3011
3058
3015
3041
3000
3047
3073
3013
3006
3038
3079
2963
3024
2999
2944
3007
3029
2982
2882
2841
2859
2939
2889
2943
2917
2968
2937
2894
2936
2950
2936
2919
2818
2765
2797
2735
2771
2708
2803
2829
2770
2737
2665
2680
2790
2837
2763
2776
2724
2758
2668
2704
2782
2734
2814
2900
2825
2690
2788
2863
2806
2840
2841
2847
2746
2677
2889
2906
2798
2833
2804
2830
2905
2870
2860
2907
2932
2870
2922
2919
2922
2949
2858
2882
2951
2846
2872
2962
2880
2964
2878
2912
2840
2779
2988
2792
2828
2850
2814
2877
2796
2706
2704
2809
2775
2751
2702
2714
2774
2664
2668
2824
2768
2734
2654
2749
2689
2745
2751
2759
2745
2727
2828
2752
2855
2868
2787
2815
2788
2845
2863
2925
2824
2877
2812
2830
2819
2877
2836
2983
2903
2947
2936
2956
3005
2892
2857
2953
2979
2858
2895
2810
2955
2955
2868
2826
2874
2994
2848
2987
2925
2958
2976
2926
2880
3094
2871
2867
2834
2862
2895
2802
2674
2679
2693
2743
2645
2761
2697
2798
2734
2743
2806
2869
2845
2900
2753
2928
2935
2874
2935
3000
2985
2981
2936
3051
2888
2912
2892
2908
2891
2998
2917
2946
2943
2896
2892
2943
2851
2878
2908
2802
2888
2804
2782
2918
2839
2792
2812
2854
2811
2760
2799
2735
2784
2782
2837
2842
2829
2861
2834
2925
2962
2826
2931
2989
2855
2922
2941
2911
2821
2944
2937
2867
2887
2985
2833
2831
2830
2922
2884
2875
2986
2944
2912
2918
2847
2983
2834
2863
2900
2934
2841
2949
2843
2892
2889
2890
2829
2824
2800
2761
2867
2787
2874
2731
2760
2879
2837
2802
2737
2651
2761
2796
2791
2790
2717
2796
2848
2731
2721
2709
2770
2723
2773
2737
2745
2890
2764
2749
2798
2763
2882
2913
2892
2867
2917
2934
2948
2807
2861
2865
2777
2980
2962
2840
2827
2945
2788
2835
2894
2959
2844
2836
2811
2944
2799
2944
2818
2901
2865
2811
2853
2892
2763
2744
2804
2790
2805
2764
2841
2710
2810
2767
2822
2777
2682
2749
2762
2752
2775
2790
2720
2743
2696
2725
2724
2784
2766
2814
2897
2791
2737
2787
2831
2828
2829
2832
2872
2799
2973
2927
2856
2942
2929
2921
3021
3081
2889
3006
2973
2918
2975
2981
2886
2996
3004
2985
3009
2974
3091
3021
2930
3005
2971
3040
3050
3057
3097
3026
2962
3053
2998
3022
3027
3039
2932
3065
3057
3005
2951
2953
3099
3015
3002
2940
2947
2974
3002
3101
3087
3002
3021
3021
3053
3021
3047
2964
2929
3011
2960
3021
3037
2994
3005
2993
3055
2983
3035
2928
2993
3024
3126
3002
3025
3063
3043
