5926
5874
5945
5948
5940
6012
5949
5863
5846
6041
6049
5991
6012
5938
5958
6005
5912
5997
6016
6028
5922
5913
6131
5834
6031
5957
5994
6047
6018
5898
6069
6056
6027
6103
5925
5973
5978
5819
5929
6094
6095
5964
5981
6086
6085
6000
5921
6001
5962
6052
6121
6065
5928
5954
5966
6072
5999
5947
5970
6053
6072
5913
5970
5931
5966
5855
5955
5912
5872
5929
5825
5937
5912
5950
5813
5839
5847
5836
5783
5747
5658
5646
5625
5543
5464
5500
5422
5388
5510
5574
5541
5559
5603
5487
5497
5509
5549
5391
5537
5536
5447
5553
5506
5466
5570
5589
5553
5486
5577
5594
5702
5559
5728
5727
5740
5676
5600
5778
5665
5735
5627
5649
5829
5775
5703
5694
5697
5774
5679
5703
5783
5813
5792
5785
5626
5747
5767
5808
5733
5649
5808
5616
5733
5844
5751
5704
5618
5672
5623
5553
5562
5416
5495
5578
5380
5472
5492
5452
5529
5437
5475
5459
5618
5481
5558
5653
5532
5496
5632
5573
5739
5495
5487
5574
5611
5759
5695
5632
5710
5604
5658
5637
5825
5644
5678
5713
5675
5707
5804
5740
5670
5733
5777
5868
5742
5848
5725
5935
5765
5892
5791
5834
5805
5863
5752
5833
5883
5709
5731
5791
5768
5683
5762
5744
5719
5865
5697
5597
5570
5706
5499
5533
5360
5514
5606
5694
5543
5697
5573
5644
5718
5585
5696
5817
5771
5833
5740
5901
5858
5772
5625
5886
5884
5861
5853
5787
5898
5791
5954
5812
5983
5986
5880
5844
5832
5805
5798
5801
5682
5795
5762
5732
5812
5584
5571
5664
5479
5468
5477
5581
5493
5523
5486
5556
5667
5502
5667
5686
5700
5822
5760
5704
5841
5835
5833
5792
5806
5816
5806
5848
5831
5690
5790
5795
5808
5776
5991
5811
5802
5796
5701
5774
5837
5770
5890
5859
5778
5847
5692
5826
5858
5663
5821
5700
5604
5601
5661
5677
5570
5612
5553
5603
5701
5590
5557
5416
5516
5588
5681
5470
5540
5499
5425
5438
5453
5458
5346
5390
5415
5510
5476
5314
5544
5661
5498
5604
5704
5698
5720
5677
5645
5825
5760
5808
5887
5860
5875
5704
5823
5899
5647
5760
5759
5795
5733
5746
5668
5860
5716
5871
5693
5566
5619
5852
5538
5571
5779
5758
5733
5667
5671
5663
5579
5546
5564
5565
5533
5629
5621
5548
5644
5704
5522
5505
5595
5588
5579
5576
5558
5548
5366
5485
5441
5580
5532
5624
5522
5511
5482
5550
5484
5595
5694
5787
5615
5601
5676
5658
5817
5712
5848
5947
5916
5868
5896
6012
5902
5734
5872
6053
5928
6075
6012
5964
5988
5997
6163
6111
6037
5794
5909
6005
5989
6161
5961
5975
5995
6103
6087
5925
6016
6045
5990
6076
5985
5993
6023
5847
5962
6187
6022
6056
5993
5872
5981
6022
6035
6038
5947
6039
6001
6018
5882
5873
5967
6082
6084
5952
6029
6057
6010
5938
5949
5950
5896
5981
5934
5932
6099
6051
6040
5917
5986
5996
6009
5876
6026
5994
6125
6057
6137
6016
6085
6105
6102
6007
5972
6048
5940
5991
6024
5958
6092
5975
6043
6027
6011
5932
6012
5985
6106
6116
5989
5984
5934
5915
6019
5892
6065
6013
6025
5959
5903
5849
6042
5998
6017
5998
6062
6055
5996
5914
6188
5981
6062
6040
6112
6094
6136
6069
6191
5845
6042
5983
5952
5879
5983
5865
6043
6161
6113
6168
6058
5905
6042
6063
5965
5904
5859
5891
6043
5848
6087
5978
6052
5938
5943
5991
5856
6043
5908
6049
6017
6003
5908
5940
6005
6129
5963
5985
6068
5885
5900
5918
5913
6076
5896
5864
5977
5920
5904
5927
5867
5793
5752
5708
5756
5617
5579
5673
5617
5581
5553
5574
5465
5440
5473
5512
5377
5500
5473
5439
5477
5475
5611
5435
5525
5533
5519
5462
5577
5544
5513
5558
5599
5482
5690
5622
5675
5593
5620
5626
5592
5640
5589
5783
5792
5712
5727
5755
5757
5689
5721
5689
5815
5825
5679
5701
5729
5691
5838
5850
5770
5775
5730
5916
5871
5733
5764
5689
5760
5842
5704
5727
5751
5589
5563
5601
5524
5491
5632
5604
5607
5545
5493
5477
5452
5614
5393
5450
5382
5362
5477
5420
5477
5384
5549
5482
5642
5480
5533
5571
5752
5644
5651
5775
5623
5632
5639
5777
5701
5794
5784
5683
5868
5646
5909
5734
5691
5820
5894
5851
5795
5621
5728
5734
5679
5841
5928
5854
5725
5836
5870
5868
5867
5724
5824
5849
5679
5712
5769
5873
5691
5678
5608
5660
5467
5586
5485
5444
5436
5447
5494
5467
5667
5596
5524
5718
5617
5554
5701
5781
5649
5865
5725
5918
5758
5846
5815
5805
5895
6008
5639
5817
5872
5863
5885
5722
5906
5907
5794
5811
5748
5852
5758
5767
5679
5782
5780
5665
5720
5737
5650
5686
5526
5420
5562
5510
5429
5447
5636
5556
5401
5599
5725
5615
5627
5741
5692
5655
5641
5881
5747
5842
5813
5801
5815
5760
5761
5652
5931
5749
5779
5739
5785
5703
5812
5740
5615
5917
5637
5760
5764
5768
5842
5809
5774
5778
5754
5648
5765
5772
5685
5601
5628
5683
5562
5591
5602
5597
5693
5673
5594
5567
5499
5561
5530
5505
5595
5413
5412
5577
5350
5470
5542
5285
5607
5485
5461
5413
5592
5662
5510
5650
5645
5557
5678
5692
5627
5677
5906
5619
5774
5720
5713
5772
5665
5828
5728
5765
5679
5736
5643
5617
5939
5711
5738
5759
5642
5700
5777
5781
5574
5740
5651
5643
5625
5536
5617
5643
5613
5478
5603
5615
5603
5466
5592
5626
5469
5539
5537
5519
5560
5432
5617
5558
5425
5489
5515
5523
5405
5557
5442
5607
5534
5521
5549
5535
5532
5675
5582
5777
5768
5797
5766
5819
5818
5846
5749
5889
5871
5810
6027
5974
5896
5942
5837
5967
5908
5995
5906
5902
5865
6062
6049
6048
6102
5954
5933
5954
5874
5917
5968
6098
6085
5938
6127
5945
5897
5951
6037
6040
6119
6037
6110
5972
6012
5901
6086
6030
5914
5911
5912
5937
5953
5860
5958
6073
6048
5940
5920
5992
5974
5980
6113
6021
5973
6056
5977
5903
6114
6006
6123
6027
6060
6037
6013
6047
6076
5912
6023
6129
6079
