3060
3086
3058
2975
3124
2939
2977
2937
2986
2933
3043
3085
3081
3052
2931
3037
3035
3069
2936
2961
2998
3089
2952
3043
2955
3018
3021
3042
3061
3091
2953
3059
2952
3031
3053
3022
3094
3106
2969
2978
2951
3135
2949
3071
3051
3014
2962
3005
2989
2923
3029
3069
2969
3062
2964
3001
2935
3155
3078
3003
3012
3033
3056
3030
2978
3015
3024
2932
2952
3048
2928
2880
3059
2883
2844
2920
2907
3045
2952
2849
2858
2905
2878
2908
2782
2803
2771
2850
2845
2860
2888
2730
2826
2825
2697
2741
2783
2866
2808
2785
2779
2744
2702
2755
2760
2844
2805
2774
2813
2916
2847
2843
2920
2849
2758
2914
2840
2903
2878
2981
3009
2862
2909
2849
2923
2876
2765
2810
2833
2831
2880
2903
3049
2952
2786
2877
2914
2892
2841
2833
2913
2881
2896
2884
2826
2870
2835
2847
2849
2791
2861
2785
2810
2750
2837
2770
2691
2804
2723
2786
2761
2716
2830
2773
2874
2799
2783
2874
2745
2900
2846
2844
2836
2927
2781
2801
2871
2861
2836
2846
2829
2757
2928
2971
2789
2814
2786
2931
2848
2954
2877
2848
2892
2901
2836
2775
2868
2878
2917
2953
2934
2941
2881
2794
2933
2928
2833
2964
2978
2863
2810
2925
2956
2865
2915
2856
2854
2819
2751
2803
2757
2807
2732
2770
2805
2809
2776
2812
2815
2874
2790
2936
2856
3001
2966
2835
2933
2892
2989
2943
2987
3013
2944
2951
2898
3000
2886
3011
2948
2965
2910
2952
2813
3003
2867
2897
2901
2939
2876
2850
2885
2817
2791
2757
2761
2946
2767
2899
2707
2747
2867
2764
2724
2822
2788
2802
2893
2927
2870
2920
2813
2953
2876
2978
2959
2889
2905
2867
2860
3011
2961
2938
2958
2907
2903
2971
2953
2929
2905
2835
2899
2911
2845
2836
2968
2826
2820
2916
2875
2927
2826
2879
2838
2835
2794
2927
2856
2770
2894
2769
2777
2718
2728
2741
2848
2792
2812
2709
2721
2818
2792
2790
2732
2742
2726
2751
2722
2683
2757
2710
2752
2807
2714
2740
2918
2920
2916
2777
2864
2921
2871
2945
2949
2900
2822
2857
2886
2850
2915
2896
2912
2989
2884
2877
2880
2837
2887
2878
2903
2901
2849
2913
2863
2868
2758
2829
2841
2874
2852
2863
2832
2869
2833
2860
2856
2924
2878
2824
2812
2859
2810
2762
2770
2791
2733
2658
2849
2731
2815
2856
2815
2769
2784
2658
2796
2870
2785
2824
2866
2769
2853
2811
2747
2890
2841
2945
2912
2903
2945
2917
2937
2880
2868
2970
3000
2970
2965
2996
3044
3066
2977
3057
2943
2981
3028
2982
2937
2993
3018
3009
3036
3045
3069
3048
3027
3074
3106
2997
3090
2907
3049
2926
2984
3100
2935
2934
3079
2976
3047
2955
3104
2921
2984
3064
2968
3094
2935
2994
3129
2967
2981
3099
3185
3071
3081
3055
3078
2985
3006
3135
2990
3068
3038
3013
3022
3040
3059
3060
3045
3004
3091
3071
3010
3053
2948
2993
2944
3083
3045
3079
3033
3007
2982
2964
3008
3088
3055
3026
2993
3019
3044
3044
2971
2917
3063
2967
2948
3046
3011
3039
3076
3082
3083
2963
3003
3008
3024
2918
3020
2985
3009
3006
3058
2961
2987
2970
3073
3030
3039
3060
3050
3004
3009
3042
3042
3057
2916
2980
2951
2995
2960
3044
3050
3053
3018
3018
2936
2980
3042
3119
3073
3096
2986
3050
2895
3111
2982
3071
3066
3059
3014
3063
3000
2947
3127
3039
3009
3122
3102
2999
2931
2918
2947
2913
2933
2994
3005
2978
3088
2933
2977
2965
3062
2949
2993
2970
3000
3019
2917
2914
2921
2979
2888
2949
2882
2912
2851
2928
2942
2807
2854
2859
2810
2854
2668
2804
2776
2793
2748
2716
2775
2718
2760
2718
2837
2744
2863
2840
2802
2913
2780
2776
2793
2860
2780
2844
2827
2789
2948
2807
2842
2849
2859
2810
2916
2813
2823
2864
2908
2751
2866
2944
2803
2862
2789
2839
2810
2892
2908
2856
2858
2860
2962
2906
2932
2910
2903
2850
2818
2934
2840
2796
2857
2908
2840
2906
2861
2872
2829
2917
2720
2786
2786
2765
2826
2743
2773
2703
2795
2630
2774
2739
2797
2779
2663
2828
2791
2768
2761
2810
2745
2829
2770
2856
2835
2814
2847
2921
2836
2895
2913
2964
2819
2822
2824
2860
2837
2929
2866
2878
2852
2935
2870
2872
2992
2976
2874
2858
2908
2875
2914
2944
2926
2845
2878
2850
2943
2947
2873
2961
2816
2845
2923
2921
2769
2829
2828
2805
2722
2799
2863
2746
2776
2719
2774
2855
2756
2794
2837
2858
2821
2896
2920
2900
2829
2925
2920
2943
2896
2918
2923
2935
2925
2857
2909
2969
2912
2945
2972
2850
2885
2848
2905
2891
2897
2813
2814
2851
2837
2898
2941
2941
2840
2875
2782
2676
2780
2807
2702
2738
2644
2684
2753
2897
2866
2863
2859
2809
2839
2902
2927
2823
2840
2869
2875
2875
2962
2841
2903
2893
2920
2890
2917
2889
2973
2927
2780
2860
2921
2972
2940
2865
2837
2880
2812
2891
2868
2863
2876
2923
2828
2892
2794
2757
2746
2713
2828
2825
2859
2846
2722
2763
2805
2851
2671
2781
2743
2737
2664
2800
2758
2719
2691
2788
2757
2701
2787
2788
2733
2714
2718
2705
2771
2757
2784
2815
2882
2874
2845
2757
2856
2817
2829
2834
2848
2960
2970
2948
2922
2841
2807
2912
2951
2809
2772
2919
2849
2902
2890
2853
2866
2840
2885
2912
2814
2807
2816
2912
2835
2892
2843
2772
2817
2815
2772
2721
2858
2720
2745
2818
2723
2850
2734
2830
2716
2808
2776
2828
2786
2738
2724
2758
2746
2722
2735
2778
2795
2861
2838
2785
2830
2870
2959
2898
2905
2828
2941
2927
3034
2861
2975
2972
3019
2868
3058
2866
2948
3082
2966
2972
3039
2903
2992
3041
3045
2968
3017
2908
2940
3066
2945
3059
3090
2980
3061
2984
3071
3002
2987
2997
3082
2914
3015
3047
3017
3038
2921
3042
2925
3004
3004
2971
3001
3072
3042
3071
2991
3009
3072
2991
2990
3055
3046
3068
2981
2949
2985
2961
2915
2955
2969
3028
3058
2997
3025
3048
3072
3057
3050
3000
3053
3060
2977
