5660
5766
5640
5634
5600
5582
5622
5725
5645
5550
5673
5797
5798
5624
5661
5583
5510
5642
5685
5648
5593
5623
5643
5576
5495
5636
5689
5634
5664
5574
5545
5666
5584
5568
5726
5689
5744
5681
5652
5599
5592
5778
5574
5661
5616
5631
5603
5569
5651
5656
5673
5681
5557
5678
5744
5645
5594
5506
5462
5328
5514
5532
5483
5444
5280
5266
5265
5074
5045
5063
5079
5035
4952
4993
4939
4674
4673
4824
4849
4785
4793
4851
4896
4949
5003
4992
5055
5095
4954
5098
5142
5065
5214
5153
5334
5255
5371
5243
5410
5360
5320
5275
5478
5457
5455
5495
5605
5455
5443
5451
5480
5621
5536
5571
5556
5543
5486
5544
5590
5551
5569
5615
5621
5642
5663
5659
5615
5610
5496
5576
5537
5649
5651
5534
5624
5443
5414
5401
5311
5314
5110
5085
5015
4947
5063
4935
5030
4908
4897
4871
5119
4936
5088
5088
5087
5089
5055
5155
5196
5268
5318
5224
5345
5487
5471
5441
5478
5476
5331
5526
5502
5497
5609
5497
5673
5469
5574
5500
5756
5560
5623
5775
5549
5621
5671
5707
5567
5643
5558
5741
5725
5529
5724
5623
5617
5596
5652
5630
5647
5580
5582
5564
5585
5617
5532
5649
5566
5660
5556
5597
5499
5457
5314
5125
5344
5149
5113
5183
5003
5078
5006
5135
5043
5254
5244
5247
5246
5388
5457
5533
5555
5556
5436
5574
5463
5618
5662
5602
5575
5502
5585
5590
5678
5565
5680
5525
5528
5629
5553
5696
5709
5645
5744
5713
5663
5431
5561
5560
5492
5520
5652
5440
5571
5462
5542
5314
5360
5444
5293
5202
5187
5111
5036
5077
5100
4974
5165
5209
5090
5263
5417
5543
5508
5439
5437
5586
5608
5575
5662
5487
5682
5584
5667
5592
5617
5605
5692
5518
5653
5573
5798
5521
5616
5623
5636
5472
5620
5669
5707
5604
5570
5546
5594
5618
5550
5617
5477
5642
5642
5616
5610
5555
5583
5571
5440
5458
5673
5559
5487
5393
5439
5350
5347
5159
5325
5227
5131
5029
5035
4913
4910
5007
4830
4900
4878
4860
4838
4836
4933
4934
5175
5147
5240
5374
5256
5381
5511
5547
5493
5499
5573
5436
5467
5700
5619
5506
5636
5603
5645
5696
5585
5666
5559
5628
5737
5633
5604
5564
5601
5524
5686
5523
5615
5638
5669
5495
5513
5446
5510
5560
5514
5481
5479
5439
5364
5411
5477
5354
5362
5501
5296
5302
5234
5192
5115
5064
5123
5009
5030
5030
4941
4962
5010
4860
4710
4932
4817
4834
4773
4929
4781
4845
4969
4890
4860
5062
5097
5138
5209
5281
5250
5113
5357
5417
5572
5567
5559
5414
5650
5535
5573
5683
5559
5654
5491
5678
5585
5627
5492
5757
5719
5523
5677
5650
5735
5593
5670
5696
5671
5612
5562
5658
5620
5658
5723
5584
5678
5606
5757
5638
5620
5620
5664
5808
5635
5534
5718
5674
5653
5539
5659
5747
5554
5661
5644
5650
5612
5699
5612
5754
5592
5665
5612
5716
5644
5683
5728
5737
5778
5690
5654
5653
5741
5679
5714
5727
5699
5597
5602
5773
5561
5640
5757
5628
5813
5844
5637
5776
5510
5539
5642
5662
5595
5630
5710
5706
5569
5713
5644
5680
5602
5591
5652
5611
5532
5650
5579
5622
5566
5669
5641
5676
5670
5593
5636
5539
5664
5642
5678
5647
5548
5696
5633
5613
5632
5624
5507
5697
5428
5511
5716
5678
5699
5600
5574
5621
5572
5647
5635
5709
5555
5651
5629
5664
5696
5531
5612
5561
5542
5534
5568
5614
5614
5563
5725
5611
5447
5607
5460
5527
5548
5385
5363
5169
5164
5051
5124
4869
4929
4839
4880
4857
4849
4868
4819
4624
4703
4749
4908
4890
4988
4935
4833
5050
5022
5245
5195
5136
5256
5354
5435
5280
5387
5266
5366
5338
5398
5507
5301
5396
5519
5528
5604
5525
5520
5508
5367
5420
5624
5564
5558
5725
5583
5623
5506
5567
5621
5598
5606
5649
5671
5588
5608
5517
5610
5601
5542
5649
5677
5515
5508
5493
5646
5484
5487
5513
5268
5336
5363
5187
5196
5024
4969
4971
5016
4888
4690
4970
4834
4696
4921
4973
4882
5054
5117
5168
5175
5189
5355
5360
5375
5440
5447
5354
5468
5471
5500
5424
5608
5491
5511
5555
5594
5603
5608
5577
5571
5696
5705
5607
5636
5692
5539
5625
5600
5669
5744
5724
5445
5627
5598
5606
5619
5583
5611
5638
5667
5645
5527
5641
5554
5534
5664
5540
5490
5545
5503
5634
5510
5509
5348
5396
5321
5166
5082
5105
5224
5002
5022
5083
5040
5033
5137
5220
5349
5388
5316
5322
5483
5589
5400
5576
5331
5580
5562
5632
5638
5648
5598
5686
5635
5581
5569
5624
5504
5585
5546
5553
5572
5535
5669
5482
5547
5561
5493
5606
5493
5569
5478
5542
5507
5491
5588
5390
5481
5317
5386
5198
5255
5132
5107
4962
5041
5016
5070
5042
5312
5193
5317
5336
5493
5469
5461
5594
5543
5661
5555
5484
5600
5569
5508
5666
5624
5653
5574
5514
5604
5657
5598
5611
5518
5637
5633
5699
5662
5526
5546
5598
5652
5541
5506
5714
5768
5553
5598
5625
5561
5678
5451
5560
5502
5500
5420
5551
5648
5583
5410
5416
5363
5297
5346
5409
5275
5028
5266
5182
5104
5029
5002
5037
5000
4849
4978
4779
4829
4727
4824
4823
4912
5051
5179
5167
5300
5324
5462
5388
5420
5383
5570
5387
5578
5639
5607
5602
5526
5712
5590
5621
5665
5525
5535
5537
5549
5417
5637
5589
5609
5464
5509
5530
5635
5677
5615
5504
5511
5454
5521
5509
5486
5378
5424
5424
5351
5382
5178
5313
5379
5291
5328
5214
5161
5161
5079
5125
5082
4952
5118
4919
4922
4943
4858
4755
4770
4850
4737
4785
4910
4829
4789
4969
4896
4877
5096
5177
5159
5125
5223
5191
5378
5232
5487
5562
5566
5537
5613
5674
5554
5737
5520
5556
5513
5674
5599
5634
5672
5525
5661
5606
5446
5656
5598
5676
5656
5649
5591
5663
5796
5607
5623
5597
5673
5679
5557
5609
5585
5624
5686
5538
5699
5600
5725
5620
5582
5556
5658
5691
5767
5655
5760
5730
5652
5742
5647
5678
5552
5659
5725
5613
5617
5538
5618
5734
5678
