4107
4113
4141
4118
4056
4026
4139
4062
4073
4027
4174
4095
4000
4041
3949
4082
4019
4053
4113
3977
3873
4003
3965
4122
4138
3934
4080
4113
4086
4056
4073
3995
3956
4093
3976
4027
3975
3995
3929
4063
4024
4005
4056
3960
3926
4118
4099
3994
4004
3904
4031
4043
3952
3947
3928
4083
4039
4028
3983
3914
3911
3976
4041
4037
4091
3916
3950
3934
3983
4053
4112
4032
3955
3998
3844
3946
3958
3884
3922
3765
3731
3857
3851
3828
3717
3771
3739
3736
3701
3642
3845
3758
3689
3627
3734
3808
3569
3635
3671
3718
3745
3589
3652
3666
3736
3699
3635
3746
3802
3800
3738
3731
3764
3906
3693
3776
3780
3882
3777
3807
3807
3803
3856
3800
3712
3696
3781
3813
3805
3797
3787
3779
3816
3808
3776
3817
3776
3876
3834
3787
3929
3927
3809
3944
3919
3729
3807
3866
3766
3724
3704
3733
3702
3547
3477
3702
3756
3670
3715
3751
3668
3632
3713
3707
3675
3808
3662
3619
3808
3733
3692
3831
3666
3812
3810
3765
3802
3812
3739
3761
3848
3867
3752
3800
3830
3857
3835
3808
3868
3835
3871
3836
3849
3962
3842
3848
3902
3936
3790
3816
3895
3861
4002
3993
3748
3854
3823
3915
3852
3882
3812
3877
3835
3800
3940
3822
3752
3651
3680
3680
3692
3768
3640
3653
3692
3617
3733
3643
3837
3666
3955
3736
3752
3821
3838
3793
3918
3834
3793
3933
3811
3877
3966
4000
3805
3877
3965
3900
3893
3858
4025
3808
3888
3936
3950
3831
3851
3849
3843
3778
3739
3755
3741
3748
3600
3665
3818
3627
3636
3723
3745
3756
3703
3626
3743
3751
3863
3766
3853
3864
3805
3843
3832
3890
3753
3855
3940
3853
3950
3826
3929
3877
3904
3916
3798
3757
3832
3902
3860
3857
3800
3935
3921
3759
3794
3777
3796
3772
3930
3829
3946
3820
3788
3797
3751
3767
3872
3689
3675
3712
3659
3734
3810
3681
3803
3562
3538
3583
3656
3810
3651
3732
3772
3630
3670
3618
3656
3654
3726
3634
3750
3784
3763
3705
3878
3757
3857
3844
3778
3909
3924
3876
3929
3876
3947
3909
3893
3894
3758
3834
3826
3746
3884
3951
3789
3859
3798
3787
3929
3866
3855
3826
3777
3846
3869
3847
3771
3747
3829
3751
3738
3704
3763
3810
3677
3754
3687
3737
3839
3565
3767
3834
3715
3734
3721
3751
3721
3638
3660
3712
3685
3639
3645
3745
3741
3608
3698
3695
3723
3756
3769
3709
3824
3874
3813
3800
3903
3826
3912
3967
3910
3916
3921
4120
3869
3951
3993
3947
4043
3987
3881
4012
3946
4013
4081
3958
4067
4037
3929
4015
4128
4020
3986
4140
4067
4035
4038
4085
3934
4028
4025
3956
3939
4089
3896
3944
4006
4025
4006
4054
4024
4060
4026
3924
3946
4000
4066
4020
4063
4044
3979
4043
4117
3909
4036
4018
3966
3902
4070
4079
4158
3938
3860
4029
4042
4067
3923
3996
3960
4038
4028
3938
3922
4019
3930
3987
3955
3996
3959
4106
4062
3965
4099
4005
4012
4130
4112
4039
4007
4062
3962
3977
4117
4055
4132
3911
4077
4097
4106
4035
4008
4078
3983
4024
4057
3995
3973
3991
4132
3985
4019
4140
4025
4023
4039
4069
4042
4127
4014
3996
3999
3954
3987
4014
4080
3882
4135
4036
4044
4089
4030
3916
3997
3966
4050
4031
4039
3983
4027
4037
3973
3926
4044
4110
3901
4039
3952
3943
3976
4069
4021
3983
3813
4001
4029
4140
4152
3920
3987
4188
4086
4017
4018
4017
4074
4028
3892
3987
3950
4007
4010
3920
3980
4007
3962
3951
3946
3979
4002
3934
3870
3953
3952
3878
3914
3857
3875
3859
3908
3811
3772
3798
3781
3685
3695
3702
3713
3686
3757
3652
3759
3635
3697
3611
3625
3658
3684
3657
3715
3743
3850
3741
3740
3823
3825
3698
3639
3787
3685
3724
3829
3823
3783
3718
3811
3766
3860
3875
3860
3799
3876
3829
3796
3874
3887
3766
3920
3928
3801
3848
3852
3800
3868
3839
3936
3945
3922
3961
3754
3867
3870
3784
3824
3781
3768
3771
3828
3774
3816
3634
3740
3717
3708
3598
3656
3619
3640
3655
3723
3812
3691
3659
3656
3761
3592
3749
3769
3836
3696
3782
3739
3776
3780
3705
3772
3692
3758
3858
3841
3818
3838
3760
3790
3847
3907
3869
3821
3841
3847
3776
3873
3865
3842
3832
3808
3806
3832
3828
3838
3800
3885
3913
3882
3827
3929
3882
3801
3866
3853
3851
3894
3748
3825
3831
3699
3718
3740
3830
3791
3720
3850
3736
3568
3701
3732
3654
3684
3788
3728
3761
3789
3841
3831
3913
3828
3844
3733
3752
3777
3832
3762
3915
3872
3850
3920
3892
3868
3923
3924
3937
3921
3843
3888
3866
3887
3861
3723
3775
3848
3776
3578
3740
3775
3745
3717
3717
3694
3736
3670
3632
3749
3697
3731
3843
3716
3752
3852
3835
3728
3821
3920
3834
3868
3810
3801
3867
3772
3761
3852
3833
3799
3860
3796
3890
3813
3835
3932
3835
3895
3897
3976
3772
3974
3771
3835
3842
3861
3909
3779
3769
3753
3807
3854
3881
3768
3810
3710
3887
3792
3732
3748
3649
3719
3643
3632
3639
3539
3753
3528
3714
3633
3682
3737
3647
3678
3637
3735
3601
3667
3702
3795
3751
3854
3791
3812
3804
3712
3765
3837
3706
3679
3717
3785
3841
3871
3866
3845
3821
3798
3813
3840
3855
3791
3817
3756
3839
3799
3939
3785
3808
3869
3753
3811
3790
3811
3832
3743
3753
3798
3857
3832
3712
3676
3692
3726
3835
3675
3782
3632
3702
3770
3599
3718
3686
3673
3689
3648
3756
3594
3704
3678
3660
3748
3726
3715
3700
3747
3749
3780
3802
3724
3822
3829
3950
3909
3883
3940
3912
3994
3984
4039
3960
3919
3951
3978
3978
4096
4048
4043
3982
3909
4013
4034
4066
4037
3908
3941
4095
3959
4070
4137
3981
4094
3979
3966
4005
4077
3952
3958
3947
4044
4028
4001
3963
4043
3987
3922
4039
3966
3985
4025
4012
4010
3948
4037
3957
3979
4054
3935
4043
3977
4106
3986
4148
3941
4143
4056
4014
4093
4058
4014
3946
3979
4062
4092
3953
4035
3964
3972
4061
4093
4068
3958
