4016
4140
3970
3920
4035
4056
4009
4090
4008
4066
4020
4086
3961
4007
3958
3987
4021
4035
4165
3870
3987
3920
3905
3996
3956
3952
3972
3989
4023
3943
4094
4033
3988
4040
4044
4115
4103
4028
4024
3985
4033
4043
3999
4074
4007
3957
4078
3949
4011
4028
4035
4025
3964
4053
4077
4147
4062
4052
3906
4039
4042
3937
4051
3918
4100
4040
4151
3917
3962
4004
3985
4002
4067
4125
3899
4034
3925
3986
3914
3878
3775
3837
3821
3928
3782
3694
3785
3896
3621
3652
3577
3712
3732
3723
3722
3671
3707
3647
3792
3660
3771
3715
3749
3647
3735
3743
3701
3789
3757
3826
3764
3785
3770
3896
3874
3800
3851
3862
3764
3900
3773
3820
3730
3883
3862
3843
3841
3802
3840
3826
3876
3894
3813
3776
3995
3810
3826
3822
3760
3853
3804
3888
3779
3792
3843
3887
3703
3809
3798
3722
3747
3627
3689
3738
3645
3626
3671
3689
3680
3584
3647
3638
3663
3698
3665
3716
3658
3772
3776
3761
3770
3670
3694
3815
3773
3793
3748
3737
3769
3794
3824
3697
3808
3789
3812
3738
3715
3910
3779
3803
3798
3870
3804
3871
3872
3860
3829
3954
3917
3833
3869
3936
3953
3917
3884
3852
3864
3960
3836
3939
3746
3753
3860
3827
3824
3859
3768
3782
3713
3685
3597
3765
3714
3677
3645
3614
3700
3712
3672
3680
3812
3810
3841
4009
3860
3890
3839
3779
3808
3834
3935
3867
3812
3913
3847
3896
3912
3889
3844
3925
3914
3900
3916
3818
3765
3907
3818
3799
3881
3952
3787
3803
3747
3788
3720
3617
3728
3716
3748
3700
3740
3713
3670
3679
3849
3822
3810
3870
3769
3923
3810
3815
3872
3854
3869
3838
3794
3893
3905
3992
3915
3795
3890
3801
3852
3906
3885
3813
3817
3852
3837
3776
3865
3737
3951
3741
3917
3815
3810
3888
3774
3895
3840
3735
3776
3714
3792
3687
3714
3806
3796
3672
3735
3780
3856
3690
3774
3730
3766
3609
3719
3775
3733
3666
3670
3712
3727
3651
3698
3723
3751
3691
3760
3710
3835
3718
3822
3965
3735
3830
3724
3747
3895
3732
3975
3853
3796
3855
3727
3834
3882
3921
3793
3893
3780
3822
3919
3876
3926
3863
3833
3885
3801
3745
3731
3712
3907
3695
3817
3772
3818
3703
3813
3746
3739
3808
3805
3763
3703
3734
3771
3822
3672
3687
3691
3674
3731
3670
3635
3649
3727
3576
3615
3739
3666
3725
3745
3771
3768
3819
3878
3836
3781
3874
3911
3850
3851
3915
3990
3930
3871
3918
3938
4011
3901
3994
3921
3963
3946
4010
4009
3956
3991
4130
3988
4043
3929
4182
4041
4069
4172
3979
3972
3994
3997
3987
3989
4073
4051
4012
4075
4073
4069
3990
4034
4059
4033
4010
4011
3935
3935
3936
4001
3929
4078
4058
4072
3986
3941
4060
4123
3973
3993
4126
4090
3983
3986
4068
4008
3972
3979
4001
3972
4008
3943
3870
3972
3994
4001
4022
4090
3949
4038
4023
3895
3940
4035
4013
4030
4072
4059
3996
4033
3966
3978
3965
4067
4048
4061
4072
4137
4032
4081
3982
4037
3937
4028
4070
4015
3965
4009
4002
4040
3973
4088
4009
4143
4024
4025
4059
4009
4036
4004
4156
4037
4062
4058
4061
4008
3984
3936
4045
4053
3968
3956
4064
3923
3957
4040
3947
4142
3960
4077
4059
3982
3904
4059
4136
4134
3996
4033
4033
4019
4003
3933
4061
4045
3954
3979
4112
3991
4035
3993
4046
4060
3866
4047
3969
3938
4012
3892
4004
4019
3915
4038
3988
3952
4002
3998
3904
4048
3967
4015
3882
3965
3959
3998
3847
4001
3881
3937
3936
4001
3874
3959
3870
3812
3870
3741
3822
3737
3765
3769
3655
3742
3738
3651
3733
3630
3839
3704
3690
3709
3755
3685
3790
3623
3758
3703
3674
3746
3830
3798
3720
3704
3680
3702
3771
3789
3748
3785
3837
3753
3738
3765
3815
3800
3850
3713
3946
3901
3780
3880
3670
3871
3872
3823
3792
3864
3834
3765
3846
3865
3834
3890
3843
3864
3691
3809
3775
3801
3891
3762
3847
3810
3824
3845
3838
3792
3694
3757
3697
3717
3572
3706
3782
3669
3627
3585
3582
3618
3631
3674
3643
3757
3748
3681
3659
3627
3832
3657
3723
3775
3676
3693
3691
3857
3752
3768
3724
3744
3774
3863
3754
3768
3827
3880
3787
3718
3856
3794
3860
3834
3866
3883
3889
3779
3854
3825
3846
3891
3775
3749
3860
3858
3777
3847
3747
3732
3805
3831
3809
3822
3788
3913
3764
3722
3801
3685
3665
3743
3748
3672
3702
3675
3786
3671
3725
3696
3751
3794
3851
3823
3818
3773
3871
3844
3911
3711
4029
3811
3949
3978
3865
3840
3960
3953
3918
3943
3929
3873
3887
3930
3915
3885
3927
3735
3754
3943
3790
3824
3815
3831
3856
3677
3692
3691
3742
3655
3688
3618
3635
3841
3730
3752
3819
3743
3823
3893
3935
3901
3714
3854
3904
3969
3898
3861
3880
3858
3862
3891
3906
3838
3900
3872
3741
3905
3902
3818
3917
3934
3820
3815
3797
3802
3802
3839
3909
3773
3789
3721
3831
3805
3691
3804
3770
3779
3746
3710
3749
3721
3584
3811
3622
3743
3772
3543
3673
3687
3748
3634
3718
3630
3657
3576
3645
3647
3737
3710
3687
3667
3748
3744
3689
3771
3770
3729
3869
3857
3708
3824
3837
3863
3899
3914
3802
3867
3791
3806
3837
3742
3784
3864
3842
3919
3719
3768
3804
3799
3881
3802
3881
3893
3784
3777
3778
3737
3718
3737
3876
3655
3665
3699
3803
3765
3777
3769
3826
3814
3712
3597
3755
3580
3722
3659
3718
3709
3670
3701
3644
3763
3713
3701
3566
3872
3769
3808
3773
3812
3720
3718
3934
3922
3920
3832
3886
3974
3978
3945
3951
4072
3786
3954
4016
4010
4024
4011
4011
4020
3931
3988
3950
4035
4065
4054
4009
4086
4034
4095
3948
4054
4056
3965
4006
4042
4033
3974
3947
3941
4019
4017
4112
3916
3949
4000
4098
3964
4112
3998
4037
4056
4084
4092
3946
4078
4029
3976
4009
4016
4023
4017
3955
4004
4018
4066
4084
3946
3960
3968
4075
4028
3971
4003
4000
4042
3952
3954
4049
4037
3973
4071
4076
3996
