2990
3111
3004
2885
2963
3107
2923
3025
2932
3117
3048
3093
2953
3023
3049
2924
3044
3085
3095
3040
3108
2980
3002
3056
3011
2987
2994
2933
2949
3111
3023
3060
2980
3087
3008
3002
3047
2996
3052
3030
3135
2992
3038
2957
3070
3039
3007
2894
2946
3037
3057
3054
3033
3038
3035
3032
2970
2981
3069
3101
2902
2905
2975
2978
3018
2994
2961
2987
2985
2955
2952
3056
3027
3039
2994
2911
2929
3048
2995
2944
2837
2822
2837
2827
2731
2868
2853
2870
2802
2833
2796
2829
2781
2771
2907
2768
2832
2770
2776
2948
2809
2838
2698
2833
2821
2863
2780
2799
2847
2842
2768
2871
2886
2788
2856
2884
2885
2883
2779
2850
2789
2752
2908
2893
2865
2864
2929
2842
2905
2865
3012
2826
2913
2846
2844
2856
2942
2991
2938
2934
2801
2858
2814
2972
2920
2869
2954
2829
2835
2791
2782
2763
2814
2812
2780
2769
2723
2753
2735
2758
2758
2766
2722
2751
2664
2865
2716
2711
2802
2782
2820
2791
2766
2702
2907
2854
2833
2773
2725
2739
2868
2858
2930
2913
2759
2788
2901
2961
2868
2857
2860
2888
2939
2953
2891
2932
2872
2890
2989
2923
2969
2797
2978
2898
2877
2914
2884
2921
2873
2886
2929
2944
2927
2846
2973
2712
2834
2830
2819
2833
2768
2765
2831
2784
2782
2760
2720
2846
2798
2846
2850
2761
2938
2915
2914
2849
2901
2962
2894
2788
2904
2894
2948
2938
2921
2884
2927
2968
2893
2942
3011
2842
2930
2930
2870
2898
2953
3013
2841
2838
2837
2873
2938
2778
2795
2883
2820
2728
2739
2811
2810
2758
2840
2776
2817
2868
2836
2739
2812
2928
2889
2877
2907
2901
2767
2916
2961
2970
2929
2973
2871
2961
2963
2989
2916
2956
2945
2959
2903
2911
2857
3012
2930
2820
2844
2879
2905
2803
2883
2926
2873
2927
2820
2904
2907
2753
2834
2851
2815
2733
2815
2823
2851
2824
2827
2754
2834
2767
2806
2670
2786
2706
2747
2807
2673
2792
2760
2743
2713
2760
2824
2821
2867
2799
2785
2812
2903
2946
2895
2940
2830
2883
2976
2902
2893
2946
2845
2893
2928
2894
2750
2866
2898
2895
2815
2786
2896
2897
2878
2895
2901
2931
2912
2939
2921
2880
2832
2832
2891
2829
2843
2887
2819
2866
2792
2869
2874
2834
2899
2759
2856
2711
2788
2823
2755
2856
2860
2894
2738
2776
2844
2872
2847
2770
2780
2733
2824
2802
2745
2784
2843
2854
2870
2846
2816
2808
2912
2931
2961
3008
2907
3049
3115
2984
3079
2898
2928
3073
2983
2962
3084
3060
3015
2943
3049
2979
2977
3036
2947
2992
2920
2947
3047
2967
2985
3016
3045
3080
3063
3057
3017
2999
2994
3044
3103
3093
3008
2973
3000
3041
3052
3053
2985
2987
3104
3000
2950
3099
3039
2951
2961
3123
3066
3004
2947
3077
3058
3096
2971
3075
2985
3014
3101
2932
3130
3050
2939
3090
3040
2974
3066
3068
2998
2961
2897
3101
3059
3073
3033
3068
3081
2996
3035
3066
2944
2986
3012
3032
2924
3012
2945
2960
2937
3048
2869
3088
2978
3042
3020
3020
3007
3053
3002
2962
3041
3067
3038
3086
3023
2988
3141
2966
3057
3052
2965
3091
2956
3066
3041
3178
2980
2991
3095
2977
2978
2996
3047
2997
2980
3012
3105
2940
3032
2985
3050
3011
2967
3120
3042
3047
3035
3002
3008
3011
2937
2976
2952
3069
3011
3012
2988
3093
2956
3066
3109
2947
2979
3056
3003
2957
2998
2943
3074
2961
2977
2965
2980
3087
2905
2931
3027
2983
2989
2975
3013
2992
2886
2959
3030
2983
2955
2933
3025
2947
2880
2941
2943
2927
2889
2873
2866
2776
2801
2770
2855
2897
2777
2802
2778
2733
2746
2776
2886
2790
2747
2770
2720
2800
2824
2740
2810
2763
2883
3004
2792
2754
2817
2748
2772
2864
2784
2780
2841
2871
2925
2915
2763
2866
2923
3024
2869
2950
2869
2912
2908
2879
2840
2872
2885
2887
2913
2924
2828
2886
2918
2814
2969
2786
3008
2866
2909
2862
2820
2797
2892
2876
2819
2800
2899
2725
2857
2900
2783
2729
2742
2805
2743
2768
2786
2733
2757
2698
2709
2674
2760
2818
2728
2750
2749
2690
2834
2736
2837
2816
2838
2787
2799
2801
2910
2835
2820
2818
2793
2896
2711
2821
2897
2815
2939
2876
2906
2982
2883
2770
2974
2920
2807
2868
2973
2924
2871
2971
2872
2952
2913
2856
2998
2872
2837
2876
2957
3022
2899
2909
2812
2884
2878
2873
2758
2782
2786
2840
2815
2740
2767
2773
2729
2914
2854
2899
2740
2844
2845
2832
2818
2769
2888
2910
2832
2852
2913
2885
3003
2898
2903
2936
2945
2974
3004
2975
2939
2940
2874
2904
2904
3032
2857
2905
2775
2938
2798
2847
2825
2917
2876
2815
2773
2765
2754
2731
2682
2743
2699
2848
2821
2860
2808
2833
2900
2990
2911
2904
2881
2963
2890
2856
2852
2973
2868
2894
2894
2820
2831
2977
2844
2894
2814
2952
2939
2880
2859
2938
2844
2926
2961
2871
2818
2899
2942
2908
2808
2881
2867
2931
2808
2784
2804
2798
2701
2867
2793
2827
2779
2817
2721
2765
2745
2696
2775
2767
2788
2695
2833
2674
2709
2735
2840
2719
2802
2778
2766
2876
2846
2868
2784
2826
2808
2882
2800
2902
2805
2891
2853
2853
2803
2944
2857
2908
2826
2882
2894
2907
2806
2967
2939
2948
2883
2829
2854
2862
2857
2835
2878
2929
2799
2889
2861
2870
2874
2851
2813
2821
2756
2893
2843
2801
2758
2908
2796
2873
2773
2762
2815
2804
2856
2757
2921
2740
2825
2823
2804
2741
2857
2831
2772
2800
2741
2912
2813
2825
2880
2901
2914
3029
2867
2879
2890
3012
3056
2893
2970
2978
2996
3052
3084
2975
2998
3025
3064
2978
2996
3061
2998
3036
3067
3066
2975
2956
3040
3053
3144
3013
3039
3017
2961
3074
3018
3034
2970
3010
2927
2954
2902
2922
2947
2943
3002
3030
3041
2977
3018
3059
3001
3021
3009
3128
3034
3068
3050
3050
3037
3070
3051
3040
2928
3051
3059
2984
2995
2936
3062
3023
3003
3070
3031
2934
3052
2970
2947
3020
3103
3055
3007
