3039
2969
3024
3071
3093
3041
3081
3083
3023
3066
3064
3004
3020
3076
3000
3024
3032
3116
3006
2995
3068
3026
2955
3053
3076
3004
2972
3019
3010
3077
3038
3053
3090
3029
2981
3069
3135
3051
3066
3000
3087
2957
2995
2991
3053
2998
3084
2990
2913
2969
3044
3116
3029
3000
3098
2998
3073
3012
3004
3025
2963
2915
3046
2886
3154
2992
3043
3111
3010
2955
3011
3008
2991
3007
3013
2891
2960
2940
2874
2956
2917
2892
2925
2831
2774
2886
2857
2769
2744
2835
2798
2801
2822
2789
2832
2867
2735
2783
2804
2768
2822
2817
2720
2825
2804
2805
2790
2843
2795
2851
2851
2880
2855
2910
2887
2879
2845
2868
2864
2888
2889
2859
2856
2833
2854
2829
2899
2920
2900
2911
2895
2873
2871
2859
2872
2916
2808
2908
2935
2920
2889
2876
2882
2948
2860
2861
2888
2867
2894
2880
2803
2882
2866
2763
2779
2812
2736
2806
2756
2819
2763
2794
2739
2889
2839
2821
2769
2819
2804
2774
2856
2740
2800
2831
2850
2865
2772
2875
2832
2878
2956
2859
2835
2883
2939
2951
2867
2802
2948
2898
2965
2879
2895
2884
2882
2881
2897
2903
2846
2879
2885
2953
2935
2832
2929
2909
2895
3007
2917
2903
2817
2960
2866
2869
2823
2924
2860
2888
2721
2800
2847
2766
2790
2789
2705
2766
2776
2835
2729
2790
2925
2796
2838
2917
2821
2907
2941
2944
2870
2900
2898
2958
2853
2992
2970
2964
2986
2823
2944
2923
2911
2848
2910
2877
2913
2865
3016
2880
2902
2835
2861
2885
2921
2796
2816
2818
2755
2776
2816
2785
2698
2837
2814
2778
2901
2824
2827
2878
2916
2836
2869
2912
2896
2922
2899
2898
2846
2893
2870
2859
2839
2931
2884
2914
2950
2855
2887
2867
2846
2813
2940
2865
2906
2925
2912
2920
2943
2886
2804
2937
2840
2805
2839
2838
2796
2852
2840
2768
2946
2748
2778
2764
2819
2837
2818
2763
2660
2787
2747
2761
2750
2742
2855
2816
2710
2812
2689
2781
2794
2834
2835
2835
2876
2831
2827
2837
2990
2870
2872
2898
2905
2949
2858
2815
2895
2863
2830
2899
2801
2937
2893
2911
2826
2895
2822
2956
2773
2883
2899
2958
2915
2960
2821
2970
2881
2884
2816
2791
2782
2877
2785
2881
2863
2790
2757
2770
2843
2815
2875
2788
2864
2757
2806
2810
2837
2828
2777
2834
2903
2816
2768
2752
2881
2807
2777
2805
2797
2788
2913
2962
2916
2812
2890
2847
2850
2889
2941
2938
3002
2841
2958
2936
2900
3017
3012
3015
2982
2947
2977
3022
3088
3044
3034
2926
2991
3047
2973
3029
2916
3136
2967
3042
2976
3053
3049
2986
2996
2991
2953
2967
2926
2982
3139
3021
3055
3116
3023
3088
2978
3052
3042
3005
3086
3065
2996
3072
3115
3060
2971
3030
3051
3108
3072
3038
3131
3011
2990
3034
3054
3029
2995
2999
3021
3172
3058
3057
3046
2995
3017
2998
2991
2996
3006
3000
3102
2932
3081
3058
3000
3015
2946
3011
3049
3070
3042
2948
3062
2823
3037
2915
2990
3091
3027
3102
3008
2990
2987
3019
3025
3065
3052
3061
2947
3085
3077
3123
3077
2972
2983
2967
3059
3006
3055
2967
3005
3058
2961
3119
3036
3147
3007
2970
3038
3019
3005
3031
2981
3100
2996
2931
3056
2995
2944
3005
2989
2952
3018
3064
2985
2911
2972
3004
3039
3055
2996
2981
3087
3009
3020
3030
3000
3011
3043
2945
3016
2991
2977
3039
2972
3047
3067
3016
3008
2992
2893
2980
2972
2913
3010
3132
2968
2955
3015
2985
3079
3068
3007
3051
3133
2993
2988
2983
2905
2968
2930
2906
2892
2989
2914
2896
2872
2905
2805
2797
2856
2812
2771
2826
2740
2736
2851
2736
2708
2722
2792
2803
2779
2806
2791
2859
2821
2854
2886
2861
2836
2933
2861
2829
2879
2833
2843
2787
2738
2845
2851
2777
2871
2822
2877
2798
2813
2852
2874
2910
2953
2889
2844
2887
2820
2914
2878
2915
2914
2889
2874
2799
2879
2941
2917
2895
2890
2908
2762
2909
2845
2850
2785
2814
2859
2818
2780
2754
2798
2708
2780
2785
2875
2687
2768
2815
2783
2728
2824
2784
2840
2827
2812
2842
2826
2842
2966
2777
2862
2868
2778
2842
2821
2863
2778
2849
2904
2897
2871
2869
2896
2842
2837
2887
2879
2783
2912
2872
2841
2958
2943
2855
2850
2948
2971
3004
2898
2723
2845
2919
2912
2911
3008
2831
2862
2954
2784
2915
2932
2923
2816
2905
2842
2801
2857
2778
2845
2843
2767
2715
2689
2857
2819
2704
2735
2843
2782
2891
2810
2906
2802
2885
2935
2836
2850
2849
2938
2908
2870
2965
2981
2884
2963
2877
2857
2918
2954
2906
2845
2942
2931
2905
2915
2846
2863
2763
2737
2858
2936
2814
2750
2855
2843
2754
2726
2760
2868
2817
2806
2760
2801
2796
2888
2806
2923
2851
2918
2837
2897
2992
2984
2852
2993
2840
2855
2893
2851
2892
2935
2874
2994
2830
2858
2876
2857
2867
2921
2934
2799
2949
2848
2814
2858
2917
2877
2858
2841
2824
2897
2764
2773
2829
2743
2864
2897
2838
2867
2805
2802
2736
2880
2716
2802
2785
2837
2858
2698
2748
2801
2821
2756
2732
2773
2723
2776
2736
2730
2762
2791
2803
2894
2859
2798
2930
2831
2930
2834
2918
2874
2921
2910
2835
2944
2938
2865
2882
2857
2858
2907
2835
2880
2847
2895
2871
2900
2906
2794
2873
2921
2769
2860
2884
2896
2791
2791
2872
2817
2800
2777
2818
2792
2847
2801
2791
2769
2947
2860
2732
2781
2825
2767
2830
2861
2799
2787
2781
2803
2850
2817
2823
2778
2844
2809
2697
2887
2905
2838
2939
2865
3018
2903
2912
2901
3011
2959
2978
2926
3008
2923
3005
3048
2936
3007
3074
3053
2934
3047
2997
3016
2985
2982
3032
3000
2962
2943
3083
3045
3029
3074
2974
2964
3107
3029
2980
3050
3061
3093
3011
3012
3035
2978
2955
3040
3014
3002
3035
3014
3087
2999
2950
3013
3090
3025
3067
3118
3032
3029
2972
3032
3034
3101
3015
2907
3047
2967
3017
2987
3073
3061
3078
2987
3137
2985
3056
3056
3142
3061
3010
2949
