3000
2980
2899
3083
3038
3080
2999
2986
3041
2972
2953
3057
3069
3001
3081
3035
3178
3008
3035
3107
2961
2982
2987
2999
3033
3071
3079
3047
3033
2956
3018
3082
2983
3069
3065
3046
3002
3005
3054
3028
3054
3028
2935
2985
3048
3047
2991
3052
3116
3044
3022
3011
3065
3026
3008
2965
3068
3056
2975
2983
2959
3081
3109
3067
3005
2995
2982
3010
2947
2928
3005
3027
3084
3033
2954
2960
2871
3000
2892
2861
2910
2811
2953
2857
2861
2915
2895
2854
2877
2904
2807
2880
2822
2822
2723
2835
2787
2787
2810
2810
2865
2837
2743
2896
2848
2833
2861
2814
2886
2842
2743
2799
2905
2813
2843
2887
2808
2867
2851
2923
2757
2879
2855
2814
2741
2846
2884
2862
2846
2941
2861
2794
2981
2931
2827
2868
2855
2868
2892
2948
2881
2887
2893
2816
2851
2827
2930
2712
2822
2756
2854
2835
2787
2818
2755
2720
2843
2771
2674
2726
2784
2834
2848
2853
2754
2749
2846
2776
2888
2705
2826
2869
2710
2755
2806
2886
2835
2801
2751
2882
2746
2829
2867
2867
2882
2921
2891
2818
2835
2793
2886
2955
2975
2792
2913
2854
2859
2866
2910
2899
2956
2949
2886
3006
2988
2839
2908
2842
2879
2862
2914
2953
2851
2832
2871
2872
2818
2772
2820
2798
2799
2846
2710
2696
2763
2790
2835
2771
2747
2898
2851
2892
2883
2893
2844
2881
2807
2960
3038
2897
2934
2846
2943
2850
2859
2965
3000
2884
2871
2862
2941
2937
2944
2927
2993
2885
2908
2861
2805
2846
2836
2900
2829
2857
2834
2784
2785
2832
2839
2790
2737
2809
2777
2811
2872
2726
2876
2787
2828
2828
2915
2897
2850
2900
2896
2953
2886
2897
2854
2907
2908
2948
2845
2928
2822
2841
2923
2899
2955
2791
2808
2934
2816
2801
2864
2872
2823
2832
2890
2861
2901
2830
2859
2769
2885
2879
2807
2888
2836
2747
2825
2801
2812
2953
2815
2769
2796
2755
2756
2743
2722
2738
2753
2755
2843
2776
2769
2882
2779
2740
2818
2789
2823
2849
2920
2951
2782
2845
2828
2944
2891
2889
2897
3043
2908
2882
2911
2859
2891
2817
2890
2846
2917
2873
2887
2817
2905
2892
2883
2783
2823
2870
2914
2907
2879
2958
2900
2849
2843
2825
2845
2811
2900
2805
2781
2763
2727
2863
2784
2880
2946
2817
2891
2798
2737
2836
2776
2795
2839
2793
2782
2776
2754
2723
2769
2849
2829
2900
2858
2813
2805
2754
2926
2981
2899
2987
2943
2891
2966
2886
3023
2992
3008
2904
2987
3057
2950
2864
3009
2992
3064
2947
2932
2951
3105
3083
2890
3036
3044
2983
2996
3033
3003
3026
2941
3009
3000
3045
3033
2992
2984
2901
3054
3092
2958
3103
2956
3125
2931
3077
3061
2980
3029
2997
2982
3014
2988
3005
3008
2996
3039
3048
3035
3019
3019
3018
2972
3070
2994
3001
2966
2961
3024
2999
2965
3034
3045
3012
2994
3103
3050
3114
3040
3123
2986
3148
3021
3008
3120
3035
3009
3023
3052
3084
3129
2933
2987
3003
3021
3017
3066
3007
3149
2963
3008
3014
3057
3002
3103
3095
3020
3062
3008
2964
3038
3042
2988
2858
3105
2970
3080
3022
2907
3085
3009
2914
3088
3050
3076
3084
2971
3023
2982
3043
2982
3017
2960
3004
3004
2956
3057
3084
3036
3020
3017
3024
3049
2880
2991
3059
3000
2989
2943
3017
3047
3010
2967
3043
3103
3054
3097
2997
3053
3076
2965
3115
3048
2976
2973
3044
3060
2985
2993
2949
3002
3041
3027
2956
3033
2987
2947
3061
3059
2996
2932
3066
3021
2887
3008
2907
3060
2993
2967
2975
2944
2959
2835
2849
2937
2945
2858
2890
2826
2807
2757
2821
2764
2747
2819
2844
2732
2803
2971
2845
2778
2830
2720
2820
2692
2797
2757
2913
2841
2814
2768
2742
2703
2892
2771
2877
2831
2841
2800
2848
2866
2743
2884
2858
2888
2873
2805
2858
2827
2908
2821
2933
2856
2892
2959
2939
2834
2981
2884
2874
2945
2929
2820
2954
2963
2928
2925
2826
2851
2897
2797
2872
2796
2773
2794
2820
2696
2802
2740
2732
2831
2795
2705
2741
2785
2684
2799
2722
2667
2787
2838
2788
2894
2816
2752
2788
2721
2773
2853
2931
2843
2812
2736
2830
2808
2806
2903
2865
2796
2857
2871
2820
2837
2891
2851
2869
2932
2818
3011
2875
2912
2765
2847
2877
2879
2948
2853
2911
2854
2947
2840
2919
2862
2859
2890
2783
2891
2922
2935
2825
2912
2976
2766
2800
2751
2827
2876
2719
2767
2802
2819
2700
2796
2705
2761
2794
2818
2734
2846
2918
2912
2845
2818
2939
2817
2897
2920
2891
2937
2919
2949
2914
2889
2961
2963
2944
2888
2977
2878
2857
2818
2938
2956
2875
2972
2830
2882
2810
2852
2835
2826
2806
2833
2890
2747
2762
2882
2817
2800
2814
2750
2887
2866
2891
2936
2858
2790
2861
2887
2942
2868
2912
2888
3012
2897
2904
2975
2915
2876
2932
2896
2966
2891
2899
2931
2927
2880
2863
2905
2853
2876
2893
2925
2892
2770
2852
2826
2893
2787
2758
2904
2866
2794
2791
2751
2872
2773
2868
2838
2739
2848
2810
2679
2709
2753
2868
2718
2770
2761
2628
2726
2707
2672
2730
2770
2785
2836
2781
2886
2794
2876
2914
2799
2861
2866
2926
2868
2815
2793
2935
2915
2907
2854
2899
2879
2907
2860
2876
2922
2850
2835
2844
2829
2879
2812
2734
2842
2869
2894
2817
2883
2889
2880
2809
2788
2722
2866
2838
2841
2926
2811
2725
2822
2879
2808
2801
2752
2834
2717
2835
2764
2845
2720
2786
2813
2727
2712
2786
2862
2870
2887
2900
2763
2927
2959
2886
2848
2905
2717
2986
2908
3037
3004
2967
3066
2888
2892
2955
3040
2961
2964
2898
2957
2925
2998
3001
3011
3053
3016
2962
3080
3052
3053
3031
3080
3061
3021
3066
2952
3062
3052
3110
2999
3040
3063
3031
3059
3084
3127
2992
3010
2948
3047
2983
3053
2993
2940
3011
2973
3095
3059
2900
2960
3100
3067
2937
3014
2931
3075
3081
3016
3058
3032
3132
3048
3059
3105
3135
3076
3075
3026
3051
3034
2985
3019
2979
3020
3027
3001
