5030
4927
5004
5080
5109
5126
4917
5065
5121
5115
5054
5108
5048
5020
5055
4989
5058
4973
4997
5114
5041
5003
5000
5052
5018
5041
4884
5040
5005
5035
5035
5012
5162
5036
4992
5012
5047
5032
4953
5018
5021
5011
4999
4980
5041
5103
5174
4977
5085
5005
4998
5040
5055
4939
5013
5013
5088
5067
4958
4948
4885
5023
5069
4938
4942
5140
4983
4897
4922
5049
4976
5100
4950
5020
4921
4993
4919
4924
4988
4960
4794
4952
4869
4872
4878
4674
4798
4820
4632
4808
4722
4740
4719
4772
4823
4679
4658
4712
4728
4606
4666
4760
4689
4566
4675
4639
4687
4666
4724
4655
4740
4661
4834
4675
4685
4687
4711
4670
4778
4775
4814
4766
4849
4759
4769
4800
4857
4829
4806
4842
4816
4749
4835
4885
4836
4722
4818
4652
4795
4782
4881
4787
4771
4695
4791
4900
4769
4739
4744
4711
4798
4645
4624
4754
4633
4563
4632
4566
4702
4592
4648
4526
4531
4598
4604
4609
4620
4584
4683
4797
4718
4741
4715
4690
4709
4754
4780
4609
4770
4652
4767
4717
4684
4603
4686
4737
4861
4690
4909
4743
4861
4942
4802
4763
4783
4886
4824
4798
4803
4780
4799
4696
4846
4798
4878
4772
4856
4873
4876
4711
4802
4739
4867
4836
4765
4786
4637
4667
4654
4759
4769
4595
4635
4650
4573
4604
4793
4612
4721
4741
4684
4617
4767
4745
4625
4802
4857
4857
4760
4833
4764
4803
4920
4901
4885
4804
4950
4786
4906
4861
4865
4861
4923
4777
4747
4847
4655
4752
4686
4787
4787
4678
4800
4767
4705
4546
4653
4640
4674
4557
4679
4652
4607
4703
4811
4681
4510
4860
4754
4778
4747
4784
4975
4818
4946
4765
4914
4850
4757
4840
4884
4818
4758
4835
4854
4814
4902
4890
4825
4799
4826
4740
4892
4765
4717
4781
4777
4828
4802
4735
4759
4830
4743
4818
4746
4790
4733
4699
4813
4734
4729
4613
4646
4610
4657
4579
4617
4713
4688
4684
4559
4617
4579
4692
4627
4495
4650
4597
4591
4814
4811
4645
4761
4781
4833
4779
4775
4827
4740
4884
4852
4853
4817
4870
4930
4776
4769
4834
4875
4851
4759
4696
4779
4809
4834
4802
4779
4754
4781
4732
4707
4768
4754
4760
4779
4803
4683
4844
4854
4716
4771
4733
4621
4836
4791
4656
4668
4710
4724
4692
4722
4731
4694
4697
4742
4671
4651
4599
4839
4647
4700
4708
4547
4611
4655
4745
4652
4725
4666
4701
4695
4839
4810
4819
4883
4804
4949
4954
5008
4960
4933
4939
4859
5013
5042
5023
5114
4987
5187
4943
5017
4942
5119
5077
4962
5082
4939
5002
5035
5084
5016
5100
5108
5066
4991
4939
5100
5034
5005
5010
5001
5038
5007
5047
5055
5101
4985
5125
5005
4994
5009
5048
5006
5078
5252
4961
5056
4986
5086
5042
5062
5014
5035
4969
5047
4981
5014
5023
5043
5174
5027
5111
5070
5042
4927
5050
5046
4889
4944
5019
4961
5128
4889
4914
5109
5203
5084
5069
5010
5079
5101
5023
4985
4952
5045
5090
4933
5068
5152
5206
5045
5011
4995
5065
5005
5061
5078
5058
5055
5008
5007
5032
5122
5062
4995
5163
5031
5017
5014
5001
4969
5074
5217
4873
5065
5135
4963
5044
5017
5012
4973
5048
4928
5061
5059
5128
5055
5171
5077
4983
5027
5123
5089
5061
5078
4967
5102
5059
5042
5044
5050
5035
5085
5233
5047
5035
5039
5095
5006
4960
5117
5121
5001
5142
5035
5128
5116
4936
5050
5026
5065
5105
5029
5008
5070
5005
4930
4989
4987
4902
4891
4870
4982
5112
4950
5034
5058
4959
4996
5013
4968
4956
4852
4913
5070
4868
4912
4936
4906
4820
4779
4817
4766
4713
4696
4693
4696
4721
4692
4675
4568
4689
4584
4669
4692
4653
4726
4713
4647
4576
4585
4718
4750
4809
4770
4743
4620
4717
4680
4778
4698
4694
4825
4747
4718
4896
4698
4793
4760
4756
4871
4805
4746
4683
4803
4644
4781
4888
4745
4824
4751
4726
4764
4756
4907
4916
4791
4946
4842
4813
4972
4842
4699
4813
4842
4745
4740
4706
4742
4662
4637
4605
4681
4425
4638
4578
4593
4621
4541
4505
4652
4610
4685
4602
4550
4668
4708
4659
4720
4464
4636
4634
4582
4642
4601
4648
4715
4708
4711
4787
4695
4720
4708
4806
4875
4693
4831
4856
4731
4782
4739
4829
4845
4889
4840
4857
4833
4852
4790
4907
4828
4844
4723
4777
4857
4797
4785
4873
4748
4885
4764
4806
4834
4675
4797
4767
4774
4670
4609
4776
4574
4577
4596
4633
4672
4503
4717
4597
4664
4663
4752
4732
4693
4766
4784
4913
4787
4888
4764
4768
4866
4874
4887
4772
4855
4878
4888
4839
4889
4771
4627
4882
4736
4817
4756
4874
4919
4794
4692
4742
4824
4619
4622
4663
4639
4698
4487
4592
4588
4726
4677
4543
4784
4701
4671
4651
4703
4769
4824
4752
4804
4861
4890
4796
4704
4751
4835
4861
4790
4813
4790
4777
4798
4782
4831
4740
4898
4683
4777
4755
4886
4818
4804
4636
4742
4700
4859
4713
4772
4780
4770
4730
4685
4716
4724
4698
4677
4765
4625
4674
4620
4633
4655
4660
4665
4548
4788
4704
4537
4628
4510
4671
4693
4622
4560
4569
4543
4560
4687
4668
4573
4658
4696
4783
4721
4813
4667
4739
4728
4711
4673
4925
4724
4844
4833
4812
4803
4825
4834
4774
4961
4957
4740
4794
4685
4767
4757
4925
4798
4651
4810
4833
4756
4787
4828
4701
4724
4841
4764
4807
4703
4753
4671
4720
4734
4680
4711
4759
4677
4679
4648
4705
4596
4742
4672
4630
4701
4707
4680
4838
4629
4723
4640
4737
4796
4736
4758
4837
4898
4812
4777
4827
4892
4807
4849
5020
5089
4883
5030
4930
4976
4960
4972
5133
5151
5006
5184
5089
5132
5039
5062
4982
5090
4999
5076
4950
4955
5091
4983
5039
4946
4994
5058
5144
5052
5036
5068
5082
5068
4964
4960
4950
5039
5001
5050
5099
5025
5066
4982
5032
5007
4946
4985
5089
5097
4993
5056
4962
5106
4994
5076
5053
5041
5097
5144
4980
4985
5030
4912
4986
5004
5177
5117
5002
5049
5124
5061
4949
4939
5055
5112
5082
5172
