4026
4055
3990
4012
4048
4071
4001
4025
4004
4154
4121
4015
4087
4050
4056
4098
4056
3995
3979
3977
4049
4094
4009
3957
3943
4048
3972
4090
4092
4083
4058
3978
4039
4047
4044
4003
4068
4036
3882
4117
3996
3976
4029
4007
4031
4087
3948
3969
4016
3881
4219
4096
4041
4064
3995
4073
4109
4039
4162
4035
4053
4118
3938
4046
4043
3962
4071
3996
3985
3943
3970
3937
4046
4011
4125
3968
4044
3822
3823
4001
3881
3742
3871
3705
3876
3894
3879
3846
3857
3745
3859
3813
3816
3787
3722
3674
3792
3805
3698
3755
3830
3793
3713
3763
3736
3853
3746
3845
3802
3806
3684
3762
3796
3785
3737
3763
3754
3866
3792
3847
3797
3751
3873
3902
3846
3745
3821
3778
3842
3864
3762
3793
3872
3964
3790
3709
3844
3801
3842
3841
3892
3780
3883
3836
3842
3794
3799
3772
3800
3681
3752
3705
3756
3726
3747
3700
3755
3775
3638
3676
3856
3676
3620
3584
3718
3496
3703
3647
3674
3782
3659
3761
3763
3839
3720
3752
3812
3764
3714
3740
3808
3824
3797
3847
3889
3848
3923
3821
3774
3842
3859
3756
3827
3893
3824
3839
3879
3899
3886
3980
3855
3822
3853
3847
3874
3749
3937
3959
3822
3763
3877
3786
3850
3802
3752
3789
3738
3707
3726
3644
3761
3741
3668
3670
3785
3709
3641
3796
3663
3803
3739
3771
3875
3823
3715
3809
3812
3884
3880
3963
3811
3804
3953
3920
3898
3845
3852
3795
3922
3829
3818
3882
3744
3902
3783
3757
3859
3919
3781
3784
3771
3776
3798
3723
3846
3705
3821
3680
3589
3730
3595
3691
3693
3758
3690
3780
3760
3835
3840
3802
3795
3870
3850
3900
3855
3844
3853
3935
3768
3907
3940
3810
3832
3900
3825
3753
3858
3778
3905
3800
3878
3722
3836
3768
3812
3776
3839
3813
3892
3818
3727
3847
3731
3828
3811
3719
3806
3756
3747
3704
3764
3703
3792
3681
3724
3772
3677
3766
3835
3628
3778
3661
3651
3658
3709
3589
3668
3636
3718
3761
3810
3648
3651
3761
3746
3780
3826
3777
3900
3767
3784
3955
3849
3766
3940
3950
3912
3842
3910
3912
3857
3848
3846
3870
3903
3862
3796
3775
3846
3777
3755
3777
3821
3815
3824
3781
3846
3812
3834
3799
3834
3886
3783
3700
3897
3900
3732
3750
3819
3830
3775
3696
3816
3684
3763
3765
3724
3801
3679
3677
3734
3661
3673
3754
3751
3727
3931
3814
3673
3886
3760
3879
3806
3943
3829
3812
3857
3954
3926
3938
3985
3938
3981
3914
4149
4117
3936
4043
3934
4082
4028
4052
4047
4024
4018
4048
4017
3989
4121
3955
3960
4004
4074
4071
3996
4071
3990
4013
3948
3881
4015
4050
3914
4031
4067
3954
3936
4044
4021
4012
4081
3933
3953
4056
3980
4104
4021
3991
3934
4133
3965
4115
3961
4143
4102
4074
4038
3944
4079
4072
4000
3996
4123
4069
4080
4063
4022
4074
3963
3955
3931
4009
4043
4101
3939
4063
4112
4029
3990
4040
4148
4005
3920
3984
4049
4074
4107
4067
3944
4178
4046
4018
4026
4007
4054
4049
4086
4095
4051
4077
3954
4058
4017
4055
4051
3966
4130
4031
3988
4090
4052
3983
4066
4070
4157
4048
3977
4081
3994
3968
4185
4053
3958
3984
3984
4046
4121
4053
3905
4045
3983
4103
4016
4116
4077
3946
4011
4025
4010
4085
4017
4053
3992
4011
4035
4045
4100
3953
4081
4033
3952
4030
4090
4085
4024
4012
4122
4122
3977
3989
4014
3977
4018
4010
4013
3986
4097
4008
4066
3980
4008
3997
4007
3976
4008
4016
4072
3903
3927
4084
4067
4000
3880
4020
3931
3960
3903
3787
3998
3824
3872
3797
3867
3850
3769
3719
3874
3624
3717
3698
3753
3713
3829
3764
3806
3725
3778
3701
3838
3709
3808
3801
3791
3777
3766
3705
3861
3898
3769
3809
3764
3878
3904
3856
3872
3711
3763
3837
3766
3909
3822
3864
3880
3910
3855
3904
3774
3764
3793
3865
3775
3728
3894
3885
3834
3829
3824
3983
3826
3873
3821
3853
3880
3898
3770
3771
3779
3754
3785
3756
3875
3717
3717
3658
3621
3581
3704
3732
3746
3631
3635
3727
3659
3661
3731
3759
3690
3651
3761
3754
3761
3681
3650
3817
3748
3793
3786
3788
3732
3750
3808
3795
3881
3863
3856
3768
3764
3879
3813
3758
3930
3798
3831
3832
3866
3865
3777
3908
3972
3834
3870
3940
3820
3885
3905
3825
3829
3784
3926
3811
3928
3853
3780
3851
3877
3846
3842
3761
3782
3725
3651
3711
3730
3660
3668
3733
3721
3777
3608
3728
3752
3774
3717
3840
3805
3898
3752
3713
3836
3915
3878
3898
3927
3874
3925
3932
3935
3911
3791
3833
3898
3933
3824
3891
3969
3899
3810
3770
3822
3855
3740
3740
3726
3725
3665
3682
3649
3697
3618
3709
3666
3638
3693
3682
3788
3753
3737
3830
3732
3713
3898
3897
3920
3829
3866
3843
3856
3802
3792
3919
3832
3815
3822
3756
3813
3848
3811
3757
3849
3807
3738
3715
3872
3906
3954
3715
3775
3875
3873
3834
3771
3798
3702
3775
3758
3776
3785
3799
3768
3662
3810
3704
3749
3728
3811
3747
3720
3656
3727
3676
3628
3642
3636
3718
3598
3579
3837
3762
3674
3743
3754
3682
3880
3771
3817
3802
3731
3785
3834
3850
3770
3772
3898
3978
3859
3867
3800
3820
3801
3904
3777
3861
3743
3816
3743
3758
3858
3833
3758
3905
3713
3840
3817
3795
3772
3833
3719
3850
3794
3719
3761
3790
3739
3700
3701
3798
3796
3855
3689
3693
3822
3739
3683
3708
3799
3753
3719
3796
3659
3731
3720
3656
3807
3824
3704
3839
3930
3715
3910
3796
3890
3884
3940
3949
3988
3970
4025
4003
4010
3955
3982
4022
3950
3933
4071
3959
4079
3973
4131
3900
4060
4087
4076
4039
4059
4025
3976
4123
4013
4024
4091
4037
4070
4050
3958
3923
4083
4024
3987
3955
3927
4061
4014
4012
4001
4124
4041
4093
3922
3995
4151
4117
4026
4017
4033
4030
4057
4128
3958
3929
4030
4030
3960
4016
4134
4022
4008
4090
4063
3959
4181
3973
3991
4072
4011
3982
3984
4036
4009
4044
4033
3971
4091
