5051
4957
5081
4995
5172
4949
4924
5039
5046
5126
5054
4954
5030
4905
5185
5012
5034
4927
5074
4995
4906
5028
5073
5040
4865
5012
4981
4973
5099
5009
4991
5120
4994
5107
5067
5095
4959
5116
5154
4948
4976
4956
5058
5096
5063
4888
5176
5135
5004
5020
4959
4996
5078
5100
5069
5126
5057
5005
5054
4993
5065
5033
4956
4955
5088
5010
4979
4979
5080
4960
4955
5023
5031
5158
4991
4988
4937
4850
4832
5018
4861
4901
4778
4799
4891
4787
4766
4842
4823
4712
4860
4752
4770
4645
4686
4716
4671
4689
4717
4743
4614
4836
4731
4768
4714
4706
4726
4838
4732
4668
4764
4748
4725
4733
4778
4758
4721
4728
4790
4806
4815
4842
4789
4812
4750
4830
4805
4745
4721
4710
4717
4822
4757
4920
4798
4762
4860
4862
4699
4841
4880
4795
4741
4914
4793
4758
4876
4791
4865
4657
4766
4764
4459
4670
4755
4616
4774
4598
4643
4689
4673
4490
4672
4688
4635
4633
4566
4620
4746
4784
4700
4703
4625
4694
4686
4665
4730
4699
4683
4748
4874
4641
4740
4750
4943
4792
4694
4785
4844
4858
4803
4942
4757
4902
4891
4783
4841
4845
4757
4874
4773
4812
4875
4692
4709
4824
4944
4764
4828
4624
4847
4802
4762
4826
4769
4849
4712
4716
4680
4706
4667
4606
4656
4584
4649
4637
4693
4711
4651
4643
4770
4698
4680
4767
4721
4674
4756
4838
4797
4866
4809
4943
4873
4910
4930
4842
4916
4833
4809
4808
4877
4844
4817
4793
4843
4890
4802
4669
4757
4753
4616
4709
4570
4674
4565
4618
4597
4670
4587
4570
4603
4566
4673
4726
4616
4630
4717
4718
4630
4717
4883
4949
4925
4758
5033
4828
4866
4852
4724
4760
4728
4878
4881
4843
4738
4839
4905
4752
4762
4737
4883
4711
4804
4868
4785
4719
4844
4851
4826
4665
4826
4749
4667
4703
4688
4778
4680
4762
4655
4550
4681
4743
4689
4681
4677
4691
4574
4606
4561
4681
4644
4657
4586
4658
4559
4538
4590
4572
4646
4777
4564
4587
4800
4760
4761
4780
4755
4818
4751
4887
4791
4856
4947
4747
4814
4853
4769
4914
4766
4881
4771
4715
4742
4859
4784
4808
4795
4856
4905
4804
4955
4759
4808
4712
4733
4699
4752
4883
4781
4901
4830
4785
4801
4851
4669
4772
4725
4800
4700
4861
4818
4735
4766
4784
4691
4778
4782
4718
4671
4805
4727
4650
4723
4845
4739
4716
4702
4624
4825
4714
4840
4735
4803
4813
4889
4909
4813
4834
4932
4996
4948
4928
4978
4851
4947
5035
4985
5100
4992
5093
5019
4954
5075
5045
5041
5110
5064
5003
5072
5052
4986
5015
5014
4976
5035
5034
5008
5077
4972
5088
5051
4947
5135
4894
5134
5053
5007
5110
5046
5086
4892
5067
5034
5088
4969
5008
5132
5020
5118
4963
5040
5042
4908
5055
5129
4992
5040
5141
4966
5091
4994
4873
5081
5055
5179
4972
5010
4976
5058
5065
5002
5065
5067
5005
5130
5092
5104
5107
5058
5142
4967
5088
5111
5008
5040
4972
5004
5132
5179
4961
5137
5069
5129
5078
5217
5125
5037
4926
5111
5090
5091
4992
4937
4976
5069
5006
5040
4957
5032
5048
5110
5046
4976
5082
5169
5202
5150
4991
5235
5058
5000
5125
5041
5014
5014
5014
5098
4884
5068
4900
5150
5103
5162
5066
5012
5212
5054
4984
5054
5123
4931
5090
5039
5124
4995
4959
5164
5126
5047
4941
5011
5047
5118
4946
5070
5014
5126
4902
4918
5079
5125
5020
5050
5028
5062
5034
4966
4994
5110
5095
5002
5044
4996
5027
4850
4938
4956
4945
4885
5057
4925
5037
4881
5045
4901
4833
4944
4781
4887
4771
4829
4811
4762
4809
4686
4735
4643
4622
4605
4775
4809
4716
4669
4584
4719
4621
4584
4678
4653
4692
4726
4696
4666
4744
4765
4698
4707
4796
4726
4793
4918
4800
4697
4727
4838
4774
4735
4850
4826
4843
4740
4857
4761
4763
4923
4783
4815
4760
4878
4699
4851
4853
4838
4896
4729
4917
4786
4751
4952
4837
4805
4786
4852
4852
4672
4735
4709
4796
4858
4701
4642
4656
4658
4647
4591
4504
4631
4612
4672
4617
4729
4596
4624
4617
4735
4558
4586
4614
4558
4685
4736
4840
4767
4693
4705
4810
4659
4846
4719
4582
4653
4742
4757
4746
4810
4849
4725
4837
4771
4748
4846
4775
4783
4840
4878
4859
4844
4737
4714
4682
4822
4751
4825
4742
4873
4763
4718
4802
4865
4895
4678
4835
4893
4791
4812
4818
4647
4612
4718
4658
4590
4575
4626
4542
4545
4598
4653
4674
4656
4636
4752
4709
4657
4730
4665
4648
4829
4753
4716
4803
4933
4768
4866
4707
4983
4843
4912
4816
4773
4787
4812
4674
4907
4766
4801
4629
4857
4644
4534
4665
4712
4667
4681
4630
4571
4604
4760
4489
4580
4665
4720
4653
4657
4610
4642
4694
4899
4853
4787
4781
4791
4825
4788
4731
4817
4792
4848
4843
4827
4754
4858
4748
4729
4821
4847
4814
4812
4787
4817
4729
4811
4837
4763
4755
4677
4687
4678
4814
4626
4755
4704
4841
4684
4807
4658
4711
4796
4696
4782
4575
4605
4648
4647
4643
4633
4718
4717
4588
4523
4643
4577
4578
4714
4627
4602
4555
4802
4827
4558
4637
4647
4703
4768
4716
4817
4739
4665
4769
4738
4856
4948
4770
4837
4894
4924
4802
4786
4818
4833
4882
4834
4647
4707
4795
4819
4866
4790
4772
4801
4730
4725
4834
4800
4800
4734
4679
4679
4627
4711
4839
4736
4644
4764
4747
4759
4782
4726
4785
4858
4683
4685
4814
4682
4669
4683
4651
4599
4703
4719
4685
4642
4763
4825
4675
4892
4746
4749
4739
4833
4799
4793
4715
4910
4956
4834
4923
4942
4951
4861
4950
5031
5094
5077
4834
5123
4853
4929
5071
5065
5031
5048
5013
5021
4947
5073
5035
4932
5021
4976
5092
5018
5106
5066
5067
4997
5081
5035
5100
5106
4961
4994
5006
5014
5017
5055
4984
5096
5031
5031
5016
4955
5039
5034
5009
4971
5008
5110
5045
5004
4921
5044
5048
5130
5043
5200
5082
5037
5074
4945
5048
5092
5061
4947
4983
5049
5078
5072
5095
5200
4930
4973
5021
5060
