4778
4701
4780
4822
4811
4732
4755
4696
4799
4628
4733
4746
4698
4726
4686
4723
4853
4790
4723
4696
4741
4736
4848
4711
4683
4828
4740
4700
4719
4636
4578
4687
4768
4775
4607
4687
4628
4669
4618
4665
4705
4863
4770
4631
4771
4651
4678
4748
4708
4796
4756
4675
4723
4695
4609
4652
4636
4716
4663
4589
4588
4605
4461
4389
4410
4410
4351
4262
4333
4130
4180
4130
4131
4085
4055
4062
3961
3994
4069
3934
4083
4088
4155
4066
4188
4151
4298
4210
4263
4298
4233
4270
4251
4301
4280
4393
4377
4481
4415
4375
4540
4477
4526
4510
4499
4606
4549
4643
4625
4593
4725
4569
4620
4713
4702
4671
4705
4699
4797
4690
4669
4715
4615
4676
4699
4706
4653
4663
4698
4614
4642
4640
4580
4508
4729
4566
4695
4568
4524
4447
4295
4294
4339
4237
4073
4216
4034
4063
4010
4013
4013
4130
4088
4185
4133
4161
4396
4244
4454
4356
4452
4474
4456
4494
4495
4619
4672
4605
4476
4630
4569
4584
4743
4651
4681
4665
4535
4672
4685
4792
4710
4790
4703
4736
4566
4647
4764
4688
4672
4709
4743
4671
4620
4663
4706
4634
4815
4695
4659
4599
4683
4802
4653
4808
4761
4646
4593
4563
4519
4584
4531
4494
4542
4436
4476
4368
4210
4222
4260
4317
4204
4219
4376
4324
4374
4326
4582
4604
4455
4622
4689
4611
4675
4610
4625
4667
4714
4704
4696
4667
4619
4667
4744
4665
4690
4717
4697
4621
4745
4786
4705
4742
4662
4714
4763
4696
4643
4658
4779
4780
4596
4624
4611
4601
4550
4603
4559
4499
4312
4273
4296
4263
4201
4242
4191
4188
4340
4198
4427
4496
4558
4538
4574
4617
4661
4666
4646
4649
4765
4730
4792
4603
4612
4698
4675
4618
4693
4672
4723
4711
4708
4664
4641
4646
4730
4714
4689
4667
4721
4672
4754
4726
4632
4723
4638
4681
4744
4750
4775
4752
4624
4560
4599
4750
4610
4443
4569
4521
4455
4624
4489
4546
4628
4407
4426
4347
4187
4213
4076
4190
4058
4043
4070
3944
4047
4131
4010
4147
4162
4201
4309
4246
4255
4483
4420
4484
4545
4513
4545
4649
4630
4601
4547
4633
4700
4741
4694
4666
4802
4741
4678
4740
4657
4656
4807
4768
4635
4647
4654
4620
4757
4753
4548
4618
4642
4711
4748
4665
4645
4561
4512
4603
4642
4668
4628
4567
4531
4512
4430
4519
4400
4514
4430
4313
4262
4236
4373
4294
4232
4238
4201
4222
4066
4139
3984
4073
4082
4003
3983
4014
4083
4019
4076
4101
4007
4158
4260
4362
4367
4483
4525
4600
4622
4537
4607
4661
4752
4687
4651
4592
4623
4722
4806
4725
4712
4613
4525
4680
4784
4706
4619
4792
4803
4791
4770
4752
4624
4766
4755
4689
4760
4617
4726
4641
4717
4646
4727
4683
4750
4758
4855
4692
4698
4623
4645
4687
4817
4634
4721
4692
4627
4654
4802
4668
4679
4784
4617
4772
4673
4831
4702
4728
4771
4775
4692
4642
4740
4699
4792
4738
4766
4682
4721
4769
4698
4693
4692
4687
4698
4769
4720
4665
4708
4683
4658
4849
4743
4678
4707
4652
4762
4587
4787
4707
4685
4674
4610
4814
4801
4749
4695
4730
4708
4681
4658
4701
4736
4712
4793
4840
4708
4812
4740
4711
4719
4847
4635
4568
4762
4815
4801
4790
4764
4669
4752
4788
4689
4618
4735
4710
4668
4639
4690
4723
4639
4619
4604
4684
4693
4735
4759
4645
4754
4645
4617
4778
4726
4627
4631
4672
4744
4674
4580
4673
4547
4637
4628
4674
4612
4692
4506
4561
4541
4428
4263
4348
4299
4028
4052
4009
4089
4061
3985
3922
3973
3881
3986
4080
4066
4051
4105
3983
4123
4076
4297
4259
4297
4287
4348
4404
4370
4398
4494
4497
4485
4558
4532
4496
4574
4589
4612
4613
4677
4656
4725
4623
4681
4628
4618
4716
4692
4581
4595
4637
4691
4628
4648
4588
4728
4654
4676
4681
4699
4669
4767
4674
4689
4556
4542
4567
4553
4614
4623
4527
4622
4535
4559
4395
4485
4443
4265
4304
4221
4114
4125
4139
4120
4139
4027
4088
4110
4073
4066
4247
4201
4361
4326
4348
4440
4460
4406
4453
4511
4470
4641
4492
4657
4496
4591
4631
4547
4566
4581
4622
4591
4663
4572
4663
4721
4646
4707
4726
4695
4605
4745
4684
4652
4683
4707
4756
4741
4652
4692
4580
4619
4713
4681
4637
4666
4629
4687
4629
4631
4597
4678
4548
4637
4666
4600
4630
4449
4556
4500
4340
4413
4325
4267
4213
4214
4239
4267
4107
4290
4372
4368
4507
4455
4579
4583
4592
4685
4569
4655
4660
4631
4590
4671
4677
4714
4693
4698
4685
4708
4754
4529
4677
4684
4688
4721
4599
4659
4703
4673
4589
4636
4702
4646
4511
4637
4704
4631
4601
4457
4271
4478
4522
4476
4253
4351
4456
4390
4177
4036
4173
4258
4222
4322
4262
4464
4429
4587
4476
4688
4631
4732
4640
4677
4626
4638
4669
4665
4665
4665
4699
4695
4688
4700
4823
4714
4786
4720
4799
4765
4767
4655
4696
4607
4599
4682
4650
4611
4610
4669
4789
4581
4544
4566
4609
4548
4591
4651
4629
4552
4568
4481
4460
4526
4610
4553
4459
4502
4366
4351
4301
4407
4199
4192
4232
4151
4175
4087
4105
4075
4086
3997
4089
4112
4132
4123
4261
4343
4292
4348
4462
4373
4628
4524
4602
4674
4643
4716
4705
4660
4616
4652
4731
4493
4663
4505
4605
4711
4664
4602
4589
4782
4637
4556
4645
4672
4523
4746
4541
4664
4697
4633
4549
4626
4648
4485
4578
4477
4573
4552
4517
4473
4546
4416
4371
4439
4408
4465
4353
4258
4237
4300
4244
4140
4105
4072
4205
4038
3998
4203
4071
3990
3979
4129
4036
4074
4138
4033
4125
4149
4112
4316
4266
4373
4398
4490
4449
4559
4576
4565
4616
4620
4631
4654
4657
4633
4734
4688
4617
4631
4789
4780
4689
4760
4699
4729
4620
4801
4636
4684
4733
4708
4780
4739
4733
4700
4759
4818
4693
4688
4735
4789
4821
4726
4791
4722
4738
4720
4634
4694
4757
4810
4708
4706
4777
4776
4700
4753
4689
4711
4655
4806
4740
4656
4688
4744
4681
4726
4744
4815
