3020
2951
3050
3069
3013
2987
3026
3113
2978
2947
3042
2981
3057
3037
3000
3004
3042
3088
3054
3068
2990
3068
2991
3022
3079
3006
3034
3100
3011
3057
3102
2954
2943
3032
3109
3001
2924
3099
2987
2969
3059
2997
3052
3141
3055
2981
3085
2987
3050
2974
2946
3019
2996
3025
3072
3111
3027
3022
3032
3172
2981
2982
2976
2999
2947
3023
3004
2982
2930
3095
2942
3019
3025
3018
3003
3070
2949
2982
2983
3055
2883
2945
2975
2894
2844
2961
2938
2876
2874
2888
2847
2820
2785
2901
2908
2887
2833
2805
2934
2793
2803
2843
2867
2874
2873
2982
2849
2757
2824
2855
2827
2805
2905
2778
2816
2874
2917
3021
2891
2751
2848
2828
2929
2917
2912
2873
2865
2877
2886
2969
2844
2922
2826
2921
2929
2921
2876
2850
2909
2892
2896
2883
2932
2870
2863
2834
2859
2776
2827
2779
2726
2796
2749
2872
2831
2703
2782
2749
2872
2769
2888
2844
2781
2750
2750
2803
2821
2822
2721
2805
2867
2805
2867
2824
2755
2815
2846
2833
2800
2773
2837
2809
2892
2873
2894
2803
2789
2767
2815
2900
2932
2812
2914
2894
2862
2855
2846
2876
2937
2783
2951
2919
2822
2848
2908
2857
2912
2837
2857
2814
2945
2871
2869
2914
2910
2773
2811
2845
2869
2851
2712
2689
2825
2808
2765
2714
2738
2805
2808
2849
2839
2888
2894
2813
2809
2860
2886
2785
2773
2882
2887
2912
2860
3018
2833
2903
2878
2860
2884
2802
2933
2799
2826
2907
2829
2870
2941
2865
2862
2817
2780
2753
2870
2738
2825
2763
2810
2789
2644
2766
2771
2760
2854
2795
2827
2843
2755
2816
2834
2853
2848
2850
2891
2939
2927
2876
2888
2876
2919
2926
2917
2858
2881
2937
2920
2841
2921
2910
2914
2921
2912
2881
2850
2949
2847
2742
2787
2917
2881
2882
2960
2841
2926
2796
2820
2879
2872
2818
2756
2852
2930
2871
2847
2728
2811
2764
2847
2728
2932
2793
2761
2845
2765
2809
2770
2789
2834
2801
2822
2821
2880
2865
2804
2782
2844
2835
2862
2926
2837
2873
2852
2906
2928
2805
2920
2888
2867
2952
2806
2886
2976
2900
2986
2908
2902
2809
2950
2869
2870
2886
2957
2852
2877
2893
2881
2860
2813
2864
2824
2862
2854
2802
2829
2891
2826
2795
2822
2858
2844
2884
2845
2925
2845
2796
2837
2814
2802
2837
2800
2796
2865
2844
2880
2829
2805
2873
2889
2870
2909
2937
2974
2958
2965
2969
2909
2886
2982
2954
2882
3039
2894
3007
2992
3050
2977
2984
3014
3063
3113
2903
3000
3047
3069
3022
3095
3009
3035
3008
2966
2968
3079
3064
3100
3069
3013
3073
2975
3045
2988
3034
2992
2940
3047
3023
3076
3056
3026
2885
3061
2969
3079
3049
3071
2963
3009
3120
2987
3105
3085
3064
3121
3084
3022
3079
3050
3064
3053
2993
3032
2891
3042
3013
3061
3090
3064
3039
3048
3042
3103
3032
2970
3040
3034
3119
3015
3082
3047
3066
3053
3092
2899
3060
3033
3075
3056
3070
3108
3027
3086
2959
3051
2991
3155
2970
3031
3151
3064
2981
3088
3001
2998
3064
3001
3039
3061
2980
3031
3075
3050
3021
2988
2974
3041
3074
3114
3065
2990
3079
3153
2992
3065
3106
3068
3041
3016
2915
3053
3086
2967
2998
3041
3113
2959
2965
2981
3114
2953
3015
3006
3084
3057
3086
2973
3050
3050
2976
3088
2970
3113
3004
3105
3062
3048
3007
3058
3009
3029
3042
2869
2948
3085
3042
3003
3046
3080
3085
3038
2944
3094
2947
3039
2996
2984
2935
3060
3065
2952
2920
2971
2958
2999
2996
2967
2975
2907
2917
2916
2943
2883
2903
2954
2921
2790
2931
2832
2735
2808
2881
2820
2894
2820
2956
2846
2726
2803
2773
2863
2894
2829
2768
2846
2789
2812
2872
2816
2893
2822
2854
2799
2868
2892
2816
2860
2851
2838
2912
2829
2840
2908
2910
2886
2842
2872
2894
2936
2829
2813
2934
2906
2886
2841
2919
2950
2881
2801
2823
2912
2999
3047
2872
2922
2853
2845
2842
2800
2890
2766
2883
2797
2836
2858
2859
2807
2884
2813
2733
2772
2788
2753
2863
2833
2870
2744
2757
2757
2817
2824
2841
2732
2668
2865
2774
2804
2720
2820
2835
2898
2838
2792
2854
2822
2893
2900
2906
2873
2873
2884
2794
2845
2886
2924
2837
2810
2950
2939
2892
2962
2902
2849
2880
2859
2922
2882
2921
2909
2849
2868
2920
2898
2918
2854
2874
2817
2810
2913
2817
2758
2863
2834
2812
2780
2759
2720
2819
2726
2745
2746
2741
2816
2822
2867
2827
2775
2821
2907
2773
2779
2788
2888
2891
2833
2828
2980
2919
2853
2843
2875
2894
2843
2893
2936
2903
2862
2791
2876
2902
2913
2841
2851
2857
2795
2838
2826
2794
2827
2773
2845
2803
2831
2860
2766
2807
2745
2779
2771
2786
2834
2818
2875
2829
2920
2812
2900
2932
2861
2842
2923
2940
2890
2935
2939
2884
2921
2802
2823
2961
2914
2942
2843
2768
2917
2708
2838
2866
2827
2866
2813
2848
2797
2832
2854
2797
2813
2899
2831
2814
2860
2816
2761
2857
2679
2730
2856
2727
2709
2731
2723
2782
2803
2793
2876
2812
2645
2747
2697
2682
2820
2750
2844
2757
2812
2792
2784
2856
2923
2851
2880
2904
2902
2938
2866
2956
2888
2804
3042
2844
2937
2843
2966
2899
2839
2989
2802
2837
2896
2899
2828
2863
2902
2793
2876
2838
2889
2840
2791
2841
2862
2763
2895
2842
2864
2708
2796
2904
2844
2803
2807
2870
2889
2779
2900
2845
2864
2851
2746
2840
2811
2881
2838
2886
2827
2884
2812
2933
2853
2905
2964
2880
2844
2921
3108
2938
2876
2874
2990
3039
2997
2998
2953
2945
2998
2997
3003
2942
3034
2993
2957
2990
3012
2991
3166
3022
3017
3010
3063
2957
3019
3042
2982
3056
3025
3025
3037
3009
3107
3085
3049
3081
3030
2960
3071
3114
3061
3105
2999
3063
3066
3023
3031
3027
3008
3071
3060
3005
2986
2946
2980
3059
3042
3027
3060
2942
3042
3030
3027
3027
3042
3008
2992
3027
3054
3050
3027
3020
3086
3078
3070
3054
3101
2989
3090
3004
3137
