4058
4024
4082
4031
4098
4259
4047
4093
4009
4107
4105
4168
4038
4039
4089
3961
4040
4063
4117
4115
4034
3997
4062
4055
4057
3967
4038
4057
4079
4055
3959
3958
4160
4181
4015
4018
4093
4096
4108
4001
4100
4056
4124
4211
4004
3960
4049
4140
4062
4151
4040
3998
4094
4031
4031
4125
3942
4096
4138
4070
4053
4005
4142
4064
3969
4004
4052
4039
3960
3916
3956
3986
4030
4030
4019
3949
4067
3914
3967
3895
3970
3862
3759
3795
3933
3930
3940
3870
3981
3783
3790
3737
3954
3758
3829
3853
3796
3808
3807
3819
3842
3752
3663
3725
3818
3822
3814
3801
3781
3812
3815
3740
3767
3913
3870
3796
3903
3845
3860
3782
3934
3885
3903
3882
3867
3890
3834
3848
3846
3755
3892
3852
3863
3832
3811
3851
3963
3842
3795
3861
3893
3907
3901
3838
3820
3915
3879
3877
3778
3790
3780
3799
3747
3748
3748
3780
3650
3814
3659
3646
3844
3796
3643
3737
3630
3745
3707
3733
3888
3796
3723
3837
3781
3757
3799
3850
3725
3909
3746
3868
3860
3785
3896
3910
3858
3737
3819
3909
3812
3960
3862
3877
3819
3724
3904
3838
3902
3959
3801
3829
3779
3794
3927
3841
3936
3894
3898
3771
3888
3866
3940
3784
3846
3858
3853
3756
3860
3737
3902
3642
3813
3820
3711
3704
3804
3699
3703
3720
3805
3893
3726
3758
3735
3810
3864
3925
3786
3801
3769
3857
3928
3823
3926
3905
3934
3832
3842
3849
3856
3869
3810
3813
3688
3827
3789
3800
3717
3801
3795
3736
3738
3933
3701
3815
3722
3750
3742
3664
3710
3734
3722
3687
3647
3728
3726
3798
3693
3875
3798
3842
3893
3925
3864
3837
3871
3859
3922
3928
3876
3793
3899
3905
3935
3860
3705
3803
3707
3915
3886
3947
3788
3750
3778
3841
3900
3921
3785
3717
3948
3786
3728
3822
3746
3822
3840
3774
3797
3753
3758
3783
3719
3703
3769
3674
3770
3783
3712
3733
3817
3693
3642
3711
3766
3827
3731
3661
3776
3672
3771
3813
3691
3719
3795
3816
3780
3898
3732
3766
3861
3842
3898
3840
3828
3915
3951
3867
3932
3858
3784
3982
3878
3810
3950
3937
3818
3819
3916
3909
3929
3922
3851
3875
3846
3865
3893
3789
3809
3830
3820
3783
3788
3765
3844
3895
3862
3866
3771
3802
3779
3862
3719
3788
3756
3690
3838
3836
3824
3815
3877
3892
3754
3855
3837
3676
3780
3805
3908
3794
3863
3897
3911
3788
3878
4043
3872
3900
3904
4031
3936
3997
3974
4019
3982
4019
3994
4019
4128
4024
3935
4083
4023
3943
4172
4069
4006
3898
4028
4098
3997
4008
3952
4027
4128
4063
4010
4133
4204
4080
3973
3997
3975
4001
3903
4066
3991
4028
4053
3963
4037
4132
4095
4029
4113
4041
4104
4041
3935
4115
4005
4087
4136
4057
4010
4086
4146
4041
4035
4081
3948
3999
4096
4198
4111
3901
4082
3985
4073
4132
4133
4040
4007
4069
4039
4038
4256
4021
4031
4031
3912
4130
4118
4052
4032
4114
4014
4002
4008
4087
4076
4061
4045
4004
4033
4016
4062
4045
4056
4025
4068
4066
4099
4076
4037
4022
4068
4038
4053
4097
4028
4058
4055
4043
3984
4010
4103
4016
4068
4057
3941
3981
4010
4024
4062
4059
4097
4100
3997
4066
4092
3963
4040
3957
4044
3895
3965
4128
4143
3970
4078
4175
4056
4045
4141
4063
4057
4001
4023
3951
4004
3986
4009
4033
4093
3949
4090
3979
3992
4105
4054
3955
3968
4098
4083
4050
4025
4020
4030
4062
4057
4068
4068
4110
3959
4003
4055
3980
4162
3973
4093
3991
3959
3959
4087
4035
3931
3954
3975
3974
3951
3886
3862
3940
3908
3660
3719
3773
3804
3813
3736
3728
3778
3840
3795
3826
3832
3777
3738
3838
3798
3702
3684
3944
3850
3781
3828
3752
3811
3911
3772
3823
3753
3758
3813
3879
3786
3982
3924
3740
3823
3866
3883
3777
3779
3845
3842
3815
3819
3927
3732
3881
4023
3867
3835
3966
3916
3965
3930
3854
3918
3823
3823
3979
4028
3894
3719
3846
3880
3836
3825
3786
3720
3734
3811
3685
3772
3647
3604
3695
3724
3618
3753
3720
3739
3719
3759
3787
3762
3796
3619
3781
3596
3773
3749
3738
3723
3807
3784
3805
3794
3785
3795
3750
3798
3819
3788
3908
3771
3808
3854
3924
3734
3778
3891
3765
3929
3887
3789
3970
3897
3833
3803
3750
3819
3846
3800
3784
3778
3841
3835
3870
3909
3879
3881
3754
3752
3768
3735
3798
3694
3725
3654
3648
3700
3695
3705
3651
3723
3747
3717
3769
3736
3842
3800
3749
3842
3792
3848
3810
3887
3810
3827
3752
3778
3882
3897
3740
3748
3873
3930
3812
3723
3789
3873
3768
3905
3851
3913
3725
3717
3736
3822
3819
3704
3733
3757
3672
3755
3736
3678
3658
3738
3762
3813
3830
3828
3786
3833
3898
3870
3928
3842
3786
3941
3821
3848
3877
3877
3873
3886
3832
3813
3827
3724
3850
3811
3739
3821
3813
3959
3807
3881
3803
3872
3853
3752
3829
3935
3796
3816
3918
3901
3795
3772
3898
3794
3763
3751
3676
3731
3795
3761
3771
3786
3808
3681
3736
3677
3700
3698
3724
3709
3626
3765
3698
3644
3731
3684
3761
3743
3724
3805
3779
3758
3792
3772
3832
3837
3903
3824
3924
3893
3950
3821
3955
3837
3862
3734
3863
3835
3888
3791
3821
3982
3846
3853
3855
3931
3829
3848
3871
3773
3869
3888
3878
3790
3802
3799
3776
3868
3721
3733
3712
3740
3792
3671
3802
3916
3837
3633
3693
3781
3788
3787
3836
3737
3832
3851
3725
3762
3840
3795
3957
3873
3740
3879
3857
3879
3932
3888
3910
3955
3935
3914
3931
4065
3899
3984
4021
4038
3991
4015
4060
3973
4001
3944
4045
4019
3946
4034
4038
4004
3985
4027
3979
3995
4079
3937
4019
4160
4019
4028
4032
4175
4091
4024
4135
3948
4006
4016
3967
4099
3966
4044
4021
4048
4059
4133
3946
4150
4097
4091
4036
4043
4004
4088
4000
3944
4055
3923
3976
4074
4006
4002
4159
4072
4119
4059
4161
4041
4053
3930
4053
4057
4008
3883
4006
4065
4111
4096
3991
4100
4130
3951
