5133
5154
5191
5211
4976
5100
5108
5061
5085
4994
5012
5084
5077
5065
5097
5017
5078
5184
5056
4961
4990
4928
5043
5113
5015
5061
5035
5021
5214
4934
5009
5171
5202
4991
4935
5084
4820
4860
5106
5117
4990
5034
5005
4997
4975
4859
5086
5037
5042
5024
4999
5059
5034
4932
5041
4949
5047
5073
4914
5167
5065
4959
5085
4962
4886
4984
4986
4973
4975
4992
5086
4953
5013
4882
4922
4908
4925
4824
4919
4982
4945
4990
4836
4793
4794
4931
4746
4882
4817
4744
4661
4813
4862
4782
4679
4827
4691
4749
4742
4815
4658
4761
4722
4764
4812
4718
4740
4828
4789
4860
4634
4723
4775
4651
4721
4707
4703
4673
4826
4771
4768
4799
4895
4781
4816
4669
4833
4728
4781
4831
4759
4948
4828
4826
4701
4785
4833
4796
4775
4875
4891
4803
4803
4720
4937
4832
4805
4731
4710
4842
4780
4694
4717
4748
4593
4583
4598
4778
4753
4618
4724
4560
4708
4625
4650
4715
4732
4595
4744
4659
4666
4603
4597
4612
4680
4631
4743
4820
4708
4753
4774
4653
4739
4789
4871
4825
4843
4704
4747
4719
4762
4709
4726
4698
4787
4756
4759
4801
4925
4790
4682
4798
4689
4805
4732
4811
4747
4735
4888
4730
4835
4765
4799
4765
4827
4816
4800
4931
4694
4756
4775
4638
4726
4606
4659
4666
4672
4663
4479
4734
4763
4770
4632
4603
4712
4751
4647
4631
4663
4742
4851
4842
4797
4713
4770
4741
4965
4859
4783
4876
4797
4912
4847
4798
4692
4757
4760
4740
4742
4783
4794
4654
4903
4755
4730
4549
4630
4712
4568
4555
4701
4622
4601
4848
4616
4702
4695
4812
4679
4835
4787
4875
4727
4884
4788
4738
4723
4728
4836
4824
4869
4871
4788
4770
4881
4792
4907
4798
4790
4769
4813
4742
4743
4824
4859
4772
4757
4714
4715
4722
4770
4665
4661
4707
4778
4695
4635
4736
4676
4611
4762
4768
4718
4601
4763
4719
4692
4772
4643
4737
4658
4722
4581
4688
4678
4664
4655
4512
4759
4713
4760
4719
4720
4680
4721
4780
4812
4748
4901
4793
4902
4968
4822
4728
4784
4791
4919
4779
4916
4880
4815
4826
4810
4698
4868
4802
4766
4844
4748
4698
4610
4701
4799
4741
4840
4812
4779
4830
4819
4712
4715
4765
4794
4746
4903
4689
4787
4755
4812
4736
4703
4810
4727
4671
4815
4828
4735
4696
4770
4763
4703
4654
4762
4809
4819
4840
4830
4759
4975
4875
4771
4842
4926
4912
4864
4905
4989
4929
4948
4994
4993
5073
5052
5027
4979
5046
5031
5108
5025
4984
4930
4963
5151
5057
5061
5026
4902
5021
4999
5122
5135
5073
5210
4972
4966
5015
5112
5049
5167
4971
5032
5000
4974
5082
5129
5078
5021
5075
4972
5088
5126
5023
5059
5023
5099
5026
5029
5135
5037
5050
5093
5020
5082
5157
5044
5013
5029
5246
5129
5092
5072
4975
4999
5016
5088
5011
5133
5048
5069
5105
5107
5054
5158
5117
4984
5103
4951
5078
4948
5050
5083
5142
5003
4949
5124
5106
5140
5226
5204
5019
5015
4995
5019
5136
4998
5041
5156
4959
5025
5051
5029
5061
5057
5107
5034
4982
4958
5128
5147
4979
5000
5053
5027
5030
4953
4988
5074
5139
5110
5123
5056
5112
4954
5079
5044
4848
5069
5124
5035
5031
4974
5128
5241
5084
5032
5033
5000
4998
5026
5030
5058
5033
5054
4929
5156
4966
5067
5044
5093
5165
4937
5032
5014
5027
5061
5050
5061
5026
5019
4965
4971
5003
5042
5046
5076
4984
4948
4957
5019
5082
4998
4936
5072
5121
5157
4973
4936
5024
4982
4849
4916
4969
4968
4917
5060
4978
4747
4904
4843
4943
4908
4804
4905
4840
4703
4780
4765
4773
4750
4783
4769
4782
4770
4681
4745
4639
4689
4694
4752
4704
4630
4659
4802
4843
4766
4729
4745
4669
4703
4817
4795
4749
4656
4653
4759
4915
4856
4874
4826
4888
4792
4784
4764
4679
4747
4754
4810
4746
4878
4860
4795
4688
4805
4849
4732
4603
4785
4843
4819
4718
4815
4819
4823
4799
4802
4917
4809
4786
4840
4740
4713
4644
4622
4787
4602
4641
4556
4649
4640
4574
4649
4582
4548
4613
4668
4610
4633
4595
4736
4746
4638
4624
4812
4830
4681
4708
4597
4736
4772
4746
4671
4832
4667
4772
4635
4814
4706
4881
4786
4802
4653
4602
4788
4781
4835
4725
4754
4819
4733
4758
4694
4801
4804
4795
4893
4819
4743
4765
4831
4797
4764
4828
4767
4729
4720
4723
4700
4771
4630
4685
4674
4578
4511
4658
4596
4491
4668
4608
4712
4700
4650
4724
4772
4865
4805
4666
4731
4735
4871
4813
4886
4673
4792
4753
4753
4786
4894
4844
4833
4774
4817
4847
4758
4731
4697
4645
4769
4698
4720
4694
4740
4847
4659
4812
4623
4632
4711
4642
4535
4516
4614
4614
4690
4608
4697
4782
4782
4793
4792
4776
4785
4816
4698
4750
4701
4822
4795
4752
4817
4713
4720
4792
4708
4812
4810
4747
4792
4728
4782
4712
4773
4735
4603
4688
4823
4738
4661
4740
4662
4684
4660
4730
4733
4662
4719
4698
4803
4660
4778
4726
4628
4596
4672
4743
4674
4681
4652
4711
4623
4603
4731
4628
4597
4614
4586
4642
4586
4597
4672
4676
4643
4693
4777
4773
4722
4778
4770
4755
4776
4799
4695
4705
4869
4727
4874
4867
4779
4749
4848
4765
4808
4858
4702
4745
4878
4666
4830
4717
4809
4809
4873
4788
4807
4859
4820
4781
4768
4686
4787
4715
4709
4792
4761
4779
4779
4747
4683
4807
4861
4674
4804
4783
4677
4665
4635
4888
4713
4855
4706
4686
4735
4800
4786
4859
4733
4843
4784
5024
4886
4879
4918
4946
4888
4952
4858
5003
4890
4973
4930
4908
4991
5050
4976
5015
5057
5012
4992
4965
5042
4976
4952
5118
4932
4982
5012
4932
5060
5161
4974
4967
5043
4971
5027
4928
5124
5032
5052
5118
5085
5027
5138
5011
5080
5174
5041
5005
5028
4964
5085
5020
5206
5001
4996
4983
5024
5098
4949
5072
5067
4971
5076
4949
5058
5014
5000
4964
4970
5053
4941
4973
5145
4985
5111
5115
5020
5144
5003
5001
5066
5149
4970
5116
5017
