4079
4024
4041
4063
4191
4083
4124
4050
4150
3950
4000
4024
4096
4011
4075
4121
3957
4121
4073
3906
4138
3921
4074
4077
4060
4152
4088
4035
4138
4088
3974
4085
4045
4124
4112
4060
4051
3985
4079
4098
4002
4058
3961
4151
4063
4005
4002
4048
4055
4044
4032
4095
4049
4098
4005
4034
3986
3983
4046
4037
4128
4029
3939
3997
4058
4058
4097
4006
3946
3970
3972
4021
4096
4093
3992
4002
4031
4025
3913
4001
3912
3882
3898
3944
3925
3843
3833
3894
3967
3783
3860
3953
3879
3850
3863
3754
3851
3805
3740
3872
3710
3737
3865
3780
3803
3793
3694
3741
3853
3819
3808
3722
3796
3785
3876
3780
3815
3788
3874
3837
3754
3773
3984
3841
3855
3857
3860
3907
3763
3895
3798
3844
3765
3889
3847
3895
3881
3836
3854
3830
3898
3871
3912
3892
3894
3813
3852
3921
3791
3761
3776
3779
3797
3815
3806
3751
3703
3793
3843
3714
3813
3738
3718
3683
3629
3693
3725
3736
3742
3786
3636
3758
3733
3771
3675
3795
3672
3737
3746
3820
3746
3819
3779
3879
3806
3800
3955
3780
3745
3884
3757
3749
3754
3851
3911
3775
3835
3889
3902
3822
3726
3919
3887
3928
3824
3735
3846
3737
3805
3872
3830
3825
3850
3780
3840
3753
3793
3669
3840
3745
3706
3717
3698
3679
3922
3702
3707
3749
3824
3712
3762
3783
3827
3804
3836
3797
3857
3864
3684
3794
3880
3838
3849
3684
3928
3887
3842
3778
3861
3843
3846
3841
3802
3887
3841
3852
3794
3932
3762
3851
3770
3869
3699
3846
3727
3702
3653
3772
3830
3699
3695
3766
3685
3817
3874
3806
3705
3832
3926
3870
3840
3840
3859
3792
3792
3867
3819
3866
3875
3863
3839
3832
3842
3767
3949
3885
3913
3754
3908
3869
3788
3871
3792
3810
3808
3783
3772
3820
3803
3824
3830
3822
3887
3732
3764
3728
3843
3669
3766
3689
3753
3658
3815
3747
3696
3712
3736
3627
3803
3754
3764
3810
3856
3739
3730
3680
3764
3730
3736
3729
3848
3845
3844
3875
3813
3806
3836
3936
3909
3845
3806
3832
3705
3779
3911
3844
3829
3860
3876
3847
3876
3855
3885
3884
3863
3897
3917
3870
3948
3889
3821
3795
3797
3788
3785
3798
3797
3925
3794
3846
3830
3831
3785
3876
3846
3859
3899
3833
3873
3809
3771
3759
3742
3741
3709
3852
3787
3814
3868
3750
3801
3874
3782
3776
3881
3735
3998
3819
3847
3882
3859
3811
3942
3861
3965
4032
3930
3957
4021
3928
4084
4206
3926
4041
4182
4021
3948
4066
3884
4049
4181
3976
4052
4044
4038
3991
4041
4005
4032
4073
4114
4036
4077
4040
4094
4127
3999
4068
4007
3969
4077
4058
4082
4071
4028
4104
4020
3993
4045
4086
4170
4099
4064
4032
3952
4192
4087
3944
4013
3933
4057
4031
4117
4103
3911
4047
4096
4109
4082
3923
4103
4066
4030
4099
4184
4141
3916
4011
4108
4027
4022
4102
4025
4226
4102
4095
4020
4012
4071
4086
4097
3966
4075
4018
4015
4119
4119
4000
4069
3998
4082
3966
4054
4122
4067
4041
4094
4003
4043
4063
4101
4072
4096
3981
4098
4138
4069
4072
4006
3987
4068
4117
4008
4098
4026
3948
3954
4026
4058
3998
4036
3986
4178
4155
4077
4087
3989
4062
4153
4074
4142
4046
4040
4002
4015
4087
4168
4035
4129
3983
4000
4047
4094
3985
3941
4036
3958
4082
4110
4082
4047
3961
4020
3980
4097
4073
3980
4074
4127
4089
4097
4017
4057
4050
3946
4116
4104
4034
3907
4054
3966
4044
4082
4004
4087
4001
4084
3962
4068
3990
4071
4056
3864
4031
3813
4010
4018
3997
3885
3963
3971
3972
3934
3942
3775
3993
3827
3856
3805
3814
3717
3781
3742
3766
3744
3721
3785
3830
3842
3804
3754
3791
3897
3745
3701
3736
3813
3886
3945
3814
3798
3746
3819
3776
3855
3832
3797
3825
3824
3699
3877
3831
3688
3865
3831
3840
3873
3831
3940
3874
3926
3790
3836
3866
3823
3838
3855
3853
3888
3792
3978
3804
3938
3976
3781
3880
3755
3823
3835
3751
3759
3799
3643
3778
3721
3689
3762
3716
3821
3671
3773
3617
3617
3749
3678
3579
3723
3672
3820
3712
3662
3670
3767
3688
3714
3760
3857
3757
3815
3798
3900
3823
3734
3705
3904
3712
3885
3801
3773
3894
3878
3929
3881
3857
3798
3901
3798
3830
3913
3869
3793
3927
3877
3841
3844
3924
3936
3769
3833
3896
3732
3842
3766
3867
3794
3848
3760
3712
3710
3738
3735
3682
3747
3715
3665
3652
3725
3701
3695
3767
3731
3748
3781
3808
3849
3776
3836
3869
3815
3952
3761
3877
3767
3942
3891
3884
3774
3845
3853
3881
3884
3769
3851
3817
3715
3754
3751
3793
3729
3801
3829
3660
3709
3743
3702
3801
3599
3755
3667
3785
3696
3708
3748
3757
3671
3778
3781
3780
3817
3793
3956
3889
3816
3855
3825
3922
3855
3790
3954
3806
3771
3871
3870
3727
3891
3902
3970
3908
3831
3806
3781
3806
3844
3903
3922
3836
3746
3858
3841
3783
3878
3835
3730
3714
3737
3758
3729
3793
3698
3821
3860
3741
3759
3683
3778
3696
3829
3771
3680
3644
3732
3706
3641
3640
3723
3777
3795
3683
3838
3738
3738
3681
3845
3713
3758
3804
3833
3917
3788
3818
3887
3918
3926
3833
3803
3806
3874
3789
3888
3765
3775
3775
3820
3964
3977
3851
3784
3809
3882
3788
3900
3794
3746
3722
3804
3903
3831
3933
3786
3881
3754
3915
3729
3778
3824
3726
3722
3847
3763
3744
3848
3871
3810
3771
3767
3874
3779
3816
3872
3796
3900
3826
3749
3839
3781
3883
3898
3859
3892
3865
3982
4123
4077
3987
4035
3981
3972
3956
4007
4081
4107
4010
4036
3883
4054
4079
4069
3952
3991
4029
4151
3984
3912
4011
4027
3997
4139
3943
4004
3972
4074
4005
4088
4073
4067
4008
3971
4061
4118
3953
4084
3980
4000
4109
4143
4042
4057
3987
4108
4112
4129
4114
4075
4058
4029
4063
4054
4148
4117
4057
3983
3935
4101
3989
3916
4008
3938
3925
4111
3999
4181
4095
3999
4067
4050
3935
4077
4000
4066
3974
4008
4125
4011
