3028
3008
2977
3102
3027
3028
3150
3048
3044
2943
3043
3025
3063
2969
3040
3034
3092
3079
2990
3104
3064
3011
3116
2984
3117
2967
2978
2985
3100
2991
3012
3100
2999
3090
3007
3068
3032
3049
2956
2970
3042
3096
3045
3019
3079
3048
3031
3103
3062
3056
3117
3064
3056
3000
3090
3031
3058
3037
3004
2956
3140
3034
3069
3070
3085
2964
2995
2989
2958
3050
3013
3090
3030
2980
3008
2992
3007
3029
2920
2948
2947
2893
3021
2847
2876
2938
2940
2907
2881
2908
3035
2897
2877
2891
2883
2971
2735
2744
2918
2810
2776
2847
2899
2830
2840
2759
2781
2874
2831
2827
2926
2907
2935
2850
2946
2848
2877
2887
2885
2816
2964
2887
2871
3010
2893
2858
2847
2928
2924
2886
2924
2980
2945
3001
2931
2936
2899
2893
2857
2855
2880
2799
2879
2886
2958
2941
2742
2843
2862
2852
2821
2892
2882
2785
2833
2770
2732
2778
2799
2745
2843
2755
2857
2871
2750
2774
2794
2742
2799
2796
2876
2917
2797
2726
2838
2826
2853
2867
2851
2779
2837
2857
2874
2909
2771
2937
2795
2877
2904
2826
2851
2893
2926
2789
2897
2968
2849
3019
2929
2870
2893
2833
2909
2920
2761
2913
2849
2824
2792
2987
2912
2797
2875
2851
2743
2923
2889
2817
2781
2805
2862
2830
2809
2811
2855
2854
2766
2870
2751
2838
2783
2770
2756
2803
2887
2842
2797
2788
2739
2845
2815
2934
2821
2854
2878
2936
2858
2874
2875
2878
2808
2974
2845
2790
2902
2823
2907
2820
2791
2830
2908
2850
2795
2798
2741
2744
2729
2798
2694
2834
2781
2855
2690
2846
2796
2843
2820
2852
2911
2779
2768
2925
2843
2972
2745
2845
2902
2875
2857
2868
2802
2863
2874
2824
2818
2796
2938
2793
2849
2820
2908
2866
2855
2865
2994
2787
2888
2943
2848
2887
2875
2809
2851
2820
2751
2746
2764
2774
2817
2789
2884
2709
2792
2847
2844
2755
2853
2812
2810
2863
2861
2834
2814
2800
2781
2769
2758
2826
2819
2806
2769
2802
2939
2780
2810
2871
2806
2843
2940
2948
2945
2909
2950
2875
2846
2884
2966
2924
2946
2915
2859
2995
2957
2810
2921
2921
2861
2872
2952
2809
2749
2864
2931
2867
2807
2971
2843
2769
2928
2874
2790
2798
2853
2797
2723
2844
2926
2767
2904
2868
2794
2910
2911
2904
2869
2873
2957
2844
2900
2869
2865
2746
2896
2844
2857
2841
2898
2805
2888
2907
2990
2881
2921
2978
3011
2976
2962
2973
3009
2976
2998
3022
2925
2956
3026
3040
2930
3070
3043
3005
3048
2982
2972
3067
2961
2979
2989
3063
2973
3059
3011
2999
3032
3009
3158
3059
2937
3017
3036
3110
2986
3059
3074
3067
2980
2985
2961
3050
2935
3068
3052
3052
3074
3017
3022
3021
3056
2992
3131
3079
2984
2941
3026
3027
3071
3129
3078
3141
3023
3027
3091
3052
3134
3065
2998
3076
2939
3146
2982
3054
3058
2986
3064
3004
3045
3060
3016
2956
3070
3131
3092
2924
2954
3031
3007
2970
3013
3084
3040
3099
3055
3012
2998
3080
3106
3012
3051
2996
3045
3079
2905
3094
3005
3051
3019
3153
3007
3044
3081
3050
3110
3094
3125
3102
3061
3009
3078
2907
3093
3030
2988
3054
3098
3043
3027
3042
3067
3018
3049
3021
3056
2977
2922
3184
3050
3040
3046
3024
3017
3055
3128
3061
3096
3039
3031
3068
3126
2966
3030
3019
3112
3078
3051
3163
3029
3029
2997
3065
2935
3004
3076
3023
3070
3099
3042
3017
3027
3039
3021
3064
2936
2975
3025
2964
2948
3016
2978
3075
2923
3024
2997
2900
3083
2969
3068
2996
2940
2964
3016
3004
2988
2949
2839
2944
2891
2905
2869
2871
2901
2942
2838
2891
2903
2815
2876
2802
2907
2958
2847
2820
2780
2838
2825
2889
2883
2880
2812
2829
2865
2873
2805
2855
2752
2911
2790
2870
2810
2888
2872
2811
2803
2832
2850
2873
2892
2869
2915
2883
2930
2905
2886
2864
2827
2925
2955
2881
2917
2881
2860
2850
2906
2922
2868
2834
2795
2908
2868
2915
2818
2841
2781
2862
2824
2829
2729
2841
2837
2803
2776
2829
2769
2818
2846
2719
2749
2771
2801
2827
2810
2883
2765
2793
2835
2853
2923
2819
2847
2897
2834
2856
2895
2800
2853
2863
2827
2842
2856
2845
2817
2897
2815
2769
2840
2849
2836
2761
2938
2754
2882
2883
2812
2866
2876
2866
2790
2832
2817
2816
2866
2828
2871
2965
2864
2799
2939
2942
2748
2774
2795
2699
2742
2696
2778
2755
2771
2715
2848
2715
2806
2896
2822
2867
2784
2928
2879
2985
2781
2854
2856
2892
2809
2938
2892
2845
2793
2922
2940
2831
2941
2931
2825
2837
2785
2942
2811
2971
2812
2699
2861
2808
2829
2902
2875
2745
2763
2770
2740
2725
2764
2761
2778
2822
2810
2787
2792
2922
2870
2729
2865
2864
2917
2896
2898
2887
2779
2946
2857
2865
2800
2891
2844
2880
2880
2903
2801
2867
2891
2916
2903
2826
2895
2817
2917
2882
2848
2739
2765
2816
2908
2745
2805
2917
2813
2771
2863
2787
2813
2792
2753
2762
2762
2846
2758
2747
2833
2758
2781
2793
2808
2748
2762
2800
2769
2807
2881
2828
2764
2824
2728
2858
2899
2772
2791
2934
2961
2905
2977
2932
2937
2907
2882
2897
2944
2979
2901
2960
2869
2829
2997
2901
2887
2906
2881
2847
2856
2910
2894
2951
2844
2868
2908
2850
2893
2868
2910
2846
2881
2885
2815
2804
2849
2855
2838
2801
2865
2847
2803
2819
2819
2783
2868
2869
2783
2850
2789
2881
2854
2789
2913
2852
2942
2855
2871
2940
2973
2955
2829
2907
2894
2944
2942
2893
3028
2896
2900
2943
3018
2998
3013
2964
3013
2970
3046
2989
3025
3119
3043
3062
3051
3041
2979
3089
3085
3113
2953
2974
3057
3085
2990
3036
3023
3065
2981
3031
3029
2862
2888
3047
3005
3069
3011
3070
2987
3021
3008
3023
2967
2923
3123
3108
2994
3025
3025
3047
2986
2986
3124
2948
3031
3069
2990
3007
3108
2992
3103
2940
3079
3103
2969
2947
3193
3040
3060
3031
3071
2933
3057
3050
3155
3070
3014
3024
3040
