4022
4061
3992
4003
4035
4081
3946
4011
4044
4039
3960
4010
4177
4038
4114
4119
4052
4072
4061
4089
4037
4088
4107
4136
4086
4071
3926
3958
4006
4150
3962
4171
3908
4059
4016
4057
4136
4082
3973
4062
4053
3958
4138
4044
3933
4003
4023
4045
4019
4244
4119
3896
4012
4081
4050
4035
4067
4100
3909
4088
4135
4001
3922
4086
3979
4058
4090
3967
4044
3928
4011
4062
4093
4023
3995
3989
3924
4030
3952
3995
3998
3943
4032
3944
3798
3772
3949
3933
3880
3838
3901
3870
3918
3880
3927
3723
3881
3838
3898
3872
3902
3849
3839
3828
3799
3921
3823
3848
3864
3854
3780
3640
3827
3840
3875
3869
3921
3698
3836
3767
3849
3855
3946
3808
3901
3720
3936
3824
3861
3978
3885
3901
3815
3751
3822
3958
3869
3936
4023
3789
3865
3944
3871
3864
3807
3778
3875
3838
3821
3757
3744
3807
3780
3775
3696
3832
3764
3699
3747
3616
3820
3657
3727
3748
3709
3721
3760
3706
3793
3691
3831
3708
3768
3742
3763
3695
3666
3799
3862
3765
3834
3859
3803
3777
3774
3769
3789
3845
3748
3764
3736
3867
3825
3860
3925
3880
3851
3797
3852
3875
3920
3789
3740
3847
3704
3896
3744
3861
3804
3782
3901
3896
3804
3831
3809
3709
3728
3712
3628
3717
3712
3789
3687
3780
3733
3779
3685
3821
3682
3733
3719
3730
3655
3850
3760
3848
3732
3700
3782
3776
3817
3836
3817
3718
3762
3839
3838
3846
3903
3868
3923
3822
3721
3812
3815
3807
3806
3827
3790
3820
3866
3608
3761
3705
3791
3779
3701
3801
3730
3713
3800
3739
3822
3724
3732
3803
3764
3844
3866
3869
3868
3966
3801
3838
3818
3895
3817
3802
3862
3856
3863
3878
3803
3821
3833
3722
3697
3839
3746
3801
3869
3823
3840
3850
3858
3896
3804
3772
3764
3799
3816
3844
3789
3734
3703
3775
3769
3818
3816
3816
3830
3773
3785
3735
3773
3802
3638
3685
3641
3792
3735
3656
3738
3812
3631
3675
3764
3852
3731
3721
3774
3768
3714
3832
3786
3826
3805
3849
3709
3902
3900
3842
3846
3818
3798
3778
3851
3894
3936
3790
3818
3898
3860
3874
3852
3911
3855
3931
3934
3785
3867
3815
3913
3877
3800
3946
3856
3896
3836
3859
3734
3792
3848
3862
3866
3888
3845
3854
3715
3853
3870
3823
3873
3815
3881
3751
3915
3882
3835
3804
3803
3834
3838
3820
3785
3995
3825
3968
3935
3893
3829
3916
3923
4011
3921
3891
3892
3930
4000
3952
4100
3962
3959
4044
4020
4080
4079
4122
4057
4162
3984
3964
4065
4066
4188
4090
4125
4155
3970
4128
4082
4084
4040
4095
3980
4045
4151
4116
4037
4106
4141
3912
4083
4030
4065
3907
4041
4055
4135
4145
4042
4073
4042
4112
3972
4111
4196
4014
4132
4086
4046
4153
4137
4115
4107
4107
4076
4169
4143
4082
3946
3960
4105
4144
3965
4061
4089
4095
4151
4037
4093
4042
4092
4070
4045
4105
4064
4006
3892
4241
4065
4007
3969
4082
4052
4097
4022
4006
4055
3993
4140
4064
4022
4113
3987
3973
4150
4126
4070
4165
4052
4065
4101
4007
3980
4072
3973
4061
4174
3970
4156
4013
4097
4075
3968
3978
4047
4044
4130
4122
4017
4079
4079
3961
4059
3959
4094
4038
4084
3982
4119
4049
4002
4065
3992
4049
4156
4090
4057
4078
4152
4057
3954
4015
3912
3998
4022
3966
3919
4007
4157
4113
4024
4071
4154
4084
4069
4072
4003
4082
4030
4035
4070
3952
4091
4009
4005
4098
4027
3987
4091
4084
3962
4024
3895
4085
4077
4030
3989
4001
4069
3932
3999
3927
4007
3966
3890
4017
3948
3933
3907
3914
3948
3958
3914
3804
3808
3885
3793
3862
3838
3823
3820
3759
3791
3832
3820
3813
3884
3902
3776
3784
3898
3835
3750
3767
3796
3873
3784
3753
3813
3872
3852
3824
3768
3702
3900
3804
3821
3875
3889
3908
3760
3917
3958
3847
3866
3830
3929
3869
3867
3853
3861
3787
3909
3993
3904
3840
3903
3991
3839
3837
3873
3835
3850
3912
3869
3784
3739
3762
3746
3774
3732
3725
3704
3761
3723
3711
3809
3767
3780
3719
3750
3601
3720
3764
3659
3706
3711
3623
3804
3787
3734
3787
3735
3769
3766
3821
3792
3697
3781
3833
3791
3802
3785
3797
3701
3835
3761
3767
3811
3920
3824
3864
3824
3856
3836
3823
3721
3763
3862
3838
3838
3738
3907
3735
3831
3856
3818
3835
3928
3829
3811
3731
3799
3845
3856
3800
3700
3639
3725
3763
3719
3680
3684
3637
3733
3726
3757
3727
3781
3765
3849
3793
3743
3776
3858
3827
3780
3927
3878
3799
3747
3859
3813
3834
3885
3768
3819
3843
3955
3817
3796
3797
3758
3835
3772
3968
3720
3819
3803
3789
3697
3774
3759
3695
3658
3651
3699
3701
3732
3748
3789
3802
3759
3715
3994
3885
3668
3707
3683
3830
3694
3840
3944
3800
3863
3814
3841
3828
3891
3825
3915
3843
3788
3804
3750
3981
3776
3890
3833
3834
3766
3842
3764
3737
3806
3828
3700
3833
3823
3806
3910
3818
3691
3789
3907
3715
3730
3799
3683
3738
3780
3797
3772
3818
3737
3677
3712
3755
3655
3669
3557
3709
3789
3813
3836
3785
3812
3812
3869
3794
3853
3777
3713
3855
3937
3858
3886
3959
3810
3846
3909
3828
3877
3767
3913
3866
3876
3995
3920
3812
3769
3849
3865
3849
3924
3797
3878
3709
3893
3787
3733
3870
3885
3796
3794
3838
3820
3907
3837
3772
3855
3805
3863
3873
3802
3896
3872
3753
3852
3832
3736
3868
3905
3829
3878
3895
3852
3812
3842
3814
3915
3944
3983
3872
3770
3907
3924
3894
4010
4013
3937
3935
4065
3924
3918
3981
4091
4064
3997
3949
4031
4069
4117
3952
4012
4004
4011
4023
3993
4043
4033
4061
4144
4064
4188
4038
4093
3969
4139
3956
3934
4017
4047
4135
4005
3950
4017
4145
3966
4130
4089
4055
3986
3946
3991
4059
3914
4012
4046
4086
4125
4017
4058
4063
4012
3988
4088
4039
4086
3957
4062
4037
4083
4015
4029
4028
3943
4096
4079
4061
4071
4010
3993
4022
4066
4007
4101
4027
4082
4005
4050
