3031
2948
3044
3020
3115
3083
3055
3020
3107
2996
3095
3038
3075
3046
3112
3027
2903
3020
3087
3105
2977
3097
3102
3032
3134
2976
3082
3051
3113
3046
2988
2978
3070
3013
2971
3021
2983
3059
3133
3039
3057
2922
3094
2998
3055
2991
3101
3026
3005
2935
3114
3038
3054
2875
2948
3001
3058
3079
3082
2993
3050
2980
3021
3020
3051
3014
3067
3042
3076
3013
2988
3093
2878
3140
3058
3052
2997
3072
3036
3016
2951
2997
3006
2926
2880
3034
2971
2846
2933
2906
2937
2920
2950
2847
2907
2858
2960
2930
2847
2844
2848
2936
2746
2904
2876
2890
2816
2824
2880
2816
2864
2888
2851
2811
2891
2877
2793
2955
2815
2854
2917
2870
2959
2925
2904
2933
2886
2930
2878
2938
2925
2898
2882
2899
2865
2846
2846
2934
2865
2844
2884
2904
2891
2887
2896
2896
2871
2899
2907
2848
2936
2861
2834
2865
2778
2786
2813
2862
2786
2798
2771
2808
2780
2867
2806
2840
2798
2775
2760
2906
2762
2836
2892
2789
2874
2806
2847
2880
2765
2847
2824
2798
2812
2841
2848
2860
2920
2888
2912
2827
2833
2819
2838
2872
2886
2924
2804
2801
2796
2835
2880
2878
2834
2816
2909
2846
2773
2871
2882
2847
2766
2857
2783
2814
2782
2770
2866
2843
2876
2836
2847
2862
2841
2705
2824
2812
2790
2907
2816
2872
2809
2800
2801
2845
2778
2807
2899
2871
2931
2883
2928
2974
2811
2902
2870
2807
2903
2959
2909
2877
2844
2884
2866
2909
2829
2832
2926
2850
2923
2933
2913
2826
2880
2844
2762
2761
2811
2745
2853
2841
2792
2850
2729
2883
2737
2847
2781
2828
2879
2830
2868
2876
2840
2889
2828
2867
2878
2955
2907
2938
2817
2850
2871
2858
2863
2886
2935
2849
2901
2838
2894
2813
2844
2780
2860
2852
2858
2806
2829
2792
2923
2716
2943
2862
2890
2868
2844
2850
2725
2843
2831
2871
2775
2774
2760
2778
2739
2820
2775
2765
2811
2827
2817
2817
2831
2881
2819
2827
2832
2888
2913
2863
2910
2899
2976
2806
2842
2938
2802
2831
2853
2973
2905
2898
2870
2897
2876
2911
2882
2838
2826
2885
2848
2829
2893
2890
2895
2798
2926
2833
2849
2881
2893
2931
2892
2972
2938
2967
2860
2881
2886
2799
2914
2723
2841
2849
2943
2954
2770
2818
2787
2899
2927
2867
2812
2874
2822
2855
2840
2902
2819
2931
2870
2769
2926
2910
2830
2857
2934
2952
3022
2905
2947
2982
2915
2934
2972
2991
2929
2910
3020
3011
2968
2978
3032
2993
3095
3121
3031
2931
2937
3041
3037
2897
3029
3099
2995
3024
3045
3033
3051
3069
2984
3139
3027
3089
3064
3120
2978
3012
2977
3032
3044
3048
2981
3067
2981
3087
2974
3067
2974
2943
2979
3070
3139
3083
2989
2992
2983
3013
2955
2974
2957
3022
3052
3022
3026
3105
3007
3034
3026
3011
3024
3096
2971
3023
3077
2971
2932
3159
3049
3029
3096
3111
3122
3045
3065
3029
3020
3090
3009
3066
3032
3053
3081
3101
3012
2896
3024
3016
3112
3030
3128
2981
2990
3099
3003
3049
3020
2934
3084
3080
3029
3079
3043
3060
3008
3041
3058
2997
3034
3060
3064
3034
3076
3021
3171
3005
3061
2898
3087
3030
3010
2987
3047
3108
2935
3078
2994
3004
3003
3049
3056
3014
3004
3049
2986
3050
2981
2995
2949
3035
3044
3067
3059
3027
2992
3097
2963
3008
3040
2971
3093
3163
3070
3078
3050
3050
2985
3047
3007
2990
3005
2882
2991
2955
3022
3042
3075
3000
2936
3007
2993
2995
3087
2984
3025
2934
3010
2974
2955
3053
3022
3020
3013
2966
2875
3003
2918
2880
2898
2944
2944
2878
2868
2858
2853
2900
2947
2922
2730
2751
2989
2906
2787
2828
2764
2845
2854
2775
2843
2948
2798
2734
2873
2878
2942
2898
2893
2874
2928
2889
2800
2789
2877
2834
2908
2830
2814
2901
2782
2881
2931
2832
2847
2927
3010
2871
2939
2877
2910
2871
2850
2853
2867
2985
2906
2800
2963
2933
2912
2953
2873
2807
2843
2940
2906
2875
2944
2799
2854
2808
2860
2808
2870
2769
2796
2828
2830
2839
2828
2737
2726
2844
2696
2749
2806
2855
2798
2806
2782
2796
2824
2827
2834
2761
2889
2866
2832
2826
2835
2911
2914
2832
2786
2768
2823
2867
2833
2801
2878
2874
2922
2927
2892
2864
2841
2905
2888
2820
2826
2802
2779
2871
2887
2849
2812
2798
2886
2863
2798
2852
2772
2830
2879
2860
2920
2746
2786
2802
2863
2714
2673
2777
2775
2733
2781
2751
2728
2851
2793
2854
2910
2901
2888
2856
2847
2857
2877
2853
2939
2888
2829
2857
2789
2901
2906
2874
2830
2811
2847
2769
2867
2869
2842
2845
2830
2858
2814
2830
2779
2854
2736
2780
2732
2720
2827
2807
2799
2785
2759
2754
2714
2904
2835
2775
2793
2833
2870
2766
2819
2848
2925
2775
2956
2860
2916
2903
2971
2915
2985
2870
2839
2933
2877
2889
2946
2827
2803
2885
2936
2818
2940
2819
2866
2847
2870
2798
2837
2820
2831
2792
2858
2761
2795
2803
2775
2892
2812
2732
2846
2798
2788
2642
2841
2855
2748
2767
2744
2748
2797
2794
2887
2741
2776
2761
2753
2862
2964
2844
2803
2887
2888
2793
2791
2859
2883
2826
2884
2883
2828
2903
2991
2801
2889
2894
2938
2817
2853
2905
2960
2951
2892
2911
2872
2937
2946
2883
2832
2957
2819
2805
2866
2845
2870
2878
2906
2859
2904
3003
2881
2860
2884
2910
2878
2830
2849
2900
2907
2844
2904
2965
2857
2854
2828
2862
2797
2833
2915
2819
2778
2838
2851
2948
2897
2925
2855
2952
2879
2890
2978
2886
2989
3067
2857
3047
3039
3009
3022
2984
3007
3031
2942
2967
3035
3047
2947
3011
2978
3012
2889
3022
2925
2969
3108
3043
2999
2935
2974
2972
3050
3056
3050
3006
3037
2949
3030
3104
2917
3053
3029
3065
3053
3089
3077
2932
3087
3055
3014
3019
3061
3059
2956
3078
3018
3035
3146
3033
3009
3057
3078
3015
3050
3079
3096
2979
3107
3137
2999
3118
3068
3044
3018
2952
3000
3087
2971
3060
3019
3078
3073
3056
3137
