6070
6044
6081
6028
6128
6099
6131
6102
6085
6117
6088
6025
5970
6055
6131
6094
5962
6109
6223
6076
5954
5998
6040
6062
6156
6163
6022
6054
6238
6058
6057
6052
6064
5972
6088
5846
6094
6031
6086
6099
6130
5962
6076
5986
6058
5980
5964
6012
6041
6069
6004
6143
5920
6071
6049
5992
6080
6077
5976
6030
5962
5981
6093
6058
6100
5961
5963
5910
6043
6084
5959
6088
5940
5946
5919
5969
5932
5970
5910
5973
5915
5879
5901
5721
5900
5936
5804
5935
5832
5925
5687
5770
5843
5639
5791
5763
5697
5690
5790
5765
5690
5827
5642
5638
5795
5734
5813
5481
5628
5643
5784
5754
5613
5688
5813
5687
5732
5643
5779
5836
5680
5706
5575
5728
5731
5683
5699
5796
5853
5882
5813
5845
5845
5839
5720
5853
5827
5844
5858
5727
5707
5689
5816
5853
5712
5733
5681
5808
5852
5760
5822
5724
5763
5596
5593
5553
5597
5629
5589
5618
5541
5630
5535
5621
5552
5681
5702
5568
5674
5621
5551
5615
5478
5657
5713
5699
5500
5676
5603
5616
5703
5775
5751
5692
5746
5540
5638
5577
5924
5562
5707
5641
5625
5739
5756
5638
5642
5776
5739
5749
5748
5764
5785
5718
5573
5777
5742
5729
5749
5756
5687
5717
5680
5734
5856
5632
5700
5596
5534
5627
5626
5673
5529
5521
5612
5595
5418
5480
5565
5619
5610
5535
5656
5612
5569
5529
5710
5796
5588
5637
5888
5804
5749
5589
5767
5746
5722
5676
5743
5611
5790
5749
5641
5819
5779
5613
5541
5694
5599
5663
5662
5707
5700
5735
5637
5476
5543
5515
5473
5709
5599
5582
5638
5524
5551
5680
5621
5812
5734
5697
5651
5796
5790
5826
5763
5551
5667
5750
5606
5541
5763
5785
5664
5723
5765
5698
5710
5720
5712
5739
5737
5796
5857
5710
5646
5682
5735
5595
5732
5716
5637
5639
5782
5643
5722
5659
5635
5629
5652
5691
5671
5682
5684
5522
5694
5551
5654
5471
5576
5702
5577
5666
5578
5626
5593
5709
5724
5624
5714
5628
5555
5733
5824
5807
5823
5850
5729
5757
5703
5748
5793
5773
5673
5713
5820
5871
5712
5878
5726
5830
5733
5754
5727
5683
5607
5944
5756
5735
5806
5754
5754
5802
5767
5852
5755
5941
5687
5880
5833
5761
5731
5683
5711
5659
5659
5802
5869
5756
5827
5764
5504
5751
5696
5656
5738
5838
5689
5808
5698
5671
5895
5754
5817
5820
5616
5783
5841
5953
5946
5884
5822
5882
5910
5951
5957
5930
6004
5932
5900
5933
6024
6047
6042
6007
6144
6046
5994
6028
6007
5983
6136
6081
5910
6110
5962
5950
6073
6139
6001
6009
6053
6063
6058
6120
6125
6173
6057
6080
5918
5984
6050
6072
6097
6069
6043
5976
6131
6059
6326
6053
6130
6137
6039
6171
6056
6028
6027
6110
5962
5952
6051
6017
6058
5976
5995
6057
6093
6092
6002
6071
5965
5983
6014
6085
5987
6058
6059
6071
6084
6120
6100
6334
6070
6031
6102
5980
6112
6051
6161
6076
6088
5921
6081
6123
6014
5973
5886
6048
5976
6182
6023
6039
6011
6081
5910
6069
5951
6135
5926
5941
6147
6096
6051
6123
6087
6169
6184
5940
5973
6086
6058
6093
6038
6115
5925
6080
6006
6157
6073
6035
6010
6121
6093
6073
6077
6174
6055
5929
6068
6054
5979
6089
6079
6080
6157
6024
6069
5996
6205
6108
6007
6045
6099
5958
6062
5993
6053
5990
6059
6095
6106
5946
6058
6051
6113
5984
6026
6010
5969
6163
6160
6124
6051
5956
6089
6128
6071
6042
6013
6045
5965
6100
6076
6055
5956
6130
6030
5936
5926
5986
6014
5976
5930
5902
5821
5873
5960
5774
5999
5919
5955
5831
5976
5837
5810
5800
5606
5715
5776
5797
5862
5759
5858
5847
5741
5694
5620
5606
5815
5693
5742
5885
5654
5650
5765
5751
5756
5801
5781
5733
5849
5721
5809
5847
5752
5714
5748
5759
5788
5725
5902
5756
5834
5830
5859
5842
5717
5705
5834
5693
5732
5895
5861
5728
5729
5771
5688
5837
5796
5784
5805
5761
5765
5799
5833
5694
5761
5725
5727
5771
5665
5547
5645
5730
5447
5676
5544
5545
5679
5498
5614
5558
5652
5574
5512
5479
5544
5577
5668
5624
5648
5673
5593
5643
5614
5582
5606
5681
5527
5737
5739
5624
5635
5673
5605
5648
5784
5719
5732
5697
5679
5717
5757
5645
5748
5669
5639
5639
5656
5759
5788
5762
5744
5697
5671
5780
5635
5655
5795
5628
5619
5650
5678
5680
5777
5596
5677
5759
5580
5448
5698
5598
5567
5487
5563
5579
5463
5507
5503
5559
5665
5597
5662
5753
5391
5779
5423
5776
5515
5659
5673
5759
5793
5775
5648
5717
5710
5787
5721
5741
5819
5655
5547
5644
5617
5698
5645
5623
5738
5523
5499
5480
5560
5551
5494
5640
5556
5549
5494
5382
5532
5583
5609
5648
5564
5641
5612
5579
5656
5697
5639
5690
5728
5657
5771
5787
5627
5698
5600
5849
5638
5696
5679
5652
5712
5617
5749
5671
5694
5654
5789
5699
5597
5684
5661
5729
5706
5731
5601
5631
5586
5653
5544
5704
5628
5558
5657
5620
5521
5587
5632
5567
5703
5520
5570
5522
5536
5637
5622
5610
5602
5633
5626
5614
5676
5494
5704
5533
5645
5684
5781
5671
5674
5721
5616
5693
5667
5649
5674
5640
5768
5895
5691
5609
5698
5730
5890
5794
5873
5678
5771
5834
5839
5743
5833
5591
5630
5819
5786
5860
5805
5851
5775
5871
5688
5758
5722
5828
5652
5810
5694
5732
5805
5619
5828
5679
5653
5725
5731
5684
5670
5689
5758
5789
5776
5691
5788
5770
5692
5692
5880
5648
5853
5903
5847
5927
5869
5881
5865
5733
5895
5888
5934
5857
5893
5972
5914
6118
5906
5906
6119
5847
5992
5986
6137
6042
5910
6110
6060
6117
6159
6107
6017
6087
6011
6020
6015
6109
6063
6042
5978
6082
6041
6108
6152
6056
6209
5914
6106
6121
5959
6111
6090
5986
6063
6016
5871
5981
6118
6130
6151
6073
6092
6030
6017
6040
5994
6045
6110
6173
6026
6077
6107
5954
6134
6056
6110
6044
6005
6094
6116
6208
6070
6130
5899
6099
6013
5949
6046
6131
6168
5991
6213
