3042
3116
3044
3046
2963
3008
3027
3010
3066
3026
3123
3136
3159
3054
3096
3101
3158
3016
3034
3020
3032
2983
3094
3135
2973
3044
3010
3027
3079
3068
3108
3066
2978
3039
3042
3017
3005
3070
3085
3154
3079
3011
3044
3074
3092
3041
3094
3058
3070
2968
2916
2978
3100
3027
3019
3053
2997
3141
3017
3067
2928
3054
2972
3004
3025
3026
2970
2970
3219
3069
3053
3008
3055
3058
3017
3032
3135
2957
2866
3037
3084
2985
2995
3072
2858
3026
2955
2883
2990
2870
2947
2905
2934
2881
2933
2859
2902
2947
2927
2900
2894
2873
2959
2909
2829
2884
2922
2852
2919
2856
2838
2873
2832
2794
2895
2851
2801
2963
2836
2863
2850
2836
2893
2866
2911
2914
2915
2860
2890
2858
2958
2893
2873
2862
2921
2945
2950
2943
2939
2896
2946
2873
2930
2980
2948
2840
2862
2976
2896
2874
2854
2876
2885
2856
2772
2795
2813
2862
2847
2998
2865
2835
2883
2810
2878
2892
2880
2785
2892
2890
2824
2815
2782
2823
2800
2837
2864
2934
2776
2751
2869
2804
2764
2932
2865
2766
2865
2889
2809
2872
2829
2886
2851
2905
3016
2899
2849
2854
2842
2867
2906
2842
2865
2966
2844
2858
2860
2901
2937
2815
2877
2821
2835
2868
2820
2923
2888
2936
2715
2842
2852
2834
2882
2854
2935
2772
2734
2736
2686
2856
2797
2843
2770
2765
2771
2769
2822
2843
2952
2919
2848
2917
2846
3017
2859
2867
2939
2963
2799
2871
2857
2878
2903
2924
2867
2907
2810
2897
2797
2905
2853
2767
2857
2840
2809
2857
2748
2892
2752
2774
2814
2861
2877
2851
2807
2802
2814
2803
2840
2791
2793
2767
2865
2979
2888
2902
2988
2822
2933
2890
2920
2913
2880
2844
2884
2930
2992
2884
3003
2954
2881
2912
2804
2833
2833
2856
2820
2772
2880
2760
2825
2821
2762
2849
2812
2845
2952
2815
2894
2788
2786
2829
2798
2858
2898
2734
2723
2800
2874
2776
2829
2810
2751
2826
2786
2834
2763
2868
2898
2903
2882
2849
2854
2909
2924
2833
2841
2947
2876
2916
2937
2883
2923
2919
2985
2870
2869
2909
2914
2860
2961
2905
2887
2860
2865
2890
2981
3034
2868
2847
2817
2900
2973
2788
2850
2912
2862
2885
2895
2929
2850
2959
2876
2923
2946
2900
2933
2952
2733
2868
2880
2837
2875
2933
2871
3019
2886
2799
2938
3019
2892
2874
2965
3023
2956
2900
2940
2930
2936
2958
2850
2947
3006
3061
3016
3183
2963
2963
3089
3053
2974
3014
3058
3089
3041
3023
3009
3113
2967
3063
3090
3002
3021
3064
2997
3077
2997
3095
3004
3058
3075
3066
3138
3050
2993
3047
3017
2991
2962
3042
2951
3061
3020
2949
2976
3069
3034
3031
3096
3048
2983
2986
3023
3124
3040
3045
3119
3066
2987
3070
3001
3145
3094
3011
3079
2983
3079
3060
3185
2964
3075
3075
3026
3072
3072
3061
3022
3121
2998
3020
3055
3104
3003
3056
3093
3130
3011
3086
3021
3090
3025
3083
2930
3111
3084
3099
3135
3098
3133
3070
3083
3062
3077
3038
3185
3080
3040
3007
3069
3016
3081
3041
3175
3047
3022
3113
2988
3029
2992
3005
2978
3108
3034
3114
3093
3061
3105
3047
2909
2963
3145
3149
2985
3075
3009
2967
3032
3014
3031
3068
3099
3084
3067
3076
3018
3154
3020
3135
3098
3067
3053
3025
3086
3108
3040
3036
2932
2924
3018
3099
3018
3062
3120
3094
3025
3078
2976
3004
3110
3108
3068
2976
3043
2926
3004
3060
3102
2991
3035
2931
3073
3083
2953
2963
3058
3021
3111
3070
3008
3072
3023
2993
3060
3071
3038
3040
2917
2963
3004
2888
2983
2888
2949
2909
2913
2813
2910
2870
2899
2895
2894
2898
2872
2888
2807
2877
2824
2926
2860
2867
2990
2969
2900
2824
2857
2863
2949
2845
2879
2883
2895
2885
2844
2862
2886
2892
2890
2852
2870
2815
2856
2916
3057
2943
2869
2875
2967
2994
2956
2981
2899
2870
2919
2938
2918
3018
2918
2909
2966
2782
2884
2824
2943
2888
2824
2838
2939
2924
2990
2840
2774
2840
2809
2877
2801
2851
2820
2907
2796
2820
2827
2823
2832
2812
2847
2825
2911
2881
2818
2896
2801
2825
2951
2766
2819
2903
2827
2815
2903
2915
2875
2886
2903
2855
2871
2851
2865
2927
2820
2790
2868
2925
2765
2881
2861
2875
2835
2796
2850
2830
2897
2976
2908
2841
2852
2857
2937
2870
2841
2856
2848
2917
2870
2854
2891
2884
2950
2737
2803
2840
2877
2850
2886
2732
2757
2830
2758
2775
2784
2790
2867
2815
2786
2917
2800
3008
2866
2828
2839
2920
2910
2896
2932
2865
2926
2930
2884
2933
2758
2942
2802
2837
2898
2945
2844
2837
2812
2812
2860
2802
2909
2780
2818
2883
2792
2822
2815
2738
2804
2776
2791
2726
2825
2891
2821
2833
2876
2874
2863
2816
2855
2839
2812
2824
2899
2835
2875
2854
2828
2910
2864
2915
2869
2826
2888
2793
2892
2827
2849
2847
2902
2885
2886
2846
2869
2870
2764
2794
2795
2846
2882
2865
2830
2818
2824
2879
2843
2743
2738
2939
2814
2856
2839
2756
2866
2859
2777
2777
2860
2944
2748
2735
2823
2927
2808
2776
2940
2875
2848
2790
2945
2821
2844
2811
2921
2847
2930
2959
2822
2885
2906
2845
2885
2945
2852
2882
2801
2880
2810
2914
2832
2950
2967
2854
2851
2851
2843
2844
2828
2834
2918
2886
2852
2758
2824
2899
2966
2859
2856
2954
2911
2837
2886
2926
2844
2929
2793
2944
2878
2880
2817
2887
2786
2846
2995
2929
3009
2940
2846
2983
2910
2847
2853
2857
2948
2938
2963
3008
2949
2866
2989
2975
2970
2956
3000
2916
2985
3102
3037
3101
3024
2937
2921
3094
3055
3107
2994
3051
2988
3036
3009
2979
3093
2959
3058
2956
3036
3028
3100
3093
3069
3019
3104
3102
3007
3039
3113
3011
2947
3041
3019
2982
3132
3084
3054
3075
3109
3135
3078
3111
3031
2989
3104
3075
3029
3044
3023
2994
3063
3101
3089
3088
3123
3083
2987
3086
2978
3059
2997
2959
3117
3123
3061
3046
3087
3092
3068
3025
3090
3070
3085
3035
3013
