3010
3034
3016
2991
2999
3059
2898
3041
3004
2954
3072
3008
3047
3053
3046
3016
3067
3054
2980
3076
3077
3076
3021
3034
3108
3071
3099
3184
3057
3035
3092
2958
3026
3094
3054
3076
3071
2946
3028
3086
3053
3104
2901
3032
3098
2997
3099
3156
3048
3081
3081
3087
3005
3049
2933
3012
3000
3015
2972
3050
3098
3069
3069
3087
2955
3015
3029
3065
3045
3049
3013
2964
2952
2967
3036
3000
2940
3040
3003
2982
3037
2963
3052
3002
2976
2948
2956
2966
2978
2975
2905
2918
2925
2858
2885
2913
2848
2929
2954
2816
2843
2903
2961
2849
2856
2838
2898
2942
2939
3039
2771
2855
2802
2854
2951
2863
2905
2804
2821
2850
2795
2904
2909
2919
2807
2853
2962
2899
2880
2845
2945
2926
2923
2949
2988
2929
3036
2880
2941
2947
2902
2926
2796
2915
2882
2905
2958
2921
2753
2925
2888
2837
2872
2837
2940
2778
2907
2779
2820
2836
2834
2796
2787
2820
2808
2786
2844
2878
2831
2745
2852
2876
2850
2714
2790
2756
2799
2807
2756
2755
2902
2815
2815
2858
2875
2824
2811
2929
2872
2910
2889
2777
2865
2809
2830
2961
2857
2822
2885
2870
2850
2832
2828
2854
2910
2836
2900
2942
2847
2820
2843
2833
2912
2828
2896
2809
2839
2837
2785
2722
2787
2761
2785
2823
2850
2773
2843
2751
2769
2879
2841
2834
2803
2787
2812
2750
2819
2821
2770
2838
2801
2870
2879
2812
2806
2904
2938
2827
2829
2886
2866
2761
2822
2846
2887
2755
2851
2872
2747
2797
2771
2758
2815
2822
2838
2808
2823
2795
2831
2811
2796
2767
2742
2788
2877
2790
2685
2813
2847
2836
2823
2856
2880
2832
3040
2908
2869
2823
2893
2827
2864
2885
2856
2960
2888
2833
2763
2866
2924
2892
2875
2870
2875
2798
3050
2843
2870
2876
2921
2818
2762
2871
2858
2869
2850
2771
2915
2793
2786
2849
2862
2848
2787
2810
2819
2843
2766
2904
2831
2768
2747
2872
2848
2884
2823
2920
2873
2798
2977
2822
2835
2957
2852
2797
2956
2964
2933
2939
2947
2849
2842
2895
2922
2929
3004
2981
2970
2897
2950
2832
2798
2848
2899
2949
2922
2841
2850
2891
2860
2889
2894
2895
2889
2913
2800
2910
2918
2898
2952
2874
2889
2909
2842
2920
2939
2902
2913
2961
2912
2911
2789
2878
2797
2877
2886
2896
2801
2817
2923
2853
2946
2873
2897
2872
2914
3001
2899
2910
2885
2959
2945
2959
2919
3010
2960
3007
3086
3043
2943
2944
3088
2958
3025
3060
3072
2951
3023
3055
3056
3101
3021
2940
3027
3095
2966
3036
3033
3006
3062
3102
3155
3076
3025
3084
3100
3096
3066
2984
3047
3066
3022
3069
3070
3124
3041
3080
2988
2977
3139
3137
3034
2960
3080
3061
3090
3083
3083
3042
3042
3166
3030
3103
3005
3033
3050
3016
3015
3068
2997
2985
2992
3094
3082
2978
3094
2981
2986
3048
3063
3164
2988
3135
3022
3051
3038
3035
3014
2969
3029
2968
3097
2970
3025
3014
2999
2960
3008
3040
3011
3124
3063
3061
2938
3005
3018
3072
3072
3095
3073
2985
3089
3108
2999
3040
3125
3004
3066
3083
3061
3027
3058
2962
3125
3081
3008
3061
3036
3129
3027
2949
3053
2968
3109
2996
2991
3083
3009
3047
3022
2973
2974
3052
3076
3062
2978
3065
3098
3009
3010
3033
3010
3093
2964
3039
3095
3014
2971
2945
3046
3057
3043
3060
3079
3083
3007
3034
3046
3015
2987
3085
3023
2968
3074
2977
3161
3112
2999
3038
3042
3013
2992
3051
3021
3009
3058
3005
3077
3102
2968
3093
2971
3017
2983
2999
2984
2958
3025
2901
2970
2909
2953
2958
2990
2970
2900
2935
2962
2862
2967
2980
2990
2902
2834
2859
2851
2880
2995
2817
2923
2793
2849
2950
2802
2891
2776
2853
2774
2894
2970
2894
2867
2835
2961
2824
2949
2864
2886
2900
2920
2926
2938
2888
2900
2856
2965
2839
2777
2901
2911
2881
2955
2913
2916
2906
2924
2851
2789
2896
2991
2892
2886
2869
2794
2837
2977
2956
2916
2838
2905
2889
2830
2936
2933
2908
2847
2825
2830
2787
2819
2912
2831
2758
2799
2741
2867
2845
2743
2819
2775
2827
2838
2827
2824
2766
2823
2807
2813
2829
2833
2791
2829
2831
2773
2826
2752
2781
2831
2826
2903
2942
2889
2844
2827
2857
2934
2764
2845
2845
2843
2869
2866
2834
2936
2853
2934
2941
2964
2867
2899
2837
2988
2885
2820
2897
2779
2838
2770
2894
2860
2780
2701
2829
2811
2758
2795
2854
2845
2819
2786
2870
2852
2862
2827
2712
2774
2798
2904
2823
2804
2851
2798
2949
2935
2796
2860
2902
2896
2830
2914
2844
2925
2778
2913
2794
2787
2782
2730
2813
2753
2824
2749
2907
2871
2718
2841
2694
2820
2845
2746
2747
2743
2717
2838
2761
2879
2849
2801
2903
2867
2873
2898
2836
2857
2879
2855
2789
2860
2832
2972
2890
2866
2792
2905
2832
2824
2790
2896
2912
2859
2842
2880
2860
2817
2878
2929
2864
2844
2732
2917
2870
2759
2861
2860
2804
2843
2902
2822
2782
2828
2789
2807
2742
2869
2792
2774
2679
2808
2806
2843
2817
2798
2806
2785
2772
2838
2824
2786
2880
2818
2809
2875
2899
2874
2894
2923
2859
2862
2886
2984
2946
2873
2815
2854
2914
2917
2852
2876
2916
2940
2867
2864
2920
2870
2926
2890
2957
2915
2821
2905
2964
2828
2894
2870
2804
2899
2910
2801
2887
2955
2862
2805
2957
2827
2975
2877
2844
2864
2897
2900
2999
2861
2905
2918
2823
2885
2936
2885
2918
2976
2908
2974
2846
2881
2896
2913
2960
3014
2971
2967
2863
2969
3025
2901
2990
3052
2942
2986
3041
2984
3004
3005
3074
2976
2945
3080
3018
2954
3018
3024
3075
3083
2981
3027
3060
3011
3072
2939
3031
3028
3025
3052
2971
2985
3068
3050
3105
3076
3020
2975
3007
3039
2972
3016
3000
3119
3030
3006
3199
3056
3016
3135
3085
3048
3035
3082
3038
3111
3064
3118
3038
3057
3006
3048
3030
2995
3021
2990
2966
3037
3039
3070
3076
2961
3016
3049
3024
2998
3072
3143
3038
2977
3053
3149
