4732
4735
4737
4765
4691
4742
4699
4631
4712
4727
4692
4615
4652
4697
4967
4647
4731
4719
4770
4695
4776
4755
4804
4756
4844
4697
4667
4710
4740
4726
4713
4781
4682
4663
4726
4674
4689
4781
4745
4779
4724
4756
4678
4676
4747
4695
4691
4667
4735
4774
4634
4602
4577
4572
4615
4684
4775
4660
4689
4707
4670
4623
4521
4476
4447
4337
4427
4161
4281
4290
4126
4123
4183
4122
4061
4086
4036
3970
4040
3955
4064
4112
4163
4061
4027
4067
4182
4223
4221
4191
4407
4288
4264
4386
4457
4306
4418
4529
4559
4444
4448
4574
4512
4464
4514
4570
4524
4563
4570
4693
4535
4570
4560
4551
4698
4674
4658
4597
4635
4640
4647
4774
4645
4721
4571
4639
4648
4635
4628
4702
4641
4516
4773
4665
4596
4690
4679
4496
4408
4453
4368
4311
4252
4164
4098
4198
4084
4042
4230
4198
4071
4132
4233
4151
4148
4245
4151
4359
4396
4369
4389
4547
4370
4504
4477
4568
4574
4575
4534
4549
4598
4629
4595
4587
4577
4646
4793
4587
4516
4665
4749
4645
4773
4701
4793
4703
4557
4734
4721
4766
4611
4580
4747
4655
4749
4706
4761
4659
4742
4602
4720
4600
4570
4681
4573
4702
4568
4713
4626
4750
4602
4766
4539
4415
4355
4328
4393
4355
4219
4198
4320
4222
4322
4280
4384
4472
4371
4514
4540
4617
4580
4545
4585
4595
4593
4793
4620
4700
4805
4740
4793
4662
4665
4733
4737
4771
4739
4737
4731
4592
4748
4720
4667
4759
4700
4717
4667
4588
4640
4627
4629
4561
4530
4735
4611
4392
4532
4447
4408
4296
4451
4158
4272
4259
4187
4138
4313
4327
4432
4295
4559
4714
4531
4561
4753
4711
4581
4824
4702
4622
4637
4722
4762
4614
4743
4632
4685
4627
4642
4715
4845
4690
4606
4723
4729
4784
4747
4666
4692
4656
4693
4744
4596
4780
4639
4542
4746
4670
4724
4683
4800
4668
4633
4606
4571
4526
4580
4595
4582
4549
4574
4463
4460
4396
4503
4364
4255
4326
4292
4183
4196
4185
4045
3941
4166
4142
4017
4231
4219
4180
4250
4347
4426
4427
4433
4471
4606
4529
4688
4578
4652
4573
4630
4653
4654
4737
4649
4696
4564
4598
4684
4694
4577
4743
4731
4587
4730
4625
4780
4660
4724
4694
4617
4725
4624
4633
4536
4566
4678
4646
4585
4554
4536
4602
4528
4543
4487
4481
4473
4533
4307
4432
4300
4317
4292
4329
4337
4217
4163
4200
4222
4058
4006
4054
4060
4064
3995
4003
4027
4004
4011
4108
4067
4140
4085
4266
4262
4465
4385
4363
4363
4507
4550
4637
4611
4610
4666
4595
4633
4557
4641
4717
4769
4689
4677
4663
4801
4767
4720
4755
4757
4534
4750
4767
4749
4873
4865
4621
4759
4706
4704
4667
4778
4683
4746
4710
4642
4719
4803
4821
4672
4673
4701
4685
4778
4708
4573
4706
4855
4658
4787
4574
4670
4650
4741
4661
4772
4718
4768
4645
4731
4758
4803
4714
4787
4710
4618
4632
4755
4707
4657
4699
4714
4763
4632
4744
4634
4764
4723
4680
4661
4722
4679
4799
4806
4739
4790
4750
4713
4743
4597
4637
4810
4761
4755
4615
4774
4880
4759
4683
4684
4644
4689
4644
4623
4686
4698
4790
4863
4773
4677
4878
4594
4732
4680
4755
4677
4787
4660
4648
4692
4658
4816
4666
4702
4643
4735
4693
4703
4706
4762
4743
4731
4669
4709
4640
4796
4850
4616
4843
4761
4637
4619
4740
4697
4634
4803
4675
4771
4657
4609
4677
4742
4697
4516
4582
4489
4643
4533
4418
4467
4474
4492
4397
4272
4252
4239
4133
4154
4160
4025
4037
3964
3972
4101
3958
4031
4039
3931
4092
4043
4168
4197
4246
4123
4400
4321
4240
4310
4271
4439
4405
4404
4457
4468
4457
4444
4547
4534
4537
4575
4475
4697
4632
4646
4602
4649
4720
4608
4734
4513
4567
4617
4752
4580
4721
4613
4556
4776
4639
4576
4574
4775
4642
4561
4694
4662
4644
4738
4801
4745
4552
4563
4606
4595
4575
4496
4395
4445
4269
4344
4273
4074
4251
4283
4156
4172
4041
4155
4116
4003
4138
4200
4207
4243
4407
4388
4221
4353
4448
4481
4471
4485
4599
4478
4555
4637
4590
4511
4550
4606
4569
4759
4515
4718
4695
4658
4655
4663
4708
4858
4732
4702
4722
4636
4671
4678
4738
4746
4666
4756
4688
4589
4726
4689
4650
4654
4842
4640
4626
4816
4780
4636
4586
4533
4634
4651
4665
4598
4599
4517
4532
4326
4296
4318
4388
4192
4090
4249
4213
4327
4334
4309
4485
4388
4508
4521
4450
4530
4533
4679
4625
4616
4583
4701
4609
4649
4707
4570
4580
4689
4655
4616
4585
4571
4611
4656
4618
4666
4751
4670
4586
4682
4602
4738
4722
4629
4702
4671
4646
4693
4710
4580
4425
4579
4416
4585
4397
4257
4243
4353
4269
4318
4310
4218
4231
4392
4450
4431
4502
4541
4563
4427
4531
4585
4672
4598
4656
4537
4604
4767
4548
4666
4644
4720
4665
4630
4734
4632
4740
4662
4775
4780
4818
4612
4758
4679
4710
4583
4673
4690
4608
4633
4623
4716
4668
4629
4719
4733
4665
4577
4634
4590
4555
4411
4403
4561
4485
4584
4558
4459
4419
4487
4331
4284
4363
4293
4211
4204
4170
4115
4045
4095
4216
4141
4080
4026
4056
4202
4319
4248
4299
4367
4532
4478
4567
4481
4562
4609
4724
4554
4655
4783
4664
4710
4626
4693
4643
4581
4732
4662
4710
4621
4668
4533
4753
4584
4582
4760
4606
4696
4688
4754
4529
4595
4447
4646
4642
4665
4521
4438
4600
4569
4381
4434
4459
4308
4304
4391
4293
4345
4221
4270
4250
4171
4290
4328
4194
4096
4090
4095
4138
4039
4077
4046
4043
4061
4035
4108
4116
4130
4140
4250
4296
4263
4367
4409
4452
4462
4617
4491
4606
4694
4715
4612
4669
4640
4667
4612
4659
4638
4743
4572
4752
4718
4730
4818
4585
4643
4847
4580
4665
4650
4766
4757
4615
4724
4749
4715
4753
4810
4773
4643
4791
4700
4766
4725
4748
4693
4731
4671
4687
4638
4690
4736
4695
4822
4926
4656
4812
4661
4676
4685
4660
4766
4702
4629
4759
4688
4686
4572
4915
4663
