5008
5016
5016
5039
4962
5094
5109
5067
5084
5123
5029
5078
5022
5030
5053
4909
5133
5087
5077
5136
5167
5046
5090
5093
5085
4870
4863
5040
5166
5026
5043
4907
5075
4984
5024
4959
5143
4987
5056
5142
4985
5049
5040
5026
4999
5009
5088
5073
5194
5088
5083
4993
5114
5108
5033
5068
5050
5068
4912
5070
5135
5104
5041
5109
5086
4983
5030
4988
4977
5002
5108
4975
4966
5116
4921
5035
5026
5072
5049
4870
5031
4939
4907
5000
4832
5051
4897
4808
4740
4963
4925
4749
4781
4858
4822
4813
4790
4885
4828
4914
4760
4880
4733
4904
4868
4901
4907
4797
4865
4706
4842
4886
4625
4796
4740
4850
4865
4864
4771
4746
4814
4614
4841
4885
4851
4762
4831
4833
4819
4739
4896
4862
4839
4911
4854
4811
4780
4721
4869
4815
4844
4812
4771
4872
4768
4747
4831
4785
4768
4792
4775
4722
4777
4770
4767
4558
4656
4635
4759
4755
4847
4714
4578
4721
4637
4780
4711
4650
4777
4701
4931
4724
4721
4760
4793
4620
4704
4761
4757
4753
4761
4639
4774
4824
4772
4755
4717
4779
4664
4676
4723
4718
4807
4729
4791
4852
4721
4674
4580
4695
4852
4751
4831
4705
4751
4715
4755
4627
4832
4730
4764
4871
4783
4712
4886
4770
4770
4738
4693
4680
4656
4747
4583
4642
4600
4673
4650
4536
4522
4578
4637
4592
4689
4678
4692
4669
4749
4623
4839
4675
4579
4640
4759
4673
4670
4741
4750
4808
4711
4794
4742
4802
4768
4792
4761
4831
4744
4686
4741
4758
4686
4683
4733
4595
4679
4664
4580
4594
4641
4571
4553
4523
4651
4721
4613
4645
4687
4731
4789
4716
4702
4758
4602
4614
4775
4760
4667
4849
4819
4771
4821
4794
4806
4693
4751
4673
4710
4863
4740
4714
4773
4795
4697
4772
4906
4636
4744
4755
4755
4676
4803
4756
4698
4771
4721
4635
4660
4633
4782
4727
4772
4663
4624
4694
4774
4628
4609
4561
4690
4610
4724
4760
4666
4707
4573
4758
4671
4649
4753
4820
4730
4771
4834
4796
4771
4763
4774
4871
4829
4721
4945
4804
4954
4801
4851
4869
4856
4804
4803
4760
4779
4807
4731
4809
4839
4840
4767
4829
4707
4898
4943
4802
4719
4764
4861
4768
4793
4854
4742
4794
4874
4729
4761
4788
4876
4824
4756
4828
4844
4801
4736
4748
4824
4761
4829
4785
4805
4802
4825
4850
4822
4847
4739
4752
4852
4779
4872
4911
4791
4838
4909
4832
5043
4997
4827
5053
5022
5033
4924
4991
5090
5083
5106
4980
5095
5111
5135
4958
4957
5014
5074
5096
5098
5010
5028
5024
5061
5136
5042
5053
4893
5030
5168
4948
5028
4999
5078
5093
5142
5009
5133
5007
5095
5001
5083
5055
5098
5039
4996
4880
5088
5053
5001
5048
5079
5102
5093
4979
4991
5087
5102
5014
5093
5051
5122
4947
4921
5066
4984
5075
5011
5074
4967
5114
5209
5032
5129
5094
4977
5046
5075
5057
5088
5048
5023
5026
4873
5048
4987
5013
5062
5067
5088
5041
5133
5014
5048
5089
5024
5004
5150
5031
5085
5009
5034
5085
4995
5171
5003
4948
5048
5106
5091
5033
5008
5088
5041
5101
5057
4944
5020
5101
5090
5088
5121
5092
4994
5045
5057
5140
5016
4966
5084
4978
4997
5083
4982
5028
4943
5101
5109
4976
5192
5116
5137
5071
5093
4994
5094
5116
5021
5101
5100
5051
5051
5071
5133
5010
5022
5068
5188
5024
5088
5088
5077
4949
4999
4954
5231
4999
5030
4988
4934
4964
5074
4950
5104
4984
5009
5064
5136
4923
5072
5085
4974
4888
5210
4906
4919
5073
5011
4878
5104
4927
4965
5026
5005
4892
5003
4870
4871
4924
4773
4821
4903
4882
4788
4916
4843
4796
4768
4805
4795
4823
4744
4763
4840
4799
4813
4896
4847
4778
4782
4756
4942
4890
4808
4887
4789
4803
4821
4818
4759
4819
4765
4850
4882
4754
4889
4797
4773
4879
4812
4740
4724
4816
4833
4813
4732
4920
4871
4806
4738
4905
4753
4826
4811
4779
4862
4791
4836
4827
4806
4646
4778
4874
4654
4767
4787
4840
4748
4681
4882
4654
4704
4689
4697
4625
4752
4708
4710
4726
4683
4620
4644
4646
4720
4758
4587
4650
4730
4716
4698
4667
4704
4669
4725
4719
4760
4673
4756
4724
4711
4716
4808
4774
4799
4730
4623
4592
4752
4753
4723
4863
4796
4831
4816
4716
4671
4703
4726
4642
4791
4613
4801
4642
4820
4740
4758
4681
4550
4656
4791
4722
4741
4679
4653
4797
4759
4608
4625
4687
4597
4539
4746
4691
4486
4552
4681
4665
4639
4673
4656
4655
4645
4709
4640
4714
4722
4712
4811
4722
4782
4733
4740
4825
4705
4793
4716
4779
4820
4644
4673
4763
4581
4704
4591
4679
4695
4588
4636
4699
4648
4666
4516
4643
4581
4621
4577
4551
4569
4627
4526
4729
4660
4748
4676
4714
4704
4796
4800
4869
4705
4928
4697
4697
4753
4703
4803
4793
4684
4738
4732
4710
4759
4745
4731
4688
4750
4765
4830
4720
4697
4699
4581
4560
4652
4712
4790
4746
4682
4709
4625
4745
4593
4638
4708
4664
4701
4670
4613
4688
4600
4575
4684
4616
4705
4531
4607
4681
4664
4643
4614
4726
4690
4701
4635
4756
4734
4749
4840
4757
4753
4787
4811
4687
4688
4855
4744
4803
4701
4658
4720
4752
4797
4743
4804
4936
4784
4720
4850
4899
4804
4777
4875
4873
4829
4829
4760
4700
4799
4805
4825
4809
4680
4746
4818
4779
4845
4763
4787
4805
4746
4740
4859
4804
4786
4826
4885
4665
4842
4844
4689
4789
4812
4755
4869
4741
4908
4918
4803
4801
4852
4736
4968
4901
4931
4944
4875
4914
4813
4955
4971
5003
4936
4979
5005
5008
4998
4971
5065
4994
5089
5015
4896
4984
5047
5084
4909
5015
5038
5026
5122
5053
5065
5109
4980
5004
5001
5090
5092
5007
5068
5087
5047
4980
5141
5027
4897
5043
4953
4991
5171
4959
5193
4986
5006
5046
5107
5025
4984
5099
5157
4964
5063
4893
5160
5091
5182
4947
5132
5140
4984
5118
5203
4998
5036
5087
5129
5057
5097
5071
5015
4996
4994
5053
5054
5101
5059
4906
5165
5202
5050
