4067
4166
4079
4135
3891
4103
3970
4137
4042
4137
3916
4012
3924
4141
4098
4095
4012
4047
4121
3997
4007
4143
4105
4140
4028
3999
4043
4035
4118
4062
4067
4108
4168
4027
4111
4098
4041
4033
4049
4089
4070
4097
3930
4059
4076
4053
4001
4000
4011
3996
4194
4017
4124
4110
3936
4038
4150
4090
4090
4142
3958
4020
4041
4056
4053
3938
4015
4164
3937
4046
3876
4014
4031
4111
4038
4067
4025
3973
3925
4082
3935
3990
3885
3939
3910
3941
3756
3905
3911
3852
3982
3848
3854
3908
3792
3807
3902
3771
3964
3887
3863
3908
3938
3881
3886
3923
3850
3837
3859
3816
3939
3768
3804
3728
3871
3907
3813
3820
3879
3885
3900
3876
3696
3887
3805
4010
3860
3993
3831
3934
3846
3809
3861
3856
3821
3889
3871
3909
3768
3864
3922
3793
3858
3804
3871
3828
3803
3855
3836
3807
3780
3855
3869
3856
3778
3838
3823
3834
3801
3759
3782
3829
3737
3695
3740
3707
3752
3692
3695
3802
3773
3769
3782
3797
3799
3748
3882
3760
3774
3722
3942
3653
3860
3871
3825
3686
3739
3768
3779
3739
3786
3781
3673
3865
3794
3889
3783
3805
3881
3862
3850
3704
3796
3778
3827
3911
3849
3768
3768
3806
3723
3784
3804
3730
3845
3723
3787
3734
3718
3766
3757
3700
3737
3807
3823
3754
3733
3680
3766
3782
3732
3758
3630
3788
3795
3657
3651
3789
3804
3757
3816
3919
3807
3873
3673
3903
3760
3882
3769
3821
3776
3739
3697
3783
3779
3775
3785
3752
3762
3704
3731
3731
3816
3668
3742
3725
3671
3675
3774
3716
3733
3592
3635
3747
3820
3692
3838
3725
3831
3792
3769
3790
3814
3680
3775
3886
3755
3825
3794
3907
3886
3839
3764
3859
3832
3902
3851
3729
3689
3872
3794
3772
3768
3638
3760
3677
3896
3859
3754
3776
3740
3832
3725
3808
3882
3693
3734
3820
3834
3811
3722
3753
3698
3723
3735
3704
3805
3720
3836
3864
3821
3781
3713
3688
3727
3765
3740
3700
3892
3702
3796
3771
3769
3897
3806
3733
3892
3923
3829
3828
3754
3814
3857
3780
3925
3883
3810
3900
3819
3909
3848
3860
3902
3928
3789
3757
3810
3851
3918
3933
3883
3832
3936
3784
3843
3783
3756
3882
3932
3852
3812
3811
3737
3847
3843
3867
3907
3942
3819
3876
3831
3880
3810
3958
3802
3676
3916
3924
3866
3882
3762
3928
3785
3838
3893
3827
3922
3933
3902
3946
3905
3970
3934
4028
3823
3880
3955
4012
4023
4068
4072
4066
4002
3977
3979
4048
4105
4015
3990
3993
4037
4048
3962
3942
4079
4048
4053
3973
4062
3927
4119
4016
3994
3996
4061
4092
4045
4023
4120
4122
4094
4064
4041
3858
4087
4146
4041
4007
4033
4007
4139
4120
4023
3976
4038
3952
4125
4015
4040
3942
4101
4046
4001
4028
3955
4133
4084
4138
4003
3980
4054
4012
4028
4056
3983
4102
4035
4089
4027
4078
3998
4044
4064
3965
4134
3869
4137
4116
4061
4230
4004
4056
4098
4006
4046
3974
4070
4012
3939
4043
4026
3975
3986
4093
3911
4075
4082
4083
4132
4044
3955
4215
4034
4058
3921
4077
3980
3962
4061
4040
4060
3999
4068
4061
3984
4075
4052
4065
3949
4040
4083
4051
4126
4152
3965
4029
4221
4067
4055
3954
3978
4035
3996
4064
3989
4007
3978
4043
3979
4098
3903
3991
3989
4045
4053
3998
4140
3940
3985
3978
3961
4060
4037
4031
3959
4004
3939
4003
4072
4137
4061
4065
4096
3983
4112
3983
4052
4076
4001
3983
3918
4035
4043
4016
3960
4035
4023
4068
4129
4024
4119
3865
4031
3956
3964
4002
4079
3985
3877
3977
3893
3988
3926
3956
3951
3775
3977
3849
3768
3903
3756
3941
4010
3850
3772
3749
3850
3818
3819
3868
3846
3812
3836
3798
3893
3853
3862
3812
3837
3900
3867
3807
3859
3891
3774
3837
3808
3844
3894
3840
3852
3993
3924
3850
3880
3884
3834
3817
3793
3787
3901
3837
3914
4014
3949
3847
3877
3842
3921
3883
3888
3813
3769
3937
3821
3878
3871
3940
3863
3728
3867
3837
3913
3739
3909
3841
3683
3741
3685
3639
3775
3750
3799
3776
3724
3850
3758
3719
3820
3742
3793
3677
3705
3818
3727
3710
3793
3871
3817
3673
3884
3830
3745
3774
3799
3684
3875
3757
3784
3774
3775
3922
3881
3858
3793
3848
3863
3860
3816
3799
3793
3786
3772
3769
3747
3695
3823
3800
3856
3881
3948
3806
3852
3761
3860
3837
3731
3618
3770
3804
3740
3695
3662
3765
3661
3771
3722
3707
3695
3827
3746
3800
3772
3770
3684
3629
3718
3751
3811
3687
3729
3778
3848
3842
3878
3882
3811
3818
3851
3831
3748
3771
3670
3768
3842
3750
3847
3733
3789
3757
3721
3645
3751
3760
3734
3675
3734
3759
3613
3620
3705
3701
3792
3725
3726
3636
3735
3794
3715
3890
3761
3793
3834
3784
3840
3692
3754
3853
3840
3789
3767
3848
3868
3809
3693
3737
3763
3813
3688
3756
3836
3707
3765
3734
3767
3793
3820
3872
3813
3800
3657
3831
3798
3739
3693
3757
3833
3747
3783
3650
3747
3706
3759
3728
3662
3754
3714
3871
3833
3744
3716
3828
3736
3819
3858
3811
3738
3836
3846
3727
3886
3829
3796
3922
3876
3809
3802
3871
3896
3746
3786
3966
3927
3784
3807
3786
3864
3810
3791
3854
3843
3818
3997
3849
3922
3769
3767
3955
3852
3851
3877
3983
3935
3772
3771
3860
3722
3783
3854
3775
3914
3869
3952
3893
3858
3779
3888
3837
3825
3977
3806
3870
3851
3893
3822
3863
3995
3821
3928
3788
3828
3912
3878
3888
3860
3881
3930
4000
3890
3980
4061
3972
4064
4088
4007
4009
4068
3938
3936
4124
4000
4065
4132
4068
3957
4065
3989
3986
3969
4089
3998
4108
4030
3962
4054
4076
4111
3986
3953
3983
3970
4069
4098
4026
4016
3929
4009
4082
4035
4067
4127
3915
4046
3978
4121
4052
4003
4081
4064
4133
4106
3958
4089
3967
4006
4121
3999
3926
4130
4068
3987
4033
4009
3937
4049
3978
4078
4086
3984
3999
4085
3982
4089
4113
4043
4011
4079
4079
4008
3988
4028
4040
4010
