5019
5018
4920
5114
5027
5043
5102
5023
5076
5110
5075
5133
5076
5064
4936
5146
5017
5035
5064
5000
5099
4930
5029
5107
5050
5127
5075
5063
5174
4953
5110
5048
4970
5070
5099
5089
5150
5093
5161
5073
4971
4956
5026
5037
5137
5130
5180
4992
5110
5095
4996
5051
5017
4986
5066
5192
5010
5029
5164
5106
4996
5029
5025
5033
5105
4990
5154
5207
4962
5040
4997
5068
5049
4969
5032
5033
4893
4883
5013
4903
4944
4998
4940
5089
4938
4821
4830
4920
4955
4901
4846
4873
4927
4862
4762
4903
4799
4915
4823
4766
4800
4772
4866
4848
4792
4867
4857
4715
4879
4745
4816
4917
4897
4760
4839
4796
4876
4858
4878
4830
4719
4727
4837
4854
4858
4836
4826
4827
4845
4783
4831
4895
4965
4827
4898
4845
4904
4826
4793
4823
4818
4761
4797
4791
4812
4776
4749
4730
4677
4755
4835
4750
4681
4789
4700
4845
4796
4831
4652
4650
4742
4755
4579
4634
4797
4861
4603
4715
4602
4800
4720
4589
4660
4673
4663
4751
4633
4629
4680
4693
4828
4750
4725
4734
4684
4677
4628
4813
4741
4713
4712
4590
4818
4871
4758
4727
4675
4826
4721
4833
4734
4754
4772
4700
4679
4752
4763
4653
4740
4802
4849
4870
4753
4777
4735
4612
4727
4625
4767
4685
4772
4641
4607
4681
4587
4569
4710
4672
4719
4662
4728
4645
4612
4678
4784
4700
4612
4695
4639
4720
4693
4708
4690
4607
4711
4665
4704
4822
4742
4846
4840
4714
4669
4693
4788
4665
4706
4782
4544
4624
4741
4668
4727
4561
4511
4635
4700
4635
4670
4621
4594
4686
4545
4788
4730
4724
4581
4647
4721
4814
4798
4677
4771
4695
4828
4775
4713
4684
4695
4764
4782
4657
4823
4766
4686
4908
4759
4709
4675
4687
4677
4658
4764
4655
4816
4667
4641
4820
4777
4706
4741
4680
4653
4674
4759
4645
4701
4677
4744
4814
4728
4698
4720
4553
4715
4730
4705
4700
4648
4665
4501
4709
4690
4620
4867
4636
4801
4608
4631
4909
4800
4812
4759
4787
4836
4677
4798
4838
4788
4830
4894
4831
4757
4847
4833
4883
4923
4769
4776
4811
4895
4766
4717
4814
4850
4793
4771
4871
4745
4832
4961
4996
4791
4831
4897
4669
4852
4825
4805
4883
5014
4826
4827
4796
4866
4727
4799
4933
4809
4895
4852
4834
4773
4669
4872
4765
4903
4823
4769
4629
4901
4875
4940
4949
4790
4929
4839
4851
4821
4965
4825
4907
4964
4940
4947
5048
4902
5051
4947
4908
4943
5049
5147
5058
5024
5040
5054
5115
5075
5024
5035
5015
5009
5136
5109
5035
5086
5063
4965
4962
5178
5080
5098
5099
5069
5056
5051
5264
4898
5134
4948
5047
5033
5058
5144
5044
5120
5154
5167
5064
4950
4908
5003
5146
5084
5136
5034
4892
5042
5080
5176
4972
5156
5054
4973
5098
5151
5121
5173
5158
5049
5145
5151
5040
5071
4857
5021
5156
4967
5061
5038
5185
5186
5079
5163
5110
5052
4857
4948
4950
4914
5076
5167
5066
4962
5031
4986
5200
5063
5144
5102
4931
4975
5160
5098
5122
5039
5079
4985
5106
5068
5127
5160
5034
5001
5182
5168
4962
5011
5174
5142
5147
5039
5019
5023
5037
5125
5001
5115
5202
5143
5058
4963
5109
5066
5154
4931
4969
4921
4933
5029
5036
5100
5134
4978
5044
5070
4965
5060
5115
5156
4986
5087
5159
5039
5149
5021
5020
5034
5040
5029
5038
5061
5023
5073
5144
5078
5080
4928
5113
4970
5028
5106
5045
5010
4967
4982
5067
5117
5093
5036
5220
5085
5083
5001
5012
5089
4982
4929
5156
5027
5038
5102
5048
5040
4984
5060
4953
5018
4998
4939
4904
4934
4830
4850
4886
4914
4910
4819
4940
4845
4940
4794
4919
4916
4872
4828
4920
4847
4659
4779
4921
4870
4815
4809
4803
4824
4713
4871
4728
4787
4856
4826
4793
4797
4856
4921
4716
4668
4900
4772
4867
4790
4890
4815
4923
4811
4840
4794
4775
4814
4866
4746
4850
4762
4924
4768
4831
4769
4854
4795
4688
4772
4904
4844
4894
4757
4820
4919
4826
4769
4778
4665
4703
4734
4803
4740
4777
4762
4694
4770
4740
4617
4780
4668
4565
4633
4544
4710
4639
4715
4727
4677
4724
4603
4533
4673
4548
4667
4720
4683
4711
4745
4677
4806
4710
4606
4621
4743
4756
4809
4656
4767
4862
4719
4760
4731
4730
4654
4707
4767
4720
4686
4843
4616
4708
4662
4719
4666
4701
4749
4772
4641
4669
4603
4695
4654
4691
4787
4748
4643
4691
4634
4624
4636
4523
4625
4473
4727
4559
4604
4607
4640
4669
4679
4722
4741
4727
4666
4656
4689
4653
4914
4658
4702
4705
4684
4816
4846
4739
4595
4761
4708
4620
4739
4668
4648
4600
4598
4573
4633
4628
4646
4589
4653
4593
4648
4552
4547
4640
4596
4711
4598
4674
4689
4538
4709
4645
4840
4671
4688
4728
4761
4682
4732
4685
4809
4725
4786
4743
4643
4777
4666
4711
4784
4676
4703
4828
4842
4634
4738
4714
4618
4694
4694
4783
4840
4750
4732
4688
4612
4619
4625
4726
4717
4735
4807
4704
4791
4756
4664
4639
4757
4736
4719
4775
4671
4736
4673
4702
4732
4790
4648
4588
4646
4858
4734
4855
4716
4769
4795
4680
4676
4829
4824
4711
4769
4797
4754
4848
4818
4857
4810
4788
4720
4844
4784
4621
4901
4837
4796
4898
4950
4886
4866
4701
4759
4728
4865
4866
4862
4805
4760
4712
4766
4816
4787
4849
4878
4848
4890
4804
4765
4811
4774
4778
4793
4878
4822
4841
4720
4848
4812
4778
4879
4808
4696
4783
4873
4756
4800
4968
4902
4946
4929
4979
4935
4998
4910
4911
4943
5018
4927
5012
4936
5100
4966
5051
5016
5045
4984
5083
5059
5008
5033
4973
5130
5119
5025
5072
5020
4938
4961
5104
5087
5046
4937
5057
5217
5030
5012
5067
4811
5100
5030
5053
5052
5137
4914
5026
4989
5015
5118
5027
5027
5060
5034
5059
5074
5031
5027
5080
5008
5040
5140
5159
5076
5142
5069
4997
4953
5008
5050
4996
4968
4997
5081
5111
5015
5019
4957
5040
5129
5190
4992
5070
4999
5138
5054
5072
4973
5145
5125
