5025
5105
5062
4977
4959
5015
5185
5022
5084
5056
5255
5110
5053
5111
4924
5064
4885
5119
5011
5037
4995
5081
4970
5012
5022
5073
5151
5015
4984
5123
4952
5194
5031
5043
5056
5017
5025
5064
4988
5098
5060
5097
5048
5016
4918
5017
5079
5100
5090
5077
5006
4944
5117
5150
5036
4936
5004
4941
4882
5014
5135
5054
4939
4977
5032
5101
5087
5065
5082
5076
5067
4974
5026
5006
4870
5098
4919
4999
5093
5008
4998
4946
4926
4948
4930
4995
5037
4902
4926
4907
4973
5015
4926
4926
4896
4849
4922
4817
4786
4798
4854
4689
4834
4887
4933
4849
4887
4776
4834
4855
4936
4802
4802
4858
4952
4895
4682
4859
4832
4841
4806
4935
4748
4701
4938
4795
4885
4774
4907
4973
4786
4826
4667
4826
4950
4792
4831
4814
4899
4818
4894
4783
4880
4873
4819
4830
4690
4680
4841
4883
4699
4739
4613
4784
4648
4715
4699
4696
4714
4606
4731
4674
4727
4725
4768
4810
4705
4761
4693
4830
4604
4679
4614
4710
4633
4712
4810
4727
4679
4658
4701
4725
4824
4554
4657
4689
4842
4759
4689
4804
4589
4779
4696
4675
4811
4647
4684
4800
4730
4717
4682
4755
4848
4833
4745
4796
4713
4807
4825
4676
4763
4801
4679
4752
4693
4698
4753
4708
4671
4583
4796
4654
4615
4699
4671
4513
4553
4635
4701
4639
4642
4571
4743
4673
4586
4669
4650
4599
4565
4758
4672
4726
4728
4566
4708
4652
4714
4735
4806
4764
4800
4720
4809
4693
4677
4766
4703
4769
4586
4662
4675
4736
4702
4643
4554
4560
4669
4667
4657
4733
4566
4650
4590
4649
4652
4570
4743
4639
4701
4731
4630
4761
4807
4890
4669
4786
4837
4717
4809
4875
4753
4683
4801
4739
4776
4839
4719
4936
4818
4648
4721
4829
4671
4821
4739
4591
4749
4687
4719
4670
4680
4723
4669
4807
4640
4623
4691
4752
4605
4753
4630
4666
4725
4712
4639
4707
4645
4717
4728
4712
4721
4669
4796
4769
4760
4674
4719
4810
4798
4643
4851
4794
4758
4776
4812
4756
4815
4839
4830
4913
4787
4778
4851
4865
4877
4764
4831
4853
4811
4925
4748
4696
4949
4746
4821
5006
4880
4843
4931
4822
5001
4827
4900
4875
4970
4866
4818
4941
4851
4933
4909
4971
4873
4843
4816
4825
4751
4756
4850
4915
4865
4889
4771
4714
4774
4864
4786
4745
4896
4782
4856
4840
4944
4813
4772
4815
4911
4889
4821
5064
4938
5002
5035
5103
4989
4938
5078
4898
4975
5043
5025
5045
4950
5000
5042
5076
5124
5049
5116
4939
4962
5082
5049
5027
5000
5108
5017
4963
5200
5034
5000
5113
5114
5081
4929
5029
5033
5096
5028
4869
5168
5009
5138
5025
4997
5051
4938
5172
5006
4920
5010
5108
5075
5068
5002
4953
4987
5085
5034
4974
4993
5056
5147
5055
5156
5012
5008
4919
5022
5095
5026
5052
5089
4943
5009
5023
5068
5171
5092
5029
5077
5085
5166
5104
5063
5071
5028
5055
4985
5050
4941
5145
5093
4981
5003
5055
5065
5269
5063
5090
5183
5055
5116
5008
5007
5095
5181
4989
4977
5086
5081
4966
5020
5137
5032
5043
4956
4964
5068
5043
5012
5078
5065
5187
5085
5206
4917
5113
5099
5064
4998
4959
5022
5042
5178
5072
5182
5148
5075
5038
5014
5029
5077
4991
5124
5273
5038
4972
5192
5110
5197
5049
4988
4993
5027
4927
5130
4942
5030
5089
5066
5144
5130
5161
5154
5039
5045
5113
4969
5110
5083
4981
4872
5042
4953
5121
5032
5100
5067
4979
4991
5090
5169
4941
5052
5044
5048
4938
4949
4916
4939
4970
4945
4901
5044
5056
5025
4975
4955
4970
4933
4923
4854
4847
4884
4852
4802
4862
4864
4888
4884
4888
4868
4776
4792
4729
4779
4814
4983
4814
4791
4863
4939
4804
4757
4892
4896
4846
4760
4701
4837
4877
4823
4818
4751
4795
4808
4954
4771
4851
4878
4740
4846
4863
4834
4922
4878
4788
4879
4830
4781
4815
4781
4817
4833
4822
4770
4876
4817
4803
4882
4785
4889
4741
4927
4802
4759
4815
4679
4740
4804
4767
4711
4764
4760
4754
4758
4737
4674
4683
4709
4557
4755
4631
4713
4690
4672
4669
4700
4683
4621
4747
4797
4669
4823
4712
4657
4819
4773
4620
4712
4671
4670
4734
4684
4765
4577
4607
4724
4755
4701
4747
4709
4711
4758
4781
4871
4731
4696
4637
4660
4700
4846
4677
4757
4797
4746
4749
4648
4717
4671
4675
4633
4668
4766
4652
4669
4588
4529
4697
4686
4724
4540
4582
4650
4663
4588
4533
4582
4558
4693
4694
4699
4544
4633
4804
4696
4684
4616
4651
4649
4693
4625
4704
4709
4709
4825
4734
4732
4779
4655
4800
4723
4700
4765
4661
4589
4751
4657
4657
4680
4698
4550
4639
4644
4606
4594
4644
4518
4567
4480
4628
4694
4769
4599
4666
4623
4695
4693
4742
4719
4640
4759
4728
4711
4651
4736
4742
4785
4712
4710
4784
4745
4660
4802
4709
4797
4690
4825
4786
4848
4708
4784
4523
4707
4863
4699
4780
4662
4758
4673
4813
4534
4687
4720
4640
4699
4638
4766
4592
4729
4666
4658
4603
4766
4704
4671
4700
4658
4716
4737
4725
4708
4661
4737
4666
4846
4823
4594
4804
4763
4800
4794
4879
4792
4708
4777
4847
4733
4896
4823
4867
4834
4757
4817
4813
4844
4816
4781
4852
4734
4824
4992
4928
4836
4838
4778
4845
4826
4756
4910
4923
4793
4859
4663
4760
4678
4741
4828
4839
4828
4895
4855
4871
4663
4877
4836
4783
4808
4746
4683
4812
4797
4839
4863
4917
4801
4853
4755
4904
5016
4845
4940
4973
4906
5009
4814
5024
4819
4823
4968
4926
5056
5079
4984
5158
4949
4904
4942
5032
5043
5051
4987
4964
5193
5006
5049
4879
4996
4995
5096
5002
5040
4930
4985
5052
5015
4957
5147
4936
5002
5071
5067
5147
5139
5086
5067
4972
5047
5092
4934
4880
5101
5083
5016
5023
5255
5149
5032
5030
5036
5039
4972
5048
5019
4923
5092
5065
5082
5086
5160
5099
5068
5112
5144
5042
4979
4999
5051
5016
5077
5104
5128
5106
4981
5026
5041
5136
5029
5113
5131
5090
5058
