4062
4149
3983
4012
4106
3968
4069
4099
4151
3989
4027
4043
4071
4070
4184
4072
3971
4072
3962
4078
3954
4116
4051
4051
4123
4074
4037
4059
4031
4107
3994
4105
4010
4010
4027
4089
3994
4026
4067
4010
4008
4047
3936
3993
3949
4019
4137
4082
4028
4049
3994
4057
4058
3993
4195
4115
4095
4040
4103
3945
4032
4049
3954
3892
4135
4023
4049
4015
3976
4055
4058
3999
3945
4032
4087
3933
3965
4146
4041
3962
3932
4030
3908
3930
3998
3989
3844
3961
3954
3964
4034
3842
3971
3853
3953
3792
3879
3781
3843
3894
3791
3964
3891
3818
3834
3854
3929
3894
3840
3822
3854
3850
3745
3747
3975
3878
3774
3972
3921
3996
3770
3933
3828
3860
3841
3862
3928
3991
3860
3753
3886
3811
3901
3792
3848
3928
3778
3822
3663
3905
3879
3944
3859
3891
3772
3848
3851
3849
3858
3860
3820
3813
3804
3851
3760
3796
3717
3686
3740
3826
3707
3771
3682
3753
3772
3782
3804
3843
3649
3650
3765
3850
3767
3761
3718
3785
3822
3764
3752
3784
3707
3780
3749
3764
3749
3749
3808
3784
3759
3761
3831
3838
3771
3893
3817
3754
3816
3659
3826
3748
3666
3781
3711
3728
3674
3934
3917
3774
3750
3696
3828
3790
3765
3700
3750
3804
3706
3780
3748
3680
3747
3724
3765
3766
3840
3621
3800
3706
3799
3620
3705
3642
3655
3648
3777
3559
3679
3749
3775
3771
3655
3680
3645
3639
3866
3847
3753
3818
3833
3802
3801
3768
3744
3749
3632
3813
3668
3657
3709
3667
3788
3744
3704
3750
3684
3660
3668
3774
3788
3710
3760
3719
3692
3726
3666
3823
3611
3792
3792
3799
3725
3873
3794
3791
3755
3789
3803
3743
3810
3851
3779
3798
3951
3775
3799
3795
3778
3730
3847
3753
3746
3763
3835
3731
3776
3804
3832
3784
3787
3720
3786
3681
3702
3763
3726
3836
3667
3698
3769
3716
3726
3668
3819
3648
3730
3744
3891
3699
3935
3688
3778
3819
3741
3872
3796
3754
3842
3771
3775
3907
3819
3906
3865
3868
3910
3845
3826
3842
3866
3812
3961
3826
3901
3940
3811
3794
3888
3977
3811
3971
3857
3981
3819
3891
3787
3880
3871
3842
3870
3997
3742
3891
3837
3978
3919
3870
3850
3863
3861
3814
3828
3942
3860
3921
3841
3800
3955
3827
3825
3905
3930
3840
3858
3900
3923
3977
3941
3856
3908
3907
3810
3914
3873
3930
3962
3842
3942
3935
3851
4048
3938
3871
3948
3857
4008
3972
4013
4060
3983
4016
3888
3964
4147
3989
4044
4074
4152
4116
3976
4079
4085
4097
4034
4131
4011
4056
4041
4003
3959
4012
4059
3964
4039
4151
4145
3959
4078
4032
3917
4091
4031
3966
4030
3954
4108
4096
4049
4085
3980
3987
4085
3935
4042
4108
4094
4006
4016
4143
4106
4035
4225
4006
4065
4057
4072
4044
4006
4048
4051
3985
4161
4151
4096
4040
3990
3972
4123
4039
4068
4002
4150
4160
4011
4023
4130
4042
4175
4039
4071
4059
4091
4057
4092
3992
3932
4090
3986
4027
4027
4034
4052
4072
3999
3999
4068
4038
3993
4053
4096
4117
4027
4038
3982
4077
4007
4038
4033
3935
4063
4066
4090
4092
4007
4076
3992
4059
4108
3984
4031
3997
3979
4134
3865
4007
4076
3999
3993
4006
3960
3999
4030
4046
3955
4001
3972
4294
4084
4110
4096
4033
4051
3983
4041
4068
3922
4085
4057
4090
4078
3991
4108
4039
4023
4106
4047
4104
4103
4057
4142
4113
4059
4004
4119
3940
3969
4022
4067
3991
3964
4131
3960
4032
3949
4051
3956
3951
3993
4006
3905
3998
4017
3967
3947
4023
3905
4037
3999
3944
4011
3927
4046
3916
3926
3918
4013
3955
3912
3982
3906
3905
3908
3812
3850
3891
3778
3916
3915
3796
3813
3884
3846
3730
3828
3848
3887
3856
3902
3864
3851
3809
3858
3930
3802
3831
3770
3869
3914
3749
3779
3832
3822
3864
3916
3875
3795
3841
3969
3917
3870
3867
3864
3937
3947
3861
3814
3828
3878
3833
3843
3810
3848
3906
3821
3841
3869
3863
3748
3825
3746
3824
3888
3740
3907
3927
3777
3712
3826
3734
3765
3763
3752
3821
3689
3739
3641
3734
3784
3781
3729
3670
3859
3729
3735
3653
3679
3822
3719
3705
3738
3805
3773
3702
3832
3790
3852
3778
3760
3836
3768
3784
3910
3735
3721
3806
3701
3731
3807
3712
3798
3876
3679
3839
3677
3728
3714
3818
3780
3728
3843
3710
3875
3896
3853
3832
3769
3729
3762
3723
3809
3691
3698
3716
3697
3655
3690
3719
3735
3615
3699
3680
3828
3697
3785
3698
3630
3726
3713
3790
3705
3746
3643
3758
3808
3780
3782
3704
3796
3668
3812
3656
3645
3692
3731
3692
3652
3712
3809
3747
3669
3719
3794
3791
3772
3681
3695
3671
3733
3680
3804
3680
3694
3698
3624
3672
3685
3803
3709
3727
3780
3791
3795
3688
3782
3858
3804
3805
3755
3669
3670
3878
3694
3822
3745
3789
3752
3736
3753
3788
3834
3675
3628
3811
3804
3719
3841
3853
3914
3758
3793
3888
3696
3657
3846
3801
3770
3728
3715
3817
3792
3827
3712
3696
3752
3805
3782
3767
3775
3741
3765
3739
3780
3676
3726
3711
3661
3934
3770
3963
3679
3759
3840
3840
3794
3849
3853
3822
3978
3874
3757
3829
3854
3843
3859
3898
3904
3963
3889
3825
3851
3781
3889
3889
3847
3893
3830
3757
3849
3877
3857
3760
3845
3915
3860
3778
3884
3824
3891
3922
3930
3906
3938
3985
3801
3850
3781
3768
3762
3902
3815
3836
4003
3892
3881
3900
3972
4003
3814
3956
3889
3891
3925
4009
3889
3970
3908
3996
3938
3983
3970
3948
4118
3975
3978
4008
3991
4097
3944
3891
4019
3882
3993
3913
4041
4126
3967
4174
4054
4059
4131
4021
4169
4041
3976
4031
4122
4017
4110
4031
3951
4127
4136
4018
4002
4024
4109
4148
4091
4017
4044
4046
4056
4032
4034
4045
4023
4051
3987
3999
3994
4118
4076
4058
3978
4098
3950
4091
3998
4063
3991
4197
4071
4088
4065
4037
4077
4057
3994
4016
4121
4093
4023
4039
4048
3985
4114
4053
4071
4058
3954
4101
4003
4038
4029
