4068
4122
4024
4072
4054
4006
4013
4094
4137
3999
4072
4111
4056
4044
4017
3978
4082
4070
4150
3949
3987
4154
4075
4123
4055
3945
4137
4101
4029
4051
4040
4060
3986
4024
4111
4011
4071
4168
4065
4148
4052
4085
3966
4121
4007
4107
4069
4037
4105
3922
3991
4056
4137
4109
3995
4136
4060
3965
3981
4082
4074
4073
4076
4010
4015
4080
3919
3913
4088
4064
3969
3919
4041
3986
4127
4073
4035
4060
4072
4052
3964
4043
3997
3925
3946
3967
3796
4040
4017
4010
3913
3919
3930
3955
3909
3854
4038
3980
3937
3863
3922
3847
3916
3930
3814
3901
3978
3788
3986
3881
3823
3957
3907
3925
3917
3851
3870
3964
3955
3926
3878
3968
3857
3815
3835
3859
3880
3872
3874
3822
3850
3843
3885
3917
3947
3852
3944
3820
3867
3914
3852
3919
3771
3825
3798
3902
3849
3826
3929
3869
3754
3823
3821
3785
3785
3786
3800
3870
3726
3880
3739
3835
3751
3748
3855
3757
3811
3820
3767
3841
3758
3873
3888
3665
3699
3721
3794
3803
3784
3703
3775
3782
3760
3763
3868
3722
3755
3842
3829
3874
3864
3773
3836
3765
3849
3751
3779
3781
3732
3905
3826
3854
3835
3781
3803
3773
3785
3689
3808
3754
3767
3716
3714
3845
3766
3723
3822
3752
3734
3681
3742
3817
3678
3662
3729
3766
3756
3698
3701
3642
3741
3687
3635
3691
3727
3573
3712
3764
3766
3718
3787
3731
3768
3696
3667
3818
3709
3763
3759
3759
3798
3726
3600
3800
3733
3714
3781
3733
3741
3729
3789
3736
3760
3711
3746
3705
3840
3688
3715
3646
3720
3787
3751
3719
3866
3592
3728
3808
3809
3878
3823
3794
3792
3718
3873
3863
3699
3767
3738
3826
3840
3766
3786
3844
3713
3709
3742
3851
3815
3794
3882
3768
3763
3742
3778
3773
3914
3929
3714
3703
3747
3795
3825
3785
3692
3765
3670
3769
3810
3790
3697
3914
3763
3681
3831
3697
3759
3717
3795
3796
3878
3826
3812
3858
3849
3869
3870
3802
3808
3812
3746
3842
3838
3799
3877
3862
3770
3837
3744
3917
3918
3811
3879
3856
3945
3925
3997
3773
3883
3926
3950
3805
3780
3959
3902
3849
3941
3905
3963
3872
3860
3885
3837
3972
3803
3858
3813
3859
3861
3858
3962
3818
3905
3795
3893
3951
3956
4006
3978
3875
3901
3936
3966
3860
4001
3881
3965
3845
3914
3794
3943
3892
3973
4103
3951
3975
4016
4004
4141
4037
3929
3971
3919
3919
4004
4033
3985
4042
3959
4042
3987
4063
3985
4074
3978
4012
4043
4084
4067
3928
4111
4093
4076
4018
4101
4066
4063
3948
4017
4102
4159
4145
4112
4077
4043
3925
4019
3968
3995
4196
4081
4129
3987
4064
4109
4084
4081
4164
4027
4148
4052
3994
3900
4027
4084
3984
4125
4121
3989
3947
4049
4033
4022
3940
3999
4078
4092
4093
4064
4094
4161
4097
4119
4011
4081
4091
4208
4047
3923
4187
4066
4138
4164
4079
4103
4110
3906
4104
4015
4078
4152
4145
4061
4021
3991
4024
4101
4064
4085
4068
4045
3982
4227
4090
4054
3988
4070
4039
4148
3983
4043
4108
4179
4029
4009
4032
3954
4096
4077
4114
4003
4011
4043
3992
4001
4121
4134
4114
4040
4098
4096
4029
4107
4014
4123
4022
4083
3944
4085
4114
3985
4080
4016
4120
4099
4146
4036
4029
4011
4070
3931
4070
4105
3980
4088
3983
4029
4124
4208
4016
4060
4022
4142
4064
3900
4019
3974
4094
4062
4087
3957
4075
4115
4033
4065
4016
3849
4019
3998
3958
4091
4080
4104
3989
4055
4091
4034
4123
4033
4010
4031
4029
4093
4018
3915
4024
3985
4064
3978
3988
4052
3969
3960
3937
3911
3985
3920
4012
3922
3957
3982
3867
3856
3931
3981
3920
3985
3846
3929
3854
3789
3891
3840
3939
3937
3897
3848
3851
3825
3855
3894
3839
3879
3799
3858
3978
3911
3794
3865
3805
3979
3850
3895
3924
3868
3864
3904
3839
3893
3940
3775
3860
3860
3839
3929
3990
3802
3902
3851
3901
3886
3846
3845
3745
3914
3800
3848
3909
3850
3867
3810
3878
3817
3782
3760
3708
3790
3704
3758
3800
3763
3818
3822
3742
3721
3877
3702
3689
3867
3761
3791
3809
3927
3653
3797
3768
3730
3703
3827
3791
3782
3807
3781
3788
3697
3799
3803
3819
3774
3721
3849
3795
3731
3783
3777
3759
3830
3764
3852
3741
3805
3788
3816
3708
3821
3815
3815
3740
3810
3771
3830
3761
3743
3701
3776
3775
3771
3738
3687
3735
3660
3702
3734
3772
3704
3768
3685
3708
3622
3622
3668
3674
3626
3657
3686
3695
3692
3792
3802
3829
3876
3667
3654
3730
3725
3684
3710
3757
3701
3828
3714
3792
3805
3701
3759
3702
3728
3650
3770
3681
3741
3760
3727
3672
3649
3678
3666
3664
3646
3753
3752
3762
3556
3731
3739
3735
3708
3913
3706
3741
3836
3803
3683
3743
3864
3801
3770
3773
3738
3827
3784
3814
3856
3733
3852
3832
3746
3763
3710
3778
3825
3761
3743
3798
3746
3912
3769
3735
3724
3769
3704
3819
3868
3794
3757
3757
3797
3774
3745
3747
3737
3808
3731
3794
3754
3750
3791
3793
3679
3754
3914
3877
3687
3692
3884
3861
3856
3751
3740
3836
3812
3872
3815
3836
3835
3858
3913
3870
3866
3819
3912
3908
3879
3848
3867
3838
3791
3847
3881
3926
3793
3919
3862
3909
3907
3867
3900
3974
3916
3925
3933
3947
3894
3852
3937
3873
3883
3857
3811
3923
3867
3961
3810
3946
4017
3827
3923
3889
3876
3858
3902
3840
3969
3948
3882
3913
3890
3784
3892
3905
3898
3906
3890
3974
3991
3987
4041
4023
3963
3966
4037
3924
3968
4057
3926
3994
4014
4004
4025
4078
3969
4110
4132
4048
4054
4007
4128
3957
4002
4151
4039
4130
4000
4022
3941
4068
4031
4054
4133
4065
4027
3994
4146
4007
4054
3981
4124
4103
3980
4121
4073
4009
4155
4073
4017
3990
4077
4018
4047
4181
4107
4037
4012
3950
4058
3973
4063
4116
4025
4067
4161
4182
4130
4117
4081
3935
4082
4173
4057
4126
4003
4041
4012
4101
4105
4067
4000
4068
4003
4072
4089
4055
4143
