4063
4121
3954
4128
4050
4134
3993
4072
3944
4071
4149
4024
4077
4138
4012
4009
3976
4130
4101
4063
4034
4068
3974
4049
4055
4048
4156
4148
4055
3955
4053
4098
3970
4086
4061
4017
4049
4042
4048
4028
4147
3989
4223
4082
3956
4062
4006
4004
4016
4002
4044
4125
3999
4059
4030
4026
4104
4022
4091
4129
4197
4139
3992
4009
3985
3941
4037
4097
4027
4055
4053
4077
4048
4071
4031
3989
4101
4050
3966
4082
4073
4086
3985
3974
4018
4078
4034
3954
4067
4019
3925
3922
3879
4008
3909
3825
3914
3963
3891
3788
3924
3918
3934
3903
3859
3926
3837
3870
3872
3905
4035
3894
3930
3931
4018
3743
3970
3861
3811
3801
3758
3905
3880
3892
3917
3867
3885
3869
3857
3809
3901
3973
3879
3969
3838
3902
3935
3890
3854
3863
3852
4030
3875
3823
3875
3916
3858
3827
3959
3932
3861
3752
3826
3901
3871
3870
3823
3775
3757
3667
3757
3764
3755
3789
3746
3729
3831
3842
3821
3694
3779
3698
3699
3803
3724
3884
3867
3740
3826
3789
3671
3746
3812
3669
3783
3830
3958
3713
3778
3874
3847
3742
3806
3872
3753
3751
3823
3771
3788
3708
3730
3775
3825
3720
3851
3862
3744
3794
3846
3771
3828
3750
3688
3782
3820
3727
3658
3714
3783
3698
3863
3756
3699
3802
3679
3662
3749
3639
3664
3768
3691
3703
3699
3753
3768
3762
3666
3795
3652
3783
3813
3792
3824
3806
3676
3724
3834
3751
3763
3752
3785
3733
3757
3731
3744
3798
3841
3768
3705
3634
3715
3629
3622
3589
3779
3758
3710
3760
3743
3643
3724
3768
3825
3827
3745
3751
3816
3740
3735
3757
3711
3753
3720
3810
3767
3711
3755
3849
3735
3715
3761
3831
3755
3787
3807
3749
3729
3742
3830
3668
3807
3790
3782
3870
3786
3834
3815
3759
3699
3780
3710
3796
3762
3829
3785
3629
3804
3752
3909
3738
3724
3787
3822
3771
3845
3714
3876
3788
3801
3673
3837
3834
3791
3754
3813
3830
3898
3720
3876
3785
3873
3754
3841
3743
3888
3778
3812
3813
4000
3961
3840
3847
3859
3843
3889
3876
3923
3959
3891
3869
3923
3837
3987
3783
3884
3850
3856
3917
3939
3898
3860
3884
3962
3848
3925
3917
3895
3912
3930
3824
3951
3820
3831
3922
3882
3897
3886
3971
3995
3917
3767
3945
3949
3885
3832
3959
4014
3901
3981
3876
3891
4003
3912
3984
3881
3897
3910
3988
3938
3954
3893
3999
4044
4008
4012
4086
3935
4024
3988
4028
4018
3996
4077
4037
3960
4063
4095
4114
3981
3973
4050
3966
4018
4047
3919
4035
3993
4131
3939
4063
3999
3977
3960
4043
4054
4043
3925
4038
4044
4111
4104
4030
4096
4043
4111
4209
4002
4163
4118
4058
4008
3985
3993
4134
4039
4018
3990
4087
4088
4075
4019
4011
4102
4114
4013
4033
4055
3974
4148
4106
3981
3983
4182
4072
4122
3972
4055
4083
4105
4035
4153
4065
4102
4122
4059
4084
4200
4165
4077
4096
4114
3908
4113
4116
4036
4060
4104
4000
4059
4021
4035
4083
4084
4115
4061
4113
4074
4110
4004
4055
4077
4135
4020
4002
4154
4145
4043
4035
4058
4037
4142
4101
4133
4020
4042
4104
4025
4061
4086
4032
4034
4052
4086
4018
4049
4102
3956
4099
3970
4030
3971
4187
3940
4069
4085
3985
4170
4130
4095
3853
4148
4187
4142
3953
4070
4022
4141
3991
4136
4104
3966
3882
4010
3954
4048
4066
4098
4033
4156
4096
4173
4028
4035
4065
4006
4025
3956
4075
3998
4059
4058
3868
4078
4018
4006
4045
3990
3785
4052
4109
4075
4059
4076
4119
4002
4018
4022
3935
3877
4013
4013
3993
4047
3985
3963
3972
3899
3813
3984
4021
3931
3830
3905
3867
4004
3884
3878
3871
3843
3908
3792
3907
3951
3841
3840
3840
3841
3884
3714
3876
3886
3869
3929
3944
3823
3862
3804
3860
3886
3988
3819
3920
3946
3895
3726
3813
3801
3888
3895
3992
3961
3897
3942
3773
3942
3861
3962
3966
3900
3905
3874
3825
3858
3858
3829
3839
3886
3862
3835
3826
3872
3837
3794
3796
3941
3896
3901
3844
3885
3797
3714
3737
3942
3765
3734
3834
3799
3822
3732
3797
3810
3828
3749
3826
3729
3823
3773
3802
3716
3834
3797
3836
3861
3896
3700
3795
3738
3776
3663
3791
3823
3697
3816
3787
3666
3809
3792
3888
3705
3912
3810
3777
3794
3847
3830
3793
3870
3827
3770
3696
3794
3792
3743
3775
3840
3782
3815
3709
3775
3731
3693
3861
3612
3564
3694
3682
3664
3580
3761
3644
3665
3662
3733
3678
3640
3576
3748
3844
3689
3716
3677
3794
3716
3737
3744
3868
3770
3777
3794
3731
3678
3865
3751
3719
3810
3802
3687
3599
3850
3772
3735
3675
3730
3634
3662
3733
3750
3755
3734
3655
3677
3767
3626
3635
3800
3818
3775
3787
3948
3745
3842
3768
3755
3794
3848
3738
3752
3837
3755
3801
3802
3817
3809
3728
3878
3740
3737
3723
3710
3733
3682
3742
3772
3804
3808
3714
3774
3758
3693
3750
3820
3806
3717
3781
3718
3727
3760
3849
3767
3756
3807
3813
3829
3860
3773
3733
3715
3647
3840
3756
3780
3802
3819
3738
3853
3726
3750
3847
3838
3895
3774
3803
3913
3939
3916
3929
3820
3889
3929
3816
3834
3873
3852
3863
3886
3842
3861
3898
3879
3788
3929
3857
3822
3937
3831
3898
3836
4002
3932
3825
3856
3818
3843
3852
3862
3937
3871
3916
3956
3985
3848
3785
3870
3920
3889
3936
3873
3810
3906
3912
3877
3954
3935
3902
3823
3865
4007
4122
3946
3990
3859
3932
3984
3806
4033
3735
3893
4002
3893
4043
3981
4073
3982
3955
4001
3996
3980
4070
3987
4089
3992
3997
4074
4080
4085
4002
3883
4125
4072
3914
4011
3966
4057
4031
4088
4002
4079
3917
4049
4073
3947
4107
4077
4082
4042
4099
4041
4014
4020
4059
3996
4119
4155
4025
4024
4066
4031
4151
4033
4040
3953
4078
4130
4040
4009
4064
4116
4035
3976
4118
4023
4017
4036
4069
4114
4127
4062
3976
4059
4095
4052
3966
3942
4105
4075
4036
4052
4049
4060
4043
4149
3933
3976
