5083
5072
5021
5127
5112
5111
5020
5115
5179
5110
5131
5057
5155
5010
5066
5134
4944
4992
5002
4882
5025
4992
5058
5157
5030
4991
5133
5209
5047
5177
5040
4989
4974
5125
4996
5151
5142
5007
5130
5055
4970
5001
5012
5119
5195
5150
5014
5061
5048
5040
5113
5182
5033
5102
5030
5085
5072
4969
4951
5110
5023
5106
5104
5137
5060
5079
5126
4929
5012
5040
5143
5239
4995
5006
5035
5074
5132
4892
5069
5016
5104
5026
5027
5000
5031
5006
4973
4963
4959
5054
4888
5008
4791
4942
4832
5072
4930
4883
5016
4842
4904
4867
4795
4785
4964
4904
4892
4824
4885
4854
4917
4873
4949
4608
4841
4982
4794
4774
4870
4843
4924
4738
4930
4857
4824
4896
4951
4834
4755
4871
4867
4836
4786
4811
4746
4995
4905
4869
4691
4903
4756
4746
4895
4781
4784
4868
4843
4765
4665
4850
4925
4816
4779
4673
4802
4888
4670
4698
4724
4785
4746
4743
4650
4660
4769
4718
4655
4773
4723
4578
4601
4561
4808
4714
4716
4664
4785
4634
4605
4655
4823
4664
4830
4744
4708
4668
4804
4712
4852
4843
4752
4723
4687
4719
4876
4800
4651
4833
4675
4801
4732
4738
4786
4693
4731
4711
4770
4757
4671
4761
4765
4795
4692
4781
4743
4755
4722
4708
4730
4757
4641
4567
4624
4672
4767
4657
4696
4585
4546
4597
4640
4657
4575
4600
4662
4612
4586
4574
4651
4628
4739
4719
4676
4701
4677
4644
4742
4659
4619
4722
4720
4656
4664
4709
4690
4773
4627
4702
4631
4630
4580
4590
4567
4559
4661
4587
4748
4674
4657
4674
4635
4692
4712
4654
4682
4675
4668
4646
4807
4678
4664
4788
4823
4749
4759
4790
4699
4780
4709
4828
4611
4798
4825
4760
4805
4737
4725
4836
4806
4850
4828
4792
4720
4656
4712
4759
4702
4710
4841
4711
4718
4636
4606
4842
4642
4636
4823
4717
4739
4696
4787
4724
4682
4729
4706
4832
4650
4674
4705
4727
4672
4738
4694
4758
4690
4715
4752
4826
4774
4821
4790
4786
4748
4810
4947
4821
4933
4814
4770
4917
4877
4730
4865
4827
4822
4912
4824
4815
4769
4802
4979
4894
4866
4773
4789
4764
4864
4835
4867
4928
4925
4865
4718
4897
4783
4743
4829
4929
4766
4745
4810
4807
4960
4862
4856
4888
4906
4807
4768
4886
4856
4877
4829
4980
4887
4908
4751
4898
5053
4911
4915
4824
4953
4964
4933
4856
4846
4962
4875
5014
4903
4907
4999
5062
5086
5053
4917
5069
5017
5086
4987
4997
4985
5074
5044
5083
5139
5013
5004
5092
4996
5114
5121
5020
5139
4951
5053
5033
4967
5051
5087
5035
5084
5070
4982
5112
4991
5095
5120
5131
5106
5156
5085
5197
5172
5096
5169
5089
5066
5081
5089
5009
5077
4987
5066
5085
4883
5075
5051
5072
5106
5071
4991
5131
5036
5123
5104
5034
5075
5045
5094
5087
5011
5026
5185
5102
4941
5099
4917
4958
5096
5174
5118
5024
5076
4995
5062
5028
5122
5092
5112
5064
5070
4989
5140
5117
5086
5084
5255
5136
4967
5015
5061
4957
4970
5113
5069
5109
5058
5062
5047
5077
5053
5122
5086
4986
5067
5030
5173
5171
5066
5150
4990
4957
5067
5217
5156
5122
4998
5067
4963
5018
5074
5072
5079
5075
5123
5147
5175
5061
5101
5001
4960
5149
5084
5011
5046
5049
5109
5104
5191
4994
5097
5083
4984
5061
5042
5010
5136
4988
5003
5042
4982
5140
5088
4988
5003
5000
5127
5147
5175
5097
4988
5027
4956
5097
5020
5080
4882
5108
5076
5122
5119
4988
5109
4952
4959
5014
5108
5077
5015
5050
5089
4975
5013
5062
5022
4927
4965
4880
5050
4989
4947
4934
4921
4935
4948
5036
4950
4944
4931
4763
4909
4888
4809
4914
4992
4968
4847
4766
4902
4899
4803
4928
4880
4793
4875
4947
4883
4804
4864
4738
4942
4951
4815
4946
4792
4793
4742
4984
4863
4823
4995
4814
4854
4835
4900
4769
4813
4852
4818
5035
4906
4899
4769
4780
4820
4850
4879
4896
4813
4784
4904
4830
4769
4729
4841
4870
4751
4839
4837
4806
4785
4685
4784
4843
4684
4769
4791
4788
4787
4703
4832
4672
4764
4806
4676
4653
4709
4742
4698
4698
4638
4589
4660
4740
4643
4701
4714
4626
4669
4805
4666
4730
4693
4729
4726
4566
4732
4726
4727
4802
4819
4768
4725
4868
4603
4652
4717
4795
4759
4735
4747
4711
4856
4724
4760
4753
4691
4841
4699
4640
4615
4672
4831
4702
4621
4593
4748
4668
4553
4560
4494
4619
4501
4678
4582
4556
4654
4658
4577
4527
4629
4682
4610
4603
4530
4663
4677
4608
4680
4682
4703
4739
4654
4688
4641
4633
4620
4565
4595
4704
4670
4684
4569
4656
4670
4529
4662
4711
4533
4603
4626
4558
4665
4705
4616
4526
4411
4543
4551
4690
4784
4629
4655
4650
4688
4876
4731
4800
4698
4751
4707
4620
4667
4721
4703
4814
4668
4767
4673
4789
4751
4695
4885
4764
4746
4716
4705
4790
4769
4783
4647
4652
4737
4619
4788
4830
4720
4705
4723
4685
4813
4796
4821
4662
4713
4720
4825
4775
4797
4660
4660
4583
4757
4693
4762
4732
4745
4656
4825
4702
4764
4766
4676
4813
4654
4771
4748
4899
4838
4726
4842
4781
4759
4867
4777
4808
4925
4763
4877
4954
4805
5050
4933
4817
4951
5030
4833
4635
4884
4856
4867
4860
4723
4784
4938
4929
4827
4887
4758
4843
4898
4905
4859
4854
4833
4778
4987
4854
4846
4900
4887
4797
4885
4902
4839
4907
4820
4899
4839
4844
4917
4875
4875
4881
5029
4771
4962
4947
4957
4958
4960
4920
5037
4890
4883
4925
5063
4958
5048
4922
4985
4920
4977
5001
5114
5026
5177
5010
4972
5131
5093
5131
5120
5057
5045
4914
5093
4932
4967
5009
5104
5009
4973
5018
5095
5009
4966
5204
5048
5106
5011
5014
5104
4904
5131
5183
5125
5138
5134
5083
5009
5081
5028
5057
5078
5047
5111
5002
5055
5011
4975
5045
5167
5041
5051
5034
5091
5071
5057
5022
5008
5099
5037
5066
4971
5007
5127
4986
5103
5101
5061
5124
5079
5044
5189
4969
5136
5064
5083
5065
5023
