5071
5118
5050
4978
5140
5059
5088
5205
5082
4971
4890
4989
5124
5048
5098
5070
5112
4985
5053
5149
5018
5057
4976
5236
5035
5083
5156
4981
5082
5012
5010
5081
5026
5050
5033
5063
5097
4934
5168
4926
4995
5091
5056
5119
5231
5022
4983
5152
5135
5110
5041
5096
5045
4919
4913
5063
5030
5052
5107
5024
5056
5087
5042
4997
5076
5095
5130
5109
5051
5027
5101
4950
5016
5067
5094
4919
5068
5040
4987
4930
4944
4925
5161
5010
4992
5082
4993
5149
5011
5089
4972
4987
4811
4955
4908
4901
4832
4884
4895
4904
4840
4930
4921
4903
4843
4857
4906
4983
4833
4885
4934
4933
4908
4926
4868
4893
4783
4910
4799
4822
4842
4845
4880
4762
4896
4945
4962
4827
4860
4958
4775
4819
4917
4851
4769
4712
4749
4871
4823
4858
4911
4916
4754
4959
4913
4831
4843
4817
4705
4887
4777
4689
4672
4814
4755
4788
4748
4832
4906
4813
4784
4713
4769
4704
4818
4715
4794
4731
4659
4689
4781
4823
4762
4809
4674
4809
4722
4763
4682
4755
4733
4753
4711
4648
4760
4709
4725
4664
4698
4670
4735
4795
4876
4671
4709
4776
4682
4746
4638
4740
4774
4782
4769
4817
4752
4662
4788
4661
4797
4642
4756
4695
4799
4613
4660
4699
4691
4484
4731
4657
4592
4629
4710
4688
4650
4560
4738
4570
4604
4626
4672
4547
4699
4708
4651
4554
4650
4667
4752
4720
4728
4666
4600
4643
4675
4734
4694
4586
4760
4640
4648
4660
4639
4636
4681
4709
4766
4677
4591
4560
4577
4526
4511
4686
4602
4662
4565
4636
4453
4745
4707
4777
4780
4614
4613
4731
4675
4768
4643
4822
4690
4816
4573
4751
4741
4724
4610
4712
4655
4807
4788
4628
4633
4694
4656
4779
4767
4585
4821
4728
4608
4907
4779
4853
4723
4764
4852
4742
4678
4732
4772
4643
4698
4730
4635
4677
4650
4672
4790
4602
4747
4814
4813
4831
4718
4745
4740
4750
4781
4741
4766
4839
4715
4690
4652
4681
4746
4883
4824
4832
4759
4762
4904
4683
4835
4779
4802
4831
4904
4819
4749
4965
4958
4904
4939
4862
4880
4853
4878
4884
4920
4839
4767
4937
4753
4709
4926
4953
4902
4972
4947
4856
4835
5015
4882
4850
4954
4792
4822
4841
4863
4742
4874
4863
4853
4928
4956
4811
4785
4969
4836
4749
4762
4846
4845
5005
4960
4943
4883
4929
4891
5010
4903
4975
4886
4977
5016
4851
5038
4899
5003
5073
4975
4982
4859
5117
5012
5168
4943
5113
5083
5168
5005
5021
5064
5110
5004
4976
5103
5046
4969
5057
5015
5144
5213
5065
4999
4991
4958
5053
5102
5043
5110
5091
5029
5134
5031
5038
5033
5103
5090
5067
5127
5043
4974
5083
5112
5157
5045
5041
4971
5049
5025
5201
5008
5075
4958
5078
5107
5030
5097
5153
5045
5076
5033
5057
5056
4973
5110
4937
4973
5197
4961
5113
5046
5004
5173
5222
5112
5064
5075
5084
4936
4982
5194
5173
5114
4972
5117
5010
5107
5209
4986
5040
5015
5090
5240
5001
4898
5075
5036
5018
5018
5033
5118
5146
4997
5085
5034
5120
5203
5031
5073
5039
5168
5134
4966
5096
5017
5125
4971
5130
5184
4946
5026
5105
4972
5078
5150
5122
5077
5180
4983
5026
5040
4976
5130
4885
5007
5101
5087
5082
5076
4867
5065
5130
5091
5050
5074
5177
5034
4999
5069
5051
5092
5066
5030
5026
5097
5026
4987
5071
5052
4967
4997
4970
5127
5017
5080
5123
4980
5040
4985
5009
5076
5205
5049
4962
5048
5212
5075
4996
5153
4900
4977
4997
4991
5119
5102
5069
5134
4846
4977
4850
5142
4905
5063
5032
5001
4972
4913
4979
4959
4931
4824
4975
4949
4959
4831
4952
4925
4971
5046
4944
4804
4848
5025
4907
4889
4850
4900
4864
4846
4858
4734
4900
4874
4903
4823
4881
4766
4753
4823
4880
4858
4843
4802
4806
4849
4825
4812
4771
4987
4903
4737
4860
4940
4772
4782
4909
4864
4758
4796
4658
4792
4802
4815
4823
4887
4794
4739
4864
4803
4953
4909
4813
4826
4709
4829
4735
4766
4810
4796
4615
4726
4859
4786
4783
4748
4692
4769
4717
4754
4746
4630
4744
4699
4782
4759
4584
4800
4745
4671
4853
4749
4893
4761
4718
4766
4618
4670
4698
4802
4827
4881
4686
4789
4703
4758
4778
4658
4783
4691
4656
4715
4739
4745
4759
4779
4851
4789
4697
4675
4782
4707
4673
4712
4577
4689
4833
4878
4744
4709
4856
4762
4704
4621
4696
4821
4753
4650
4626
4646
4652
4565
4663
4611
4663
4598
4584
4629
4655
4644
4731
4678
4632
4479
4522
4614
4638
4589
4719
4660
4664
4620
4700
4585
4590
4696
4644
4675
4830
4454
4641
4642
4695
4639
4654
4526
4541
4627
4581
4568
4562
4684
4678
4590
4617
4509
4659
4645
4556
4649
4712
4717
4706
4675
4812
4753
4758
4835
4682
4787
4617
4723
4801
4683
4686
4750
4624
4651
4777
4722
4714
4753
4667
4624
4664
4719
4733
4763
4567
4703
4717
4736
4604
4613
4678
4654
4736
4747
4806
4726
4766
4735
4760
4852
4732
4723
4704
4733
4663
4600
4720
4677
4727
4810
4721
4794
4667
4848
4847
4732
4721
4865
4639
4778
4757
4848
4829
4882
4786
4790
4891
4911
4731
4784
4818
4743
4897
4835
4796
4876
4771
4936
4827
4716
4708
4808
4914
4922
4917
4877
4762
4831
4843
4863
4856
4911
4923
4722
4758
4854
5001
4822
4865
4964
4972
4945
4800
4918
4816
4782
4873
4900
4789
4890
4986
4896
4886
4923
4745
4765
4894
4896
4729
4968
4943
4917
4800
4836
4897
4988
4956
4944
4888
4803
5005
5007
4955
5034
4873
5085
4868
5006
5093
4908
5064
5034
5002
5006
4939
5179
4960
4992
5089
4943
5007
5086
4940
5080
5051
5107
5092
4917
4990
5176
5137
5172
5063
5011
5124
5077
5132
5079
5093
5126
5181
5031
5064
5156
5008
5091
5059
5129
5059
4964
5038
4906
5074
5080
5159
4980
5151
5082
5102
4979
4995
5108
5141
5236
4930
5038
5147
5005
5136
5138
5098
5085
4891
5038
5011
5089
5155
5095
5127
5082
5039
5029
5029
5010
5121
5094
