4700
4672
4723
4797
4611
4688
4736
4684
4672
4715
4732
4779
4823
4762
4749
4813
4845
4643
4697
4719
4670
4741
4615
4775
4732
4776
4670
4760
4751
4627
4788
4744
4668
4807
4805
4697
4706
4626
4650
4678
4776
4606
4804
4616
4731
4743
4687
4775
4738
4708
4662
4830
4644
4590
4685
4610
4733
4666
4662
4651
4544
4546
4495
4442
4440
4374
4420
4312
4224
4191
4217
4210
4067
4208
4088
4073
4022
4038
4010
4119
4068
4152
4158
4200
4055
4183
4247
4232
4194
4184
4345
4390
4287
4198
4394
4497
4347
4360
4456
4510
4493
4557
4512
4391
4573
4513
4548
4644
4633
4595
4716
4692
4587
4640
4530
4622
4635
4753
4709
4659
4749
4785
4713
4654
4588
4638
4629
4528
4558
4621
4650
4602
4775
4655
4546
4734
4535
4564
4472
4488
4325
4290
4249
4215
4106
4126
4097
4116
4054
4191
4194
4213
4087
4277
4247
4329
4265
4367
4264
4271
4467
4442
4448
4607
4461
4654
4438
4522
4731
4569
4652
4643
4617
4510
4685
4740
4713
4713
4694
4764
4721
4600
4712
4641
4656
4775
4737
4665
4727
4861
4593
4733
4629
4787
4623
4734
4750
4774
4746
4770
4709
4681
4694
4741
4730
4743
4624
4617
4582
4635
4537
4595
4395
4410
4337
4478
4400
4317
4280
4325
4350
4340
4324
4279
4455
4427
4311
4522
4539
4522
4626
4529
4636
4554
4592
4667
4602
4680
4758
4698
4746
4778
4652
4625
4647
4646
4741
4722
4756
4709
4646
4797
4814
4798
4746
4685
4710
4651
4689
4701
4569
4741
4614
4614
4533
4506
4427
4416
4435
4407
4378
4368
4088
4112
4384
4248
4405
4347
4470
4355
4577
4423
4459
4529
4557
4769
4686
4708
4688
4718
4697
4602
4628
4732
4718
4848
4653
4663
4743
4840
4690
4837
4742
4651
4687
4702
4706
4840
4678
4717
4657
4693
4829
4606
4636
4853
4598
4640
4771
4682
4693
4661
4640
4678
4805
4518
4537
4636
4592
4566
4495
4515
4510
4422
4356
4283
4468
4260
4073
4256
4117
4171
4124
4072
4125
4177
4132
4192
4208
4271
4297
4393
4409
4344
4512
4509
4634
4503
4710
4709
4611
4593
4721
4606
4576
4669
4752
4743
4729
4721
4616
4613
4709
4695
4688
4739
4609
4730
4695
4678
4631
4706
4669
4631
4713
4748
4688
4641
4759
4609
4561
4643
4643
4695
4568
4502
4474
4566
4537
4574
4453
4407
4395
4429
4329
4225
4229
4354
4219
4203
4121
4091
4178
4067
4040
4051
4110
4017
4042
4128
4088
4116
4078
4109
4280
4198
4308
4425
4294
4442
4482
4498
4565
4590
4650
4580
4627
4699
4661
4708
4682
4746
4772
4565
4739
4728
4707
4776
4663
4757
4734
4662
4713
4792
4726
4692
4768
4655
4622
4755
4814
4796
4771
4742
4705
4704
4739
4859
4689
4698
4811
4804
4648
4653
4669
4678
4747
4695
4764
4777
4765
4715
4748
4738
4760
4740
4689
4614
4629
4798
4825
4747
4707
4759
4829
4737
4807
4628
4743
4731
4699
4753
4763
4764
4746
4719
4674
4732
4732
4743
4735
4733
4750
4829
4717
4753
4813
4597
4634
4655
4695
4762
4682
4783
4780
4732
4757
4735
4800
4799
4791
4808
4708
4705
4678
4801
4791
4758
4793
4800
4764
4809
4690
4836
4820
4742
4663
4697
4788
4663
4840
4765
4739
4675
4695
4873
4765
4592
4838
4659
4705
4737
4628
4731
4681
4905
4685
4715
4825
4728
4732
4659
4699
4626
4611
4679
4669
4745
4668
4729
4632
4725
4698
4636
4721
4789
4661
4613
4661
4558
4602
4486
4516
4479
4478
4368
4190
4242
4000
4212
4029
3945
4097
4005
4048
3958
4060
4036
3999
3973
4120
4006
4092
4056
4182
4174
4239
4328
4240
4256
4368
4410
4445
4470
4501
4535
4565
4546
4547
4580
4686
4481
4600
4685
4663
4577
4632
4691
4679
4616
4599
4633
4671
4635
4592
4772
4545
4693
4822
4712
4700
4638
4509
4687
4813
4687
4511
4756
4629
4622
4575
4666
4677
4679
4466
4477
4483
4425
4371
4310
4349
4359
4225
4162
4114
4067
4144
4062
4111
4080
4163
4219
4180
4247
4131
4203
4385
4462
4451
4485
4405
4406
4482
4619
4473
4614
4572
4440
4654
4661
4676
4729
4770
4761
4574
4604
4645
4560
4554
4648
4724
4702
4558
4694
4658
4687
4842
4762
4780
4648
4616
4731
4754
4656
4725
4761
4797
4765
4710
4704
4704
4699
4613
4713
4562
4551
4598
4618
4624
4567
4444
4513
4414
4341
4473
4251
4221
4285
4145
4265
4241
4435
4291
4419
4405
4586
4587
4608
4486
4638
4584
4544
4642
4605
4603
4663
4661
4776
4788
4704
4629
4685
4742
4669
4679
4839
4795
4635
4729
4591
4726
4795
4769
4659
4656
4593
4622
4605
4631
4621
4525
4586
4531
4590
4513
4448
4483
4275
4319
4281
4380
4261
4214
4252
4185
4313
4446
4548
4431
4471
4493
4514
4530
4622
4692
4675
4805
4604
4605
4663
4717
4673
4725
4780
4664
4689
4610
4586
4681
4663
4659
4717
4648
4661
4620
4726
4705
4692
4677
4591
4689
4665
4641
4640
4592
4695
4648
4750
4563
4678
4656
4664
4683
4649
4548
4537
4557
4370
4394
4468
4560
4404
4463
4498
4267
4314
4290
4217
4167
4132
4208
4127
4145
4039
4073
4243
4161
4200
4267
4324
4298
4402
4476
4486
4555
4565
4633
4605
4657
4603
4631
4620
4676
4718
4676
4619
4607
4559
4679
4630
4771
4732
4693
4620
4685
4653
4582
4653
4678
4667
4747
4629
4731
4653
4642
4653
4604
4617
4498
4499
4506
4464
4470
4480
4491
4465
4420
4381
4325
4367
4341
4298
4322
4230
4289
4221
4232
4061
4107
3981
4053
4004
4006
4056
3993
4003
4021
4079
4248
4176
4116
4138
4227
4233
4338
4480
4336
4507
4610
4505
4599
4543
4591
4606
4601
4732
4642
4602
4654
4714
4738
4639
4659
4780
4733
4675
4639
4808
4731
4771
4630
4792
4784
4726
4758
4694
4762
4581
4754
4657
4692
4828
4817
4668
4665
4779
4773
4710
4816
4636
4857
4722
4761
4545
4779
4810
4736
4740
4692
4727
4862
4726
4688
4790
4768
4696
4616
4595
4726
4662
4749
4730
4712
