2021
2011
1971
2073
2032
2068
2033
2061
2057
2061
2017
2038
1991
2034
2009
2010
2048
2005
2051
2027
2044
2068
2019
1955
2017
2068
2043
2105
1998
1971
2008
2039
1898
2013
2067
2027
2019
2018
2020
2025
2057
1967
2019
1955
2021
2076
1994
2046
2051
2048
1982
2044
2028
2073
2063
2046
2081
2046
2017
2079
2041
2038
2014
1996
2000
2045
2055
2045
1993
2066
2034
2074
2026
2042
2070
1987
1891
2061
1984
2053
1994
2043
1992
1948
1992
1994
2036
2018
1958
2055
2008
2018
1954
2030
2088
2014
1890
1948
1970
2007
1905
1946
1933
1949
1925
1986
1954
2011
1948
1970
2013
2000
1977
1935
1959
2045
2008
1952
1981
1940
1966
1949
1924
1954
1953
1988
1947
1947
1991
2004
1950
1957
1932
1916
1918
1893
1995
1928
1927
1870
1880
1892
2007
1915
1924
1990
1967
1979
1911
1939
1960
1897
1947
1953
1898
1905
1922
1963
1980
1978
1937
1860
1915
1940
1964
1827
1895
1902
1891
1930
1886
1956
1903
1884
1847
1864
1964
1865
1944
1917
1895
1897
1871
1966
1898
1899
1877
1926
1911
1924
1897
1972
1907
1932
2002
1919
1890
1873
1908
1832
1897
1900
1905
1856
1915
1951
1892
1935
1889
1878
1907
1871
1923
1904
1926
1875
1888
1841
1852
1907
1841
1906
1835
1836
1772
1806
1851
1872
1782
1870
1880
1860
1864
1792
1822
1859
1883
1845
1885
1894
1933
1789
1819
1892
1813
1848
1807
1995
1845
1819
1916
1892
1896
1807
1818
1941
1860
1852
1822
1915
1800
1869
1861
1842
1843
1883
1849
1862
1834
1872
1828
1877
1837
1838
1844
1886
1937
1936
1907
1901
1852
1878
1930
1854
1903
1927
1911
1846
1883
1922
1932
1936
1910
1823
1938
1932
1902
1838
1855
1891
1959
1933
1927
1885
1883
1882
1912
1908
1926
1865
1909
1879
1915
1864
1832
1924
1909
1927
1855
1898
1942
1830
1898
1856
1936
1942
1922
1939
1920
1894
1934
1885
2012
1881
1902
1890
1882
1852
1979
1979
1988
1962
1951
1959
1920
1950
1971
1930
1951
1966
1999
1903
1944
1868
1958
1902
2017
1945
2016
1912
1910
1930
1915
1951
2024
1973
1942
1953
1982
1941
1876
1968
1976
1943
1896
1999
2022
1905
1996
1960
1943
2032
2003
2007
1987
1961
1877
2000
2005
1972
1935
1952
1930
2007
1972
1971
1927
2000
1938
1919
1935
2013
1959
1972
1975
1986
1995
1935
1955
2036
2040
2080
2021
2055
2007
2014
1966
1988
2004
2005
2050
2026
2061
1944
2123
1984
2042
1979
1988
2067
2081
2032
2021
1912
2048
2019
1997
2107
1967
2001
2113
2052
2095
2109
2014
2040
2049
2043
2020
2060
2018
2169
2044
2065
1993
2057
2081
1981
2068
1997
2102
2075
2094
2046
1998
2047
1964
2000
1962
1972
1994
2070
2051
2065
2024
2019
1972
2068
2077
2042
2067
2069
2036
1994
2075
2066
2076
2001
2023
2077
2043
1991
2017
1995
2073
1984
1943
2004
2088
2090
2077
2076
2000
2064
2011
1955
2101
2073
2027
2044
2002
2002
2038
2044
1975
2045
2026
2025
2022
2095
2035
2082
2023
2043
2034
2006
2094
2034
2086
2063
2066
1983
1948
2025
2096
2071
1965
2009
2034
2025
1966
2070
1983
2028
2113
2072
1978
2031
1983
2013
2040
2050
1968
2101
2062
2101
2056
1984
2082
2099
1943
2077
2078
2160
2069
1981
2011
2075
2061
2043
1948
2061
2078
1986
1987
2093
2053
1935
2001
1986
2002
2112
2077
2045
2042
2015
2022
1978
1968
1895
1967
2006
2036
1962
1968
1966
2057
1947
2072
2038
2036
1990
2075
1999
1994
2022
1998
2030
2030
2007
2054
1963
1954
2033
2038
2121
1936
2001
2007
1895
2015
2008
2016
1915
1935
1940
1985
1961
1894
1942
1938
1971
2005
1964
1884
1904
1910
2024
1933
1997
1885
1966
1959
1968
1964
2076
2016
1930
1939
1942
1903
1955
1961
2002
1911
1992
1944
1978
1946
1979
2003
1989
1971
1912
1886
1964
1933
1906
1948
1943
1943
1976
1953
1922
1922
1961
2039
1943
1876
2000
1951
1974
1948
1875
1879
1973
1931
1782
1895
1936
1873
1850
1846
1851
1990
1878
1929
1904
1870
1964
1821
1925
1780
1849
1881
1888
1978
1945
1988
1833
1913
1826
1940
1898
1887
1893
1880
1890
1864
1859
1942
1884
1864
1972
1955
1859
1917
1869
1918
1861
1906
1926
1898
1938
1832
1934
1944
1875
1881
1856
1884
1853
1919
1891
1911
1906
1830
1808
1892
1862
1812
1842
1839
1861
1886
1806
1856
1931
1830
1871
1886
1868
1809
1848
1803
1811
1938
1778
1871
1876
1878
1834
1877
1917
1893
1827
1838
1893
1807
1883
1864
1840
1852
1818
1818
1888
1804
1845
1883
1887
1839
1811
1852
1858
1911
1799
1859
1830
1793
1889
1883
1915
1877
1871
1907
1898
1804
1862
1769
1817
1852
1928
1871
1885
1919
1897
1997
1830
1844
1923
1848
1956
1852
1945
1894
1892
1853
1894
1865
1863
1985
1970
1884
1841
1918
1853
1934
1855
1957
1861
1882
1881
1848
1854
1963
1924
1909
1865
1889
1875
1800
1903
1880
1953
1928
1990
1956
1933
1863
1964
1944
1923
1955
1946
1859
1985
1913
2005
1924
2009
1939
1960
1944
1906
1905
1889
1918
1915
1889
1925
1992
1897
1952
1955
1914
1971
1939
1935
1945
1948
1941
1909
1953
1909
1970
1931
2002
1869
1977
1936
1957
1985
1925
2006
1961
1933
1942
1980
1985
2000
1904
1977
2069
1889
1904
2032
1991
1940
1951
2021
1954
2012
2003
2011
2016
1969
1979
1936
1988
2001
1970
2045
1894
2072
1976
2048
1941
2011
2037
1983
2017
2031
2034
2055
1898
2068
2001
1959
2051
2019
2022
1937
2091
1992
2037
2048
2082
2130
2064
2062
2059
2071
1972
2037
2067
2003
2055
2112
2078
2041
2028
2075
1968
2013
2094
1986
2061
1984
2026
2037
2010
1986
2020
2122
1969
2097
2024
2078
2005
2043
2054
2066
2060
2091
2072
2043
2032
2105
2014
2065
2047
2055
1958
2057
2093
2073
2035
2070
2033
2083
2067
2110
1989
1997
2085
2087
2114
2032
2040
1977
2032
2051
2076
