4061
4070
4045
4086
4046
4012
3997
4005
4066
4029
3962
4121
4036
3975
4054
4029
3998
3983
4037
4059
4090
4112
4001
4068
3997
4125
4057
3999
3944
4055
4174
4064
4080
4026
3992
4017
4143
4128
4062
4071
3958
4079
4091
4151
4050
4036
3988
4060
4059
4064
4095
4056
4022
4113
4049
4058
4027
4093
4050
4067
3988
4043
4088
4062
4042
4042
4091
4011
3902
4084
4134
4056
4052
4137
3984
4013
4013
3999
4108
4018
3909
4071
4044
4044
4069
4003
3982
3970
4045
4005
3870
3967
3945
3955
3872
3925
3969
3941
3828
3912
3935
3948
3909
3978
3904
3941
4020
3934
3906
3904
3935
3919
3799
3903
3893
3829
3879
3945
3912
3891
3911
3953
3896
3905
3957
3978
3900
3894
3760
3889
3932
3897
3927
3762
3917
3876
3981
3949
3817
3856
3866
3920
3890
3882
3883
3719
3854
3920
3953
3912
3897
3849
3847
3829
3862
3858
3812
3863
3900
3852
3825
3757
3803
3673
3791
3760
3857
3869
3686
3896
3721
3837
3758
3790
3802
3774
3787
3862
3731
3768
3780
3657
3727
3778
3858
3829
3726
3736
3759
3773
3794
3738
3693
3808
3695
3760
3858
3783
3836
3771
3777
3670
3778
3710
3747
3785
3720
3809
3848
3745
3799
3734
3725
3631
3812
3766
3730
3776
3744
3704
3653
3746
3732
3742
3850
3647
3733
3683
3669
3647
3732
3674
3615
3740
3684
3765
3721
3774
3627
3668
3700
3636
3679
3700
3699
3706
3703
3735
3692
3802
3751
3676
3554
3709
3612
3705
3539
3608
3843
3656
3689
3626
3545
3820
3648
3627
3615
3628
3680
3709
3617
3636
3774
3685
3776
3788
3790
3773
3776
3692
3740
3804
3725
3862
3752
3768
3705
3720
3772
3755
3748
3754
3651
3809
3845
3804
3829
3723
3752
3799
3842
3794
3758
3762
3807
3798
3779
3722
3850
3899
3871
3729
3702
3923
3700
3699
3793
3806
3781
3748
3810
3752
3740
3789
3737
3823
3909
3829
3852
3798
3911
3706
3804
3788
3763
3919
3807
3889
3857
3945
3754
3889
3906
3900
3825
3932
3929
3915
3842
3809
4013
3965
3780
3890
3849
3926
3909
3864
3985
3872
3871
3927
3883
3811
3788
3863
4005
3882
3956
3939
3958
3915
3851
3920
3921
3905
3991
3908
3941
3842
3824
3920
3786
3856
3988
3843
3993
3915
3854
3969
3938
3784
3926
3959
3917
3803
3915
3855
3893
3893
4011
4097
3918
4008
3927
3981
3919
3936
3963
3971
4019
3954
4069
4009
4027
4080
4076
3958
4033
4080
3922
3981
4079
4077
3968
4076
4036
4030
3999
3917
4001
4012
4018
4076
4063
4019
4033
4058
4143
3978
4027
3968
4109
4092
4095
4042
4068
4106
4053
4002
4069
4021
4010
4155
3956
4125
4010
4143
3893
4087
3988
4049
4122
3965
4101
3972
4028
3979
4055
3987
4085
4111
4132
4000
4127
4060
4101
4139
4147
3995
4014
4020
4145
4033
4057
4088
4077
4031
3992
4041
4123
4133
4088
4024
4073
3997
4084
4033
4038
4002
4071
4130
4069
4119
4069
4120
4044
4102
4002
3977
4046
3863
4077
4084
4075
4129
3962
4054
4098
3917
4036
4069
3969
4041
4069
3978
4065
4075
4066
4091
4082
4001
4136
4076
4019
4117
4043
4129
4086
4049
3966
3954
4158
4105
4029
4078
4068
4031
4083
4058
4056
4130
4001
4077
3996
4153
4042
4058
4082
4075
4008
4133
3989
4061
3888
4085
4098
4037
4036
4050
4063
4057
4055
4123
4027
3996
4021
4004
4035
3945
3993
4122
4035
4095
3961
4010
4162
3950
4022
4035
4066
4129
3928
4074
4033
4051
4088
4097
3944
3987
4026
4043
4104
3966
4080
3981
3968
3904
4072
4043
3990
3980
3958
3947
4080
3995
3995
4048
4000
4030
3933
3967
4064
3895
3839
3865
3897
3867
3867
3873
3958
3918
3946
3848
3822
4021
3803
3876
3911
3894
3844
3832
3906
3817
3967
3834
3964
3880
3783
3855
3842
3875
3886
4005
3869
4023
3902
3836
3841
3888
3894
3904
3796
3920
3852
3848
3780
3736
3794
3824
3931
3815
3927
3746
3868
3910
3892
3745
3966
3855
3760
3987
3832
3845
3778
3891
3668
3855
3756
3966
3908
3730
3835
3852
3750
3839
3849
3754
3843
3824
3780
3772
3708
3776
3727
3836
3813
3914
3718
3725
3804
3661
3701
3773
3789
3762
3942
3733
3719
3714
3796
3824
3844
3738
3857
3740
3728
3791
3727
3764
3768
3711
3683
3776
3638
3671
3808
3699
3734
3766
3788
3718
3776
3734
3653
3686
3676
3719
3738
3777
3708
3717
3748
3607
3549
3663
3731
3730
3763
3715
3658
3604
3701
3624
3669
3706
3673
3748
3653
3686
3707
3698
3739
3734
3724
3658
3717
3601
3770
3784
3698
3574
3726
3589
3652
3624
3609
3695
3621
3642
3696
3758
3707
3676
3710
3712
3712
3787
3626
3631
3683
3817
3665
3642
3624
3727
3652
3799
3751
3728
3698
3760
3702
3668
3702
3629
3856
3768
3756
3728
3759
3706
3760
3750
3703
3831
3771
3718
3693
3820
3745
3779
3722
3800
3839
3710
3736
3795
3793
3739
3639
3689
3829
3744
3904
3859
3748
3891
3737
3721
3685
3783
3779
3820
3814
3721
3675
3782
3686
3806
3811
3904
3776
3806
3831
3858
3710
3806
3835
3721
3775
3813
3780
3915
3633
3829
3872
3898
3876
3879
3783
3724
3951
3875
3936
3809
3800
3858
3826
3845
3855
3922
3861
3836
3717
3917
3923
3960
4013
3927
3808
3917
3950
3958
3923
3859
3821
3804
3865
4026
3842
3913
3876
3903
3859
3960
3992
3875
3971
3956
3923
3851
3932
3874
3962
3913
3963
3895
4026
3958
3982
3936
4001
3948
3973
3969
3965
4002
4104
3930
3984
4042
3997
4070
3965
3979
4060
4025
3994
3997
4176
4111
4048
3999
3951
4096
4052
3916
3969
3971
4012
4042
4035
4062
3913
4110
3999
4091
3977
4065
3940
4009
4015
3978
4106
3970
4055
4154
4054
4121
4032
4004
4006
3940
4129
4182
4128
4065
3898
3981
4101
4024
3993
4031
3911
4121
4024
4030
4019
4091
4166
4046
4135
4131
4091
3901
4059
4170
3967
4115
4123
4034
4004
4129
4072
3980
4034
4195
4079
4204
3961
4033
4025
