3025
2993
2981
3052
3077
3020
3098
2941
3039
3079
2979
3056
3073
3032
3057
3092
3017
3153
2985
2955
2963
3116
3113
2989
3016
3077
3086
3125
2993
3067
3086
2956
3028
3064
3165
3026
3054
3115
3029
3017
3105
2996
3027
3065
3036
3152
2951
3024
2960
3031
2998
2997
3087
3020
3002
3090
3053
3054
3041
3030
3021
2915
2963
3067
3045
3081
3079
3042
3043
3093
3047
3000
3025
3014
2971
3001
2972
2978
3058
2922
3059
3017
3012
3084
3041
3035
3009
3004
2972
2937
2990
2939
3017
2958
2920
2878
3028
2911
3000
2951
3014
2914
2888
2936
3059
2928
3000
2929
2990
2979
2822
2921
2918
2931
2806
2954
2953
2859
2931
2966
2921
2839
2985
3022
2881
2838
2842
2939
2981
2949
2955
2811
2868
2919
2876
2904
2879
2793
2945
2943
2879
2898
3059
2829
2948
2824
2951
2927
2890
2929
2865
2896
2881
2849
2790
2827
2886
2867
2865
2827
2885
2786
2911
2846
2814
2919
2871
2776
2878
2904
2757
2813
2891
2753
2901
2888
2863
2827
2763
2779
2844
2778
2802
2771
2733
2804
2863
2764
2733
2845
2935
2883
2715
2737
2885
2846
2791
2835
2806
2858
2898
2810
2740
2788
2789
2706
2767
2810
2764
2879
2822
2862
2890
2832
2862
2786
2843
2809
2806
2732
2732
2879
2812
2855
2727
2818
2729
2834
2757
2642
2789
2802
2666
2774
2776
2772
2840
2636
2828
2786
2836
2852
2739
2764
2841
2735
2736
2854
2862
2852
2767
2798
2736
2763
2677
2785
2636
2815
2720
2807
2787
2686
2799
2789
2746
2773
2628
2867
2786
2843
2718
2728
2804
2801
2825
2731
2788
2793
2818
2762
2870
2813
2863
2838
2820
2850
2780
2811
2869
2881
2883
2840
2841
2913
2807
2830
2883
2783
2738
2936
2812
2830
2844
2807
2849
2848
2839
2831
2844
2903
2811
2835
2831
2812
2811
2836
2798
2901
2886
2838
2867
2833
2802
2915
2897
2800
2838
2761
2919
2792
2799
2782
2845
2825
2938
2970
2801
2849
2880
2849
2797
2874
2940
2888
2907
2914
2961
2943
2899
2845
2952
2952
2852
2894
2927
2946
2840
2954
3001
2922
2921
2941
3058
2984
3021
2883
2958
2863
2914
2839
2935
2849
2829
3020
3006
2915
2979
2957
2795
2943
2862
2897
2955
2935
2944
2955
2982
2941
2908
2856
2968
2885
2804
2901
2986
2895
2957
2951
2976
2944
2824
2993
3018
2848
2928
2943
2983
3089
3003
3021
2966
2962
2914
3008
3056
3003
3129
3109
2954
2913
2886
3052
3059
2945
3044
3050
3013
2997
2976
3022
3130
3027
2963
2976
3042
3117
3133
3033
2941
2997
3011
3086
3017
3021
3068
2953
3116
3025
3001
3009
2974
3040
3069
2972
3103
3025
3108
3031
3130
3030
2991
3044
3084
3005
3001
3035
3092
3050
3035
3047
3114
3017
3017
3052
2985
3064
3077
3058
2989
3018
3050
3045
2959
3029
3182
3076
3091
3096
2970
3076
3101
3098
3042
3034
3076
3062
3052
3022
3045
2975
3159
3031
2978
2978
3081
3095
3005
3036
3114
3091
3084
3104
3061
2981
3083
2939
2972
3034
3137
3018
3026
3014
3018
3009
3054
3019
3005
3084
2961
2984
3095
2998
2984
3030
3073
3025
3138
3046
2992
2999
3107
3033
3048
3054
2969
3083
3037
2998
3093
3047
2994
2943
3084
3043
2975
3059
2941
2940
3137
3017
2957
3050
3014
3085
2919
3070
3050
2978
2949
2929
2969
3047
3071
3029
2988
3010
3041
3000
3048
3061
3206
3118
3067
2916
2940
2998
3079
3033
3040
3034
2981
3010
3056
2992
2972
2991
2932
2972
3013
2988
2964
3073
2977
2955
2989
3011
2985
3073
3020
3091
2995
2923
2981
2966
3118
2983
2998
2953
2965
2992
2966
2945
2971
2820
2875
2945
2988
2915
2829
3013
2922
2930
2919
2877
2948
2944
2864
2802
2909
3009
2873
2895
3016
2804
2903
2802
2873
2883
2898
2939
2966
2874
2978
2934
3009
2905
2948
2936
2868
2981
3021
2936
2969
2911
2862
2990
2945
2954
2961
2932
2837
2888
2813
2873
2835
2867
2973
2885
2844
2986
2883
2945
2890
2936
2903
2850
2803
2927
2955
2808
2757
2855
2832
2903
2889
2854
2828
2823
2855
2885
2948
2858
2774
2749
2798
2831
2800
2853
2752
2796
2918
2821
2851
2832
2911
2743
2750
2793
2866
2824
2818
2840
2889
2862
2854
2754
2756
2782
2790
2848
2808
2791
2754
2816
2831
2863
2862
2735
2832
2804
2708
2804
2843
2856
2783
2756
2799
2791
2757
2857
2650
2807
2767
2748
2641
2808
2727
2808
2752
2813
2747
2768
2744
2711
2789
2821
2769
2791
2654
2698
2790
2856
2734
2721
2783
2818
2814
2791
2735
2805
2713
2780
2656
2763
2713
2726
2714
2764
2711
2674
2784
2687
2857
2752
2745
2787
2736
2748
2811
2703
2830
2812
2736
2777
2765
2900
2879
2802
2776
2856
2806
2728
2780
2826
2837
2885
2845
2843
2809
2787
2900
2845
2861
2913
2801
2875
2840
2785
2850
2878
2891
2769
2874
2928
2891
2878
2854
2860
2914
2865
2817
2731
2757
2760
2796
2799
2802
2813
2752
2827
2852
2908
2884
2852
2832
2862
2726
2827
2881
2882
2900
2816
2893
2852
2995
2864
2839
2822
2840
2900
2976
2992
2841
2861
2894
2850
2786
2866
2910
2876
2859
2900
2852
2812
2966
2982
2909
2838
2878
2867
2795
2954
2987
2939
2981
2895
2908
2937
2904
3035
2887
2972
2941
2865
2985
2837
2875
2937
2885
2977
2946
2944
2970
2968
2955
2879
2924
2886
2892
2979
2907
2872
2942
2852
2901
2962
2955
3003
3001
2953
3004
2982
2973
3023
3016
2971
3057
3063
3016
3016
3062
2954
3085
3029
3040
3072
2956
3098
3007
3156
2978
3052
3047
2959
3030
3090
3013
2974
3041
2938
3052
3043
3040
3022
3078
3039
3033
3039
3018
3059
2944
2973
2951
3017
2973
3044
3038
3074
3059
3009
3072
2974
3039
3084
3031
2917
3093
3033
3060
2982
3099
3028
3023
2998
3102
3091
3082
3106
3056
3087
3054
3077
3090
3038
2967
3057
3201
2999
2982
3147
3063
3094
2976
3103
2961
2968
3028
2975
3051
3034
3043
3133
3063
