4046
4004
4080
4066
4036
4089
4124
4080
4090
4075
4195
4090
4024
3946
4046
4114
4027
4024
3879
3941
4095
4004
3970
4034
3976
4041
4102
4003
4116
3941
4131
4020
4011
4088
3954
4131
4024
4048
3985
4038
4147
4174
4022
4070
4176
4090
4134
4093
4057
4078
4073
4025
3953
4095
4073
4053
4107
4085
4130
4116
4006
3995
4040
4076
3989
3961
4065
4021
4040
3968
4048
4056
4037
3910
3983
4010
4031
4034
3889
4022
3990
3989
4098
4073
4096
4010
3991
3952
4179
3976
4000
4063
3855
3950
3967
3992
3987
3894
3803
3888
3919
3891
3933
3918
3871
3909
3941
3918
4076
3919
3884
3947
4016
3916
3902
4007
3809
3990
3954
3872
3920
3974
3954
3873
3776
3874
3878
3888
3972
3943
3929
3931
3892
3888
3902
3944
4020
3867
3922
3992
3980
3920
4011
3961
3862
3961
3892
3785
3846
3807
3845
3936
3898
3833
3907
3828
3772
3888
3821
3808
3894
3885
3776
3815
3820
3839
3810
3729
3906
3687
3696
3725
3733
3714
3776
3792
3844
3800
3889
3718
3782
3845
3770
3805
3639
3784
3802
3746
3795
3750
3840
3863
3763
3801
3739
3730
3849
3799
3785
3725
3808
3714
3804
3806
3840
3709
3797
3756
3791
3675
3685
3711
3715
3666
3753
3770
3753
3666
3749
3785
3747
3749
3710
3740
3656
3631
3723
3626
3709
3761
3772
3693
3743
3560
3640
3737
3753
3621
3743
3647
3631
3713
3692
3644
3664
3726
3600
3799
3731
3686
3659
3745
3699
3641
3622
3604
3647
3726
3502
3616
3670
3654
3671
3622
3600
3668
3721
3672
3605
3654
3622
3741
3666
3773
3661
3734
3778
3761
3807
3809
3856
3757
3709
3816
3708
3778
3780
3803
3639
3775
3806
3629
3741
3813
3757
3733
3792
3891
3728
3731
3775
3854
3825
3735
3698
3730
3677
3923
3776
3904
3805
3820
3775
3819
3864
3835
3678
3685
3763
3715
3796
3750
3776
3794
3724
3848
3711
3779
3820
3792
3847
3825
3763
3763
3896
3849
3855
3944
3841
3904
3822
3747
3889
3913
3890
3858
3934
3933
3919
3822
3805
3859
3777
3817
3719
3824
3891
3839
3956
3833
3895
3816
3873
3977
3846
3866
3936
3863
3834
3885
3949
3923
3869
3858
3917
3960
3837
3840
3881
3998
3978
3863
3973
3855
3889
4031
3912
3995
3884
3938
3872
3971
3976
3939
4001
3945
4035
3961
3850
3863
3816
3994
3940
4035
3994
3988
3931
4054
3991
3952
4050
3945
3968
3996
4006
4091
4008
4004
3988
4054
4031
3995
4101
4142
4001
4083
4028
4089
4038
4114
4108
4089
3965
4067
4062
3987
3931
3976
3932
4028
4086
3996
4095
4061
4030
4045
3985
4034
3975
3935
4128
3995
4066
4069
4084
4049
3956
4098
4023
4083
4075
4110
3945
4061
4085
4061
4053
4186
4002
4030
4063
3912
4104
4009
4112
4084
4083
4141
4021
4010
3974
4023
4063
4104
4016
4069
3856
4102
4012
3972
3987
4057
4028
4138
4004
4086
4087
4121
4064
3998
4145
4022
4018
4009
4057
3954
4029
4000
4019
3943
4026
4055
3951
4106
4072
4080
4017
3978
4097
4006
4086
4051
3972
4037
4030
3963
4072
4142
4075
3992
4004
4060
4074
4110
3991
3980
4194
4089
4060
3954
4038
3993
4093
4074
3935
4036
4055
3979
4121
4158
4073
4063
4107
4069
4065
4151
4113
3996
4096
4094
4021
4086
3960
4049
4146
4141
4011
4055
3936
4097
4055
4103
4156
3923
3930
4061
4043
4092
4042
3961
4095
4004
4074
3987
4093
3930
4127
4116
4005
3991
4031
4002
3945
4035
4105
4104
3979
3989
3989
4014
4009
3957
4108
3931
4089
4047
4044
4025
3996
4110
3959
4083
3958
3858
3887
3964
4029
4002
3890
3933
3921
3866
3910
3969
3955
3995
3961
3908
3884
3937
4073
3978
3920
3922
3987
3924
4009
3911
3818
3957
3923
3866
3854
3881
3946
3915
3848
3810
3842
3880
3843
3873
3877
3928
3822
4048
3878
3971
4022
3920
3921
3958
3875
3959
3857
3854
3895
3828
3948
3834
3905
3809
3756
3980
3966
3883
3865
3951
3792
3757
3885
3771
3861
3844
3892
3866
3830
3757
3844
3732
3929
3876
3810
3856
3801
3831
3898
3790
3830
3765
3668
3751
3762
3823
3775
3820
3816
3785
3746
3740
3763
3642
3773
3696
3711
3788
3706
3776
3712
3758
3742
3733
3793
3828
3773
3683
3771
3741
3740
3690
3687
3777
3777
3775
3812
3747
3778
3718
3682
3773
3705
3739
3836
3802
3787
3757
3771
3768
3595
3589
3690
3708
3648
3649
3642
3658
3561
3703
3683
3727
3585
3644
3628
3593
3756
3617
3668
3685
3634
3662
3665
3679
3685
3655
3674
3772
3655
3707
3699
3668
3514
3654
3567
3619
3654
3722
3716
3651
3675
3676
3603
3657
3762
3661
3612
3640
3628
3716
3720
3587
3668
3689
3662
3586
3705
3765
3797
3749
3709
3763
3717
3709
3757
3798
3778
3832
3796
3775
3665
3730
3778
3837
3819
3756
3891
3777
3667
3717
3834
3729
3837
3737
3746
3788
3666
3906
3727
3724
3743
3821
3672
3770
3813
3889
3832
3749
3757
3686
3792
3878
3838
3805
3833
3815
3809
3893
3808
3878
3728
3902
3818
3833
3721
3893
3923
3749
3896
3803
3912
3822
3897
3767
3972
3843
3996
3971
3851
3967
3869
3799
3968
3952
3966
3888
3946
3922
3948
3876
3949
3896
3885
3760
3953
3846
3821
3924
3911
3853
3999
3889
3942
3910
3937
3959
3906
3918
3910
3876
3891
3985
4012
3915
3851
3983
3897
3949
3889
3908
3899
3887
3807
4060
3799
3968
3861
3841
3894
3950
3943
3981
4096
4028
3940
3932
4055
3921
3974
4013
3905
3976
3988
4063
3958
3966
4027
3982
4001
4066
4037
4138
4141
4114
4003
4116
3914
3931
4031
4000
3997
4112
3991
4050
4126
4037
4115
3969
4042
3969
4006
4029
4083
3926
4003
4046
3967
4018
3946
4114
4021
4070
4041
4084
4001
4057
4091
4081
4024
4145
4027
4033
4103
4000
4186
4052
4154
4016
4047
4178
4043
3987
4068
4044
3996
4058
4084
3991
3968
4086
4122
4084
4043
4184
4025
4135
4126
4142
4053
3995
4065
3980
4075
4044
4001
