3006
2979
2984
2994
3067
3060
2994
2985
2999
3117
3079
3036
3074
3043
3063
2999
3078
3098
3052
3005
2924
3078
3157
3001
3110
3051
3011
3058
3101
3020
3027
3121
2957
2996
3128
3123
3023
2979
3090
3030
3084
3041
3003
3095
3097
3004
3063
3080
3045
3081
3009
3019
2966
2989
3035
3045
3066
3059
3076
2983
3028
3072
3003
3036
3015
3020
3097
3062
3003
2996
2932
3067
3069
3034
3087
3040
2954
2980
3026
2986
3066
3036
2946
3031
2936
3070
3058
2972
3013
2986
3025
2946
3090
3026
3051
3017
2974
3006
2960
3001
2920
2919
3016
3010
2962
3026
2878
2881
3055
2935
2839
2906
2949
2958
2963
2974
2921
3019
2892
2974
2960
2957
2994
2899
3008
3001
2954
2957
2945
2971
2995
2921
2961
3024
2821
2943
3001
3024
2875
2962
2946
2926
2884
2867
2859
2980
2888
2918
2916
2865
2837
2852
2940
2804
2872
2926
2878
2977
2849
2869
2893
2833
2903
2918
2944
2788
2856
2860
2855
2830
2887
2847
3033
2808
2851
2790
2877
2829
2798
2800
2877
2859
2898
2843
2740
2882
2843
2773
2839
2810
2824
2876
2934
2808
2833
2893
2923
2796
2810
2916
2783
2817
2841
2823
2802
2850
2950
2815
2788
2793
2871
2753
2859
2752
2806
2892
2754
2903
2750
2805
2825
2710
2758
2796
2792
2756
2756
2799
2587
2711
2744
2798
2743
2754
2714
2729
2814
2696
2737
2815
2738
2826
2795
2714
2735
2818
2849
2819
2772
2744
2723
2815
2746
2810
2818
2778
2736
2767
2778
2721
2790
2723
2789
2707
2736
2803
2715
2727
2812
2719
2781
2810
2876
2777
2797
2894
2765
2809
2822
2860
2854
2726
2832
2867
2821
2781
2773
2937
2852
2839
2773
2864
2835
2759
2910
2869
2811
2797
2897
2888
2789
2872
2742
2838
2855
2886
2813
2842
2900
2886
2854
2768
2799
2799
2834
2810
2847
2783
2849
2826
2877
2873
2856
2812
2889
2847
2813
2836
2801
2922
2978
2843
2819
2909
2885
2801
2873
2850
2839
2958
2958
2901
2880
2804
2941
2867
2858
2889
2936
2957
2983
2952
2973
2974
2971
2908
2939
2864
2927
2897
2877
2939
2976
2910
2973
2929
2974
2877
2919
3050
2992
3054
2925
2838
2945
2940
2951
2986
2991
2928
2952
3010
2904
2928
3010
2950
2953
2924
2918
2972
2970
2937
2990
3032
3047
2943
3001
2952
2857
3004
2945
2952
2979
2974
2914
2952
3044
3115
3048
3000
2964
3011
2937
3075
2991
3022
2992
2968
3083
3035
3132
3033
3092
2998
3053
3059
3005
3009
3018
3024
3064
3012
2956
2994
3080
3156
3086
2985
3054
3082
3081
3018
2980
2999
3014
2923
3066
2969
3095
3091
3164
3087
3009
3170
3110
3114
3122
3040
3004
2926
2918
3010
2988
3066
3093
3159
3042
3041
3069
3053
3029
3096
3047
3097
3073
3019
3013
3032
3068
3072
3025
3145
2994
3019
2979
3021
3039
3024
3060
3092
3040
3001
3071
2972
3015
3029
3154
3077
3044
3012
3036
3018
2986
2954
3095
3020
3003
2951
2955
2979
2991
3058
3031
2981
3003
2989
3084
2966
3093
3019
3005
3086
3121
3033
2985
2993
2991
3028
3010
2973
3030
3048
3029
2987
3084
2993
2972
3095
3119
3060
2972
3078
3073
3076
3094
3040
3115
3072
3018
3126
3016
3146
3143
3111
3023
2986
2916
3044
3059
2994
3108
3014
3026
3019
2959
3072
3014
2949
3041
3130
3089
3034
3028
2967
3069
2967
3025
3042
3010
2986
3055
2955
2984
3041
2994
2985
3038
3054
2932
3124
3082
3001
3032
2966
3018
3132
3012
2991
3047
3014
3005
3058
2955
2974
3120
2958
3080
2952
2955
3019
2987
3014
3008
2997
2871
2951
2991
2918
2991
3027
2963
2945
3031
2962
2936
2864
2892
3006
2912
2913
2907
2911
3001
2847
2920
2973
3001
3017
2944
2903
2961
2931
2943
2887
2867
2874
2896
2919
3010
2810
2953
3028
2890
2987
2887
2877
2861
2960
2932
2993
2849
2920
2975
2916
2971
2962
2844
2890
3005
2939
2873
3036
2980
2858
2872
2939
3010
2977
2894
2832
2826
2968
2932
2939
2968
2842
2866
2912
2890
2806
2768
2910
2890
2916
2842
2942
2827
2808
2858
2859
2827
2828
2958
2824
2812
2844
2828
2894
2841
2799
2829
2815
2837
2844
2882
2871
2779
2826
2808
2878
2794
2883
2961
2878
2860
2865
2827
2761
2847
2762
2904
2828
2804
2841
2856
2876
2784
2813
2878
2816
2821
2832
2795
2759
2714
2823
2866
2800
2721
2888
2704
2861
2700
2769
2641
2764
2864
2781
2681
2770
2726
2824
2806
2780
2697
2728
2663
2670
2841
2757
2747
2673
2729
2742
2827
2722
2752
2778
2723
2837
2700
2766
2803
2749
2783
2764
2827
2764
2726
2766
2761
2779
2715
2774
2761
2718
2789
2805
2748
2777
2792
2825
2791
2786
2786
2943
2761
2807
2922
2829
2846
2865
2876
2882
2803
2807
2895
2830
2818
2846
2824
2798
2800
2897
2881
2888
2921
2818
2775
2828
2887
2806
2885
2822
2789
2846
2800
2834
2909
2729
2866
2851
2833
2831
2835
2925
2822
2890
2870
2813
2849
2768
2798
2837
2859
2851
2874
2778
2755
2852
2834
2918
2771
2873
2873
2869
2953
2869
2913
2910
2929
2967
2904
2897
2916
2850
2961
2900
2874
2896
2795
2923
2858
2923
3027
2862
2951
2902
3036
2933
2871
2917
2969
2948
2901
3011
2774
2919
2977
2927
2898
2976
2961
2846
2948
2964
2986
2954
2896
2974
2967
2913
2978
2890
2980
2978
2917
2936
2998
2946
3014
2900
2908
2947
2998
2985
2953
2938
2960
2960
3083
3023
2992
2999
3084
2984
2986
3126
3119
2991
3034
2975
3007
3035
3016
3061
2955
2987
2982
2976
3089
3095
3058
2972
3020
3092
3127
2993
3054
3005
2960
2953
3002
3014
3054
3071
3032
3119
3045
2927
3025
3025
2974
3072
2900
3017
3005
3040
3014
3008
3017
3169
3016
2940
3039
3026
3029
3027
3075
3028
3039
3077
3075
3010
3052
3085
2935
3121
3047
3082
3033
3034
3082
3142
3094
3005
3056
3019
3127
3092
3062
3124
2991
3078
3055
3057
3045
3107
3008
3081
3060
3026
3054
