3010
3038
3063
2965
2977
2998
3044
3064
3085
3074
3079
3105
3034
3072
3094
3079
3071
3117
3109
3025
3067
3037
3054
2995
2983
3078
3140
3067
3021
3045
2992
3019
3097
3041
3192
3111
3141
3029
3007
3111
2988
3029
3065
3180
3084
3024
3035
3052
2947
2966
3025
3026
2947
2992
3097
3040
3068
3087
3022
3073
3045
3010
3002
3046
3019
2991
2903
3053
2960
3160
2973
3019
3076
3086
3055
2963
3018
3100
3060
3061
3014
3000
2937
3042
3046
3014
3075
3051
3014
2956
2964
2893
2966
2980
2976
3025
2982
2865
2981
2915
2949
2934
2966
2963
2939
3002
2969
2943
3035
2978
2957
3004
2892
2980
2960
2893
2911
3012
2956
2959
2976
2897
2950
2948
2885
2917
2920
2946
2922
2956
2947
2942
2949
2958
2919
2940
2940
2854
2912
2856
2944
2868
2936
2902
2943
2954
2890
2903
2930
2863
2918
2889
2864
2999
2980
2908
2959
2856
2720
2944
2878
2975
2964
2891
2891
2793
2880
2877
2912
2763
2865
2905
2814
2801
2736
2852
2794
2890
2878
2857
2781
3005
2820
2864
2736
2865
2870
2819
2734
2861
2850
2936
2841
2795
2762
2903
2785
2942
2825
2761
2852
2831
2826
2768
2908
2875
2823
2788
2768
2793
2878
2851
2872
2832
2777
2853
2803
2789
2798
2757
2663
2803
2807
2769
2761
2846
2757
2707
2858
2761
2755
2773
2677
2745
2761
2646
2711
2705
2749
2654
2682
2803
2902
2693
2804
2721
2667
2792
2681
2736
2812
2734
2670
2736
2691
2708
2758
2781
2734
2614
2687
2757
2781
2690
2801
2712
2777
2751
2676
2770
2773
2806
2813
2779
2808
2791
2800
2800
2775
2813
2786
2845
2803
2971
2726
2752
2900
2815
2859
2788
2811
2816
2839
2800
2820
2847
2753
2840
2772
2823
2692
2850
2827
2803
2850
2818
2798
2760
2942
2878
2837
2866
2835
2772
2743
2831
2780
2863
2799
2808
2958
2809
2815
2880
2790
2805
2870
2815
2871
2769
2944
2890
2949
2943
2756
2821
2915
2919
2997
2874
3018
2928
2962
2807
2848
2816
2902
2884
2997
2965
2956
3007
2943
2864
2955
2939
2960
2983
3014
3023
2943
2964
2971
2937
2977
2901
2964
2898
2904
3020
2891
2926
2810
2860
2986
2897
2952
2860
2972
2904
2948
2968
2944
2933
2983
3015
3004
2891
3024
2895
2938
2911
2983
2949
3033
2915
2998
2971
3122
2946
2994
2909
2974
3026
3030
2970
3014
3062
2929
2955
3063
2968
3047
3034
3003
2964
3063
2989
3028
3103
2975
3023
2991
3082
2973
3148
3051
2967
3114
3095
3034
3044
2962
2991
2947
2918
3045
2984
3051
3011
2993
3080
2997
2978
3060
3141
3122
3040
3102
3025
3021
3038
2987
3099
3054
3082
3040
3048
2983
3078
3178
2947
3027
3271
3114
3112
3005
3077
3119
3025
3108
3008
3016
3087
3073
3016
3012
3009
3047
3053
3044
3051
3065
3021
2956
2971
3032
3157
3126
3144
3033
3022
3052
3036
3131
3008
2989
2989
3076
2980
3071
3047
2994
3072
3010
3110
3142
3008
3046
3198
3050
3137
3065
3050
2976
3015
3086
3088
3063
3010
3056
3147
2991
3147
3093
3041
3049
3019
2948
2933
3096
2973
3002
3055
3026
3013
3025
3021
3117
2975
3043
2961
2968
2985
3065
3011
3013
3055
3074
3052
3026
3029
3062
3017
3064
3096
3035
3026
2921
3051
3009
2928
3029
3153
2996
3024
3042
3044
3075
3054
3038
2963
2923
2985
2964
2976
3054
2934
2973
3038
3076
3066
3014
3050
3073
3088
3044
3036
2974
2927
2997
3050
3084
3093
2890
2942
2878
3017
2940
3008
2991
3052
3096
2988
3065
3032
2999
2995
3020
2906
3048
2999
3027
3105
3019
2998
3082
2929
3029
2956
3070
2899
3019
2985
2959
2987
2958
3052
2986
2948
2974
2970
2850
3020
2919
2964
2953
2870
2920
2967
2904
3016
2941
3064
2930
2959
2962
2841
3007
2892
2935
2949
2954
2896
2873
3021
2878
2897
2986
2928
2903
2878
2921
2941
2851
2865
2908
2995
2907
2845
2913
2948
2864
3009
2912
3010
2856
2955
2792
2870
2892
2968
2902
2956
2854
2915
2891
2887
2908
2980
2917
2903
2890
2897
2833
2932
2867
2838
2872
2802
2965
2922
2886
2890
2872
2853
2857
2830
2823
2781
2770
2847
2825
2739
2843
2804
2867
2887
2852
2801
2781
2801
2784
2833
2820
2909
2840
2858
2819
2836
2913
2832
2856
2781
2827
2837
2820
2862
2696
2821
2744
2780
2804
2732
2825
2796
2854
2758
2832
2761
2930
2816
2718
2744
2761
2692
2718
2819
2702
2766
2760
2784
2778
2688
2692
2697
2863
2723
2699
2764
2739
2811
2715
2768
2732
2826
2749
2735
2747
2841
2827
2702
2806
2838
2831
2751
2790
2772
2747
2723
2720
2843
2771
2752
2724
2683
2835
2786
2698
2825
2811
2703
2802
2682
2804
2863
2871
2785
2769
2809
2895
2808
2792
2865
2925
2883
2943
2760
2826
2853
2817
2901
2827
2866
2925
2799
2824
2870
2853
2736
2800
2906
2910
2836
2797
2812
2814
2814
2800
2840
2803
2824
2815
2744
2791
2835
2765
2776
2877
2863
2824
2892
2899
2857
2842
2728
2862
2850
2895
2876
2934
2857
2881
2854
2847
2827
2916
2831
2908
2890
2946
2876
2881
2911
2911
2913
2883
2925
2809
2884
2990
2984
2866
2900
2943
2972
2862
2898
3031
2911
2925
2861
2960
3070
2961
2877
2841
2913
2923
2890
2997
2908
2999
2915
2870
2939
2995
2938
2887
3011
2941
2979
3036
2920
3018
2920
2936
2889
2978
2945
2929
2923
2988
2943
3037
2995
3032
2930
2955
2951
3046
2981
2964
2954
3036
2930
3078
3028
2968
3033
3005
3015
3110
2965
3040
2981
3134
3015
3076
2968
3046
3033
3036
3045
3039
3054
3061
3063
3093
3106
3033
3069
3097
2935
3007
3047
2938
3089
3085
2956
3017
2927
2997
3065
3024
3031
2981
2987
3004
2968
2948
3129
2953
3085
3017
3025
3039
3053
2971
3065
2986
3030
2942
3023
3066
2953
3003
3049
3044
3020
3000
3035
3012
3138
3055
3034
3061
2984
3062
2965
3051
3019
3058
3079
3028
3063
3154
3045
2967
3011
2911
3104
2991
