3067
3063
3105
3091
3010
3045
3035
3068
3004
2975
3012
3069
2987
3120
3046
2995
3179
3009
3057
3015
3047
3082
3114
2997
3018
3051
3031
2998
3079
2987
3039
3013
3074
3022
3054
3006
3019
3182
2999
2996
3106
3089
3053
3013
2927
3076
2991
2938
3019
3033
3036
3053
2964
2979
3085
3083
3057
3065
2979
2935
3018
3039
3021
2878
2996
3043
3056
3083
3002
3086
3073
2968
3024
3059
3058
2931
3044
3141
2994
3060
3058
3061
3025
2936
2963
2969
2979
3037
3011
2992
3013
2999
2956
3043
3035
2954
2999
2913
2943
3065
3009
3044
2948
3035
2868
2963
2931
2967
2973
2922
2916
2942
2816
3034
2919
2937
2979
2874
3002
2921
2967
2830
2871
2901
2907
2894
2908
2927
2989
2864
2986
2951
2971
2903
2914
2957
2950
2836
2938
2945
2927
2860
2866
3016
2949
2988
2913
2964
2979
3003
2890
2889
2973
2921
2990
2924
2811
2849
2965
2892
2967
2889
2933
2850
2848
2773
2913
2897
2851
2880
2763
2835
2838
2837
2863
2876
2770
2902
2847
2825
2850
2966
2781
2874
2984
2878
2817
2849
2816
2808
2850
2859
2787
2882
2855
2922
2878
2793
2847
2962
2782
2728
2793
2830
2859
2866
2791
2822
2873
2836
2861
2745
2868
2808
2771
2770
2780
2900
2743
2765
2818
2677
2743
2691
2784
2792
2791
2694
2768
2774
2722
2726
2742
2697
2725
2688
2759
2838
2765
2754
2692
2647
2648
2729
2754
2797
2682
2854
2661
2755
2823
2715
2781
2779
2739
2745
2719
2766
2837
2621
2729
2739
2733
2767
2774
2747
2799
2782
2725
2758
2765
2792
2847
2718
2740
2843
2783
2820
2759
2744
2742
2750
2846
2928
2814
2776
2789
2863
2853
2801
2838
2789
2827
2778
2811
2807
2854
2758
2883
2888
2820
2874
2808
2850
2896
2892
2881
2829
2855
2963
2849
2829
2787
2807
2824
2815
2835
2864
2900
2876
2823
2844
2874
2802
2792
2845
2955
2908
2951
2896
2897
2808
2916
2893
2931
2850
2863
2876
2796
2897
2908
3004
2962
2843
2887
2872
2820
2893
2911
2990
2867
2891
2982
2933
2917
2926
2872
2896
2960
2968
2990
2795
2988
2953
2945
2848
2942
2950
2987
2916
3020
2888
2948
2890
2991
3004
2901
2964
2884
2906
2995
3025
2953
2924
3012
2915
3007
2931
3080
2923
3011
2860
2932
2953
2902
3014
2826
3088
2968
2891
2971
2950
2948
3051
3061
3043
3126
2989
2890
2968
2972
2919
3080
3019
2990
3021
3009
3026
2994
3003
3056
3048
3085
2998
3054
2953
3111
3009
3125
3041
3010
2972
2958
3096
2996
3011
2977
3045
3042
3067
3051
3068
2922
3038
2986
3017
2995
3064
3058
3040
3047
3024
2981
3083
3018
2986
3053
3040
3051
3102
2954
3000
3099
2975
2945
2985
3134
2993
2986
3109
2976
2971
3144
3037
3040
3050
2976
3092
3058
3097
3007
3111
2992
3100
3111
2967
3065
2996
3136
2973
3017
3066
3087
3026
2990
3031
2929
3160
3042
3007
2941
3154
3083
2968
3106
2974
2980
3008
3148
3030
3067
3020
3032
3056
3084
3020
3086
3030
2954
2975
3045
3179
3121
3029
3018
2931
3041
2979
3067
3152
3092
2982
2961
3092
3079
3032
3138
3062
3074
2982
3062
3039
3000
3056
3040
2990
2999
3099
2969
3045
3035
2945
3041
3156
3042
3051
2988
3044
2939
3156
3043
3028
3081
3011
2974
3132
3040
3020
3014
2950
2968
3063
2902
3010
3095
3049
3138
2973
3088
3034
2989
3133
3051
3005
3013
3078
3057
3029
2993
3060
3000
3033
2990
3083
3030
2961
2983
3023
3106
3021
3140
3059
3039
3037
3074
2953
2998
2970
2975
3059
2981
2984
2998
3007
2968
2966
3031
2918
3010
2915
2896
2957
2927
3053
3013
2958
3052
2953
2989
2966
2841
2954
2841
2973
2889
3059
2915
2951
2995
2926
2945
2942
2940
2942
2895
2919
2894
3011
3014
2826
2981
2964
2896
3000
2968
2847
2928
2949
2875
2924
2884
2887
2857
2937
2905
2966
2968
2982
2909
2898
2918
2868
2861
2877
2852
2905
2927
2883
2888
2924
2869
2868
2840
2961
2787
2861
2890
2900
2820
3042
2874
2855
2737
2873
2919
2859
2906
2876
2837
2802
2832
2886
2890
2897
2804
2893
2820
2854
2714
2803
2811
2837
2898
2724
2786
2886
2783
2832
2892
2777
2797
2866
2779
2893
2845
2761
2846
2865
2869
2740
2684
2699
2855
2800
2796
2818
2811
2733
2790
2901
2848
2849
2762
2803
2705
2797
2740
2767
2804
2801
2757
2720
2742
2729
2650
2715
2773
2757
2709
2729
2724
2669
2686
2862
2775
2691
2783
2772
2653
2658
2774
2727
2717
2739
2741
2735
2822
2708
2734
2649
2789
2793
2727
2808
2688
2671
2703
2687
2707
2798
2716
2667
2798
2695
2667
2734
2725
2729
2836
2780
2719
2855
2790
2807
2786
2875
2752
2800
2874
2922
2839
2761
2817
2899
2797
2896
2861
2772
2838
2837
2883
2902
2769
2810
2739
2844
2835
2879
2884
2771
2781
2882
2866
2884
2805
2860
2900
2795
2822
2833
2845
2871
2783
2792
2799
2910
2772
2753
2879
2805
2877
2854
2852
2903
2830
2854
2857
2848
2838
2828
2865
2867
2867
2789
2904
2912
2886
2922
2938
2903
2819
2848
2840
2928
2931
2909
2877
2931
2889
2888
2888
2916
2895
2899
2963
3007
2910
2874
2922
2958
3049
2976
2948
2921
2908
2872
2912
2952
2919
2872
2833
2881
2838
2862
2932
2953
2929
2925
2881
2904
2964
2934
2859
2961
3029
2939
2860
2929
3017
2908
2885
2923
3001
2939
2964
2964
3009
2986
2951
3044
3091
2960
2982
2937
2916
2968
3014
3028
2999
3029
3076
2880
3017
3064
3018
2958
2994
2972
3048
3003
2990
3063
3067
3052
2965
2989
3093
3027
2996
3030
3013
3113
2905
2996
2966
2996
2965
2975
3076
2989
2971
3003
3039
2995
3036
3055
3014
2950
3086
3001
3060
3077
3028
3023
3060
3130
3010
3198
3084
3034
3079
3004
3047
2979
2951
2957
3030
3057
3089
3110
3053
3098
2857
3100
3020
3061
3036
3025
3059
3001
3024
2927
3011
3068
3035
3093
3023
3017
2985
3103
2962
3066
3114
