2748
2692
2768
2809
2726
2847
2750
2695
2742
2729
2736
2765
2792
2740
2807
2764
2808
2749
2821
2834
2824
2686
2730
2735
2767
2753
2778
2738
2761
2737
2769
2808
2733
2711
2749
2796
2799
2791
2674
2770
2762
2716
2763
2732
2702
2678
2739
2753
2741
2768
2792
2845
2733
2764
2772
2825
2738
2819
2725
2768
2667
2732
2829
2697
2758
2698
2833
2801
2788
2719
2736
2729
2763
2710
2766
2728
2756
2743
2675
2770
2752
2819
2685
2722
2762
2713
2816
2753
2723
2685
2717
2772
2648
2637
2708
2709
2730
2779
2651
2679
2622
2642
2714
2692
2692
2662
2656
2640
2589
2606
2708
2666
2734
2716
2789
2623
2618
2637
2615
2715
2656
2663
2718
2674
2714
2694
2564
2741
2655
2656
2638
2721
2685
2623
2692
2651
2613
2664
2675
2590
2726
2612
2625
2637
2685
2596
2650
2588
2690
2646
2658
2606
2619
2667
2614
2617
2529
2608
2579
2630
2592
2616
2623
2540
2561
2634
2558
2567
2609
2601
2558
2543
2533
2552
2638
2619
2579
2603
2620
2568
2420
2559
2521
2527
2611
2557
2533
2507
2573
2563
2560
2588
2578
2549
2493
2538
2539
2554
2570
2561
2538
2523
2558
2467
2510
2468
2620
2497
2612
2573
2550
2522
2570
2557
2533
2449
2581
2523
2537
2476
2553
2484
2482
2472
2451
2497
2472
2455
2490
2447
2485
2485
2474
2454
2415
2370
2480
2348
2433
2322
2497
2436
2393
2471
2544
2431
2380
2403
2399
2402
2502
2447
2491
2419
2411
2453
2434
2467
2508
2484
2432
2447
2514
2443
2358
2408
2383
2558
2426
2419
2490
2607
2485
2545
2493
2613
2531
2505
2531
2465
2597
2575
2493
2525
2542
2529
2564
2528
2551
2531
2522
2550
2522
2532
2569
2608
2570
2635
2614
2551
2569
2626
2559
2600
2472
2470
2632
2548
2469
2462
2579
2494
2519
2555
2585
2507
2482
2625
2524
2601
2622
2522
2545
2571
2542
2600
2594
2611
2617
2637
2607
2597
2499
2527
2640
2598
2528
2557
2635
2581
2599
2639
2612
2580
2661
2591
2593
2682
2738
2571
2617
2697
2656
2529
2663
2539
2567
2727
2625
2586
2584
2600
2587
2686
2649
2686
2706
2681
2647
2604
2674
2615
2714
2742
2660
2626
2656
2665
2657
2680
2623
2703
2707
2622
2620
2689
2689
2720
2636
2655
2599
2615
2678
2689
2761
2630
2740
2729
2598
2707
2728
2679
2641
2643
2614
2681
2632
2721
2791
2710
2631
2761
2653
2770
2675
2677
2736
2757
2762
2658
2765
2820
2747
2718
2771
2682
2798
2787
2671
2684
2704
2680
2733
2824
2764
2733
2760
2694
2771
2770
2790
2717
2810
2749
2682
2751
2733
2754
2647
2752
2725
2718
2657
2730
2715
2784
2739
2681
2741
2716
2865
2728
2744
2758
2810
2746
2699
2812
2722
2680
2709
2801
2712
2734
2804
2679
2715
2765
2746
2699
2772
2736
2735
2637
2738
2743
2713
2752
2841
2768
2760
2746
2742
2805
2717
2656
2700
2738
2705
2748
2813
2703
2743
2718
2794
2784
2717
2846
2678
2739
2799
2719
2771
2772
2820
2821
2766
2708
2856
2781
2836
2687
2646
2775
2801
2752
2737
2786
2782
2704
2880
2702
2839
2727
2767
2653
2800
2721
2841
2718
2723
2768
2735
2794
2764
2751
2666
2735
2724
2813
2769
2672
2658
2680
2770
2692
2811
2697
2650
2778
2705
2672
2818
2824
2730
2764
2548
2800
2697
2643
2753
2668
2643
2735
2682
2703
2844
2777
2791
2744
2753
2784
2713
2770
2728
2807
2807
2853
2814
2741
2754
2783
2767
2668
2809
2733
2761
2808
2709
2767
2709
2797
2713
2811
2638
2855
2775
2752
2751
2763
2781
2724
2849
2706
2757
2663
2729
2631
2679
2752
2743
2707
2732
2754
2627
2695
2689
2627
2643
2664
2672
2691
2601
2641
2603
2689
2734
2619
2698
2617
2590
2733
2695
2666
2704
2643
2541
2658
2597
2713
2656
2583
2666
2596
2578
2670
2597
2612
2606
2646
2667
2622
2627
2663
2744
2672
2596
2741
2644
2691
2569
2570
2642
2680
2610
2542
2701
2628
2652
2567
2583
2522
2588
2679
2599
2570
2587
2608
2642
2586
2491
2544
2601
2672
2581
2597
2651
2590
2551
2560
2542
2566
2582
2555
2518
2582
2604
2544
2502
2558
2499
2561
2546
2417
2520
2487
2467
2511
2491
2540
2529
2536
2494
2620
2558
2500
2571
2599
2547
2541
2485
2576
2556
2508
2576
2564
2522
2555
2479
2548
2549
2512
2536
2422
2535
2465
2432
2531
2494
2553
2466
2507
2459
2495
2431
2418
2482
2502
2505
2473
2493
2460
2498
2411
2441
2376
2412
2452
2396
2382
2497
2403
2433
2480
2394
2486
2474
2427
2465
2526
2402
2365
2428
2417
2395
2428
2392
2457
2386
2434
2499
2427
2450
2433
2607
2420
2458
2462
2400
2484
2467
2465
2565
2538
2492
2487
2430
2484
2528
2474
2591
2449
2519
2570
2497
2507
2576
2584
2596
2441
2600
2578
2539
2527
2539
2453
2604
2518
2392
2604
2562
2524
2625
2548
2550
2572
2491
2593
2539
2563
2491
2505
2539
2572
2563
2556
2616
2513
2500
2627
2560
2646
2531
2560
2524
2628
2592
2584
2551
2639
2529
2586
2608
2645
2583
2569
2604
2647
2617
2613
2573
2622
2661
2674
2573
2556
2590
2613
2654
2556
2692
2685
2664
2582
2630
2671
2536
2644
2624
2623
2674
2663
2628
2704
2587
2589
2619
2717
2687
2630
2717
2579
2698
2651
2642
2621
2602
2638
2597
2753
2699
2521
2673
2695
2616
2641
2640
2692
2684
2713
2666
2721
2727
2660
2704
2625
2683
2664
2741
2700
2697
2728
2698
2718
2702
2715
2663
2750
2714
2776
2731
2696
2718
2769
2767
2602
2680
2724
2667
2742
2733
2767
2731
2760
2794
2758
2749
2766
2727
2798
2738
2737
2657
2722
2681
2756
2712
2756
2690
2770
2799
2682
2754
2773
2772
2741
2684
2656
2695
2735
2692
2816
2736
2776
2752
2747
2735
2738
2694
2738
2746
2758
2795
2724
2810
2818
2721
2763
2676
2806
2777
2699
2742
2718
2769
2750
2706
2828
2818
2787
2776
2788
2686
2890
2768
2795
2815
2812
2783
2751
2732
2791
2818
