3704
3743
3654
3684
3737
3622
3706
3644
3674
3587
3571
3649
3568
3742
3793
3683
3649
3698
3713
3613
3662
3601
3700
3619
3629
3639
3684
3727
3739
3638
3610
3711
3634
3627
3784
3683
3734
3714
3737
3632
3581
3525
3637
3665
3487
3599
3591
3591
3631
3574
3634
3736
3696
3712
3762
3709
3619
3670
3684
3767
3627
3739
3722
3626
3597
3668
3755
3636
3667
3756
3632
3666
3648
3562
3775
3556
3631
3696
3634
3519
3612
3714
3787
3595
3654
3630
3631
3587
3560
3589
3572
3639
3639
3600
3532
3619
3599
3559
3656
3508
3766
3679
3455
3556
3594
3531
3512
3629
3528
3484
3458
3672
3483
3489
3625
3534
3653
3648
3555
3556
3599
3441
3627
3479
3555
3531
3617
3480
3647
3475
3507
3470
3548
3639
3526
3435
3540
3570
3460
3477
3619
3477
3507
3492
3591
3466
3502
3567
3572
3554
3505
3496
3511
3492
3453
3462
3506
3582
3455
3529
3405
3480
3561
3436
3523
3402
3436
3534
3454
3499
3468
3411
3469
3547
3412
3351
3324
3414
3336
3439
3351
3434
3408
3406
3384
3408
3403
3361
3411
3311
3446
3483
3427
3374
3370
3370
3321
3396
3406
3352
3453
3361
3326
3314
3392
3502
3414
3388
3388
3466
3343
3339
3416
3336
3357
3384
3412
3355
3246
3384
3304
3378
3355
3362
3295
3311
3339
3232
3369
3258
3274
3205
3169
3298
3257
3268
3264
3317
3179
3199
3225
3114
3158
3335
3232
3325
3271
3171
3365
3308
3174
3314
3207
3261
3171
3298
3271
3269
3235
3269
3287
3299
3287
3196
3286
3270
3280
3283
3362
3285
3365
3274
3244
3310
3299
3245
3383
3265
3366
3425
3414
3344
3417
3353
3406
3355
3218
3350
3377
3343
3399
3302
3342
3330
3390
3434
3440
3360
3401
3394
3332
3366
3449
3337
3439
3376
3544
3459
3425
3463
3392
3326
3468
3376
3461
3422
3381
3414
3477
3395
3454
3511
3410
3424
3420
3413
3479
3374
3406
3509
3430
3469
3395
3436
3564
3439
3564
3422
3416
3411
3474
3476
3420
3550
3519
3435
3503
3494
3453
3522
3523
3619
3515
3429
3495
3594
3521
3477
3664
3545
3546
3533
3554
3607
3552
3618
3525
3583
3550
3507
3613
3526
3596
3557
3559
3502
3542
3572
3595
3447
3539
3584
3572
3438
3486
3468
3615
3466
3713
3553
3587
3585
3609
3579
3635
3575
3601
3531
3587
3471
3577
3591
3609
3528
3616
3639
3614
3579
3605
3697
3622
3651
3683
3705
3685
3664
3677
3658
3697
3645
3621
3765
3577
3707
3694
3694
3636
3717
3787
3649
3529
3752
3633
3677
3748
3635
3584
3620
3613
3689
3623
3669
3648
3666
3703
3717
3734
3684
3674
3651
3721
3599
3749
3677
3758
3703
3568
3649
3538
3697
3722
3745
3692
3686
3645
3635
3633
3798
3748
3620
3621
3711
3666
3665
3664
3706
3568
3696
3631
3714
3724
3562
3562
3653
3668
3633
3652
3747
3792
3644
3728
3687
3642
3526
3618
3697
3708
3722
3629
3658
3710
3705
3667
3597
3714
3696
3660
3638
3728
3668
3776
3661
3688
3652
3608
3732
3644
3670
3588
3708
3790
3630
3648
3765
3586
3751
3684
3786
3730
3654
3642
3661
3674
3649
3733
3662
3597
3627
3769
3788
3646
3724
3769
3736
3726
3622
3676
3765
3700
3573
3756
3608
3562
3749
3709
3634
3646
3606
3674
3669
3590
3604
3697
3663
3758
3747
3732
3711
3662
3691
3642
3599
3689
3629
3676
3731
3726
3670
3688
3663
3766
3605
3630
3693
3725
3616
3730
3661
3635
3664
3682
3680
3643
3617
3585
3564
3655
3731
3695
3706
3586
3595
3507
3674
3671
3662
3687
3571
3581
3574
3531
3542
3516
3663
3597
3533
3633
3638
3625
3608
3465
3552
3535
3529
3638
3443
3568
3560
3563
3464
3502
3559
3602
3610
3649
3522
3544
3524
3527
3489
3496
3618
3524
3519
3565
3544
3544
3532
3545
3642
3520
3536
3591
3578
3519
3586
3546
3550
3528
3528
3513
3532
3484
3562
3620
3569
3484
3608
3570
3469
3492
3545
3536
3510
3448
3467
3514
3654
3494
3568
3406
3368
3576
3548
3451
3473
3476
3493
3442
3476
3374
3547
3549
3436
3468
3487
3335
3363
3390
3406
3391
3446
3499
3492
3484
3408
3402
3422
3483
3537
3452
3442
3385
3439
3342
3387
3405
3356
3427
3449
3371
3504
3380
3405
3427
3412
3405
3404
3350
3418
3388
3320
3501
3401
3336
3309
3338
3271
3412
3335
3428
3344
3388
3239
3481
3299
3353
3310
3381
3237
3345
3248
3328
3238
3288
3285
3397
3273
3228
3251
3344
3275
3225
3313
3298
3215
3273
3219
3235
3212
3199
3238
3229
3325
3273
3275
3169
3231
3386
3298
3239
3245
3369
3289
3178
3205
3165
3235
3166
3251
3224
3311
3235
3237
3259
3317
3272
3157
3289
3214
3356
3333
3311
3148
3312
3331
3378
3402
3294
3381
3337
3268
3436
3464
3281
3323
3404
3405
3423
3347
3346
3365
3399
3417
3337
3327
3361
3378
3414
3435
3389
3400
3438
3515
3440
3373
3476
3418
3489
3430
3539
3485
3334
3470
3459
3332
3335
3480
3518
3439
3454
3377
3464
3457
3449
3454
3435
3371
3433
3425
3439
3482
3449
3432
3377
3452
3408
3484
3548
3420
3383
3482
3581
3386
3477
3482
3435
3476
3601
3548
3510
3613
3445
3463
3593
3486
3480
3516
3587
3480
3507
3478
3495
3572
3530
3562
3566
3540
3525
3566
3483
3567
3537
3655
3512
3558
3626
3521
3678
3653
3579
3560
3611
3510
3584
3644
3534
3544
3530
3552
3430
3523
3531
3577
3613
3579
3560
3627
3585
3518
3581
3650
3740
3682
3619
3671
3643
3712
3615
3721
3633
3572
3560
3576
3606
3634
3589
3681
3674
3656
3623
3608
3628
3650
3685
3648
3665
3656
3570
3756
3589
3730
3670
3641
3620
3632
3656
3611
3663
3760
3608
3642
3697
3564
3631
3716
3635
3594
3682
3513
3563
3745
3571
3731
3710
3659
3573
3575
3758
3645
3690
3692
3701
3732
3599
3578
3498
3723
3607
3643
3611
3720
3745
3751
3663
3658
3738
3713
3541
3667
3651
3589
3763
3777
3735
3749
3641
3619
3632
3659
3678
3738
3657
