3378
3345
3386
3442
3341
3370
3277
3352
3426
3400
3369
3357
3315
3493
3397
3380
3280
3405
3433
3472
3325
3285
3362
3345
3455
3324
3309
3333
3243
3344
3364
3418
3428
3270
3370
3323
3302
3329
3456
3413
3362
3372
3261
3380
3447
3249
3363
3300
3401
3327
3418
3327
3289
3332
3442
3430
3378
3308
3335
3507
3264
3383
3326
3364
3335
3167
3202
3247
3324
3105
3140
3210
3176
3205
3108
3134
3005
3080
3106
3012
3027
3137
3144
3219
3302
3247
3261
3287
3139
3167
3359
3183
3271
3297
3252
3207
3255
3292
3339
3293
3277
3235
3377
3302
3330
3339
3332
3313
3248
3280
3420
3261
3326
3342
3360
3384
3331
3365
3473
3422
3305
3419
3399
3264
3391
3224
3285
3310
3204
3388
3332
3354
3346
3237
3325
3309
3241
3240
3341
3335
3230
3180
3224
3161
3113
3064
3179
3145
3132
3103
3151
3126
3105
3230
3218
3270
3355
3241
3305
3320
3277
3318
3314
3309
3327
3325
3317
3237
3393
3429
3297
3280
3361
3284
3289
3356
3352
3387
3375
3384
3305
3343
3461
3363
3447
3456
3263
3435
3249
3319
3352
3415
3468
3400
3336
3449
3303
3441
3346
3355
3399
3355
3390
3444
3325
3234
3386
3249
3376
3355
3334
3404
3361
3230
3187
3251
3206
3150
3169
3237
3281
3263
3314
3254
3221
3212
3298
3250
3306
3299
3287
3336
3376
3237
3410
3305
3327
3333
3260
3421
3442
3394
3412
3364
3420
3372
3254
3360
3378
3289
3271
3353
3306
3444
3334
3323
3283
3350
3393
3384
3467
3305
3354
3355
3371
3313
3314
3220
3220
3252
3287
3278
3170
3255
3178
3176
3294
3279
3310
3310
3311
3305
3367
3315
3299
3214
3418
3441
3348
3331
3449
3386
3331
3348
3283
3446
3278
3325
3318
3377
3431
3385
3312
3349
3240
3419
3341
3316
3262
3397
3309
3398
3310
3433
3465
3332
3463
3331
3426
3384
3284
3277
3332
3371
3286
3310
3270
3330
3477
3343
3266
3332
3244
3340
3253
3253
3239
3161
3218
3163
3149
3186
3095
3147
3020
3146
3082
3190
3203
3222
3157
3257
3282
3224
3344
3272
3311
3380
3337
3324
3401
3232
3244
3277
3347
3342
3339
3339
3355
3421
3415
3268
3312
3395
3366
3403
3355
3262
3314
3369
3439
3367
3331
3288
3429
3356
3322
3393
3403
3411
3309
3373
3319
3267
3400
3290
3336
3268
3280
3298
3315
3330
3358
3310
3295
3206
3186
3216
3191
3271
3228
3122
3108
3183
3140
3100
3177
3113
3142
3118
3060
3116
3091
3118
3174
3242
3252
3298
3255
3254
3247
3381
3289
3291
3269
3396
3318
3455
3272
3295
3459
3411
3413
3330
3353
3283
3257
3426
3294
3358
3347
3329
3364
3294
3359
3364
3420
3349
3372
3426
3394
3396
3439
3346
3382
3355
3379
3338
3313
3364
3365
3365
3304
3407
3335
3407
3388
3368
3465
3296
3374
3409
3374
3367
3328
3374
3340
3440
3308
3439
3515
3289
3442
3336
3342
3470
3288
3265
3458
3440
3355
3442
3318
3313
3290
3361
3372
3344
3322
3395
3366
3278
3328
3302
3446
3280
3391
3413
3330
3307
3454
3426
3343
3337
3338
3271
3374
3345
3198
3337
3276
3340
3381
3322
3430
3351
3371
3289
3416
3435
3373
3369
3343
3399
3412
3449
3354
3284
3379
3318
3317
3395
3381
3504
3437
3444
3389
3411
3384
3452
3326
3291
3311
3432
3276
3391
3382
3359
3324
3462
3305
3340
3320
3324
3326
3266
3385
3340
3402
3357
3263
3293
3391
3367
3307
3355
3227
3284
3341
3397
3335
3291
3303
3379
3180
3226
3261
3111
3179
3108
3081
3127
3189
3091
3051
3147
3165
3214
3082
3091
3191
3146
3191
3150
3205
3217
3200
3214
3161
3220
3359
3223
3413
3295
3223
3231
3326
3335
3331
3314
3208
3289
3316
3354
3392
3375
3322
3415
3333
3345
3312
3301
3245
3359
3292
3406
3360
3329
3304
3311
3378
3408
3352
3227
3391
3333
3347
3307
3330
3252
3372
3304
3250
3319
3320
3314
3239
3246
3253
3376
3189
3241
3297
3156
3096
3186
3101
2997
3143
3110
3038
3169
3217
3283
3171
3227
3259
3258
3337
3426
3320
3308
3217
3443
3382
3299
3325
3398
3313
3350
3274
3231
3386
3382
3365
3244
3392
3282
3346
3346
3270
3415
3332
3432
3400
3339
3346
3470
3383
3401
3334
3348
3388
3411
3319
3341
3332
3294
3277
3240
3334
3362
3259
3386
3274
3294
3372
3262
3314
3317
3261
3268
3236
3303
3118
3131
3203
3268
3150
3228
3178
3268
3261
3296
3283
3393
3267
3269
3238
3401
3371
3476
3231
3393
3404
3251
3358
3342
3280
3444
3314
3364
3378
3362
3295
3368
3371
3288
3351
3390
3276
3328
3297
3344
3335
3354
3412
3362
3280
3354
3290
3318
3319
3248
3289
3350
3340
3172
3248
3251
3259
3294
3177
3265
3180
3177
3351
3267
3330
3291
3305
3318
3212
3304
3408
3395
3276
3234
3391
3316
3359
3368
3363
3374
3325
3263
3345
3337
3329
3331
3343
3360
3333
3378
3494
3315
3426
3322
3308
3457
3182
3420
3235
3327
3347
3313
3323
3342
3353
3248
3418
3344
3394
3270
3295
3211
3296
3277
3320
3251
3351
3338
3198
3188
3277
3188
3226
3169
3302
3164
3155
3162
3111
3193
3164
3034
3063
3098
3059
3164
3141
3314
3312
3227
3215
3347
3402
3403
3309
3328
3325
3358
3368
3363
3365
3318
3406
3343
3377
3378
3311
3339
3442
3219
3238
3299
3524
3426
3433
3258
3362
3351
3366
3384
3309
3349
3335
3280
3290
3272
3297
3283
3410
3393
3310
3323
3304
3315
3280
3220
3227
3374
3156
3179
3189
3228
3180
3118
3128
3138
3086
3012
3130
3112
2949
3079
3096
2985
3089
3215
3160
3239
3192
3277
3349
3220
3319
3270
3291
3302
3414
3396
3370
3253
3385
3333
3350
3305
3348
3284
3429
3365
3315
3405
3312
3347
3379
3264
3538
3387
3408
3330
3346
3415
3360
3403
3236
3299
3371
3268
3361
3364
3281
3286
3240
3429
3296
3408
3311
3376
3359
3219
3364
3349
3379
3455
3345
3277
3453
3469
3341
3482
3327
3339
3384
3298
3409
3176
3299
3453
3310
3418
3394
