3074
3040
3069
3082
3108
3061
3013
3133
3151
3046
3072
3113
3054
3054
3042
3095
3005
3092
3064
3077
3064
3071
3137
3114
3167
3127
3218
3062
3129
3056
3051
2970
2997
3141
3082
3081
3074
3028
3034
3142
3059
3101
3184
3021
3003
3030
3064
3128
3065
3073
3130
3055
3187
3122
3020
3114
3177
3027
3131
3009
3168
3005
3129
3090
3101
3179
3163
3079
3165
3098
3097
3083
3016
3035
3016
3053
3089
3157
3033
2959
2987
3047
3032
3043
3168
3031
3012
3004
3054
3175
3097
2954
3090
3103
3040
3184
3052
3102
3159
3191
3033
3133
3132
3023
2974
3075
3068
3096
3017
3058
3129
3066
2999
3113
3097
3033
3004
3102
3200
3048
3075
3025
3168
3179
3052
3074
3038
3012
3133
3070
3105
3137
3056
3074
3120
3110
3073
3091
3074
3045
3109
3047
3111
3138
3036
2937
3042
2973
2972
3042
3033
3054
3032
3109
3019
2956
3020
3122
3109
3001
3094
3098
3014
3097
2983
3093
3113
3079
3052
3025
3036
3064
3043
3020
3090
3094
3129
3093
3200
3014
3036
3097
3110
3101
3086
3144
3108
3123
3128
2955
3042
3108
3148
3195
3011
3011
3077
3070
3091
3036
3012
3026
3049
3118
3123
3111
3032
3076
3112
3137
3177
2969
3152
3042
3056
2934
3032
3065
3098
3047
3076
3036
3058
3052
3048
3037
2945
2980
2975
2964
2918
2902
2889
2737
2776
2781
2584
2572
2659
2629
2513
2664
2627
2664
2717
2780
2713
2855
2785
2720
2819
2650
2658
2617
2664
2594
2643
2581
2655
2644
2731
2701
2777
2776
2956
2885
3004
2882
3016
2864
2970
3009
3083
3008
3037
3109
3045
3022
3066
3126
2969
3088
3078
2970
3008
3181
3075
3056
3068
2978
3008
3083
3084
3050
3015
3059
3079
3013
2975
3118
3152
3005
2964
3027
3118
3033
3114
3203
3251
3064
3102
3036
3073
3026
3102
2995
3114
3086
3191
3135
3084
2990
3103
3093
3102
3057
3062
3093
3079
3087
3058
3027
3065
3096
3178
3075
3164
3022
3081
3033
3112
2996
3056
3122
2979
3040
3075
3067
3005
3143
3028
3126
2923
3125
3100
3045
3158
3104
3066
3042
3080
2985
3188
3043
3139
3033
2992
3114
3204
3065
3084
3154
3028
3097
3140
3074
3119
3031
3234
3151
3055
3094
3127
3023
3019
3075
3143
3095
3092
3088
3161
3155
3098
3065
3160
3121
3061
3156
3010
3092
2917
3073
3151
3052
3065
2977
3082
3087
3038
3040
3065
3013
2956
3070
3100
3040
3018
3008
3042
3096
3017
2931
3075
3078
3125
3043
3172
3101
3125
3015
3036
3065
3099
3144
3137
3020
3198
3075
3133
3135
3050
3121
3097
3150
3176
3135
3109
3048
3113
3185
3069
3214
3139
3082
3160
3109
3149
3189
3201
3161
3119
3180
2970
3112
3069
3138
3051
3039
3200
3131
3171
3088
3003
2985
3194
3049
3105
3127
3084
3081
3046
3075
3016
3085
2960
3195
3109
3092
3184
3110
2987
3010
3044
3154
3134
3115
3030
3060
3103
3042
3095
3108
3210
3184
3001
3159
3073
3110
3108
3125
3077
3072
3058
3141
3070
3122
3092
3127
3078
3068
3054
3200
3028
3041
3061
3060
3111
3180
3151
3170
3202
3078
3095
3093
3058
3238
3050
3106
3310
3091
3200
3141
3021
3049
3129
2974
3047
3112
3137
3170
3070
3104
3147
3134
3098
3032
3106
2996
3082
3083
3127
3069
3155
3011
3122
3157
3139
3043
3039
3129
3045
3148
3070
3083
3088
3055
3063
3118
3186
3068
3042
3110
2962
3080
3128
3117
3084
3049
3110
3137
3133
3048
3117
3189
3067
3078
3053
3115
3103
2996
2979
3045
2951
3020
2895
2994
3036
3019
3062
3055
3141
3067
3063
3025
3058
3106
3049
3004
3067
3022
2986
3104
3037
3030
3100
3053
3161
3088
3198
3113
3042
3149
3114
3017
3068
2894
3034
3192
3126
3146
3009
2955
3005
3121
2906
3067
3067
3056
3083
3094
3100
3019
3082
2991
3067
3140
3079
3015
3145
2992
3012
2994
3198
3014
2987
3076
3159
3062
2976
3159
3022
3065
3022
3001
3105
3053
3002
3025
3010
3155
3065
3028
2979
3153
3136
3195
3087
3033
3080
3068
3123
3090
3036
3048
3101
3132
2962
3134
3026
3220
3130
3176
3067
3041
3017
3056
3132
3080
3127
3005
3066
3081
3062
3018
3024
3097
3022
3153
3103
3116
3065
3111
3055
3163
3012
3101
3044
3110
3065
3028
3122
3011
3111
3049
3068
2984
3039
3015
3017
2928
2991
3032
3100
3015
3101
3037
2906
2968
3000
2957
2969
3010
2947
2918
2951
2849
2966
2884
2937
2719
2744
2711
2760
2695
2660
2702
2502
2611
2584
2527
2643
2658
2694
2739
2762
2741
2753
2730
2719
2573
2562
2539
2630
2715
2668
2664
2731
2773
2785
2850
2930
2856
3016
2978
3008
2889
2938
2982
2968
3081
3005
3048
3080
2949
3015
3121
3010
3088
2952
2997
3047
3088
3118
3024
2939
2989
3171
3021
3125
3137
3042
3074
3109
3112
3090
3058
3061
3056
3109
3062
3132
3001
3131
3057
3011
3086
3014
3116
3170
2987
3149
3097
3082
3005
3043
2989
3115
3037
3060
3043
3114
3042
3125
3104
3034
3187
3032
2957
3079
3112
2972
3085
3051
3089
3145
3053
3103
3039
3014
3062
3064
3019
2992
3011
3029
3041
3062
3050
3122
3004
3154
3032
2965
3024
3096
3069
3177
3148
3067
3081
3034
3154
3109
2924
3055
2997
3083
3055
3052
3124
3129
3077
3017
3049
3066
3090
3043
3035
3080
3145
3094
3045
3073
3142
3084
3138
3129
3077
3143
3140
3049
3143
3025
3110
3041
2990
3062
3018
3005
3114
3073
3012
3087
3118
3052
2954
3017
3090
3087
2977
3029
2997
2997
3029
3113
3007
3005
3226
2960
3085
3098
3169
3113
3167
3066
3110
3071
2943
3159
3110
3089
3048
3105
3149
3109
3140
3079
3074
3138
3119
3158
3126
3124
3077
3144
2988
3113
3144
3079
3027
3064
3086
3062
3117
3095
3111
3099
3109
3140
3064
3046
3119
3110
3001
3039
3051
3126
3073
3145
3018
3096
3146
3119
3096
2989
3056
3020
3044
3057
3229
3112
3008
3084
3095
3008
3097
3250
3118
3083
3120
2999
3052
3081
