3329
3385
3347
3378
3209
3312
3263
3399
3470
3282
3347
3317
3430
3268
3276
3355
3405
3408
3403
3337
3341
3377
3247
3244
3302
3430
3353
3463
3324
3367
3277
3253
3409
3233
3336
3386
3318
3439
3387
3293
3311
3371
3213
3304
3313
3348
3374
3330
3362
3335
3307
3366
3267
3243
3396
3330
3295
3320
3394
3311
3283
3264
3197
3105
3283
3196
3251
3263
3318
3154
3231
3217
3148
3225
3098
3112
3141
3051
3128
3034
3114
3189
3223
3084
3138
3175
3200
3162
3071
3308
3261
3300
3295
3298
3289
3274
3331
3261
3175
3326
3239
3304
3347
3339
3334
3359
3304
3310
3350
3329
3382
3345
3369
3383
3294
3258
3347
3385
3282
3294
3316
3304
3279
3296
3286
3380
3417
3427
3273
3351
3441
3308
3303
3307
3313
3335
3263
3359
3322
3249
3161
3170
3205
3223
3142
3129
3069
3128
3093
3091
3127
3138
3154
3189
3120
3379
3333
3254
3214
3288
3231
3251
3280
3346
3394
3412
3285
3297
3347
3363
3367
3343
3314
3333
3395
3356
3314
3348
3325
3317
3358
3214
3287
3340
3288
3250
3332
3392
3404
3249
3321
3324
3282
3455
3365
3261
3280
3375
3409
3383
3421
3384
3390
3377
3362
3299
3336
3295
3239
3315
3401
3261
3363
3352
3266
3304
3156
3251
3275
3279
3174
3218
3325
3263
3195
3367
3308
3275
3362
3348
3295
3303
3283
3237
3380
3326
3346
3407
3507
3304
3439
3319
3341
3318
3381
3407
3438
3299
3254
3367
3439
3303
3434
3391
3303
3386
3373
3301
3317
3357
3388
3364
3355
3324
3289
3325
3336
3253
3346
3327
3143
3179
3235
3302
3316
3104
3247
3182
3236
3258
3310
3307
3224
3359
3293
3353
3379
3311
3287
3398
3366
3443
3349
3368
3402
3285
3266
3453
3306
3363
3355
3290
3365
3407
3434
3385
3339
3338
3348
3380
3410
3461
3350
3333
3306
3342
3290
3348
3389
3323
3332
3264
3431
3344
3277
3459
3278
3427
3383
3302
3317
3393
3319
3298
3302
3216
3302
3277
3240
3163
3222
3176
3098
3057
3061
3177
3126
3166
3162
3246
3169
3150
3308
3243
3102
3265
3357
3323
3442
3290
3453
3295
3351
3270
3285
3376
3360
3441
3335
3301
3405
3328
3422
3268
3250
3357
3314
3228
3349
3342
3330
3327
3421
3277
3233
3381
3388
3342
3256
3391
3288
3382
3314
3330
3333
3232
3387
3360
3355
3253
3215
3338
3303
3326
3262
3293
3158
3105
3144
3190
3195
3219
3123
3080
3128
3104
3116
3030
3158
3130
3058
3122
3105
3076
3059
3217
3174
3287
3317
3296
3400
3352
3425
3351
3309
3388
3255
3272
3253
3249
3305
3256
3366
3422
3389
3346
3354
3327
3361
3288
3264
3501
3348
3355
3312
3374
3414
3323
3303
3339
3339
3341
3250
3347
3399
3345
3390
3334
3364
3264
3323
3369
3319
3388
3177
3354
3328
3364
3304
3354
3368
3289
3341
3371
3328
3364
3277
3467
3342
3407
3368
3466
3389
3360
3436
3266
3394
3365
3256
3297
3317
3367
3360
3295
3572
3297
3384
3429
3420
3227
3412
3355
3396
3352
3352
3335
3467
3437
3259
3366
3310
3301
3301
3250
3261
3407
3398
3296
3352
3238
3291
3377
3329
3416
3366
3430
3429
3289
3366
3432
3362
3339
3378
3410
3390
3260
3358
3326
3356
3352
3322
3350
3290
3356
3337
3299
3348
3334
3224
3353
3318
3297
3292
3427
3334
3299
3369
3457
3321
3354
3294
3385
3418
3353
3341
3349
3357
3312
3451
3357
3353
3401
3319
3382
3276
3314
3307
3340
3291
3389
3353
3321
3323
3234
3258
3193
3151
3150
3046
3084
3091
3039
3072
3136
3070
3129
3124
3113
3088
3139
3080
3140
3112
3241
3200
3249
3167
3231
3197
3320
3364
3234
3233
3279
3337
3306
3403
3300
3202
3316
3338
3357
3373
3342
3264
3274
3345
3352
3335
3278
3277
3380
3279
3503
3324
3304
3281
3361
3301
3270
3302
3455
3417
3353
3301
3299
3375
3242
3324
3369
3325
3345
3242
3271
3362
3342
3440
3244
3201
3167
3210
3217
3180
3127
3194
3084
3116
3088
3115
3197
3176
3229
3159
3260
3182
3269
3227
3195
3196
3257
3249
3289
3306
3211
3182
3309
3360
3361
3425
3279
3245
3257
3258
3380
3235
3209
3257
3224
3357
3312
3303
3300
3314
3251
3384
3223
3323
3410
3423
3297
3207
3417
3396
3349
3435
3287
3281
3483
3361
3273
3280
3402
3324
3301
3387
3284
3327
3305
3259
3285
3291
3326
3162
3197
3191
3123
3277
3290
3131
3193
3252
3284
3206
3284
3217
3150
3275
3344
3345
3288
3399
3299
3396
3409
3403
3302
3305
3318
3425
3464
3374
3328
3362
3328
3379
3403
3424
3328
3442
3393
3348
3212
3364
3368
3396
3400
3297
3314
3361
3299
3245
3296
3311
3325
3422
3117
3275
3261
3217
3171
3176
3241
3188
3094
3201
3195
3186
3245
3201
3316
3371
3264
3277
3364
3363
3389
3250
3408
3284
3381
3241
3330
3307
3304
3328
3328
3301
3257
3332
3279
3299
3383
3402
3452
3395
3372
3333
3404
3383
3317
3381
3422
3420
3332
3402
3381
3340
3241
3361
3267
3376
3332
3293
3304
3311
3224
3304
3215
3285
3198
3312
3235
3201
3266
3285
3058
3307
3202
3143
3203
3176
3222
3162
3210
3096
3165
3158
3246
3080
3252
3264
3322
3229
3335
3253
3415
3246
3281
3296
3276
3319
3276
3250
3351
3369
3404
3382
3391
3287
3320
3362
3393
3284
3348
3411
3363
3384
3410
3285
3414
3248
3248
3256
3363
3293
3357
3325
3430
3321
3290
3270
3283
3238
3390
3300
3303
3293
3283
3317
3250
3218
3279
3217
3148
3225
3144
3182
3191
3107
3160
3058
3155
3061
3144
3013
3086
3075
3094
3064
3098
3159
3221
3215
3204
3222
3215
3237
3290
3255
3308
3266
3378
3319
3305
3249
3318
3385
3386
3450
3415
3366
3370
3347
3343
3304
3303
3344
3351
3319
3313
3405
3385
3387
3369
3285
3328
3359
3322
3385
3318
3310
3232
3370
3393
3467
3355
3372
3414
3294
3427
3428
3427
3327
3436
3253
3313
3368
3440
3417
3368
3275
3315
3390
3292
3334
3379
3437
3338
3429
3329
3273
3309
3366
