3297
3167
3298
3379
3345
3297
3308
3363
3255
3341
3304
3393
3278
3218
3405
3385
3405
3277
3463
3332
3349
3171
3309
3337
3456
3333
3318
3386
3403
3288
3376
3397
3305
3333
3330
3363
3364
3232
3343
3300
3381
3427
3274
3350
3313
3385
3425
3438
3461
3363
3311
3252
3319
3349
3365
3251
3356
3256
3264
3263
3302
3257
3297
3367
3261
3291
3282
3174
3197
3276
3241
3170
3204
3112
3171
3141
2973
3035
3074
3092
3153
3132
3066
3221
3207
3189
3218
3124
3190
3240
3213
3062
3268
3191
3183
3282
3256
3171
3233
3307
3307
3338
3326
3379
3333
3329
3269
3360
3274
3319
3328
3287
3400
3302
3250
3462
3380
3316
3376
3259
3316
3359
3374
3270
3312
3407
3277
3248
3421
3326
3311
3369
3391
3285
3317
3364
3425
3406
3270
3218
3233
3268
3215
3179
3136
3119
3075
3178
3157
3100
3207
3136
3200
3261
3041
3208
3210
3294
3249
3186
3323
3242
3287
3234
3327
3152
3401
3269
3345
3380
3344
3259
3384
3340
3218
3309
3302
3309
3337
3434
3331
3314
3482
3358
3356
3340
3261
3411
3281
3442
3407
3307
3353
3484
3274
3328
3267
3237
3375
3316
3378
3349
3369
3293
3338
3350
3327
3247
3286
3261
3424
3230
3277
3312
3205
3194
3176
3212
3213
3133
3213
3106
3230
3332
3235
3326
3152
3373
3233
3306
3295
3361
3279
3315
3230
3395
3277
3301
3246
3296
3352
3248
3425
3363
3437
3336
3393
3402
3421
3343
3360
3301
3345
3369
3345
3208
3352
3353
3284
3275
3428
3256
3346
3279
3299
3289
3393
3209
3186
3329
3135
3259
3189
3219
3257
3201
3190
3211
3205
3192
3318
3334
3298
3366
3396
3298
3350
3367
3312
3266
3345
3285
3340
3310
3357
3432
3411
3286
3435
3349
3359
3304
3283
3336
3411
3297
3380
3371
3352
3285
3309
3291
3231
3395
3395
3384
3266
3342
3248
3352
3418
3266
3295
3342
3369
3264
3375
3289
3378
3200
3349
3262
3214
3151
3266
3243
3278
3250
3214
3113
3138
3179
3128
2997
3112
3076
3108
3217
3065
3214
3228
3227
3195
3173
3312
3305
3218
3362
3213
3284
3403
3403
3224
3371
3348
3385
3393
3346
3376
3207
3233
3236
3390
3365
3321
3288
3264
3264
3304
3389
3285
3366
3240
3364
3248
3384
3334
3388
3324
3201
3350
3278
3364
3180
3289
3322
3322
3330
3245
3235
3206
3238
3203
3246
3226
3226
3188
3184
3099
3207
3260
3103
3085
3100
3075
3134
3206
3065
3160
3073
3019
3165
3067
3250
3053
3252
3176
3251
3213
3315
3262
3318
3406
3287
3368
3297
3347
3297
3310
3328
3351
3352
3402
3273
3289
3333
3283
3260
3310
3384
3357
3246
3288
3282
3345
3277
3319
3347
3324
3398
3201
3385
3311
3314
3401
3454
3319
3303
3313
3391
3231
3314
3337
3292
3275
3263
3241
3293
3264
3358
3338
3331
3411
3302
3331
3419
3427
3383
3317
3257
3406
3255
3374
3338
3381
3313
3328
3358
3195
3269
3373
3299
3407
3321
3298
3347
3314
3397
3389
3303
3355
3374
3364
3326
3302
3301
3465
3288
3297
3375
3213
3387
3357
3246
3229
3491
3370
3296
3291
3242
3295
3354
3348
3349
3258
3424
3318
3371
3321
3376
3240
3321
3361
3248
3350
3286
3377
3316
3374
3365
3376
3397
3234
3290
3327
3362
3346
3281
3471
3298
3407
3334
3427
3301
3366
3377
3360
3324
3311
3438
3285
3285
3413
3301
3283
3296
3413
3346
3265
3234
3243
3271
3337
3352
3325
3348
3393
3193
3309
3289
3245
3335
3263
3281
3172
3240
3094
3310
3039
3123
3092
3079
3025
3039
3087
3059
3079
3102
3118
3119
3134
3136
3143
3188
3119
3227
3208
3184
3233
3184
3236
3228
3261
3270
3250
3235
3309
3297
3083
3207
3112
3264
3261
3275
3359
3225
3357
3273
3244
3210
3312
3281
3329
3263
3252
3328
3372
3229
3310
3319
3253
3331
3263
3281
3251
3265
3272
3212
3336
3350
3243
3253
3329
3327
3270
3293
3153
3240
3251
3233
3203
3204
3220
3268
3153
3081
3125
3004
3082
3219
3109
3070
3148
3177
3179
3160
3282
3179
3178
3250
3249
3247
3284
3177
3270
3270
3205
3320
3367
3368
3306
3327
3264
3321
3240
3484
3359
3430
3346
3299
3367
3361
3340
3417
3248
3325
3422
3283
3331
3390
3423
3353
3416
3386
3349
3351
3256
3323
3274
3324
3244
3291
3300
3313
3236
3239
3274
3353
3389
3304
3215
3234
3247
3193
3292
3220
3209
3129
3229
3159
3223
3061
3291
3235
3134
3275
3141
3299
3387
3292
3403
3312
3237
3322
3444
3390
3267
3314
3317
3246
3230
3373
3396
3444
3322
3304
3322
3352
3312
3299
3361
3286
3189
3192
3310
3288
3330
3305
3274
3309
3372
3304
3360
3294
3165
3209
3278
3094
3271
3201
3200
3177
3186
3074
3152
3065
3285
3180
3267
3247
3247
3401
3225
3378
3280
3285
3380
3295
3245
3311
3341
3338
3341
3314
3306
3274
3283
3377
3396
3290
3222
3393
3265
3310
3379
3245
3305
3337
3272
3215
3396
3384
3342
3269
3323
3434
3342
3400
3261
3300
3280
3256
3239
3230
3314
3333
3315
3345
3297
3200
3252
3278
3244
3249
3162
3139
3187
3063
3146
3107
3133
3218
3118
3149
3124
3087
3175
3194
3167
3133
3176
3198
3213
3323
3222
3321
3346
3334
3274
3250
3382
3345
3414
3395
3289
3271
3237
3384
3344
3316
3295
3291
3291
3178
3284
3398
3218
3317
3274
3289
3189
3278
3260
3296
3326
3339
3310
3198
3320
3269
3200
3325
3217
3214
3262
3146
3237
3162
3095
3142
3263
3191
3237
3245
3251
3175
3182
3227
3133
3133
3145
3112
3117
3056
3111
2944
3051
3185
3123
3282
3195
3252
3156
3202
3227
3247
3302
3289
3278
3355
3351
3408
3243
3334
3329
3280
3300
3396
3306
3300
3324
3307
3377
3321
3387
3259
3433
3276
3369
3284
3428
3387
3445
3340
3363
3347
3430
3296
3251
3333
3303
3249
3274
3344
3337
3339
3358
3359
3322
3407
3303
3322
3399
3323
3346
3366
3235
3339
3346
3379
3334
3428
3303
3277
3368
3343
3337
3367
3362
3299
3335
3322
3302
