4272
4328
4291
4155
4317
4389
4208
4296
4299
4349
4329
4439
4324
4353
4282
4345
4232
4258
4374
4336
4376
4373
4234
4275
4380
4309
4361
4207
4293
4301
4395
4333
4309
4230
4423
4305
4369
4429
4405
4406
4489
4361
4220
4225
4321
4305
4313
4326
4330
4341
4322
4366
4180
4326
4355
4204
4372
4304
4412
4248
4340
4312
4319
4256
4220
4273
4315
4092
4135
4192
4197
4077
4169
4045
4093
4088
4177
3961
3972
3975
3836
4064
4023
4125
4141
4114
4165
4165
4108
4128
4151
4096
4208
4091
4184
4179
4262
4184
4201
4310
4203
4285
4236
4234
4219
4356
4170
4273
4269
4280
4179
4338
4371
4261
4327
4276
4415
4296
4339
4270
4434
4295
4291
4334
4392
4367
4304
4289
4329
4288
4253
4327
4291
4196
4290
4261
4234
4316
4258
4159
4139
4183
4203
4145
3956
4138
4169
4032
4012
4153
4135
4060
4065
4164
4226
4142
4243
4155
4258
4334
4298
4298
4214
4147
4175
4335
4394
4243
4248
4230
4195
4372
4355
4323
4277
4305
4239
4427
4279
4301
4326
4369
4390
4325
4357
4335
4355
4396
4419
4455
4268
4305
4256
4324
4267
4242
4398
4426
4291
4339
4238
4334
4337
4285
4366
4353
4333
4258
4214
4249
4254
4324
4279
4362
4237
4125
4211
4200
4090
4078
4141
4096
4211
4230
4121
4145
4319
4168
4264
4350
4237
4166
4254
4300
4209
4293
4310
4336
4265
4326
4338
4406
4338
4344
4346
4382
4410
4404
4252
4365
4209
4195
4345
4282
4234
4428
4346
4347
4375
4377
4484
4255
4183
4191
4301
4245
4217
4164
4219
4218
4193
4088
4103
4178
4253
4249
4217
4389
4249
4389
4246
4287
4208
4303
4232
4288
4441
4286
4342
4322
4246
4380
4342
4256
4389
4269
4363
4349
4390
4280
4337
4340
4263
4332
4316
4322
4415
4332
4289
4274
4301
4324
4342
4384
4321
4368
4312
4285
4306
4439
4276
4337
4377
4305
4297
4311
4331
4272
4141
4359
4200
4270
4148
4262
4200
4267
4173
4157
4210
4086
4187
4033
4086
4048
4040
4060
4069
4034
4177
4142
4166
4323
4193
4373
4336
4204
4154
4353
4315
4286
4360
4265
4315
4310
4389
4184
4287
4185
4263
4278
4350
4296
4427
4337
4386
4378
4392
4314
4357
4235
4379
4256
4356
4425
4368
4293
4393
4292
4267
4350
4222
4394
4397
4360
4235
4323
4289
4300
4220
4264
4293
4298
4058
4173
4195
4205
4070
3964
4068
4017
4066
4121
4124
4131
4058
4153
4064
3997
3992
3973
4035
4046
4021
4035
4118
4170
4252
4097
4188
4114
4179
4226
4330
4232
4223
4342
4255
4376
4346
4284
4214
4262
4337
4327
4404
4284
4419
4412
4272
4283
4452
4366
4404
4366
4410
4258
4297
4436
4397
4351
4393
4350
4332
4312
4443
4280
4334
4359
4327
4360
4265
4409
4359
4290
4378
4229
4161
4285
4274
4221
4392
4337
4185
4307
4371
4329
4292
4261
4389
4348
4334
4364
4298
4337
4336
4444
4262
4315
4325
4228
4333
4406
4366
4470
4345
4365
4294
4359
4223
4258
4389
4388
4443
4307
4370
4452
4298
4358
4343
4295
4220
4368
4345
4339
4331
4357
4319
4378
4231
4256
4296
4372
4385
4255
4348
4350
4340
4251
4569
4392
4320
4357
4461
4277
4178
4341
4294
4420
4402
4329
4396
4323
4327
4250
4293
4267
4302
4290
4339
4436
4318
4305
4274
4312
4373
4431
4344
4317
4317
4399
4372
4395
4363
4292
4309
4425
4359
4339
4370
4242
4360
4218
4301
4218
4338
4284
4243
4375
4276
4337
4442
4226
4293
4103
4118
4237
4193
4125
4121
4058
3965
4088
3933
4038
4090
3969
3955
4006
4045
4135
3973
4127
4098
4117
4164
4254
4088
4115
4205
4264
4243
4173
4240
4267
4240
4149
4327
4253
4153
4266
4363
4236
4333
4325
4314
4262
4231
4363
4464
4428
4394
4294
4332
4278
4340
4347
4283
4344
4266
4388
4401
4353
4151
4280
4234
4380
4176
4262
4410
4225
4367
4242
4312
4287
4334
4173
4203
4321
4216
4168
4249
4212
4055
4175
4132
3958
4063
3907
4008
4060
4041
4034
4021
4143
4048
4098
4253
4149
4195
4327
4146
4083
4281
4215
4262
4288
4140
4316
4289
4400
4332
4197
4212
4252
4303
4409
4328
4322
4309
4355
4324
4311
4358
4275
4284
4325
4383
4404
4362
4351
4274
4256
4278
4415
4264
4307
4293
4371
4337
4320
4345
4345
4318
4330
4365
4255
4312
4239
4304
4177
4217
4376
4248
4185
4244
4275
4136
4091
4207
4111
4240
4032
4107
4258
4135
4199
4154
4171
4274
4243
4169
4224
4300
4253
4370
4263
4292
4177
4185
4226
4324
4227
4462
4295
4264
4199
4208
4321
4353
4216
4362
4473
4310
4357
4329
4355
4327
4259
4361
4278
4301
4228
4353
4194
4108
4313
4260
4229
4070
4045
4184
4131
4139
4150
4071
4182
4136
4151
4289
4170
4276
4264
4161
4335
4288
4313
4304
4412
4400
4313
4316
4291
4378
4210
4307
4440
4323
4397
4425
4341
4259
4267
4407
4383
4238
4279
4268
4361
4321
4339
4318
4253
4358
4261
4247
4348
4287
4413
4168
4425
4240
4279
4162
4254
4217
4144
4215
4145
4150
4119
4235
4267
4305
4184
4164
4203
4107
4075
4170
3980
4031
4103
4013
3991
4064
4073
4064
4036
4046
4205
4064
4193
4238
4348
4307
4148
4249
4385
4301
4253
4180
4356
4363
4286
4388
4241
4263
4367
4319
4295
4335
4345
4185
4165
4340
4391
4307
4280
4247
4271
4361
4208
4285
4348
4304
4325
4250
4311
4250
4293
4305
4212
4356
4262
4240
4143
4259
4219
4182
4135
4341
4170
4130
4126
4154
4112
4123
4050
3994
3978
4118
4025
3988
3937
3953
3881
3928
4021
4168
4146
4108
4002
4209
4208
4295
4303
4169
4289
4263
4255
4281
4286
4400
4396
4266
4299
4358
4339
4324
4361
4431
4290
4364
4322
4343
4337
4370
4381
4364
4188
4318
4421
4390
4208
4266
4267
4332
4432
4333
4272
4320
4316
4372
4369
4210
4362
4355
4307
4407
4304
4390
4412
4470
4307
4253
4375
4467
4285
4237
4189
4293
4394
4259
4405
4387
4338
4235
4335
4289
4253
4295
4389
4286
