3763
3799
3757
3743
3756
3691
3827
3817
3622
3838
3778
3844
3771
3838
3765
3594
3799
3789
3772
3767
3817
3851
3853
3646
3755
3778
3777
3880
3823
3691
3693
3633
3759
3767
3788
3712
3763
3649
3856
3771
3676
3774
3686
3817
3834
3783
3743
3703
3830
3840
3725
3714
3800
3708
3780
3650
3722
3807
3653
3816
3648
3766
3813
3651
3804
3703
3647
3668
3570
3683
3624
3520
3604
3594
3576
3563
3463
3539
3583
3564
3535
3561
3462
3628
3557
3601
3620
3596
3687
3542
3669
3674
3508
3735
3716
3688
3641
3627
3686
3749
3621
3741
3756
3728
3646
3660
3733
3730
3791
3713
3710
3574
3784
3730
3613
3730
3716
3755
3762
3775
3600
3791
3671
3781
3919
3724
3783
3946
3657
3674
3744
3797
3794
3889
3715
3807
3690
3806
3688
3682
3659
3673
3594
3602
3608
3498
3577
3579
3614
3630
3511
3590
3578
3562
3610
3705
3636
3692
3540
3727
3527
3719
3799
3738
3763
3631
3758
3672
3732
3766
3666
3739
3708
3640
3708
3769
3638
3837
3717
3788
3744
3684
3818
3833
3739
3704
3654
3841
3692
3847
3738
3800
3782
3851
3698
3689
3762
3754
3776
3769
3832
3768
3696
3736
3817
3763
3729
3750
3716
3827
3607
3791
3674
3645
3682
3657
3750
3531
3568
3703
3592
3625
3557
3646
3689
3561
3672
3643
3693
3718
3673
3792
3755
3718
3727
3807
3732
3665
3724
3796
3762
3855
3826
3814
3768
3725
3766
3705
3843
3859
3698
3733
3738
3688
3874
3744
3796
3755
3722
3748
3831
3740
3776
3809
3700
3663
3699
3770
3585
3638
3700
3696
3511
3654
3589
3678
3656
3601
3659
3687
3559
3706
3674
3707
3764
3766
3851
3638
3679
3730
3811
3745
3828
3851
3708
3752
3805
3891
3798
3750
3756
3753
3771
3845
3813
3752
3721
3793
3745
3710
3770
3686
3792
3666
3688
3696
3862
3841
3679
3754
3748
3805
3727
3701
3800
3803
3777
3678
3706
3613
3679
3596
3602
3784
3677
3661
3699
3560
3654
3575
3571
3557
3522
3597
3454
3532
3557
3565
3484
3603
3745
3641
3670
3669
3678
3741
3740
3743
3589
3698
3806
3640
3719
3760
3712
3781
3782
3790
3771
3713
3734
3854
3731
3735
3820
3832
3803
3695
3879
3750
3734
3716
3759
3903
3676
3840
3718
3629
3810
3712
3692
3664
3781
3684
3687
3610
3749
3750
3754
3669
3732
3685
3594
3638
3597
3569
3651
3715
3605
3589
3535
3514
3578
3596
3568
3630
3524
3578
3502
3459
3481
3507
3499
3609
3504
3618
3626
3710
3674
3614
3686
3645
3811
3707
3727
3759
3782
3688
3798
3729
3730
3784
3789
3709
3698
3682
3777
3787
3747
3698
3668
3814
3699
3764
3728
3680
3786
3808
3799
3890
3733
3781
3746
3768
3762
3798
3716
3679
3757
3724
3776
3748
3878
3668
3740
3790
3813
3837
3766
3880
3853
3756
3695
3763
3793
3827
3790
3761
3693
3749
3816
3783
3660
3775
3771
3810
3677
3717
3777
3791
3789
3781
3725
3738
3757
3791
3830
3757
3833
3738
3700
3777
3895
3864
3710
3885
3693
3747
3733
3755
3799
3658
3786
3830
3783
3808
3746
3856
3675
3769
3796
3803
3811
3810
3735
3817
3854
3803
3664
3732
3740
3824
3629
3784
3735
3756
3850
3733
3835
3743
3695
3741
3773
3716
3759
3928
3772
3761
3784
3730
3751
3833
3720
3760
3743
3672
3855
3753
3700
3797
3779
3712
3718
3717
3827
3804
3624
3739
3794
3769
3746
3796
3757
3744
3742
3742
3865
3769
3852
3633
3750
3688
3745
3659
3678
3655
3594
3565
3541
3561
3525
3559
3458
3412
3506
3541
3465
3497
3487
3531
3463
3575
3533
3524
3515
3626
3548
3509
3551
3619
3531
3824
3656
3673
3693
3759
3708
3729
3679
3572
3602
3753
3708
3779
3699
3608
3702
3809
3754
3814
3758
3753
3859
3686
3740
3764
3606
3819
3729
3757
3780
3687
3819
3687
3741
3734
3843
3747
3797
3729
3682
3699
3725
3717
3745
3752
3715
3670
3717
3672
3670
3719
3618
3501
3586
3532
3560
3575
3555
3574
3582
3609
3603
3600
3575
3581
3637
3558
3641
3626
3659
3721
3708
3711
3717
3739
3659
3842
3716
3588
3549
3758
3734
3647
3745
3852
3727
3666
3788
3799
3552
3785
3797
3729
3800
3692
3769
3697
3738
3816
3743
3710
3737
3721
3727
3740
3733
3747
3673
3697
3630
3917
3702
3701
3783
3786
3639
3725
3637
3819
3676
3672
3745
3670
3621
3667
3642
3458
3607
3594
3622
3586
3716
3704
3581
3714
3620
3612
3728
3672
3847
3639
3709
3726
3799
3747
3718
3703
3695
3744
3756
3709
3711
3719
3786
3773
3658
3697
3729
3732
3660
3671
3813
3791
3784
3769
3802
3722
3699
3687
3797
3761
3716
3733
3692
3772
3725
3635
3634
3692
3638
3556
3560
3632
3533
3675
3751
3711
3753
3693
3654
3586
3749
3736
3733
3649
3780
3777
3807
3838
3771
3751
3843
3796
3800
3701
3901
3724
3698
3673
3761
3759
3712
3716
3705
3737
3854
3746
3855
3720
3875
3714
3846
3830
3682
3759
3915
3804
3840
3789
3743
3770
3695
3724
3684
3612
3593
3671
3588
3716
3730
3652
3658
3597
3644
3627
3644
3553
3564
3547
3559
3592
3557
3576
3553
3551
3577
3624
3438
3630
3622
3623
3636
3749
3675
3615
3646
3764
3828
3746
3700
3767
3820
3811
3689
3761
3827
3609
3817
3650
3736
3726
3629
3709
3763
3677
3750
3858
3643
3859
3727
3633
3690
3726
3835
3732
3770
3681
3737
3710
3744
3601
3542
3689
3758
3620
3678
3661
3616
3666
3561
3625
3581
3654
3544
3661
3509
3543
3653
3477
3609
3542
3433
3471
3433
3473
3463
3508
3461
3584
3602
3620
3604
3666
3715
3692
3697
3733
3779
3670
3753
3669
3709
3729
3756
3687
3718
3850
3803
3756
3840
3690
3698
3696
3823
3680
3728
3804
3809
3748
3780
3668
3847
3737
3822
3785
3745
3841
3843
3712
3767
3889
3750
3773
3755
3756
3719
3811
3847
3765
3722
3841
3794
3832
3590
3734
3764
3646
3785
3859
3860
3804
3772
3694
3879
3688
3720
3722
3665
3793
3871
3796
3735
