3299
3209
3372
3327
3288
3321
3243
3298
3374
3357
3132
3374
3326
3216
3342
3384
3337
3279
3332
3289
3228
3372
3299
3286
3423
3367
3336
3264
3229
3353
3312
3298
3243
3285
3308
3261
3362
3338
3247
3366
3244
3280
3260
3337
3409
3312
3320
3337
3274
3262
3230
3175
3297
3294
3311
3351
3322
3286
3316
3155
3211
3235
3273
3313
3254
3270
3265
3224
3363
3182
3187
3118
3238
3175
3217
3118
3137
3123
3091
3033
3113
3018
3075
3081
3195
3135
3197
3246
3151
3122
3154
3206
3254
3163
3200
3186
3161
3175
3189
3278
3195
3199
3248
3188
3221
3290
3298
3159
3331
3307
3333
3265
3226
3357
3277
3208
3323
3256
3266
3225
3335
3145
3255
3250
3306
3308
3267
3281
3351
3288
3302
3281
3286
3351
3257
3208
3338
3211
3250
3247
3246
3161
3208
3185
3177
3191
3099
3215
3106
3073
3171
3117
3148
3180
3185
3192
3103
3146
3092
3279
3245
3136
3193
3283
3340
3358
3182
3252
3231
3356
3304
3328
3299
3241
3310
3282
3343
3151
3279
3310
3315
3354
3368
3292
3248
3182
3306
3236
3417
3206
3285
3282
3259
3407
3278
3278
3334
3320
3184
3258
3235
3395
3301
3366
3309
3278
3283
3200
3310
3377
3331
3188
3208
3234
3170
3224
3286
3198
3179
3195
3257
3250
3162
3215
3223
3282
3174
3236
3276
3281
3288
3283
3274
3205
3168
3296
3244
3287
3272
3306
3347
3380
3340
3238
3235
3316
3404
3181
3350
3301
3259
3361
3280
3308
3299
3304
3311
3274
3233
3324
3297
3282
3362
3240
3255
3220
3299
3252
3182
3223
3165
3128
3195
3215
3207
3178
3235
3215
3199
3235
3337
3320
3469
3261
3216
3252
3468
3396
3365
3230
3361
3289
3240
3339
3280
3255
3307
3279
3342
3322
3298
3281
3284
3354
3260
3242
3337
3249
3392
3363
3418
3325
3263
3293
3338
3296
3204
3277
3268
3320
3198
3341
3250
3246
3304
3208
3318
3291
3239
3265
3257
3294
3188
3281
3162
3206
3172
3145
3116
3235
3198
3082
3075
3038
2999
3075
3062
3187
3106
3144
3167
3154
3232
3251
3212
3225
3340
3189
3344
3334
3265
3262
3192
3272
3298
3251
3223
3270
3288
3268
3246
3236
3231
3330
3251
3351
3479
3275
3282
3268
3216
3276
3306
3210
3257
3301
3227
3285
3383
3325
3193
3238
3260
3234
3294
3283
3283
3124
3173
3222
3096
3099
3319
3184
3199
3026
3040
3163
3241
3221
3139
3027
3108
3156
3080
3097
3022
3056
3245
3061
2999
3138
2994
3069
3091
3095
3207
3210
3176
3295
3203
3266
3285
3288
3311
3293
3275
3225
3341
3232
3302
3301
3343
3237
3285
3354
3385
3306
3221
3271
3267
3193
3354
3271
3244
3254
3331
3254
3206
3306
3329
3344
3204
3312
3389
3226
3369
3352
3455
3267
3322
3301
3427
3340
3262
3443
3279
3211
3318
3287
3304
3338
3191
3256
3314
3400
3289
3349
3186
3243
3336
3328
3316
3259
3451
3223
3310
3377
3294
3256
3273
3294
3274
3331
3328
3281
3224
3287
3439
3285
3219
3303
3275
3281
3347
3244
3339
3305
3220
3201
3210
3256
3335
3288
3305
3342
3291
3252
3324
3279
3294
3328
3157
3312
3278
3321
3323
3305
3313
3212
3278
3197
3297
3267
3333
3281
3352
3378
3258
3381
3358
3360
3323
3324
3272
3330
3322
3293
3332
3323
3277
3248
3329
3341
3230
3303
3306
3362
3310
3355
3411
3253
3190
3353
3206
3264
3262
3273
3330
3270
3322
3305
3264
3336
3391
3113
3259
3254
3278
3277
3284
3139
3327
3191
3185
3130
3122
3152
3132
3119
3110
3101
3163
3076
3073
3086
3177
3077
3029
3040
3148
3093
3114
3187
3205
2980
3169
3187
3163
3256
3233
3157
3154
3209
3219
3240
3258
3215
3277
3188
3296
3282
3253
3214
3279
3270
3310
3339
3245
3290
3246
3237
3256
3247
3336
3237
3318
3278
3320
3214
3260
3331
3243
3325
3239
3286
3283
3298
3343
3411
3248
3322
3269
3220
3262
3260
3353
3301
3242
3115
3215
3116
3112
3185
3108
3184
3053
3056
3084
3091
3152
3192
3125
3187
3156
3173
3212
3216
3226
3323
3174
3232
3257
3231
3299
3312
3242
3251
3238
3243
3267
3292
3216
3334
3102
3312
3325
3358
3362
3265
3306
3339
3296
3283
3213
3213
3270
3237
3289
3274
3289
3286
3252
3350
3338
3317
3247
3212
3222
3334
3216
3179
3311
3351
3385
3362
3386
3206
3256
3295
3240
3261
3202
3253
3185
3091
3197
3216
3232
3169
3138
3146
3200
3238
3299
3222
3297
3298
3271
3233
3219
3273
3269
3375
3285
3336
3335
3357
3273
3242
3401
3297
3149
3321
3413
3252
3379
3384
3398
3285
3261
3269
3331
3210
3161
3337
3368
3404
3272
3205
3113
3201
3253
3249
3241
3271
3160
3177
3178
3220
3182
3096
3246
3230
3144
3145
3178
3138
3176
3189
3249
3263
3289
3240
3229
3299
3305
3230
3376
3335
3267
3322
3232
3223
3406
3227
3285
3315
3362
3190
3241
3281
3390
3311
3360
3260
3288
3275
3285
3482
3309
3275
3295
3285
3334
3274
3214
3239
3241
3233
3173
3346
3278
3220
3337
3232
3219
3203
3240
3253
3200
3198
3182
3147
3299
3226
3219
3201
3096
3047
3034
3074
2972
3064
3058
3130
3116
3054
3142
3146
3122
3055
3271
3249
3204
3254
3292
3205
3370
3285
3343
3228
3212
3322
3283
3331
3188
3245
3305
3278
3273
3171
3217
3238
3379
3257
3295
3228
3311
3234
3258
3289
3428
3276
3162
3153
3164
3335
3243
3226
3173
3208
3207
3198
3321
3238
3200
3292
3183
3214
3169
3171
3178
3130
3135
3169
3091
3118
3035
3106
3109
3064
3013
3124
3144
3059
3057
3165
3241
3113
3198
3131
3172
3261
3186
3318
3229
3285
3318
3379
3241
3277
3329
3293
3234
3302
3361
3289
3284
3313
3261
3384
3276
3313
3297
3286
3243
3206
3168
3306
3337
3384
3388
3245
3279
3250
3323
3388
3237
3288
3294
3228
3256
3307
3315
3238
3373
3316
3242
3383
3351
3337
3352
3316
3275
3281
3296
3318
3255
3298
3314
3245
3333
3343
3219
3279
3342
3339
3425
3323
3278
3350
3372
