3285
3328
3339
3227
3248
3215
3239
3271
3369
3230
3373
3279
3319
3195
3372
3267
3332
3240
3394
3330
3275
3381
3234
3293
3301
3405
3294
3319
3215
3296
3218
3264
3365
3278
3222
3383
3242
3303
3318
3396
3355
3261
3337
3290
3363
3235
3215
3326
3262
3307
3270
3383
3316
3327
3261
3216
3277
3329
3295
3256
3297
3294
3323
3267
3234
3276
3223
3194
3179
3203
3198
3134
3196
3144
3197
3133
3041
3072
2991
3138
3163
3005
3181
3130
3119
3115
3150
2991
3124
3172
3139
3167
3120
3186
3182
3141
3311
3184
3226
3221
3206
3175
3213
3187
3145
3285
3284
3329
3307
3176
3244
3258
3250
3335
3192
3159
3392
3268
3385
3320
3262
3258
3237
3170
3264
3313
3354
3268
3278
3292
3272
3245
3255
3268
3251
3327
3272
3315
3205
3219
3278
3094
3153
3145
3034
3131
3026
3134
3199
3200
3150
3085
3185
3170
3066
3275
3224
3052
3198
3200
3174
3275
3206
3196
3243
3316
3335
3302
3223
3317
3257
3255
3269
3265
3264
3261
3295
3298
3268
3248
3174
3357
3235
3203
3186
3270
3234
3259
3328
3203
3241
3268
3254
3254
3355
3241
3299
3237
3275
3322
3198
3268
3209
3343
3251
3238
3196
3263
3358
3267
3280
3211
3256
3230
3150
3213
3239
3167
3125
3160
3277
3161
3178
3248
3196
3235
3230
3237
3193
3120
3117
3253
3301
3270
3347
3200
3289
3297
3238
3320
3232
3356
3406
3380
3305
3213
3282
3244
3278
3277
3289
3165
3275
3387
3312
3263
3270
3121
3259
3254
3324
3305
3263
3137
3221
3221
3187
3185
3176
3247
3192
3189
3072
3146
3198
3181
3195
3253
3141
3237
3317
3262
3340
3256
3294
3237
3315
3349
3278
3302
3243
3345
3263
3374
3302
3356
3336
3278
3299
3254
3309
3301
3268
3380
3331
3326
3359
3275
3311
3231
3270
3316
3264
3469
3323
3384
3261
3407
3262
3351
3263
3262
3291
3130
3319
3322
3193
3250
3230
3289
3201
3313
3246
3127
3185
3128
3129
3054
3132
3152
3162
3013
3050
3108
3073
3035
3046
3283
3071
3180
3295
3225
3205
3252
3314
3255
3261
3304
3237
3256
3323
3231
3273
3151
3345
3274
3363
3309
3384
3268
3330
3381
3344
3366
3193
3187
3270
3250
3277
3362
3256
3326
3268
3274
3233
3220
3288
3417
3078
3241
3293
3193
3285
3235
3277
3268
3230
3215
3290
3249
3177
3145
3224
3305
3154
3148
3105
3209
3118
3134
3143
3131
3134
3081
3158
3046
3078
3030
3140
3081
3036
3134
3196
3086
3192
3251
3112
3127
3306
3193
3282
3267
3378
3256
3268
3360
3210
3364
3241
3361
3334
3307
3363
3435
3417
3268
3230
3332
3356
3354
3222
3280
3253
3276
3248
3351
3291
3237
3396
3368
3335
3306
3320
3178
3357
3255
3336
3387
3307
3246
3354
3314
3277
3286
3270
3395
3282
3213
3286
3307
3346
3287
3276
3259
3359
3249
3376
3285
3334
3427
3294
3186
3236
3296
3363
3271
3265
3372
3160
3276
3278
3321
3276
3236
3247
3290
3346
3389
3356
3303
3361
3353
3332
3328
3229
3328
3224
3354
3319
3336
3306
3332
3336
3253
3251
3271
3291
3356
3347
3283
3312
3364
3370
3231
3198
3376
3330
3421
3269
3288
3327
3253
3289
3215
3325
3362
3292
3241
3261
3270
3331
3351
3215
3206
3214
3307
3380
3315
3381
3331
3305
3247
3328
3329
3236
3322
3295
3296
3323
3359
3248
3204
3299
3315
3368
3359
3181
3251
3290
3350
3257
3271
3225
3354
3177
3278
3262
3282
3287
3323
3270
3299
3209
3242
3202
3345
3262
3089
3119
3141
3108
3079
3108
3045
3141
3105
3060
3143
3141
3114
3119
3038
3169
3060
3191
3110
3109
3169
3143
3244
3155
3137
3065
3299
3199
3236
3308
3305
3191
3225
3277
3216
3227
3261
3325
3335
3138
3289
3436
3339
3282
3278
3197
3213
3321
3284
3284
3325
3258
3200
3256
3286
3264
3178
3253
3202
3135
3185
3167
3294
3299
3294
3286
3197
3205
3330
3262
3188
3255
3336
3279
3179
3156
3230
3174
3072
3012
3033
3054
2984
3060
3189
3115
3165
3129
3189
3284
3192
3207
3228
3228
3204
3241
3235
3308
3320
3230
3223
3294
3322
3123
3299
3387
3238
3274
3324
3324
3238
3250
3277
3228
3277
3347
3249
3353
3216
3235
3239
3318
3181
3270
3305
3251
3470
3269
3252
3256
3328
3282
3298
3281
3360
3349
3277
3220
3362
3327
3236
3274
3316
3232
3245
3264
3272
3145
3300
3214
3089
3147
3179
3252
3250
3231
3236
3194
3230
3296
3275
3347
3327
3241
3260
3318
3346
3297
3340
3322
3334
3292
3258
3282
3329
3251
3282
3268
3441
3303
3346
3177
3291
3268
3310
3249
3260
3357
3278
3232
3334
3265
3268
3265
3230
3279
3171
3324
3139
3106
3215
3147
3183
3213
3222
3194
3080
3180
3171
3114
3161
3236
3394
3239
3268
3299
3286
3233
3261
3252
3293
3262
3292
3242
3202
3307
3253
3385
3312
3340
3387
3259
3294
3236
3349
3296
3204
3311
3322
3346
3254
3294
3361
3279
3286
3403
3310
3321
3281
3292
3308
3279
3276
3165
3266
3183
3301
3388
3158
3332
3163
3253
3146
3286
3160
3230
3150
3127
3202
3200
3097
3121
3163
3142
3148
3164
3129
3015
3055
3101
3181
3176
3131
3207
3109
3197
3232
3256
3200
3354
3205
3237
3181
3274
3315
3306
3356
3242
3236
3212
3300
3320
3250
3344
3294
3245
3323
3272
3276
3213
3321
3253
3344
3329
3213
3238
3243
3196
3241
3289
3259
3244
3279
3404
3256
3245
3284
3279
3126
3217
3176
3238
3171
3099
3230
3164
3167
3235
3055
3189
3181
3047
2957
3149
3069
3072
3010
3103
3112
3053
3075
3096
3122
3089
3208
3305
3225
3183
3210
3317
3252
3214
3278
3384
3262
3286
3256
3265
3332
3213
3319
3310
3315
3269
3307
3267
3313
3325
3315
3329
3231
3316
3210
3258
3405
3275
3278
3173
3414
3446
3395
3176
3288
3351
3353
3304
3228
3345
3250
3363
3351
3312
3309
3253
3355
3182
3359
3248
3361
3320
3269
3293
3292
3251
3402
3301
3194
3256
3286
3335
3307
3345
3272
3194
3344
3326
