3319
3433
3191
3336
3316
3353
3294
3342
3265
3356
3332
3290
3425
3363
3251
3246
3330
3426
3302
3369
3227
3356
3290
3238
3301
3309
3338
3342
3309
3386
3243
3285
3163
3322
3319
3358
3271
3311
3266
3364
3221
3305
3270
3312
3270
3264
3243
3330
3264
3158
3382
3210
3328
3241
3310
3308
3348
3286
3226
3271
3341
3270
3251
3303
3351
3311
3201
3185
3244
3201
3204
3209
3250
3181
3135
3150
3194
3095
3146
3051
3033
3240
3175
3066
3044
3020
3003
3050
3124
3045
3150
3105
3138
3198
3161
3237
3140
3205
3112
3201
3167
3234
3212
3147
3187
3245
3321
3312
3268
3289
3252
3261
3332
3241
3298
3236
3214
3170
3203
3239
3358
3302
3349
3341
3340
3362
3308
3231
3209
3230
3212
3356
3336
3241
3270
3267
3344
3262
3218
3265
3202
3255
3059
3108
3145
3051
3210
3142
3036
3087
3092
3144
3155
3129
3118
3180
3040
3069
3139
3198
3304
3235
3232
3182
3134
3209
3271
3144
3349
3236
3218
3207
3254
3227
3235
3253
3228
3229
3326
3332
3279
3202
3299
3239
3325
3384
3381
3341
3177
3297
3264
3448
3226
3285
3288
3407
3345
3268
3390
3342
3230
3199
3278
3312
3254
3252
3263
3236
3230
3314
3185
3310
3227
3273
3164
3232
3253
3142
3162
3241
3244
3122
3276
3197
3235
3158
3310
3274
3269
3285
3326
3263
3324
3253
3213
3207
3370
3247
3327
3259
3164
3327
3276
3374
3285
3213
3334
3341
3303
3313
3328
3325
3196
3183
3263
3266
3299
3228
3325
3221
3364
3301
3302
3241
3279
3227
3295
3284
3212
3179
3141
3191
3128
3178
3181
3202
3222
3271
3294
3207
3170
3177
3221
3269
3266
3210
3309
3279
3269
3189
3175
3269
3348
3411
3262
3323
3212
3255
3259
3310
3351
3272
3307
3338
3242
3258
3262
3301
3316
3312
3233
3301
3371
3181
3323
3352
3299
3356
3197
3329
3232
3238
3312
3197
3337
3269
3238
3266
3254
3248
3260
3256
3156
3257
3111
3169
3186
3152
3141
3119
3043
3165
3071
3066
3013
3088
3156
3138
3275
3122
3116
3128
3252
3213
3299
3249
3223
3221
3389
3327
3233
3321
3282
3286
3249
3236
3356
3365
3342
3280
3215
3275
3227
3357
3281
3341
3246
3240
3294
3307
3221
3262
3250
3223
3246
3260
3249
3295
3303
3289
3262
3278
3204
3258
3169
3333
3119
3184
3202
3197
3257
3149
3123
3176
3096
3153
3202
3218
3188
3098
3237
3113
3088
3093
3120
3023
3148
3003
2993
3032
2989
3080
3143
3160
3149
3283
3190
3254
3230
3210
3247
3257
3225
3190
3329
3413
3304
3269
3274
3242
3247
3375
3244
3355
3362
3257
3299
3372
3301
3261
3245
3215
3334
3349
3280
3354
3290
3368
3282
3247
3327
3344
3270
3304
3269
3327
3315
3269
3297
3224
3218
3279
3311
3378
3314
3384
3248
3304
3395
3248
3338
3351
3367
3174
3336
3303
3221
3251
3369
3317
3225
3332
3335
3274
3209
3353
3281
3306
3225
3408
3361
3224
3303
3315
3284
3224
3368
3379
3291
3240
3247
3257
3275
3351
3404
3308
3348
3318
3327
3303
3277
3261
3214
3223
3317
3392
3401
3346
3293
3372
3299
3373
3396
3351
3331
3390
3302
3289
3201
3285
3330
3333
3277
3318
3313
3280
3259
3377
3291
3328
3346
3295
3314
3398
3306
3332
3343
3262
3259
3309
3316
3226
3279
3244
3436
3263
3303
3305
3281
3354
3277
3275
3237
3271
3316
3321
3268
3245
3323
3166
3370
3279
3206
3271
3266
3285
3345
3286
3291
3227
3243
3301
3246
3187
3297
3272
3212
3125
3111
2993
3082
3037
3062
3093
3142
3189
3074
3117
3119
3112
3134
3066
3083
3165
3173
3040
3124
3146
3153
3208
3145
3139
3140
3264
3208
3164
3234
3234
3417
3130
3244
3252
3295
3355
3264
3279
3330
3299
3251
3341
3288
3281
3379
3186
3247
3333
3191
3239
3253
3319
3233
3266
3336
3174
3321
3306
3323
3200
3274
3353
3313
3277
3224
3202
3148
3266
3329
3313
3160
3217
3325
3160
3106
3244
3197
3111
3117
3081
3105
3108
3093
3176
3043
3156
3096
3131
3271
3181
3194
3215
3250
3306
3266
3243
3226
3271
3176
3242
3158
3284
3287
3247
3297
3317
3262
3291
3298
3167
3286
3225
3356
3271
3326
3265
3274
3280
3234
3234
3297
3344
3218
3209
3325
3305
3304
3336
3239
3213
3245
3329
3323
3229
3271
3318
3252
3395
3268
3242
3233
3160
3236
3325
3164
3238
3175
3240
3169
3202
3069
3143
3163
3174
3074
3139
3236
3232
3219
3238
3265
3212
3231
3256
3234
3241
3275
3212
3283
3206
3181
3337
3224
3308
3232
3332
3251
3322
3430
3253
3201
3268
3320
3279
3276
3297
3356
3311
3212
3248
3241
3160
3343
3247
3113
3152
3249
3168
3233
3213
3137
3244
3243
3137
3145
3088
3138
3239
3204
3238
3227
3229
3318
3169
3231
3260
3244
3285
3319
3327
3275
3223
3400
3316
3231
3321
3143
3220
3334
3202
3326
3254
3272
3294
3268
3299
3220
3375
3246
3295
3301
3312
3310
3306
3331
3345
3288
3313
3312
3307
3342
3332
3194
3201
3223
3301
3310
3350
3247
3238
3184
3235
3202
3189
3198
3109
3200
3278
3108
3220
3104
3176
3106
3194
3118
3156
3141
3167
3235
3161
3111
3123
3224
3207
3207
3305
3248
3295
3297
3239
3315
3319
3261
3247
3387
3248
3366
3306
3265
3232
3326
3211
3340
3260
3266
3254
3257
3324
3182
3265
3231
3348
3176
3272
3293
3265
3183
3295
3258
3241
3239
3276
3242
3249
3205
3321
3101
3160
3196
3225
3215
3115
3128
3221
3167
3160
3172
3142
3242
3208
3092
3092
3078
3136
3108
2973
3089
3041
3012
3068
3203
3080
3275
3115
3146
3230
3179
3261
3216
3296
3229
3310
3290
3372
3229
3362
3266
3349
3244
3412
3298
3332
3232
3321
3279
3285
3297
3206
3298
3275
3272
3288
3343
3303
3271
3260
3284
3294
3355
3266
3356
3307
3247
3229
3302
3415
3333
3210
3257
3211
3240
3277
3255
3207
3276
3342
3275
3260
3456
3240
3302
3305
3384
3289
3281
3329
3343
3229
3343
3351
3345
3212
3220
3244
3293
