4365
4381
4427
4364
4290
4403
4392
4417
4450
4435
4436
4504
4367
4359
4409
4274
4327
4412
4313
4398
4294
4211
4466
4278
4323
4313
4384
4403
4395
4403
4254
4465
4423
4282
4367
4324
4392
4480
4457
4404
4383
4392
4446
4322
4424
4416
4405
4406
4427
4285
4291
4444
4397
4350
4419
4402
4334
4204
4420
4360
4260
4241
4303
4270
4258
4314
4288
4193
4316
4268
4267
4070
4166
4209
4192
4099
4220
4025
4074
4043
4214
4095
4224
4130
4131
4169
3993
4106
4220
4127
4079
4225
4217
4264
4229
4197
4274
4245
4237
4234
4289
4270
4292
4346
4292
4372
4287
4364
4391
4348
4292
4359
4383
4251
4371
4302
4439
4449
4393
4309
4407
4318
4436
4394
4400
4374
4458
4351
4435
4320
4341
4363
4389
4355
4214
4389
4326
4401
4347
4334
4297
4329
4139
4085
4195
4253
4157
4148
4150
4139
4130
4052
4108
4200
4152
4201
4277
4152
4157
4226
4281
4193
4325
4332
4315
4304
4296
4351
4396
4159
4340
4368
4336
4423
4412
4242
4383
4355
4403
4324
4335
4398
4443
4446
4186
4433
4435
4311
4359
4422
4468
4469
4345
4432
4254
4420
4413
4407
4398
4361
4305
4299
4406
4294
4316
4327
4267
4383
4394
4317
4243
4407
4367
4306
4281
4200
4165
4259
4190
4246
4204
4151
4166
4346
4210
4227
4373
4325
4272
4343
4363
4289
4288
4362
4322
4335
4329
4419
4365
4443
4357
4237
4455
4299
4349
4282
4316
4259
4348
4391
4554
4352
4477
4378
4279
4379
4283
4316
4288
4459
4172
4346
4339
4314
4379
4278
4264
4235
4242
4391
4156
4266
4252
4188
4185
4222
4314
4272
4364
4186
4258
4445
4403
4325
4519
4466
4371
4406
4290
4441
4416
4418
4396
4378
4448
4445
4277
4397
4412
4266
4316
4342
4392
4376
4310
4309
4436
4393
4473
4364
4472
4345
4339
4440
4498
4273
4411
4302
4319
4307
4376
4297
4382
4279
4302
4490
4231
4360
4233
4305
4267
4274
4282
4205
4179
4187
4239
4211
4072
4163
4158
3982
4247
4102
4079
4204
4134
4206
4110
4266
4325
4162
4313
4265
4329
4359
4240
4243
4361
4372
4355
4492
4386
4351
4395
4340
4323
4447
4430
4367
4261
4448
4369
4366
4443
4398
4413
4370
4359
4406
4440
4325
4414
4256
4190
4480
4287
4358
4275
4362
4310
4441
4388
4363
4364
4413
4300
4234
4396
4147
4220
4193
4133
4226
4182
4068
4140
4086
4209
4199
4147
4109
3962
4104
4078
4086
4187
4025
4038
4014
4046
4177
4044
4168
4166
4297
4290
4310
4174
4230
4307
4365
4328
4283
4359
4303
4306
4450
4294
4365
4251
4347
4410
4278
4351
4455
4353
4392
4451
4428
4357
4468
4430
4342
4294
4342
4411
4454
4380
4403
4377
4383
4432
4419
4367
4364
4324
4441
4386
4380
4457
4291
4344
4480
4299
4358
4435
4471
4354
4486
4351
4469
4392
4457
4445
4482
4330
4405
4412
4376
4278
4362
4405
4364
4403
4393
4277
4239
4315
4499
4379
4326
4340
4464
4386
4349
4363
4360
4336
4373
4467
4386
4324
4428
4414
4437
4396
4350
4366
4352
4459
4395
4378
4251
4342
4427
4310
4401
4387
4411
4491
4254
4450
4336
4414
4284
4446
4462
4416
4301
4294
4476
4430
4306
4354
4454
4390
4392
4475
4409
4339
4292
4404
4481
4429
4279
4295
4232
4429
4421
4232
4296
4418
4430
4398
4496
4456
4296
4381
4252
4388
4361
4415
4497
4403
4443
4369
4449
4453
4318
4336
4303
4425
4313
4434
4346
4362
4308
4378
4331
4263
4277
4329
4350
4337
4330
4242
4316
4167
4011
3989
3969
4154
4162
4043
4140
4134
4206
4110
4194
4008
4095
4098
4255
4253
4101
4196
4242
4140
4231
4225
4165
4276
4206
4266
4195
4207
4230
4339
4166
4280
4234
4409
4331
4324
4477
4284
4349
4308
4349
4337
4387
4215
4356
4299
4328
4288
4349
4437
4331
4445
4398
4316
4360
4379
4411
4304
4260
4332
4297
4463
4353
4209
4375
4294
4306
4317
4371
4370
4293
4242
4240
4246
4215
4179
4178
4054
4031
3963
4055
4101
4136
4090
4154
4025
4186
4254
4255
4146
4117
4230
4518
4253
4239
4243
4381
4307
4267
4371
4233
4354
4222
4304
4358
4313
4409
4431
4266
4376
4405
4295
4423
4340
4465
4385
4286
4397
4272
4399
4349
4380
4413
4254
4358
4356
4426
4272
4311
4408
4355
4292
4362
4191
4288
4321
4309
4361
4359
4324
4408
4317
4360
4331
4232
4261
4178
4301
4316
4297
4185
4119
4244
4292
4168
4268
4278
4254
4269
4309
4355
4238
4170
4246
4344
4191
4329
4349
4422
4355
4296
4405
4358
4443
4369
4327
4352
4355
4270
4347
4457
4324
4324
4326
4315
4377
4380
4330
4275
4343
4375
4206
4339
4288
4351
4251
4391
4368
4186
4246
4128
4185
4093
4109
4237
4152
4208
4217
4292
4227
4206
4295
4331
4224
4351
4399
4420
4312
4270
4320
4404
4380
4290
4352
4418
4301
4376
4340
4378
4361
4443
4436
4305
4495
4360
4328
4370
4369
4350
4409
4341
4331
4329
4425
4374
4492
4347
4373
4320
4458
4369
4375
4244
4330
4280
4432
4337
4359
4309
4195
4333
4212
4211
4174
4253
4259
4237
4120
4208
4210
4156
4202
4073
4133
4016
4127
3967
4202
4234
4134
4173
4188
4334
4288
4312
4339
4397
4390
4318
4357
4259
4275
4354
4467
4310
4269
4379
4344
4318
4398
4395
4372
4403
4220
4299
4464
4385
4330
4376
4349
4228
4276
4412
4381
4385
4130
4043
4294
4369
4182
4344
4408
4300
4335
4103
4348
4170
4266
4140
4127
4300
4171
4161
4198
4143
4091
4165
4109
4114
4255
4171
4143
3987
4050
4029
3991
4133
4017
4191
4148
4254
4205
4376
4292
4266
4271
4152
4319
4460
4357
4284
4363
4335
4373
4428
4332
4322
4423
4380
4474
4358
4348
4243
4374
4328
4414
4358
4420
4385
4405
4378
4333
4391
4477
4370
4430
4382
4391
4393
4411
4411
4277
4463
4516
4440
4337
4374
4367
4200
4396
4340
4318
4449
4261
4413
4253
4375
4362
4322
4447
4352
4466
4429
4403
4319
4240
4338
4313
4338
4429
4277
4357
4478
4383
