3287
3351
3251
3310
3237
3196
3155
3330
3303
3355
3286
3281
3312
3240
3266
3282
3347
3201
3280
3336
3289
3197
3340
3290
3295
3356
3235
3215
3294
3262
3369
3354
3309
3293
3310
3308
3326
3398
3387
3409
3236
3241
3259
3274
3358
3364
3345
3234
3337
3238
3306
3302
3219
3316
3250
3315
3275
3232
3261
3218
3351
3280
3281
3195
3212
3192
3246
3234
3234
3253
3136
3140
3150
3162
3102
3121
2995
3004
3012
3002
3041
3134
3082
3053
3112
3075
3175
3125
3117
3073
3070
3169
3151
3194
3184
3070
3198
3124
3235
3193
3288
3233
3201
3203
3214
3221
3193
3230
3283
3214
3255
3347
3248
3253
3284
3238
3292
3298
3244
3278
3145
3175
3306
3226
3237
3331
3324
3271
3237
3242
3276
3307
3311
3321
3241
3303
3197
3237
3309
3159
3135
3220
3106
3190
3246
3201
3124
3135
3039
3119
3177
3099
3154
3218
2965
3103
3116
3241
3089
3331
3286
3140
3212
3183
3210
3201
3218
3255
3180
3173
3323
3247
3267
3273
3276
3158
3390
3283
3286
3230
3266
3346
3372
3263
3384
3373
3214
3297
3215
3377
3360
3241
3222
3270
3310
3259
3373
3206
3281
3239
3327
3340
3299
3235
3363
3236
3329
3235
3219
3260
3367
3150
3145
3223
3197
3186
3098
3135
3218
3248
3209
3149
3255
3236
3310
3344
3299
3390
3242
3257
3154
3173
3160
3289
3266
3250
3236
3213
3311
3386
3272
3273
3293
3294
3284
3289
3276
3253
3316
3215
3264
3322
3299
3263
3200
3331
3253
3356
3277
3272
3147
3233
3406
3198
3197
3271
3105
3141
3141
3169
3055
3247
3161
3113
3180
3198
3122
3106
3226
3183
3247
3214
3287
3344
3400
3159
3346
3307
3312
3193
3287
3279
3301
3297
3288
3281
3327
3251
3218
3218
3333
3253
3433
3322
3250
3213
3288
3275
3213
3293
3282
3246
3264
3280
3273
3339
3275
3225
3257
3325
3162
3361
3219
3119
3275
3186
3248
3235
3202
3228
3286
3205
3196
3100
3174
3181
3234
3170
3123
3111
3065
3111
3118
3127
3064
3066
3100
3104
3186
3256
3207
3170
3309
3208
3181
3250
3173
3330
3176
3183
3274
3273
3283
3243
3313
3217
3336
3242
3253
3286
3225
3286
3289
3283
3267
3302
3360
3328
3239
3231
3277
3315
3263
3290
3212
3351
3249
3173
3335
3216
3218
3221
3277
3167
3125
3216
3100
3257
3164
3199
3152
3127
3144
3160
3124
3183
3112
3107
3053
3179
3123
3163
3174
3123
3142
3156
3107
3156
3002
3101
3073
3114
3142
3111
3166
3155
3266
3050
3159
3227
3325
3348
3236
3315
3367
3307
3222
3267
3258
3228
3292
3159
3325
3287
3340
3196
3270
3296
3237
3374
3260
3172
3187
3262
3265
3196
3233
3284
3336
3277
3310
3349
3255
3344
3239
3256
3150
3285
3371
3206
3322
3283
3287
3310
3355
3259
3216
3282
3321
3391
3236
3248
3272
3272
3288
3317
3232
3291
3234
3277
3232
3340
3233
3189
3298
3328
3182
3243
3298
3295
3262
3304
3316
3240
3278
3303
3326
3272
3337
3268
3300
3216
3252
3351
3355
3230
3279
3175
3329
3299
3270
3206
3307
3210
3276
3340
3362
3199
3303
3217
3383
3247
3350
3407
3293
3250
3284
3258
3247
3266
3202
3327
3263
3226
3444
3351
3338
3348
3241
3353
3227
3312
3255
3243
3338
3241
3277
3271
3273
3292
3308
3338
3226
3273
3176
3279
3326
3377
3378
3313
3324
3261
3246
3356
3299
3312
3331
3264
3303
3284
3327
3323
3194
3374
3331
3361
3278
3252
3370
3245
3257
3313
3154
3292
3236
3183
3216
3168
3099
3116
3232
3124
3063
3061
3069
3055
3075
3130
3032
3132
2998
3065
3111
3318
3163
3086
3094
3051
3105
3195
3019
3177
3158
3113
3247
3248
3172
3177
3202
3234
3165
3218
3392
3185
3133
3202
3247
3237
3192
3219
3205
3285
3336
3339
3258
3235
3306
3255
3264
3294
3220
3289
3252
3385
3302
3247
3237
3294
3213
3254
3151
3338
3332
3287
3314
3352
3184
3313
3198
3216
3153
3148
3257
3033
3189
3132
3213
3033
3126
3016
3162
3173
3169
3110
3057
3089
2957
3138
3080
3092
3169
3184
3288
3243
3250
3213
3333
3229
3176
3229
3176
3145
3241
3346
3234
3303
3283
3331
3297
3211
3269
3251
3263
3335
3334
3277
3256
3256
3332
3195
3229
3191
3174
3275
3301
3268
3225
3433
3220
3190
3358
3191
3276
3156
3214
3268
3104
3278
3317
3175
3260
3170
3131
3172
3221
3157
3244
3158
3158
3146
3220
3223
3165
3174
3143
3179
3137
3288
3191
3188
3313
3176
3282
3235
3326
3392
3192
3199
3326
3159
3235
3258
3253
3269
3285
3284
3289
3282
3219
3215
3256
3265
3321
3193
3189
3279
3235
3298
3202
3223
3191
3258
3223
3271
3215
3266
3178
3318
3264
3156
3115
3249
3105
3115
3158
3173
3168
3120
3242
3089
3293
3250
3298
3242
3273
3231
3183
3305
3341
3390
3230
3260
3302
3198
3185
3235
3271
3210
3276
3325
3178
3329
3273
3252
3283
3279
3311
3243
3251
3192
3300
3293
3342
3137
3212
3267
3221
3232
3208
3300
3194
3220
3274
3149
3248
3236
3292
3160
3227
3240
3208
3250
3182
3116
3253
3195
3102
3206
3153
3106
3172
3195
3057
3094
3012
3198
3099
3093
3052
3118
3189
3294
3226
3179
3248
3252
3260
3176
3238
3311
3170
3302
3191
3261
3276
3173
3249
3177
3324
3142
3276
3259
3376
3414
3292
3237
3272
3220
3171
3243
3158
3227
3211
3226
3222
3236
3239
3188
3199
3241
3191
3178
3188
3215
3113
3148
3191
3108
3147
3228
3107
3110
3179
3115
3106
3157
3228
3061
3086
3109
3045
3086
3091
3089
3038
3070
3062
3094
3122
3052
3111
3175
3196
3224
3238
3298
3223
3301
3250
3295
3288
3182
3216
3327
3286
3260
3240
3326
3210
3316
3368
3144
3213
3260
3280
3312
3277
3267
3331
3221
3254
3287
3292
3277
3248
3227
3246
3285
3291
3358
3251
3368
3286
3231
3310
3380
3311
3295
3260
3300
3248
3249
3261
3318
3336
3270
3295
3234
3283
3315
3285
3241
3326
3273
3283
3224
3258
3243
3231
3392
3314
3292
3321
