4375
4471
4343
4321
4368
4269
4376
4358
4374
4418
4329
4419
4357
4465
4409
4428
4340
4421
4374
4320
4366
4300
4333
4401
4423
4440
4422
4318
4381
4238
4391
4464
4361
4364
4380
4408
4440
4348
4328
4437
4290
4337
4352
4377
4488
4378
4250
4452
4308
4296
4299
4260
4394
4313
4233
4298
4396
4357
4410
4385
4379
4331
4311
4380
4276
4282
4277
4256
4308
4238
4308
4272
4208
4106
4239
4182
4122
4126
3997
4009
4098
4012
4192
4081
4195
4303
4202
4096
4177
4142
4105
4051
4307
4222
4197
4147
4184
4178
4268
4296
4298
4181
4189
4300
4345
4334
4417
4299
4256
4313
4288
4262
4315
4437
4298
4262
4275
4328
4243
4346
4455
4185
4349
4472
4324
4393
4341
4281
4302
4355
4280
4290
4432
4297
4328
4316
4362
4261
4356
4377
4216
4291
4172
4196
4111
4059
4134
4095
4109
4179
4235
4108
4270
4248
4212
4285
4119
4173
4248
4219
4215
4256
4247
4271
4208
4222
4258
4258
4227
4364
4330
4418
4309
4229
4248
4340
4306
4244
4235
4312
4543
4426
4308
4446
4342
4235
4345
4241
4445
4344
4303
4348
4360
4355
4334
4279
4376
4255
4367
4335
4272
4341
4286
4335
4357
4502
4257
4420
4329
4407
4289
4303
4334
4289
4278
4228
4307
4191
4238
4247
4166
4253
4251
4179
4346
4158
4206
4153
4305
4204
4373
4335
4278
4472
4438
4353
4453
4400
4318
4311
4336
4444
4377
4385
4271
4297
4379
4375
4311
4318
4509
4275
4261
4352
4382
4368
4328
4322
4474
4456
4298
4581
4433
4264
4304
4319
4231
4246
4238
4146
4262
4273
4231
4286
4173
4334
4385
4244
4195
4298
4231
4314
4378
4281
4403
4399
4327
4258
4345
4324
4342
4429
4292
4325
4280
4306
4287
4405
4272
4334
4415
4363
4299
4354
4298
4362
4478
4344
4344
4456
4473
4317
4285
4319
4317
4339
4472
4462
4267
4356
4335
4315
4314
4297
4426
4370
4331
4339
4308
4260
4230
4240
4338
4203
4268
4231
4243
4110
4282
4121
4060
4103
4186
4145
4149
4159
4124
4039
4180
4145
4244
4239
4315
4203
4361
4386
4217
4414
4234
4328
4243
4383
4302
4430
4383
4404
4374
4289
4419
4415
4440
4342
4368
4324
4302
4392
4328
4386
4301
4344
4300
4289
4321
4193
4352
4422
4148
4279
4379
4194
4319
4269
4248
4161
4160
4314
4249
4233
4310
4366
4266
4162
4249
4110
4145
4226
4238
4151
4208
4271
4191
4212
4028
4127
4168
4193
4095
4210
4223
4162
4035
4154
4219
4131
4246
4268
4201
4304
4221
4394
4328
4212
4396
4373
4457
4350
4316
4436
4412
4404
4422
4245
4265
4339
4254
4319
4330
4300
4449
4360
4359
4431
4357
4337
4341
4283
4235
4223
4502
4383
4396
4390
4226
4419
4439
4242
4335
4295
4433
4221
4316
4428
4285
4454
4402
4347
4291
4357
4318
4403
4390
4416
4400
4338
4383
4430
4413
4427
4470
4475
4377
4391
4409
4291
4323
4419
4393
4505
4327
4326
4342
4432
4408
4266
4322
4304
4473
4244
4358
4361
4415
4451
4430
4308
4481
4267
4305
4294
4412
4356
4303
4238
4320
4360
4411
4277
4306
4505
4372
4386
4343
4382
4281
4350
4358
4306
4411
4515
4337
4360
4273
4394
4263
4429
4362
4282
4459
4446
4411
4398
4464
4398
4370
4326
4292
4409
4341
4351
4246
4364
4388
4334
4227
4350
4370
4277
4346
4441
4391
4354
4385
4349
4380
4319
4193
4317
4413
4495
4358
4468
4355
4404
4347
4383
4457
4330
4285
4328
4337
4336
4370
4278
4293
4273
4221
4229
4301
4217
4088
4121
4060
4006
4001
4095
4083
4131
4031
4163
4163
4287
4157
4123
4123
4140
4206
4259
4139
4256
4108
4202
4177
4166
4268
4180
4261
4104
4190
4233
4251
4409
4182
4148
4224
4250
4256
4266
4295
4353
4312
4176
4329
4406
4434
4298
4307
4241
4314
4339
4432
4351
4199
4314
4384
4291
4382
4358
4434
4294
4330
4436
4225
4429
4339
4297
4415
4257
4224
4308
4281
4172
4222
4157
4304
4114
4134
4081
4171
4040
3927
4115
4116
4103
4032
4154
4173
4173
4169
4283
4157
4244
4203
4210
4330
4263
4274
4343
4320
4357
4363
4419
4299
4313
4288
4351
4290
4294
4432
4382
4287
4413
4424
4408
4291
4393
4358
4206
4397
4401
4250
4235
4269
4268
4349
4322
4300
4385
4345
4395
4406
4339
4346
4309
4347
4313
4371
4306
4335
4373
4288
4388
4310
4333
4230
4205
4251
4311
4274
4306
4204
4299
4181
4243
4277
4199
4222
4209
4266
4188
4213
4274
4416
4203
4413
4322
4399
4243
4361
4382
4322
4412
4360
4443
4289
4332
4379
4357
4404
4374
4347
4299
4361
4356
4321
4342
4368
4282
4517
4393
4294
4358
4294
4394
4400
4229
4349
4213
4192
4245
4144
4214
4309
4127
4132
4249
4189
4299
4237
4170
4220
4339
4361
4277
4382
4319
4248
4369
4376
4251
4290
4345
4307
4389
4293
4298
4247
4276
4356
4364
4495
4259
4320
4309
4252
4306
4362
4257
4316
4303
4325
4392
4208
4281
4295
4346
4378
4217
4237
4199
4371
4367
4421
4290
4340
4366
4285
4320
4207
4358
4260
4251
4277
4231
4222
4271
4111
4160
4230
4222
4082
4164
4178
4091
4093
4227
4257
4174
4065
4122
4098
4233
4341
4307
4243
4351
4296
4265
4375
4345
4332
4374
4340
4364
4248
4230
4416
4491
4275
4280
4310
4326
4377
4248
4422
4286
4315
4344
4192
4170
4362
4366
4310
4307
4270
4255
4204
4230
4267
4222
4258
4179
4352
4257
4225
4287
4214
4207
4147
4113
4116
4189
4112
4292
4102
4091
4081
4105
4107
4167
4040
4113
4072
3983
4114
4132
4088
4112
4057
4163
4295
4154
4297
4290
4218
4247
4363
4368
4203
4294
4337
4340
4282
4438
4419
4389
4222
4440
4374
4320
4367
4302
4364
4395
4411
4429
4236
4300
4331
4221
4442
4464
4334
4288
4343
4397
4508
4411
4331
4348
4253
4348
4367
4386
4355
4395
4376
4358
4406
4322
4307
4405
4352
4350
4429
4356
4479
4355
4373
4479
4414
4330
4300
4346
4325
4421
4393
4324
4407
4214
4351
4354
4287
4299
4227
