3281
3282
3260
3291
3292
3252
3291
3236
3255
3333
3294
3257
3269
3264
3435
3254
3428
3241
3190
3392
3334
3207
3323
3257
3289
3316
3127
3248
3235
3277
3193
3205
3257
3258
3258
3293
3289
3217
3313
3178
3372
3319
3188
3312
3284
3280
3298
3215
3247
3206
3305
3338
3313
3242
3280
3350
3223
3306
3288
3323
3283
3355
3335
3301
3247
3281
3244
3304
3287
3120
3190
3064
3222
3142
3171
3161
3027
3102
3090
3021
3045
3137
3074
3189
3130
3093
3120
3089
3104
3118
3245
3125
3104
3206
3146
3128
3169
3121
3039
3178
3297
3293
3250
3192
3194
3284
3321
3223
3172
3152
3259
3273
3265
3313
3189
3330
3332
3215
3284
3182
3186
3283
3138
3140
3316
3269
3344
3244
3297
3251
3268
3237
3195
3312
3376
3215
3284
3312
3145
3231
3189
3262
3135
3142
3120
3099
3221
3175
3160
3053
3166
3077
3090
3110
3100
3098
3227
3122
3101
3105
3186
3125
3196
3235
3173
3192
3201
3168
3221
3185
3238
3246
3190
3269
3177
3290
3236
3263
3219
3326
3223
3260
3268
3377
3273
3157
3318
3275
3436
3398
3284
3264
3213
3261
3336
3369
3291
3252
3341
3212
3258
3163
3246
3267
3196
3335
3331
3241
3245
3237
3269
3212
3257
3071
3253
3163
3158
3177
3126
3135
3129
3198
3252
3133
3318
3225
3294
3181
3189
3238
3127
3262
3130
3185
3298
3270
3335
3188
3335
3328
3173
3362
3264
3148
3128
3240
3284
3190
3343
3279
3320
3231
3325
3188
3322
3251
3226
3223
3295
3401
3213
3197
3212
3234
3181
3259
3213
3188
3151
3218
3150
3081
3169
3103
3070
3139
3112
3228
3277
3195
3123
3232
3209
3259
3241
3287
3214
3217
3279
3373
3300
3390
3267
3363
3368
3265
3274
3240
3185
3285
3275
3337
3191
3313
3280
3256
3253
3311
3318
3185
3303
3287
3168
3357
3241
3259
3268
3249
3212
3277
3225
3180
3193
3346
3156
3204
3238
3248
3239
3282
3113
3144
3234
3211
3211
3160
3105
3150
3092
3099
3129
3084
3127
3010
3069
3056
3016
3155
3170
3137
3277
3154
3272
3190
3196
3265
3209
3217
3290
3188
3206
3294
3290
3281
3294
3150
3325
3250
3215
3243
3256
3227
3300
3251
3294
3151
3246
3193
3267
3257
3323
3211
3202
3183
3253
3276
3234
3248
3294
3321
3103
3309
3165
3179
3264
3234
3206
3135
3294
3195
3087
3207
3190
3159
3122
3102
3130
3127
3149
3093
3022
3064
3163
3156
3066
3094
3146
3128
3080
3142
3018
3168
3062
3079
3143
3115
3159
3206
3202
3211
3211
3220
3244
3232
3301
3261
3305
3354
3289
3197
3330
3217
3346
3107
3225
3298
3223
3380
3391
3327
3341
3120
3254
3209
3249
3337
3289
3298
3260
3246
3278
3269
3180
3220
3268
3264
3358
3246
3295
3274
3300
3188
3247
3252
3233
3319
3248
3212
3283
3292
3211
3313
3313
3276
3215
3262
3316
3321
3292
3326
3177
3248
3262
3250
3270
3354
3265
3270
3135
3276
3332
3300
3277
3325
3276
3229
3228
3180
3270
3260
3155
3297
3299
3201
3296
3253
3316
3174
3245
3271
3348
3239
3435
3280
3221
3282
3299
3269
3266
3242
3263
3228
3323
3319
3308
3375
3251
3263
3250
3341
3280
3357
3268
3299
3274
3289
3367
3285
3272
3263
3221
3279
3232
3268
3206
3264
3424
3325
3266
3327
3320
3294
3316
3272
3334
3184
3190
3255
3280
3232
3277
3264
3336
3235
3256
3275
3268
3258
3327
3232
3279
3238
3301
3215
3117
3247
3245
3233
3386
3338
3154
3178
3260
3219
3256
3181
3169
3256
3166
3058
3044
3153
3094
3075
3032
3081
3098
3133
3028
2994
3170
3105
3073
3050
3133
3141
3099
3234
3138
3158
3121
3134
3129
3237
3095
3222
3152
3140
3158
3156
3230
3154
3239
3242
3203
3258
3191
3251
3341
3234
3185
3184
3267
3304
3332
3247
3263
3269
3162
3320
3258
3319
3314
3242
3319
3334
3203
3249
3203
3394
3189
3131
3288
3223
3280
3237
3319
3296
3134
3270
3141
3161
3208
3091
3066
3125
3058
3037
3148
3103
3166
3092
3129
3159
3079
3160
3103
3174
3234
3215
3162
3184
3163
3200
3164
3172
3305
3116
3264
3248
3154
3183
3179
3271
3262
3401
3295
3265
3267
3281
3269
3312
3233
3213
3271
3365
3130
3316
3296
3334
3174
3318
3328
3273
3302
3248
3252
3238
3178
3262
3264
3311
3361
3295
3280
3309
3206
3319
3180
3040
3193
3174
3249
3267
3286
3292
3208
3139
3190
3070
3040
3098
3115
3106
3229
3180
3188
3242
3238
3315
3224
3267
3286
3085
3242
3266
3177
3340
3225
3259
3183
3308
3371
3226
3307
3242
3295
3245
3266
3346
3241
3257
3236
3270
3147
3306
3274
3311
3222
3253
3214
3359
3160
3312
3153
3242
3180
3261
3171
3171
3136
3126
3187
3158
3074
3122
3135
3235
3180
3142
3180
3168
3203
3364
3208
3264
3227
3200
3228
3224
3226
3196
3252
3228
3296
3344
3170
3274
3404
3306
3220
3143
3303
3201
3186
3299
3281
3244
3144
3297
3227
3243
3264
3311
3267
3237
3297
3192
3169
3251
3216
3202
3257
3234
3195
3317
3099
3317
3166
3221
3129
3224
3078
3039
3118
3110
3051
3131
3172
3146
3145
3094
3061
3108
2962
3052
3083
3144
3212
3154
3177
3155
3159
3254
3247
3293
3302
3227
3244
3298
3202
3188
3239
3204
3245
3214
3310
3200
3317
3251
3285
3290
3265
3290
3207
3264
3250
3289
3324
3240
3258
3224
3207
3261
3218
3124
3293
3059
3151
3189
3280
3195
3186
3248
3230
3164
3135
3070
3146
3194
3140
3053
3095
3125
3091
3053
3058
3186
3029
3058
3050
3146
3058
3101
2982
3080
3054
3021
3130
3191
3163
3180
3108
3150
3303
3238
3179
3291
3182
3415
3297
3202
3292
3238
3271
3211
3296
3324
3348
3383
3225
3288
3268
3288
3251
3304
3263
3299
3133
3302
3189
3333
3295
3267
3280
3268
3243
3388
3279
3310
3286
3265
3235
3160
3213
3316
3222
3322
3311
3382
3302
3363
3175
3249
3311
3300
3274
3314
3210
3273
3333
3212
3291
3406
3224
3261
3229
3277
3377
3241
3301
3252
3247
