3285
3220
3307
3287
3329
3317
3234
3209
3319
3316
3267
3169
3365
3281
3253
3210
3371
3285
3314
3215
3338
3213
3341
3212
3252
3302
3204
3292
3281
3286
3172
3249
3275
3268
3294
3240
3329
3333
3288
3246
3305
3318
3259
3380
3279
3360
3334
3328
3180
3251
3245
3266
3268
3285
3354
3376
3336
3176
3269
3276
3282
3287
3339
3175
3256
3293
3286
3162
3205
3167
3224
3180
3207
3213
3113
3122
3064
2997
3030
3095
2949
3045
3147
3064
3021
3183
3057
3133
3005
3160
3163
3118
3138
3223
3020
3174
3137
3193
3181
3117
3185
3212
3199
3242
3286
3219
3214
3303
3304
3099
3204
3223
3177
3161
3343
3223
3278
3280
3204
3229
3281
3282
3301
3216
3279
3306
3207
3185
3256
3227
3220
3250
3306
3297
3301
3271
3200
3165
3255
3223
3197
3179
3120
3155
3136
3139
3085
3196
3211
3115
3166
3075
2949
3172
3149
3081
3246
3162
3139
3216
3200
3304
3235
3199
3251
3220
3254
3153
3269
3228
3314
3150
3212
3251
3168
3251
3272
3244
3291
3168
3225
3249
3189
3371
3370
3338
3303
3277
3297
3172
3284
3243
3249
3234
3307
3158
3263
3236
3247
3256
3289
3191
3389
3322
3284
3232
3175
3272
3258
3210
3156
3271
3152
3252
3138
3197
3151
3232
3152
3189
3185
3208
3195
3249
3257
3137
3168
3195
3249
3122
3089
3188
3268
3246
3199
3168
3220
3200
3321
3189
3196
3246
3262
3220
3226
3248
3212
3262
3188
3271
3193
3246
3315
3262
3387
3338
3256
3237
3205
3291
3223
3330
3219
3165
3315
3187
3263
3237
3203
3150
3222
3225
3067
3207
3168
3112
3221
3129
3088
3302
3279
3244
3267
3242
3356
3151
3279
3255
3288
3219
3234
3296
3288
3227
3253
3119
3288
3236
3220
3187
3234
3287
3255
3254
3265
3203
3289
3157
3195
3233
3272
3131
3280
3145
3264
3298
3318
3257
3222
3271
3254
3339
3172
3296
3234
3227
3277
3241
3211
3205
3276
3118
3152
3148
3154
3118
3079
3073
3068
3165
3040
3079
3032
3105
3102
3080
3085
3166
3146
3200
3205
3281
3221
3245
3285
3266
3217
3188
3370
3219
3251
3233
3294
3323
3181
3442
3257
3268
3258
3354
3268
3172
3223
3285
3216
3284
3197
3272
3252
3280
3346
3307
3221
3237
3187
3257
3183
3160
3270
3206
3223
3210
3085
3273
3271
3085
3159
3225
3095
3091
3125
3089
2998
3177
3130
3098
3156
3069
3159
3054
3163
3139
3089
3135
3094
3122
3137
3011
3136
2959
3025
3157
3084
3160
3239
3189
3254
3184
3307
3192
3180
3222
3296
3276
3399
3342
3388
3354
3285
3236
3339
3186
3311
3276
3204
3255
3239
3265
3245
3248
3241
3227
3192
3222
3217
3328
3321
3260
3274
3273
3300
3195
3333
3318
3255
3324
3313
3245
3267
3276
3254
3294
3336
3182
3322
3184
3369
3245
3317
3239
3321
3280
3327
3300
3298
3287
3222
3217
3204
3265
3375
3327
3328
3198
3317
3363
3302
3402
3362
3308
3271
3311
3273
3257
3277
3338
3258
3291
3251
3268
3246
3255
3336
3141
3246
3222
3268
3251
3382
3223
3212
3419
3168
3230
3300
3251
3377
3298
3319
3271
3349
3237
3265
3255
3270
3272
3286
3236
3279
3236
3185
3211
3249
3212
3226
3178
3337
3241
3241
3376
3215
3280
3298
3258
3301
3334
3209
3232
3335
3231
3238
3377
3351
3360
3299
3273
3271
3328
3336
3333
3188
3267
3289
3189
3261
3285
3267
3148
3267
3369
3314
3287
3291
3335
3149
3205
3221
3328
3228
3244
3249
3224
3341
3296
3284
3235
3138
3164
3116
3071
3103
3110
3126
3092
3095
3040
3064
3063
3123
3159
3050
2985
3038
3039
3148
3129
3175
3128
3198
3191
3116
3087
3179
3102
3130
3178
3223
3134
3183
3219
3206
3164
3286
3226
3149
3128
3206
3271
3117
3284
3165
3289
3334
3202
3269
3225
3153
3280
3225
3178
3234
3299
3183
3316
3251
3233
3257
3258
3228
3229
3301
3267
3237
3249
3268
3255
3233
3262
3101
3210
3222
3188
3206
3225
3101
3154
3072
3145
3000
3142
3123
3144
2971
3177
3128
3145
3116
3079
3177
3162
3197
3213
3154
3237
3171
3163
3287
3150
3146
3297
3281
3143
3243
3216
3349
3299
3329
3209
3166
3284
3204
3242
3250
3193
3259
3285
3298
3256
3293
3401
3157
3289
3261
3197
3225
3223
3218
3275
3211
3183
3287
3294
3179
3198
3225
3285
3220
3302
3252
3222
3161
3188
3313
3190
3266
3052
3170
3131
3068
3253
3137
3159
3197
3212
3150
3236
3175
3145
3243
3307
3248
3209
3325
3121
3230
3117
3226
3300
3206
3198
3310
3254
3290
3328
3306
3302
3306
3321
3191
3241
3354
3299
3236
3207
3268
3224
3210
3220
3288
3299
3181
3121
3237
3240
3168
3212
3162
3103
3165
3206
3134
3104
3054
3205
3148
3246
3158
3295
3229
3263
3156
3182
3259
3286
3295
3231
3164
3293
3320
3210
3234
3310
3282
3314
3242
3264
3274
3364
3221
3193
3198
3243
3186
3280
3199
3371
3278
3210
3216
3243
3265
3176
3255
3204
3357
3246
3256
3255
3285
3266
3262
3246
3270
3212
3304
3182
3145
3153
3156
3075
3206
3116
3243
3100
3177
3242
3129
3009
3068
3058
3183
3076
3198
3117
3102
3219
3230
3106
3129
3214
3168
3228
3214
3141
3223
3201
3249
3224
3158
3234
3307
3116
3256
3262
3196
3231
3243
3241
3172
3356
3226
3200
3172
3337
3310
3313
3211
3255
3203
3132
3191
3237
3187
3306
3205
3129
3142
3162
3115
3105
3119
3202
3210
3108
3161
3219
3154
3136
3145
3109
3196
3186
3125
3119
3127
3073
3004
3036
3045
3053
3061
3224
3139
3011
3113
2971
3115
2991
3113
3184
3207
3272
3198
3161
3250
3085
3220
3276
3170
3308
3319
3283
3169
3243
3304
3307
3229
3139
3300
3232
3273
3336
3205
3220
3285
3364
3346
3258
3354
3313
3312
3232
3258
3226
3311
3228
3274
3367
3174
3289
3294
3263
3288
3246
3367
3329
3238
3249
3343
3317
3265
3265
3284
3350
3400
3211
3233
3253
3249
3310
3330
3335
3214
3193
3342
3345
3415
3244
3263
3213
3344
3177
3336
