3725
3724
3750
3663
3765
3710
3777
3731
3613
3732
3637
3662
3754
3661
3802
3659
3891
3697
3690
3733
3740
3706
3789
3659
3765
3754
3664
3723
3693
3845
3822
3811
3690
3638
3644
3732
3695
3868
3739
3814
3729
3671
3768
3640
3790
3740
3745
3749
3763
3663
3704
3753
3874
3795
3719
3816
3661
3737
3628
3735
3722
3740
3678
3624
3805
3656
3673
3702
3657
3617
3612
3660
3572
3548
3475
3525
3636
3496
3456
3414
3660
3549
3604
3439
3483
3550
3545
3438
3444
3609
3550
3584
3515
3569
3490
3536
3643
3534
3600
3552
3543
3719
3673
3734
3635
3623
3534
3728
3726
3724
3626
3760
3721
3782
3717
3622
3756
3689
3709
3751
3785
3651
3678
3730
3669
3578
3687
3693
3697
3766
3790
3777
3714
3666
3678
3782
3706
3674
3758
3721
3688
3666
3543
3591
3535
3591
3608
3596
3615
3561
3630
3671
3616
3503
3622
3689
3558
3606
3592
3637
3630
3713
3650
3634
3705
3571
3653
3687
3566
3559
3759
3796
3737
3707
3596
3713
3657
3687
3702
3587
3750
3601
3757
3612
3716
3650
3712
3664
3693
3704
3750
3633
3742
3816
3696
3747
3679
3752
3761
3646
3680
3681
3681
3674
3824
3665
3661
3778
3791
3681
3656
3693
3697
3681
3615
3601
3585
3553
3538
3540
3593
3726
3534
3656
3691
3653
3707
3710
3598
3592
3651
3563
3541
3766
3717
3635
3805
3678
3736
3685
3686
3574
3645
3642
3685
3611
3681
3661
3849
3615
3613
3621
3717
3634
3737
3678
3816
3699
3729
3769
3625
3580
3702
3673
3766
3715
3542
3717
3612
3611
3559
3618
3534
3513
3595
3597
3704
3651
3626
3721
3621
3676
3631
3551
3696
3814
3561
3776
3755
3697
3768
3719
3817
3733
3678
3781
3731
3726
3732
3698
3698
3580
3689
3682
3786
3719
3701
3676
3652
3674
3587
3730
3635
3636
3741
3741
3729
3670
3551
3693
3659
3752
3741
3662
3641
3703
3583
3569
3651
3654
3654
3651
3609
3607
3611
3564
3530
3559
3542
3479
3464
3673
3622
3521
3567
3631
3611
3498
3531
3586
3555
3639
3619
3710
3763
3614
3608
3728
3684
3538
3732
3609
3713
3712
3735
3622
3687
3685
3686
3669
3620
3758
3685
3561
3716
3802
3757
3666
3658
3612
3696
3615
3706
3681
3754
3826
3655
3722
3689
3668
3685
3666
3673
3589
3560
3569
3634
3668
3541
3489
3510
3533
3514
3513
3557
3597
3443
3502
3541
3547
3588
3653
3606
3479
3532
3587
3581
3511
3548
3520
3440
3603
3514
3520
3663
3517
3750
3615
3594
3733
3604
3711
3769
3754
3700
3709
3710
3707
3784
3755
3743
3730
3659
3617
3686
3711
3725
3816
3762
3763
3634
3714
3675
3813
3632
3648
3667
3704
3694
3782
3711
3732
3583
3823
3728
3672
3736
3780
3722
3780
3711
3788
3672
3637
3651
3687
3752
3547
3732
3726
3781
3684
3670
3692
3766
3759
3743
3663
3787
3834
3582
3790
3714
3761
3689
3687
3802
3699
3655
3773
3718
3724
3660
3753
3674
3787
3793
3712
3841
3729
3663
3783
3734
3770
3686
3709
3704
3914
3843
3680
3738
3751
3791
3726
3760
3675
3755
3671
3729
3637
3736
3591
3710
3715
3745
3799
3649
3747
3690
3638
3733
3759
3751
3702
3650
3702
3721
3664
3589
3814
3621
3725
3784
3686
3770
3775
3724
3713
3780
3826
3696
3700
3647
3737
3755
3772
3662
3718
3615
3808
3724
3609
3783
3703
3724
3695
3690
3642
3746
3730
3778
3636
3780
3672
3652
3728
3701
3685
3785
3634
3759
3662
3704
3771
3753
3641
3576
3557
3625
3508
3457
3538
3553
3576
3453
3563
3506
3496
3460
3493
3547
3472
3646
3553
3556
3604
3494
3572
3466
3535
3551
3645
3492
3616
3613
3522
3626
3554
3681
3556
3667
3574
3617
3623
3666
3573
3811
3584
3807
3703
3676
3688
3585
3672
3698
3755
3640
3662
3673
3695
3681
3818
3700
3667
3780
3701
3756
3527
3639
3728
3729
3799
3698
3663
3596
3751
3585
3693
3675
3643
3677
3617
3615
3501
3535
3427
3559
3406
3430
3518
3510
3633
3487
3483
3492
3633
3466
3576
3549
3474
3646
3544
3663
3529
3665
3682
3686
3622
3619
3637
3596
3714
3682
3679
3792
3724
3742
3722
3814
3787
3706
3680
3677
3751
3792
3751
3730
3672
3731
3672
3729
3768
3718
3637
3746
3627
3722
3705
3683
3659
3807
3562
3667
3667
3787
3680
3709
3652
3768
3657
3593
3562
3603
3594
3614
3577
3700
3418
3619
3445
3580
3516
3501
3632
3635
3611
3583
3661
3602
3706
3694
3728
3694
3722
3734
3641
3641
3686
3704
3775
3737
3602
3672
3729
3686
3638
3584
3718
3762
3752
3599
3620
3603
3676
3666
3862
3631
3681
3626
3669
3830
3660
3556
3545
3597
3656
3676
3628
3644
3651
3606
3563
3570
3507
3582
3584
3578
3656
3558
3672
3713
3658
3645
3693
3761
3592
3721
3800
3631
3733
3654
3694
3682
3766
3778
3668
3640
3736
3649
3675
3675
3785
3767
3646
3676
3752
3699
3714
3760
3700
3727
3628
3625
3694
3691
3673
3766
3787
3664
3654
3748
3698
3692
3693
3620
3629
3629
3485
3664
3639
3598
3639
3644
3596
3531
3588
3534
3574
3514
3659
3639
3543
3602
3534
3598
3547
3505
3566
3571
3748
3626
3542
3508
3754
3666
3586
3765
3756
3672
3696
3785
3697
3815
3647
3596
3753
3778
3765
3662
3710
3699
3671
3680
3759
3632
3563
3635
3769
3632
3612
3559
3589
3527
3637
3574
3716
3627
3620
3615
3548
3697
3544
3683
3584
3587
3516
3519
3583
3554
3532
3547
3564
3536
3558
3532
3516
3435
3445
3522
3682
3574
3551
3405
3448
3548
3492
3597
3521
3657
3571
3566
3509
3649
3634
3617
3663
3683
3775
3637
3779
3733
3767
3684
3599
3765
3656
3771
3765
3794
3800
3656
3778
3731
3737
3697
3721
3697
3786
3631
3719
3664
3656
3735
3685
3678
3618
3817
3917
3689
3798
3842
3783
3736
3624
3689
3684
3609
3732
3790
3707
3743
3679
3687
3863
3704
3777
3732
3689
3810
3697
3640
3785
3803
3733
3738
3681
3776
3801
3730
3721
3664
3651
3759
