3713
3647
3842
3664
3700
3693
3759
3699
3738
3686
3682
3819
3606
3701
3673
3768
3834
3879
3769
3812
3657
3673
3574
3750
3740
3636
3845
3723
3615
3698
3597
3666
3698
3770
3788
3754
3595
3689
3665
3697
3630
3730
3755
3617
3729
3706
3730
3627
3691
3829
3736
3703
3777
3683
3665
3736
3726
3753
3660
3653
3667
3667
3676
3775
3646
3648
3782
3548
3647
3739
3549
3604
3626
3737
3640
3538
3538
3420
3450
3467
3438
3599
3464
3596
3544
3532
3635
3499
3520
3504
3596
3474
3528
3629
3567
3683
3562
3506
3608
3658
3697
3725
3561
3665
3648
3609
3700
3646
3685
3668
3654
3678
3705
3699
3739
3589
3629
3643
3681
3775
3726
3697
3615
3777
3613
3678
3628
3731
3800
3677
3587
3679
3762
3731
3721
3661
3629
3768
3670
3617
3681
3597
3670
3611
3645
3563
3528
3547
3513
3451
3555
3490
3596
3547
3503
3484
3535
3545
3516
3511
3535
3579
3580
3660
3610
3540
3482
3626
3742
3637
3657
3593
3696
3594
3659
3683
3538
3588
3748
3657
3713
3707
3820
3790
3769
3780
3677
3771
3723
3667
3886
3617
3678
3630
3575
3794
3694
3685
3634
3714
3726
3621
3794
3665
3704
3633
3675
3727
3619
3723
3722
3762
3784
3762
3613
3702
3648
3629
3495
3617
3575
3562
3766
3537
3580
3568
3582
3615
3620
3744
3698
3726
3741
3738
3594
3615
3675
3646
3734
3629
3661
3714
3771
3716
3703
3804
3874
3678
3743
3740
3679
3726
3724
3758
3665
3661
3760
3683
3709
3833
3679
3615
3660
3692
3702
3606
3572
3553
3583
3593
3610
3530
3603
3584
3635
3410
3504
3573
3593
3725
3701
3624
3688
3517
3780
3669
3616
3770
3762
3665
3732
3738
3729
3767
3703
3718
3634
3723
3774
3620
3632
3823
3613
3764
3772
3756
3715
3719
3706
3757
3822
3613
3665
3782
3619
3667
3725
3766
3695
3693
3728
3806
3626
3713
3596
3605
3629
3737
3626
3613
3577
3652
3603
3648
3546
3579
3570
3574
3578
3508
3527
3404
3494
3476
3463
3538
3492
3536
3555
3676
3656
3529
3597
3712
3684
3763
3829
3675
3886
3642
3754
3747
3695
3706
3718
3699
3734
3617
3764
3708
3839
3758
3651
3746
3661
3636
3658
3727
3698
3658
3593
3771
3639
3619
3576
3649
3655
3774
3756
3597
3660
3563
3674
3694
3566
3550
3648
3575
3448
3542
3525
3525
3571
3544
3499
3573
3547
3594
3573
3533
3587
3399
3457
3480
3543
3512
3387
3620
3523
3604
3615
3659
3409
3445
3678
3652
3604
3646
3681
3592
3656
3671
3708
3655
3733
3669
3732
3646
3648
3656
3603
3694
3617
3746
3602
3579
3764
3669
3743
3692
3671
3734
3874
3717
3649
3800
3698
3753
3793
3651
3688
3634
3633
3759
3763
3744
3793
3760
3630
3634
3693
3706
3644
3655
3631
3681
3710
3764
3733
3696
3727
3794
3742
3656
3780
3571
3677
3787
3672
3715
3726
3647
3693
3622
3702
3714
3850
3643
3699
3732
3682
3692
3668
3739
3788
3688
3721
3668
3657
3790
3704
3697
3674
3709
3671
3759
3812
3712
3720
3686
3759
3663
3697
3665
3665
3720
3709
3706
3701
3839
3730
3726
3725
3648
3613
3737
3794
3687
3790
3674
3726
3667
3736
3668
3610
3668
3664
3812
3667
3731
3676
3689
3712
3677
3686
3778
3769
3765
3837
3747
3665
3798
3748
3792
3747
3726
3661
3737
3669
3716
3738
3752
3722
3658
3684
3621
3637
3707
3687
3731
3714
3668
3635
3549
3694
3613
3725
3761
3665
3578
3776
3653
3656
3567
3699
3625
3632
3579
3525
3450
3498
3546
3651
3604
3492
3472
3461
3515
3497
3506
3437
3561
3492
3409
3481
3463
3494
3641
3543
3578
3551
3598
3427
3583
3663
3647
3546
3627
3581
3663
3596
3608
3711
3581
3736
3569
3636
3657
3592
3631
3670
3672
3717
3634
3643
3658
3566
3725
3647
3776
3676
3650
3725
3630
3674
3679
3639
3723
3790
3657
3714
3780
3587
3677
3606
3692
3710
3654
3647
3661
3563
3643
3632
3576
3550
3615
3488
3538
3545
3483
3495
3510
3424
3583
3525
3625
3616
3577
3546
3522
3638
3644
3555
3634
3554
3709
3645
3649
3731
3639
3736
3639
3577
3780
3715
3682
3762
3673
3640
3691
3689
3688
3690
3616
3699
3759
3740
3632
3643
3755
3750
3665
3724
3751
3718
3818
3729
3672
3794
3595
3758
3743
3719
3720
3673
3664
3667
3627
3666
3695
3599
3642
3716
3641
3623
3674
3630
3484
3558
3548
3464
3566
3562
3625
3585
3584
3621
3617
3672
3692
3737
3667
3600
3674
3846
3621
3746
3707
3785
3586
3695
3660
3693
3687
3725
3712
3682
3670
3617
3745
3765
3743
3658
3661
3722
3692
3640
3680
3670
3635
3626
3633
3667
3609
3582
3693
3526
3705
3538
3598
3503
3621
3604
3598
3636
3531
3643
3597
3548
3614
3600
3708
3786
3635
3563
3774
3730
3690
3723
3717
3689
3689
3834
3668
3574
3764
3827
3724
3703
3882
3729
3689
3685
3691
3704
3810
3712
3677
3673
3714
3655
3645
3711
3700
3617
3706
3604
3683
3768
3631
3557
3819
3631
3744
3704
3666
3537
3614
3681
3566
3447
3514
3540
3525
3525
3612
3474
3548
3463
3584
3627
3471
3546
3451
3574
3560
3473
3462
3554
3500
3579
3637
3660
3677
3760
3683
3668
3728
3774
3659
3664
3588
3677
3677
3651
3654
3721
3785
3720
3629
3655
3807
3712
3640
3701
3698
3589
3626
3642
3534
3456
3700
3686
3676
3681
3631
3640
3626
3672
3605
3585
3631
3699
3526
3668
3589
3486
3460
3570
3576
3565
3549
3496
3508
3601
3456
3461
3468
3536
3549
3461
3622
3537
3476
3509
3600
3489
3601
3587
3587
3602
3679
3647
3568
3570
3685
3661
3675
3736
3786
3675
3700
3727
3730
3743
3596
3674
3718
3649
3742
3704
3655
3702
3723
3654
3662
3664
3658
3782
3759
3795
3730
3677
3708
3612
3760
3636
3674
3604
3810
3630
3694
3701
3679
3724
3633
3724
3746
3726
3611
3767
3750
3687
3741
3630
3818
3683
3695
3752
3846
3583
3717
3582
3700
3684
3658
3705
3678
3738
3747
3707
3772
3826
