3235
3235
3274
3242
3189
3291
3339
3355
3223
3263
3302
3207
3281
3224
3264
3243
3367
3357
3350
3215
3247
3236
3451
3205
3258
3234
3327
3239
3295
3235
3346
3395
3273
3289
3226
3362
3212
3267
3294
3321
3315
3238
3200
3212
3250
3234
3256
3236
3246
3321
3128
3334
3087
3323
3210
3183
3268
3336
3293
3054
3280
3283
3190
3213
3238
3234
3285
3243
3212
3271
3190
3214
3207
3135
3066
3147
3128
3048
3102
3142
3046
3061
3107
3014
3044
3205
3050
3015
3058
3143
3079
3112
3205
3151
3187
3109
3057
3206
3166
3178
3184
3300
3230
3269
3194
3237
3283
3244
3282
3284
3247
3124
3183
3250
3233
3134
3199
3213
3266
3256
3274
3252
3279
3232
3280
3282
3187
3254
3133
3170
3301
3212
3214
3105
3301
3184
3267
3174
3266
3319
3129
3194
3130
3190
3199
3113
3131
3180
3105
3126
3203
3172
3080
3129
3162
3192
3178
3167
3078
3048
3159
3140
3322
3209
3241
3128
3160
3047
3247
3380
3215
3277
3103
3116
3171
3227
3165
3212
3348
3313
3230
3233
3225
3150
3177
3215
3263
3238
3252
3261
3177
3295
3259
3286
3173
3244
3394
3197
3352
3330
3236
3278
3323
3153
3309
3256
3265
3258
3200
3256
3176
3257
3126
3286
3161
3292
3209
3211
3120
3111
3183
3095
3174
3209
3161
3120
3245
3167
3222
3264
3173
3235
3247
3257
3209
3179
3296
3211
3234
3212
3254
3324
3262
3261
3231
3228
3280
3195
3330
3242
3153
3161
3306
3276
3321
3209
3210
3285
3219
3317
3314
3207
3203
3296
3375
3212
3159
3223
3217
3185
3184
3078
3098
3133
3146
3189
3113
3279
3154
3235
3196
3227
3258
3223
3249
3218
3285
3276
3198
3316
3258
3139
3245
3215
3200
3288
3238
3284
3314
3268
3282
3286
3178
3275
3363
3312
3243
3219
3320
3344
3242
3200
3189
3299
3294
3175
3303
3291
3277
3199
3263
3205
3130
3176
3184
3160
3283
3210
3239
3138
3182
3135
3251
3303
3096
3192
3137
3064
3009
3139
3112
3195
3157
3146
3021
3159
3125
3052
3050
3211
3201
3166
3192
3219
3218
3262
3201
3219
3373
3279
3333
3129
3258
3226
3235
3318
3335
3225
3308
3279
3134
3301
3369
3243
3272
3262
3367
3295
3253
3194
3164
3333
3237
3264
3222
3226
3153
3208
3155
3202
3139
3174
3229
3236
3242
3139
3129
3123
3166
3176
3199
3112
3124
3180
3181
3041
3144
3190
3058
3160
3108
3118
3039
3082
3135
3081
3079
3074
3085
3039
3139
3154
3115
3238
3229
3212
3188
3121
3212
3295
3278
3242
3201
3338
3304
3279
3218
3220
3125
3255
3296
3226
3240
3223
3267
3177
3328
3156
3301
3373
3262
3241
3296
3294
3305
3327
3286
3337
3290
3237
3237
3357
3327
3265
3365
3312
3368
3201
3317
3246
3309
3320
3238
3284
3223
3357
3232
3257
3227
3177
3158
3282
3248
3295
3337
3148
3272
3274
3274
3275
3205
3287
3322
3361
3282
3270
3244
3362
3262
3199
3315
3301
3296
3267
3220
3214
3192
3267
3313
3221
3314
3248
3265
3298
3212
3232
3277
3290
3300
3331
3342
3308
3270
3215
3229
3247
3298
3368
3344
3210
3331
3255
3268
3226
3252
3274
3230
3217
3300
3303
3290
3260
3218
3279
3280
3261
3290
3258
3360
3180
3402
3163
3247
3322
3293
3298
3376
3122
3309
3256
3318
3135
3325
3275
3212
3244
3221
3266
3241
3215
3314
3228
3194
3184
3228
3219
3259
3244
3327
3163
3211
3251
3289
3264
3245
3134
3254
3213
3272
3237
3208
3195
3191
3359
3160
3178
3160
3102
3191
2980
3097
3147
3155
3053
3097
3134
3128
3101
3121
3116
3029
3171
3172
3034
3025
3109
3055
3086
3152
3103
3114
3150
3106
3063
3180
3135
3063
3239
3190
3151
3027
3266
3135
3184
3261
3111
3231
3176
3305
3125
3222
3223
3242
3115
3148
3205
3345
3246
3274
3203
3204
3164
3259
3246
3239
3221
3309
3188
3296
3254
3210
3128
3127
3311
3175
3378
3200
3154
3262
3256
3278
3091
3192
3118
3292
3160
3120
3109
3042
3134
3130
3193
3148
3051
3108
3178
3061
3167
3143
3105
3280
3301
3094
3175
3192
3195
3205
3175
3329
3161
3136
3170
3239
3232
3197
3178
3226
3223
3212
3200
3243
3370
3251
3248
3209
3259
3328
3280
3315
3228
3259
3243
3300
3163
3297
3258
3212
3249
3216
3268
3285
3191
3193
3294
3287
3234
3244
3231
3247
3155
3270
3228
3269
3293
3108
3134
3135
3134
3153
3225
3142
3129
3148
3124
3136
3227
3170
3321
3136
3202
3174
3219
3059
3275
3206
3264
3257
3314
3253
3315
3309
3202
3100
3231
3179
3291
3171
3295
3202
3244
3273
3206
3236
3140
3189
3279
3215
3246
3182
3231
3329
3217
3265
3207
3215
3166
3101
3217
3112
3127
3108
3137
3121
3189
3189
3172
3193
3068
3164
3217
3178
3192
3242
3199
3225
3253
3216
3172
3276
3302
3341
3217
3270
3358
3192
3351
3265
3212
3252
3317
3159
3264
3195
3240
3210
3223
3315
3364
3244
3269
3178
3271
3260
3334
3188
3292
3104
3226
3279
3300
3261
3155
3221
3225
3161
3167
3202
3184
3188
3196
3151
3175
2995
3181
3066
3089
3159
3118
3008
3145
3109
3193
3064
3190
3088
3111
3024
3228
3130
3044
3199
3176
3111
3176
3320
3270
3183
3218
3233
3212
3223
3272
3222
3234
3265
3164
3207
3328
3173
3151
3322
3288
3286
3288
3247
3204
3252
3217
3255
3108
3117
3192
3296
3213
3171
3174
3170
3187
3237
3170
3179
3137
3191
3144
3162
3151
3093
3117
3105
3196
3089
3127
3129
3131
3081
3037
3088
3083
3109
3147
2990
3110
3041
3045
3120
3059
3089
3161
3131
3206
3265
3099
3253
3200
3186
3152
3322
3150
3170
3281
3360
3393
3143
3342
3243
3229
3149
3333
3164
3260
3172
3286
3315
3284
3217
3302
3250
3218
3344
3222
3269
3200
3281
3248
3228
3247
3369
3327
3296
3293
3239
3244
3305
3253
3284
3296
3272
3255
3231
3256
3234
3292
3212
3251
3167
3385
3229
3399
3199
3368
3262
3275
3271
3299
3214
3311
3154
3278
3163
3236
3356
3334
3260
