3274
3272
3263
3300
3264
3266
3263
3304
3190
3292
3166
3309
3252
3268
3298
3250
3199
3302
3262
3243
3219
3271
3230
3143
3267
3207
3189
3351
3209
3284
3206
3254
3326
3275
3208
3261
3328
3312
3272
3309
3308
3429
3335
3236
3249
3177
3141
3270
3200
3310
3352
3244
3266
3326
3294
3213
3180
3252
3293
3323
3249
3279
3323
3223
3152
3276
3251
3312
3134
3172
3170
3150
3248
3128
3149
3221
3177
3137
3050
3086
3078
3120
3088
3084
3127
3070
3059
3067
3078
3106
3169
3085
3092
3166
3077
3145
3181
3136
3179
3182
3217
3146
3173
3135
3167
3155
3129
3275
3256
3207
3177
3181
3209
3083
3227
3238
3085
3224
3261
3217
3158
3264
3208
3322
3220
3348
3228
3181
3140
3184
3256
3242
3196
3139
3142
3145
3248
3211
3141
3208
3174
3202
3103
3158
3159
3209
3106
3050
3083
3115
3132
3081
3053
3112
3150
3220
3088
3020
3149
3122
3214
3151
3111
3304
3194
3167
3199
3117
3177
3232
3251
3233
3174
3202
3233
3234
3105
3190
3264
3246
3219
3192
3305
3248
3156
3170
3253
3295
3312
3292
3244
3305
3291
3190
3265
3287
3104
3280
3256
3225
3233
3194
3268
3158
3263
3178
3277
3188
3132
3216
3213
3316
3270
3151
3245
3196
3123
3109
3130
3114
3248
3141
3079
3139
3114
3185
3143
3095
3194
3137
3179
3169
3209
3228
3157
3219
3169
3260
3236
3261
3217
3288
3208
3230
3215
3249
3254
3257
3223
3253
3191
3298
3254
3334
3294
3168
3228
3225
3090
3336
3181
3153
3216
3166
3328
3199
3146
3099
3304
3177
3155
3114
3258
3239
3208
3171
3183
3159
3153
3213
3239
3195
3210
3339
3179
3276
3331
3181
3265
3298
3253
3259
3257
3251
3245
3261
3186
3240
3202
3212
3284
3225
3236
3284
3348
3214
3150
3132
3363
3246
3236
3332
3274
3251
3188
3178
3231
3215
3167
3179
3206
3281
3259
3161
3167
3241
3220
3161
3234
3175
3154
3076
3142
3149
3151
3190
3084
3091
3121
3090
3072
3084
2980
3164
3106
3125
2975
3085
3050
3238
3194
3202
3150
3224
3154
3203
3187
3283
3250
3262
3177
3122
3250
3147
3281
3274
3291
3237
3215
3202
3240
3209
3218
3248
3226
3213
3202
3220
3265
3226
3255
3162
3191
3162
3287
3244
3199
3218
3170
3124
3149
3164
3193
3110
3239
3176
3051
3264
3140
3168
3160
3021
3086
3110
3132
3182
3075
2997
3073
3109
3075
3197
3192
3172
3153
3192
3137
3111
3090
3120
3083
3151
3116
3129
3207
3113
3116
3262
3183
3238
3265
3178
3242
3265
3205
3297
3289
3263
3232
3220
3259
3230
3216
3363
3287
3269
3212
3302
3126
3227
3376
3351
3339
3234
3159
3214
3295
3255
3279
3242
3287
3278
3306
3334
3219
3222
3271
3312
3147
3259
3272
3292
3204
3222
3335
3263
3229
3226
3269
3320
3260
3340
3248
3212
3345
3230
3243
3202
3225
3327
3322
3340
3194
3191
3295
3313
3220
3228
3300
3207
3277
3309
3274
3301
3175
3305
3289
3242
3299
3212
3365
3253
3220
3262
3233
3272
3265
3245
3237
3280
3269
3240
3264
3205
3245
3275
3243
3269
3209
3222
3310
3263
3297
3222
3314
3270
3245
3244
3274
3270
3256
3281
3283
3246
3238
3281
3280
3204
3234
3347
3403
3312
3152
3252
3196
3227
3205
3225
3264
3343
3287
3284
3314
3196
3269
3184
3236
3289
3284
3312
3177
3292
3233
3304
3202
3207
3163
3304
3208
3206
3344
3104
3189
3207
3240
3289
3337
3161
3303
3206
3187
3312
3296
3215
3279
3170
3190
3132
3120
3024
3023
3192
3051
3062
3040
3098
3162
3106
3071
3083
3064
3015
2957
3091
3099
3069
3063
3073
3150
3125
3074
3142
3109
3132
3013
3071
3155
3126
3105
3228
3099
3119
3214
3214
3204
3242
3225
3154
3263
3242
3202
3086
3199
3134
3228
3248
3228
3149
3212
3243
3150
3273
3261
3250
3142
3302
3201
3200
3264
3249
3258
3196
3344
3256
3069
3270
3222
3247
3222
3114
3281
3210
3047
3173
3100
3065
3113
3064
3060
3103
3168
3131
3055
3113
3030
3166
3171
3067
3008
3019
3176
3118
3001
3237
3144
3147
3143
3217
3247
3222
3227
3201
3172
3200
3223
3149
3261
3267
3134
3249
3241
3286
3359
3178
3229
3199
3263
3189
3149
3301
3314
3164
3234
3179
3245
3296
3295
3249
3134
3253
3169
3243
3240
3207
3203
3150
3315
3113
3191
3177
3252
3138
3237
3061
3185
3276
3142
3094
3240
3118
3059
3161
3117
3083
3152
3113
3156
3171
3145
3253
3279
3249
3268
3282
3209
3178
3318
3211
3164
3215
3327
3283
3272
3233
3286
3181
3187
3279
3359
3171
3241
3181
3124
3292
3318
3271
3298
3302
3261
3271
3127
3208
3211
3313
3191
3150
3153
3138
3080
3232
3133
3114
3100
3174
3147
3195
3185
3207
3179
3212
3215
3247
3215
3274
3216
3268
3317
3200
3183
3212
3234
3221
3262
3281
3270
3254
3174
3096
3282
3279
3326
3174
3200
3299
3264
3275
3199
3235
3323
3268
3086
3200
3309
3244
3204
3219
3279
3334
3226
3343
3157
3200
3228
3295
3268
3208
3170
3166
3177
3153
3216
3080
3145
3150
3217
3116
3173
3043
3197
3040
3100
3158
3077
3192
3088
3152
3145
3055
3143
3121
3213
3178
3157
3249
3270
3155
3243
3120
3297
3374
3336
3227
3268
3253
3228
3231
3123
3257
3260
3185
3329
3172
3194
3286
3285
3173
3151
3227
3280
3142
3198
3130
3313
3137
3205
3194
3167
3161
3114
3100
3116
3155
3156
3121
3212
3091
3108
3072
3227
3063
3156
3104
2981
3072
3072
3231
3099
3111
3099
3153
3099
2964
2995
3064
3043
3185
3031
3114
3063
3113
3116
3215
3146
3174
3115
3205
3188
3298
3306
3212
3259
3236
3184
3217
3300
3269
3285
3318
3268
3320
3237
3238
3216
3361
3274
3343
3252
3181
3226
3275
3247
3237
3327
3355
3199
3228
3336
3214
3367
3247
3277
3342
3225
3278
3160
3245
3297
3187
3256
3190
3176
3379
3225
3277
3300
3135
3112
3245
3280
3248
3321
3241
3271
3291
3295
3212
3180
3312
3249
3193
3265
3281
3240
