3799
3826
3728
3764
3879
3702
3870
3897
3716
3817
3814
3941
3707
3776
3868
3856
3740
3833
3734
3663
3740
3711
3699
3816
3792
3817
3845
3863
3907
3777
3764
3738
3778
3778
3879
3737
3759
3804
3857
3862
3849
3781
3734
3708
3786
3869
3824
3862
3850
3892
3758
3744
3683
3780
3910
3776
3895
3841
3716
3839
3750
3852
3658
3674
3795
3675
3940
3865
3809
3725
3734
3779
3724
3701
3709
3668
3612
3562
3608
3629
3587
3619
3565
3589
3682
3580
3637
3657
3697
3636
3684
3484
3609
3614
3743
3662
3635
3615
3655
3608
3573
3762
3727
3650
3675
3642
3696
3636
3838
3696
3823
3812
3783
3700
3672
3798
3893
3844
3797
3819
3713
3805
3845
3751
3856
3904
3819
3719
3736
3766
3739
3738
3680
3680
3768
3861
3748
3749
3733
3783
3734
3712
3622
3644
3600
3613
3676
3616
3594
3653
3634
3735
3709
3606
3672
3511
3602
3667
3596
3782
3792
3776
3836
3685
3723
3674
3654
3803
3708
3728
3798
3808
3713
3710
3694
3763
3809
3660
3798
3771
3688
3701
3771
3875
3738
3871
3853
3725
3771
3853
3782
3697
3672
3889
3705
3797
3832
3733
3875
3722
3668
3838
3810
3738
3659
3794
3834
3841
3801
3839
3926
3801
3668
3670
3648
3788
3688
3580
3607
3689
3627
3696
3690
3805
3720
3757
3797
3658
3682
3747
3849
3743
3732
3771
3752
3695
3803
3793
3813
3835
3884
3754
3795
3744
3781
3805
3821
3775
3786
3796
3797
3836
3826
3802
3780
3753
3790
3760
3704
3761
3716
3697
3806
3785
3766
3595
3734
3667
3705
3537
3636
3646
3698
3583
3658
3723
3627
3726
3769
3798
3812
3672
3772
3850
3820
3696
3787
3801
3841
3905
3790
3700
3823
3816
3812
3788
3812
3682
3745
3731
3842
3766
3773
3812
3679
3759
3796
3757
3818
3847
3657
3755
3856
3781
3842
3781
3730
3740
3668
3676
3743
3624
3844
3732
3747
3669
3615
3742
3699
3611
3670
3662
3607
3663
3729
3685
3736
3641
3728
3597
3589
3610
3486
3561
3628
3545
3486
3643
3648
3759
3718
3729
3766
3798
3730
3889
3704
3676
3817
3713
3767
3846
3764
3767
3739
3744
3738
3715
3866
3768
3746
3555
3702
3726
3732
3643
3741
3789
3808
3765
3770
3875
3709
3772
3829
3768
3717
3774
3655
3736
3799
3705
3641
3703
3592
3616
3631
3738
3581
3527
3620
3581
3669
3691
3692
3466
3681
3881
3679
3546
3607
3659
3606
3648
3633
3559
3632
3545
3693
3635
3639
3679
3698
3643
3707
3765
3744
3844
3639
3782
3704
3887
3819
3754
3813
3837
3756
3803
3699
3789
3813
3800
3812
3837
3856
3845
3785
3805
3612
3787
3742
3891
3862
3769
3724
3795
3764
3932
3838
3805
3872
3757
3819
3750
3726
3816
3879
3889
3892
3798
3817
3738
3786
3750
3788
3876
3775
3809
3885
3797
3716
3821
3668
3704
3808
3845
3729
3813
3823
3718
3811
3865
3816
3803
3797
3807
3806
3870
3835
3769
3843
3836
3888
3723
3896
3764
3877
3704
3771
3823
3874
3757
3730
3858
3804
3654
3838
3832
3660
3773
3722
3818
3802
3777
3826
3847
3767
3831
3748
3776
3814
3780
3732
3832
3788
3838
3731
3819
3670
3830
3763
3790
3833
3754
3965
3811
3846
3745
3854
3749
3897
3832
3841
3806
3829
3839
3831
3780
3861
3931
3856
3794
3824
3758
3776
3833
3861
3884
3856
3762
3818
3801
3815
3706
3811
3791
3862
3736
3789
3760
3863
3759
3842
3836
3759
3763
3752
3660
3880
3782
3716
3634
3665
3717
3753
3863
3788
3714
3688
3564
3713
3739
3697
3608
3719
3610
3690
3562
3628
3659
3542
3681
3795
3630
3644
3572
3702
3632
3537
3576
3586
3755
3655
3646
3560
3708
3640
3724
3785
3679
3634
3676
3679
3633
3744
3724
3590
3710
3673
3809
3760
3807
3729
3755
3778
3749
3772
3813
3744
3825
3775
3624
3737
3753
3773
3751
3905
3744
3710
3780
3808
3684
3756
3862
3707
3765
3812
3865
3811
3683
3681
3674
3617
3662
3620
3646
3553
3480
3652
3492
3566
3489
3600
3630
3710
3732
3745
3659
3744
3698
3699
3627
3682
3781
3589
3723
3839
3772
3769
3747
3852
3706
3665
3645
3769
3732
3796
3819
3741
3745
3721
3693
3624
3675
3721
3757
3757
3762
3629
3791
3755
3779
3783
3816
3780
3769
3856
3705
3805
3899
3871
3722
3778
3725
3762
3730
3805
3769
3914
3810
3932
3820
3663
3706
3722
3637
3684
3640
3658
3660
3558
3703
3715
3692
3690
3619
3702
3701
3756
3763
3730
3736
3800
3773
3792
3771
3713
3730
3822
3748
3779
3675
3760
3833
3747
3780
3807
3738
3815
3811
3686
3784
3786
3724
3854
3732
3757
3870
3799
3767
3802
3685
3741
3762
3782
3708
3711
3705
3712
3668
3625
3638
3632
3757
3549
3602
3684
3752
3758
3717
3690
3805
3704
3758
3785
3706
3811
3772
3748
3701
3703
3703
3887
3635
3836
3662
3728
3803
3689
3785
3654
3724
3752
3869
3622
3866
3771
3795
3754
3774
3833
3818
3797
3862
3721
3688
3743
3722
3759
3674
3724
3717
3585
3745
3609
3713
3625
3659
3710
3800
3658
3561
3788
3567
3533
3731
3658
3622
3579
3644
3563
3654
3648
3644
3574
3637
3667
3653
3620
3714
3822
3776
3752
3707
3658
3707
3656
3826
3737
3841
3877
3688
3729
3715
3750
3727
3798
3781
3670
3791
3652
3727
3704
3711
3789
3905
3724
3644
3794
3666
3791
3682
3670
3728
3733
3752
3690
3824
3655
3590
3795
3773
3543
3548
3740
3627
3663
3658
3684
3675
3627
3595
3585
3590
3612
3474
3631
3691
3593
3644
3626
3635
3626
3631
3623
3488
3630
3630
3670
3665
3743
3784
3720
3782
3691
3843
3824
3827
3864
3793
3808
3843
3752
3778
3715
3764
3647
3890
3842
3852
3789
3884
3789
3795
3803
3709
3715
3757
3768
3682
3715
3760
3782
3792
3739
3738
3755
3821
3786
3885
3716
3808
3789
3746
3764
3735
3798
3673
3705
3742
3836
3847
3801
3817
3690
3796
3836
3826
3852
3883
3718
3754
3696
3964
3847
3733
3751
3810
3779
3822
3815
3759
3797
