3226
3197
3292
3157
3260
3252
3390
3245
3280
3218
3234
3243
3133
3233
3349
3262
3263
3234
3281
3158
3263
3235
3209
3187
3261
3279
3193
3251
3266
3213
3142
3335
3293
3315
3248
3304
3289
3270
3225
3185
3163
3245
3291
3213
3207
3325
3268
3367
3229
3184
3196
3279
3231
3215
3176
3271
3270
3157
3153
3208
3325
3235
3113
3234
3218
3272
3139
3234
3107
3258
3150
3229
3131
3240
3101
3095
3172
3149
3168
3169
3070
3052
3176
3151
3064
3069
3179
3139
3179
3106
3146
3032
3122
3165
3111
3210
3117
3128
3127
3249
3053
3130
3177
3276
3247
3199
3230
3148
3212
3134
3174
3110
3180
3222
3168
3177
3265
3229
3191
3161
3128
3197
3130
3195
3171
3143
3292
3123
3341
3246
3151
3083
3190
3099
3318
3201
3179
3214
3223
3272
3189
3209
3249
3103
3141
3161
3148
3178
3182
3060
3140
3217
3113
3125
3064
3080
3119
3078
3207
3168
3105
3057
3197
3108
3162
3139
3019
3068
3185
3139
3239
3233
3229
3238
3275
3264
3104
3263
3200
3238
3155
3205
3290
3238
3039
3248
3201
3240
3298
3269
3145
3301
3144
3215
3323
3245
3366
3261
3221
3252
3252
3294
3258
3169
3297
3317
3319
3268
3275
3250
3272
3278
3225
3320
3281
3166
3207
3164
3227
3192
3220
3103
3222
3208
3100
3193
3142
3175
3153
3176
3183
3253
3294
3169
3172
3230
3321
3163
3188
3281
3268
3282
3277
3165
3211
3182
3311
3250
3309
3204
3244
3234
3351
3231
3302
3177
3343
3146
3184
3252
3220
3200
3246
3289
3169
3197
3224
3174
3095
3090
3156
3066
3148
3161
3172
3143
3111
3258
3187
3201
3175
3250
3108
3157
3259
3286
3200
3243
3384
3413
3207
3188
3286
3276
3216
3202
3277
3221
3237
3226
3203
3209
3305
3301
3294
3302
3228
3136
3347
3338
3256
3267
3197
3229
3191
3180
3087
3258
3214
3160
3226
3129
3157
3153
3210
3146
3091
3096
3151
3119
3158
3182
3273
3229
3115
3102
3112
3257
3155
3138
3054
3110
3087
3105
3155
3170
3044
3113
3186
3159
3209
3207
3111
3229
3247
3212
3276
3232
3289
3156
3225
3225
3266
3178
3391
3286
3181
3168
3107
3217
3334
3162
3255
3163
3319
3246
3187
3196
3132
3237
3202
3226
3251
3314
3174
3028
3237
3283
3102
3280
3215
3263
3221
3166
3145
3121
3193
3158
3122
3126
3141
3068
3130
3121
3088
3051
3226
3118
3134
3129
3241
3081
3070
3137
3095
3145
3228
3075
3190
3189
3157
3200
3185
3195
3185
3211
3136
3133
3286
3319
3248
3220
3176
3265
3217
3220
3198
3269
3303
3207
3237
3168
3311
3224
3240
3128
3222
3278
3272
3275
3194
3210
3181
3290
3160
3314
3264
3300
3281
3246
3337
3166
3371
3248
3250
3323
3343
3214
3187
3268
3144
3360
3298
3280
3247
3166
3285
3242
3310
3249
3296
3271
3289
3287
3239
3160
3373
3207
3224
3210
3297
3251
3283
3257
3345
3307
3251
3320
3264
3203
3374
3278
3146
3255
3302
3344
3172
3273
3167
3237
3240
3166
3317
3213
3334
3367
3191
3211
3234
3106
3284
3247
3174
3277
3332
3307
3300
3170
3262
3302
3202
3319
3186
3208
3142
3181
3209
3295
3266
3215
3167
3184
3350
3229
3303
3271
3216
3155
3240
3297
3225
3200
3299
3308
3311
3193
3286
3239
3213
3242
3300
3296
3358
3283
3249
3369
3243
3235
3301
3292
3279
3167
3196
3250
3217
3189
3231
3204
3235
3342
3208
3280
3252
3326
3298
3243
3227
3298
3273
3231
3363
3301
3179
3205
3177
3141
3199
3129
3127
3082
3098
3067
3100
3043
3113
3038
3210
3150
3055
3088
3159
3178
3127
3085
3016
3121
3071
3095
2958
3065
3093
3163
3130
3158
3128
3069
3089
3076
3214
3216
3097
3241
3080
3301
3251
3141
3232
3163
3199
3211
3304
3195
3126
3221
3132
3263
3201
3200
3175
3199
3043
3299
3201
3234
3206
3168
3201
3273
3125
3155
3204
3228
3228
3235
3212
3250
3261
3227
3176
3135
3291
3147
3112
3170
3133
3233
3081
3048
3133
3079
3064
3016
3057
3159
3086
3120
3059
3089
3162
3106
3100
3059
3193
3185
3225
3137
3205
3123
3215
3192
3192
3183
3206
3140
3283
3324
3210
3247
3142
3198
3219
3208
3258
3196
3245
3295
3253
3224
3288
3291
3190
3142
3284
3263
3226
3282
3306
3248
3209
3173
3088
3140
3254
3269
3329
3398
3146
3185
3217
3140
3282
3227
3363
3119
3233
3193
3161
3179
3142
3113
3248
3099
3127
3145
3187
3202
3154
3163
3240
3224
3266
3149
3363
3195
3191
3223
3273
3159
3187
3244
3269
3195
3163
3249
3240
3262
3243
3198
3229
3178
3239
3295
3235
3270
3198
3167
3285
3182
3188
3263
3167
3248
3201
3204
3141
3205
3204
3181
3141
3213
3147
3225
3145
3088
3184
3187
3213
3137
3154
3250
3210
3212
3351
3211
3231
3185
3269
3236
3213
3285
3305
3143
3141
3162
3187
3247
3279
3207
3233
3357
3224
3221
3191
3275
3233
3163
3308
3196
3148
3220
3226
3243
3199
3270
3246
3243
3273
3172
3146
3135
3222
3121
3173
3191
3207
3147
3198
3206
3167
3221
3085
3161
3198
3164
3147
3086
3203
3159
3105
3118
3111
3164
3116
3187
3106
3086
3134
3061
3142
3151
3119
3270
3200
3218
3250
3204
3132
3222
3371
3158
3226
3212
3124
3190
3209
3214
3228
3183
3208
3281
3285
3054
3184
3259
3219
3207
3253
3211
3239
3154
3195
3115
3220
3219
3191
3208
3160
3197
3163
3154
3129
3189
3032
3182
3217
3047
3154
3062
3050
3146
3126
3134
3157
3084
3114
3037
3131
3026
3090
3143
3145
3190
3112
3079
3019
3006
3172
3086
3020
3149
3256
3108
3184
3233
3142
3193
3189
3147
3190
3192
3275
3244
3152
3225
3195
3123
3158
3204
3155
3263
3174
3230
3231
3278
3278
3214
3227
3321
3252
3256
3214
3298
3194
3220
3378
3162
3209
3248
3193
3154
3264
3277
3344
3258
3295
3341
3226
3229
3299
3227
3347
3248
3288
3146
3194
3285
3196
3370
3177
3318
3145
3277
3281
3307
3255
3294
3181
3220
3256
3172
3299
3316
3211
