2711
2702
2721
2730
2692
2704
2676
2744
2724
2733
2668
2737
2753
2735
2789
2651
2677
2625
2753
2732
2720
2704
2751
2694
2623
2684
2693
2751
2761
2782
2704
2612
2713
2707
2673
2774
2717
2615
2639
2712
2737
2719
2697
2699
2671
2667
2712
2631
2717
2661
2649
2782
2668
2794
2667
2765
2731
2677
2668
2713
2760
2727
2692
2740
2729
2723
2626
2742
2613
2638
2620
2657
2659
2706
2643
2624
2696
2598
2676
2615
2655
2499
2669
2536
2642
2549
2573
2563
2627
2577
2586
2630
2632
2622
2610
2569
2613
2607
2691
2576
2674
2612
2645
2651
2635
2735
2598
2661
2692
2689
2668
2670
2629
2622
2648
2693
2677
2740
2727
2566
2655
2711
2706
2626
2695
2658
2690
2601
2637
2622
2647
2652
2699
2682
2720
2696
2742
2581
2613
2672
2688
2632
2658
2610
2574
2651
2698
2604
2660
2632
2670
2590
2676
2648
2666
2670
2629
2593
2629
2558
2572
2603
2550
2723
2660
2673
2673
2624
2714
2655
2671
2666
2642
2688
2700
2676
2664
2653
2660
2651
2632
2634
2670
2676
2695
2740
2702
2705
2740
2665
2683
2700
2786
2628
2645
2749
2637
2708
2686
2659
2729
2664
2701
2670
2748
2734
2718
2774
2661
2698
2606
2721
2656
2751
2626
2688
2712
2553
2580
2595
2658
2640
2752
2597
2758
2696
2607
2606
2696
2666
2680
2710
2704
2632
2636
2669
2650
2796
2673
2801
2720
2669
2691
2686
2814
2593
2721
2744
2694
2669
2721
2693
2562
2748
2740
2637
2663
2699
2785
2747
2696
2646
2729
2616
2680
2641
2648
2659
2734
2684
2467
2607
2607
2679
2622
2524
2661
2686
2586
2634
2707
2670
2790
2811
2606
2626
2654
2701
2678
2683
2742
2757
2736
2668
2636
2776
2650
2694
2682
2710
2719
2767
2663
2664
2825
2711
2696
2733
2724
2709
2591
2720
2757
2714
2679
2702
2789
2690
2656
2657
2581
2681
2630
2718
2715
2622
2621
2611
2690
2684
2664
2637
2609
2583
2601
2617
2594
2547
2621
2647
2671
2561
2563
2651
2596
2518
2605
2613
2700
2743
2674
2745
2719
2702
2561
2755
2763
2609
2768
2722
2661
2570
2529
2623
2708
2729
2720
2652
2723
2707
2681
2620
2656
2723
2696
2620
2811
2705
2694
2614
2769
2634
2632
2634
2701
2669
2637
2676
2660
2633
2612
2566
2679
2585
2638
2637
2575
2614
2640
2573
2590
2609
2501
2647
2643
2513
2552
2539
2658
2600
2577
2608
2616
2633
2566
2640
2595
2627
2615
2659
2666
2730
2659
2700
2688
2676
2710
2622
2731
2634
2721
2650
2637
2699
2673
2616
2739
2626
2608
2724
2741
2807
2780
2759
2718
2720
2792
2683
2659
2744
2671
2721
2730
2791
2691
2718
2734
2723
2708
2806
2697
2685
2669
2693
2679
2692
2718
2687
2783
2661
2791
2728
2729
2607
2729
2755
2785
2831
2659
2638
2662
2716
2635
2631
2722
2726
2671
2742
2699
2656
2617
2751
2593
2771
2662
2688
2715
2693
2732
2718
2761
2642
2730
2695
2743
2670
2770
2709
2742
2662
2771
2757
2679
2721
2787
2622
2678
2756
2707
2579
2695
2761
2751
2784
2699
2678
2672
2755
2673
2666
2688
2746
2700
2748
2757
2738
2779
2684
2708
2728
2811
2688
2784
2732
2737
2642
2798
2662
2681
2822
2741
2732
2661
2699
2695
2799
2719
2713
2730
2639
2729
2722
2687
2675
2690
2666
2804
2721
2657
2690
2823
2675
2688
2746
2696
2759
2701
2722
2739
2751
2671
2772
2710
2684
2729
2728
2762
2771
2691
2709
2628
2716
2640
2806
2644
2657
2704
2664
2592
2623
2531
2643
2582
2597
2559
2623
2651
2592
2592
2611
2667
2632
2718
2599
2593
2548
2588
2655
2709
2521
2639
2698
2653
2637
2639
2642
2656
2661
2584
2600
2636
2609
2544
2622
2639
2564
2624
2687
2611
2630
2744
2668
2615
2675
2681
2632
2639
2729
2635
2762
2579
2698
2706
2739
2712
2651
2704
2669
2668
2722
2672
2704
2716
2583
2737
2676
2736
2562
2627
2736
2719
2659
2624
2656
2678
2698
2549
2598
2487
2509
2502
2652
2598
2584
2526
2585
2712
2610
2622
2666
2649
2574
2614
2652
2640
2643
2673
2712
2689
2626
2674
2598
2606
2770
2676
2685
2645
2768
2711
2673
2680
2663
2655
2610
2657
2703
2605
2753
2684
2736
2554
2654
2675
2630
2724
2736
2639
2706
2699
2715
2676
2682
2766
2678
2631
2735
2667
2710
2748
2692
2714
2612
2602
2620
2619
2636
2557
2629
2634
2622
2586
2607
2520
2649
2623
2695
2602
2675
2644
2646
2613
2654
2708
2609
2756
2708
2636
2713
2807
2673
2677
2590
2645
2660
2596
2644
2685
2720
2774
2701
2632
2652
2655
2675
2642
2650
2647
2713
2698
2742
2663
2696
2662
2691
2637
2647
2636
2531
2685
2596
2668
2615
2547
2652
2607
2630
2646
2599
2703
2735
2682
2680
2678
2692
2566
2701
2712
2636
2714
2665
2656
2695
2648
2683
2731
2754
2784
2736
2608
2678
2574
2657
2733
2660
2711
2673
2791
2683
2748
2665
2781
2704
2625
2598
2544
2637
2676
2557
2602
2694
2680
2709
2575
2626
2638
2576
2668
2580
2530
2595
2540
2672
2628
2567
2633
2643
2593
2640
2584
2591
2623
2638
2599
2563
2645
2567
2581
2605
2666
2620
2596
2590
2763
2597
2656
2613
2770
2658
2692
2700
2658
2705
2643
2703
2678
2660
2631
2566
2654
2624
2720
2725
2564
2677
2650
2645
2671
2642
2541
2701
2574
2705
2695
2581
2717
2524
2601
2656
2642
2657
2672
2601
2673
2638
2669
2620
2672
2556
2636
2589
2595
2626
2643
2623
2577
2623
2690
2545
2595
2641
2607
2592
2600
2615
2548
2611
2562
2640
2565
2694
2610
2716
2698
2702
2732
2697
2689
2739
2669
2742
2706
2693
2697
2801
2704
2749
2667
2683
2616
2652
2833
2702
2726
2708
2633
2657
2755
2627
2706
2680
2712
2711
2656
2644
2683
2748
2764
2710
2727
2825
2766
2686
2676
2774
2669
2634
2667
2721
2646
2660
2753
2752
2752
2775
2775
2699
2759
2743
2690
2745
2765
2711
2728
2716
2828
2776
2698
2769
2789
2730
2659
2643
2689
