3233
3262
3218
3284
3168
3265
3193
3325
3356
3198
3259
3224
3240
3270
3328
3167
3185
3276
3222
3248
3165
3255
3250
3281
3170
3196
3219
3105
3105
3229
3269
3186
3289
3160
3239
3200
3172
3266
3201
3221
3221
3135
3286
3301
3235
3195
3280
3221
3197
3196
3232
3207
3192
3250
3206
3234
3234
3095
3295
3245
3221
3198
3258
3230
3205
3246
3264
3212
3224
3209
3189
3194
3174
3219
3124
3183
3176
3146
3079
3012
3186
3011
3155
3103
3099
3134
3100
3045
3109
3043
3247
3054
3096
3119
3067
3210
3087
3178
3277
3105
3160
3147
3067
3157
3111
3256
3202
3171
3130
3170
3153
3138
3149
3265
3195
3163
3163
3140
3196
3145
3102
3230
3259
3146
3192
3266
3244
3202
3253
3117
3251
3183
3311
3218
3172
3140
3222
3190
3258
3153
3214
3169
3162
3230
3108
3151
3129
3204
3159
3175
3130
3157
3061
3093
3156
3084
3123
3080
3008
3164
3091
3120
3213
3139
3126
3209
3218
3175
3258
3167
3165
3223
3199
3179
3179
3146
3137
3143
3305
3224
3223
3196
3261
3181
3207
3147
3234
3320
3166
3204
3162
3151
3233
3262
3165
3151
3136
3238
3242
3280
3213
3224
3209
3228
3244
3283
3286
3259
3210
3246
3207
3236
3178
3214
3155
3123
3141
3096
3145
3143
3216
3156
3045
3109
3219
3259
3230
3165
3144
3117
3276
3253
3156
3209
3154
3226
3256
3300
3270
3284
3191
3225
3325
3192
3245
3287
3177
3385
3265
3141
3212
3170
3289
3243
3320
3167
3240
3133
3258
3235
3214
3369
3287
3218
3170
3147
3233
3130
3040
3184
3163
3077
3208
3126
3109
3138
3160
3234
3192
3205
3158
3132
3211
3166
3241
3233
3216
3179
3188
3187
3149
3262
3188
3202
3214
3113
3210
3269
3134
3253
3208
3136
3201
3257
3188
3230
3172
3253
3284
3119
3171
3182
3216
3323
3114
3267
3264
3215
3227
3187
3163
3196
3182
3203
3270
3167
3166
3029
3153
3078
3195
3150
3248
3201
3051
3219
3089
3050
3149
3108
3057
3003
3107
3124
3105
3027
2994
3237
3201
3257
3270
3036
3186
3063
3230
3055
3202
3115
3160
3134
3333
3237
3302
3204
3135
3251
3166
3122
3252
3333
3214
3202
3170
3262
3161
3119
3227
3292
3187
3166
3264
3155
3123
3154
3217
3210
3146
3179
3194
3164
3123
3191
3164
3112
3229
3129
3131
3106
3025
3155
3029
3063
3118
3066
3107
3086
3029
3166
3114
3127
3103
3158
3136
3120
3006
3161
3136
3117
3121
3090
3110
3170
3141
3134
3144
3118
3059
3266
3264
3229
3144
3336
3224
3164
3315
3350
3188
3244
3263
3245
3271
3255
3200
3176
3211
3167
3206
3270
3328
3186
3274
3327
3146
3210
3322
3293
3309
3271
3277
3196
3182
3183
3274
3233
3283
3172
3144
3285
3256
3233
3254
3178
3328
3211
3300
3198
3178
3297
3262
3221
3331
3207
3157
3103
3269
3301
3226
3219
3192
3289
3158
3217
3260
3389
3178
3269
3289
3332
3164
3165
3284
3227
3231
3208
3197
3305
3204
3205
3188
3258
3322
3281
3237
3263
3233
3309
3264
3398
3208
3252
3316
3194
3171
3199
3293
3214
3251
3232
3174
3149
3208
3269
3223
3146
3123
3281
3142
3286
3236
3212
3296
3310
3257
3312
3315
3257
3222
3132
3254
3164
3261
3224
3210
3331
3238
3271
3186
3312
3173
3197
3251
3257
3149
3267
3183
3159
3167
3223
3282
3262
3331
3163
3365
3312
3182
3312
3333
3235
3254
3201
3331
3227
3164
3161
3186
3223
3240
3147
3203
3159
3123
3132
3249
3227
3127
3211
3109
3153
3109
3164
3168
3136
3119
3074
3249
3108
3125
3074
3137
3109
3078
3137
3077
3066
3070
3131
3110
3123
3024
3157
3175
3028
3051
3219
3127
3126
3034
3131
3208
3161
3234
3114
3171
3109
3148
3188
3205
3134
3212
3270
3146
3231
3167
3283
3239
3222
3216
3051
3245
3156
3082
3157
3309
3250
3163
3131
3134
3165
3176
3261
3197
3227
3222
3185
3139
3176
3294
3227
3106
3164
3116
3210
3107
3166
3167
3120
3159
3027
3089
3011
3101
3010
3029
3156
3077
3087
3092
3063
3151
3182
3159
3130
3145
3075
3199
3118
3212
3204
3208
3180
3089
3178
3208
3155
3269
3150
3102
3154
3185
3210
3135
3114
3202
3216
3239
3200
3082
3122
3232
3206
3281
3218
3214
3199
3184
3264
3217
3242
3212
3108
3257
3267
3323
3129
3142
3211
3213
3291
3176
3210
3285
3256
3241
3173
3192
3154
3163
3187
3180
3126
3139
3168
3110
3248
3157
3137
3065
3232
3145
3235
3208
3117
3277
3143
3135
3223
3231
3164
3259
3283
3109
3192
3237
3234
3200
3271
3257
3260
3189
3151
3224
3248
3307
3228
3197
3228
3151
3258
3236
3253
3252
3187
3254
3200
3121
3174
3192
3205
3139
2999
3166
3229
3104
3045
3126
3059
3068
3174
3168
3176
3145
3277
3086
3303
3232
3251
3158
3184
3198
3187
3168
3254
3248
3289
3118
3148
3283
3295
3253
3268
3300
3129
3321
3262
3280
3209
3295
3302
3126
3110
3199
3094
3180
3296
3118
3216
3125
3318
3284
3162
3121
3180
3093
3205
3212
3063
3085
3133
3151
3088
3085
3032
3074
3011
3129
3149
3099
3106
3108
3073
3106
2997
3139
3082
3180
3065
3118
3071
3029
3230
3136
3208
3229
3336
3082
3183
3119
3308
3169
3133
3221
3200
3220
3253
3207
3257
3200
3156
3244
3292
3229
3233
3224
3192
3201
3156
3252
3136
3217
3174
3132
3164
3207
3111
3058
3236
3163
3209
3149
3145
3153
3160
3109
3158
3144
3179
3102
3097
3041
3076
3159
2958
3044
3169
3066
3132
3099
3099
3065
3136
3197
3107
3182
3079
2950
3109
3163
3067
3215
3105
3172
3218
3098
3141
3191
3105
3242
3205
3263
3378
3161
3180
3304
3265
3314
3172
3216
3153
3273
3251
3247
3179
3240
3321
3242
3151
3316
3143
3196
3197
3277
3215
3141
3301
3180
3192
3141
3246
3273
3258
3253
3306
3168
3256
3137
3248
3199
3236
3239
3217
3229
3237
3348
3249
3150
3221
3171
3231
3156
3217
3260
3184
3235
3258
3324
3264
3258
3266
3263
3248
3200
3247
3188
