3701
3644
3698
3679
3786
3606
3712
3725
3591
3732
3715
3714
3716
3674
3653
3675
3556
3562
3677
3788
3638
3672
3660
3647
3641
3773
3668
3644
3608
3703
3769
3730
3641
3629
3690
3650
3620
3690
3601
3639
3723
3662
3771
3671
3601
3633
3801
3642
3666
3691
3643
3830
3717
3668
3773
3634
3695
3682
3589
3682
3726
3653
3657
3667
3621
3644
3785
3599
3724
3665
3555
3567
3619
3551
3582
3575
3501
3400
3552
3504
3508
3507
3547
3489
3555
3613
3548
3530
3450
3579
3507
3431
3611
3482
3528
3544
3452
3584
3543
3534
3562
3507
3675
3609
3517
3605
3551
3566
3656
3615
3526
3574
3581
3530
3684
3587
3560
3607
3543
3679
3619
3732
3626
3568
3670
3607
3677
3661
3638
3666
3732
3639
3621
3672
3651
3617
3640
3609
3661
3614
3587
3665
3588
3539
3562
3535
3599
3559
3604
3604
3713
3580
3590
3629
3494
3554
3631
3488
3525
3584
3571
3572
3643
3633
3529
3546
3560
3672
3673
3570
3639
3678
3612
3655
3541
3748
3537
3610
3643
3646
3627
3601
3718
3650
3753
3585
3700
3626
3578
3641
3643
3675
3735
3757
3705
3747
3626
3665
3712
3625
3621
3717
3632
3662
3542
3678
3701
3667
3606
3638
3653
3694
3581
3594
3560
3594
3512
3555
3642
3647
3523
3491
3722
3646
3616
3534
3665
3667
3593
3579
3676
3732
3610
3694
3774
3590
3666
3713
3686
3627
3687
3739
3646
3661
3739
3598
3747
3635
3686
3729
3726
3760
3710
3672
3654
3766
3595
3700
3718
3644
3593
3701
3655
3561
3620
3642
3629
3583
3600
3510
3610
3516
3567
3582
3552
3616
3660
3670
3752
3495
3678
3667
3632
3662
3649
3567
3638
3588
3607
3669
3567
3676
3674
3715
3694
3688
3629
3676
3722
3678
3654
3781
3636
3676
3607
3673
3681
3667
3690
3637
3581
3557
3520
3637
3683
3653
3613
3734
3789
3682
3575
3605
3579
3632
3637
3628
3508
3546
3529
3657
3478
3511
3525
3560
3509
3494
3625
3495
3586
3618
3419
3521
3557
3572
3582
3524
3656
3543
3530
3588
3693
3584
3613
3537
3580
3621
3706
3678
3585
3615
3592
3738
3600
3648
3558
3649
3760
3552
3605
3768
3622
3514
3576
3661
3558
3581
3590
3683
3532
3584
3677
3673
3689
3608
3610
3596
3684
3527
3661
3470
3571
3484
3673
3540
3545
3613
3509
3519
3534
3505
3574
3475
3402
3644
3538
3658
3478
3471
3493
3534
3581
3497
3496
3516
3622
3608
3485
3596
3629
3649
3565
3542
3467
3519
3641
3536
3617
3642
3688
3721
3674
3710
3746
3727
3670
3627
3705
3660
3679
3656
3754
3717
3715
3671
3666
3693
3778
3705
3657
3628
3752
3706
3659
3740
3670
3602
3607
3715
3667
3733
3729
3616
3635
3661
3685
3637
3648
3709
3621
3620
3592
3715
3677
3654
3692
3734
3696
3748
3588
3725
3584
3707
3753
3677
3695
3686
3658
3633
3707
3712
3704
3560
3758
3648
3707
3803
3675
3668
3569
3710
3741
3580
3680
3647
3668
3724
3749
3676
3645
3597
3769
3659
3727
3688
3763
3699
3695
3680
3662
3692
3690
3542
3614
3707
3692
3724
3673
3529
3742
3613
3679
3784
3713
3720
3571
3693
3637
3759
3748
3793
3695
3717
3736
3845
3673
3614
3652
3679
3799
3637
3666
3643
3656
3805
3709
3666
3723
3674
3766
3742
3727
3799
3701
3671
3727
3735
3656
3709
3732
3634
3666
3625
3664
3688
3590
3654
3602
3658
3715
3646
3705
3643
3669
3778
3593
3635
3647
3646
3752
3702
3562
3628
3631
3686
3605
3538
3610
3586
3627
3512
3559
3688
3559
3510
3583
3545
3506
3544
3558
3522
3647
3631
3584
3561
3563
3544
3544
3464
3549
3590
3613
3440
3510
3476
3554
3511
3520
3550
3483
3498
3592
3488
3620
3665
3607
3699
3610
3578
3481
3547
3616
3609
3669
3618
3690
3670
3608
3596
3492
3614
3669
3737
3574
3725
3716
3632
3626
3759
3646
3647
3584
3670
3713
3650
3663
3568
3528
3536
3632
3689
3579
3537
3621
3669
3519
3657
3499
3500
3416
3539
3452
3518
3505
3524
3516
3607
3512
3500
3456
3560
3647
3711
3502
3536
3561
3525
3615
3579
3644
3565
3640
3586
3677
3616
3697
3684
3696
3659
3651
3598
3591
3653
3657
3682
3675
3609
3641
3690
3572
3667
3673
3728
3564
3563
3701
3644
3624
3755
3638
3657
3613
3646
3613
3623
3720
3709
3728
3621
3659
3688
3742
3688
3548
3569
3552
3552
3554
3555
3557
3554
3554
3522
3545
3530
3644
3562
3599
3538
3601
3566
3759
3636
3686
3748
3682
3713
3698
3664
3723
3764
3580
3723
3589
3702
3800
3675
3639
3611
3652
3645
3526
3609
3678
3650
3608
3656
3611
3663
3585
3636
3638
3575
3552
3589
3639
3579
3598
3606
3569
3444
3608
3530
3548
3545
3554
3634
3569
3543
3672
3756
3595
3759
3643
3681
3682
3723
3608
3656
3524
3627
3619
3694
3664
3594
3739
3661
3632
3645
3559
3792
3773
3617
3703
3704
3642
3727
3635
3590
3673
3657
3594
3708
3698
3559
3663
3677
3655
3640
3614
3528
3625
3603
3604
3616
3657
3525
3574
3686
3538
3448
3521
3521
3537
3463
3479
3608
3583
3531
3560
3627
3572
3593
3443
3593
3512
3590
3563
3561
3457
3624
3489
3556
3670
3565
3608
3613
3650
3754
3683
3574
3692
3608
3657
3664
3606
3582
3675
3619
3747
3675
3606
3680
3589
3618
3463
3610
3606
3596
3550
3594
3548
3612
3677
3571
3611
3548
3564
3664
3580
3569
3536
3578
3585
3633
3540
3611
3521
3543
3490
3579
3497
3561
3516
3561
3513
3492
3502
3517
3420
3606
3486
3531
3518
3571
3556
3479
3564
3513
3570
3592
3580
3512
3707
3626
3663
3648
3615
3638
3644
3832
3615
3692
3735
3651
3703
3762
3688
3695
3657
3733
3661
3628
3623
3692
3755
3503
3731
3735
3587
3667
3645
3657
3578
3629
3688
3689
3664
3641
3684
3663
3710
3593
3668
3717
3683
3670
3613
3649
3759
3606
3645
3707
3609
3628
3665
3700
3575
3718
3614
3710
3618
3816
3751
3665
3698
3700
3693
3600
3738
3645
3701
3527
3612
