3223
3240
3174
3232
3249
3331
3275
3239
3092
3266
3191
3134
3284
3209
3286
3252
3195
3185
3267
3223
3267
3257
3161
3218
3264
3277
3220
3296
3152
3208
3182
3182
3228
3426
3232
3225
3243
3173
3314
3175
3286
3131
3210
3219
3229
3247
3283
3190
3216
3245
3202
3161
3311
3155
3222
3287
3242
3212
3163
3232
3210
3131
3257
3155
3380
3188
3246
3281
3189
3160
3175
3169
3231
3271
3160
3082
3242
3084
3146
3037
3127
3144
3093
3128
3183
3191
3071
3124
3191
3067
3174
3056
3057
3108
3186
3141
3135
3115
3115
3076
3053
3193
3094
3191
3156
3174
3249
3194
3134
3111
3247
3205
3299
3147
3227
3173
3161
3200
3248
3228
3186
3234
3293
3196
3255
3180
3201
3135
3316
3177
3132
3188
3182
3195
3159
3119
3177
3233
3147
3217
3200
3155
3082
3063
3106
3073
3038
3134
3137
3129
3062
3104
3145
3120
3014
3130
3222
3151
3058
3113
3153
3205
3147
3229
3009
3162
3052
3138
3149
3119
3146
3115
3117
3141
3183
3185
3213
3236
3189
3188
3196
3197
3156
3175
3207
3184
3250
3226
3250
3296
3198
3135
3278
3264
3186
3169
3152
3251
3275
3199
3157
3260
3097
3188
3178
3215
3197
3362
3146
3131
3122
3207
3116
3281
3165
3042
3146
3061
3082
3202
3133
3139
3123
3156
3167
3153
3096
3153
3076
3215
3172
3155
3130
3128
3118
3208
3219
3207
3074
3153
3094
3192
3241
3297
3271
3228
3200
3230
3213
3196
3197
3156
3165
3334
3313
3202
3105
3169
3125
3242
3129
3260
3127
3201
3159
3178
3106
3149
3161
3069
3175
3026
3150
3113
3035
3182
3239
3228
3192
3182
3258
3200
3279
3238
3302
3280
3359
3199
3321
3186
3211
3183
3133
3317
3221
3115
3138
3174
3248
3245
3262
3230
3181
3203
3164
3217
3163
3216
3228
3201
3119
3258
3157
3160
3277
3140
3201
3205
3134
3176
3144
3116
3087
3186
3154
3167
3226
3059
3124
3117
3116
3195
3178
3228
3083
3145
3092
3093
3127
3040
3029
3055
3124
3087
3004
3130
3161
3094
3232
3185
3149
3193
3134
3259
3132
3199
3178
3207
3216
3222
3275
3108
3115
3218
3179
3188
3123
3224
3191
3215
3259
3242
3140
3243
3174
3212
3157
3201
3167
3129
3134
3087
3089
3195
3078
3191
3119
3183
3139
3272
3138
3179
3058
3141
3138
3131
3101
3075
3107
3080
3150
3076
3154
3173
3041
3119
3095
3120
3100
3108
3180
3051
3164
3069
3059
3079
3137
3186
3173
3100
3110
3101
3148
3149
3121
3098
3109
3179
3254
3189
3177
3327
3201
3326
3315
3270
3147
3319
3369
3243
3208
3155
3212
3308
3197
3293
3153
3346
3183
3257
3281
3272
3307
3183
3269
3362
3204
3279
3222
3277
3368
3280
3321
3196
3256
3235
3258
3245
3224
3167
3237
3176
3213
3111
3228
3255
3148
3305
3196
3224
3176
3241
3214
3309
3205
3144
3225
3322
3213
3076
3171
3249
3145
3198
3267
3265
3278
3262
3293
3170
3165
3182
3268
3314
3284
3169
3217
3280
3134
3248
3285
3342
3273
3310
3194
3175
3251
3237
3209
3217
3151
3200
3176
3322
3230
3347
3247
3222
3172
3307
3232
3239
3227
3264
3237
3200
3303
3356
3185
3246
3195
3241
3253
3220
3191
3244
3257
3163
3320
3226
3289
3219
3160
3246
3207
3239
3182
3240
3185
3165
3233
3219
3221
3143
3163
3237
3269
3201
3225
3294
3266
3146
3192
3173
3169
3209
3239
3254
3228
3227
3194
3213
3263
3270
3191
3117
3206
3153
3300
3209
3140
3178
3208
3223
3218
3105
3155
3107
3121
3043
3099
3043
3089
3198
3100
3186
3119
3078
3037
3211
3167
3035
3087
3075
3169
2967
3132
3087
3136
3208
3055
3080
3105
3153
3174
3063
3178
3170
3100
3065
3159
3154
3077
3186
3189
3226
3128
3187
3200
3162
3231
3237
3221
3118
3130
3166
3187
3208
3110
3121
3280
3155
3259
3143
3071
3179
3174
3196
3274
3202
3181
3121
3168
3189
3149
3110
3173
3090
3062
3253
3223
3162
3088
3057
3159
3003
3209
3056
3050
2938
3043
3164
3068
3090
3141
3175
3093
2987
3101
3120
3134
3037
3133
3182
3185
3241
3162
3192
3104
3105
3141
3109
3058
3178
3155
3276
3183
3230
3233
3298
3218
3177
3158
3305
3195
3161
3180
3199
3262
3201
3182
3234
3227
3205
3133
3183
3193
3183
3096
3235
3227
3204
3177
3142
3134
3139
3223
3099
3136
3139
3209
3173
3204
3190
3284
3081
3284
3116
3187
3139
3086
3035
3131
3250
3122
3119
3171
3184
3197
3068
3191
3202
3207
3160
3169
3272
3238
3105
3173
3118
3195
3161
3328
3247
3176
3211
3280
3230
3085
3205
3160
3145
3229
3220
3237
3231
3196
3118
3228
3235
3083
3212
3168
3115
3159
3031
3078
3223
3150
3097
3095
3171
3186
3198
3103
3102
3257
3159
3166
3147
3138
3160
3175
3134
3113
3218
3141
3123
3182
3197
3177
3199
3226
3170
3203
3207
3158
3238
3204
3153
3256
3215
3216
3153
3328
3284
3166
3196
3134
3157
3189
3220
3165
3145
3168
3175
3201
3157
3203
3149
3187
3177
3093
3185
3146
3116
3072
2988
3122
3149
3098
3066
3220
3131
3039
3039
3092
3031
3090
3201
3044
3038
3126
3085
3116
3127
3134
3014
3126
3216
3195
3118
3149
3163
3263
3261
3116
3177
3096
3214
3126
3216
3161
3143
3224
3206
3262
3255
3256
3140
3131
3276
3213
3154
3119
3211
3079
3203
3221
3194
3065
3133
3111
3209
3085
3120
3097
3095
3071
3105
3181
3095
3161
3165
3129
3040
3173
3106
3160
3133
3194
2982
3141
3114
3089
3087
3055
3076
3118
3039
3097
3100
3107
3152
3200
3067
3074
3145
3108
3065
3124
3109
3174
3150
3182
3168
3125
3217
3146
3209
3198
3271
3332
3242
3271
3176
3279
3258
3235
3212
3317
3256
3202
3222
3241
3355
3343
3245
3182
3250
3201
3173
3287
3243
3189
3220
3189
3257
3267
3172
3239
3265
3224
3230
3166
3309
3178
3205
3197
3329
3314
3266
3251
3259
3191
3260
3157
3221
3235
3254
3166
3355
3210
3174
3274
3213
3244
3253
3149
3257
3190
3178
3159
