3222
3197
3206
3241
3245
3264
3270
3225
3320
3207
3225
3149
3232
3241
3266
3183
3159
3256
3275
3279
3279
3258
3230
3217
3295
3309
3294
3221
3321
3175
3100
3182
3192
3207
3308
3223
3311
3342
3296
3289
3232
3242
3199
3192
3203
3260
3218
3305
3157
3193
3198
3129
3200
3246
3228
3110
3202
3155
3272
3183
3205
3256
3314
3167
3292
3231
3180
3267
3193
3213
3075
3217
3260
3179
3042
3109
3131
3200
3083
3122
3080
3102
3197
3161
3193
3001
3094
3043
3089
3072
3081
3166
3065
3094
3054
3116
3152
3173
3142
3087
3111
3016
3086
3199
3204
3180
3192
3169
3155
3126
3012
3199
3154
3106
3122
3149
3131
3301
3068
3142
3158
3182
3200
3129
3239
3212
3219
3199
3251
3121
3155
3322
3175
3243
3106
3230
3255
3139
3208
3174
3196
3175
3118
3063
3154
3086
3115
3026
3145
3097
3033
3179
3263
3153
3125
3083
3045
3075
3124
3162
3108
3076
3202
3140
3185
3118
3105
3078
3122
3153
3190
3267
3222
3207
3168
3173
3136
3106
3198
3166
3110
3289
3172
3191
3247
3214
3080
3198
3087
3266
3195
3129
3154
3204
3276
3283
3143
3274
3294
3191
3304
3192
3187
3206
3184
3174
3195
3109
3145
3289
3159
3173
3160
3186
3147
3187
3186
3110
3128
3072
3121
3161
3189
3104
3109
3243
3147
3169
3199
3187
3148
3057
3107
3235
3162
3193
3205
3185
3131
3194
3248
3242
3246
3201
3200
3208
3140
3182
3239
3220
3296
3124
3123
3162
3160
3205
3243
3210
3219
3199
3132
3226
3083
3180
3231
3183
3073
3171
3185
3158
3161
3122
3053
3105
3164
3180
3068
3183
3152
3185
3150
3099
3237
3221
3180
3168
3183
3251
3208
3232
3192
3294
3227
3125
3251
3086
3221
3212
3230
3236
3232
3180
3311
3170
3219
3291
3143
3176
3227
3100
3129
3205
3146
3136
3219
3157
3251
3120
3188
3144
3220
3134
3203
3078
3134
3198
3206
3037
3145
3139
3149
3091
3125
3217
3148
3189
3251
3117
3139
3177
3039
3024
2997
3162
3036
3134
3042
3171
3115
3147
3161
3280
3199
3256
3200
3253
3287
3196
3125
3200
3139
3299
3091
3248
3220
3128
3206
3183
3197
3204
3227
3076
3301
3149
3248
3147
3162
3138
3166
3246
3198
3232
3087
3221
3130
3189
3049
3116
3092
3015
3060
3153
3115
3116
3173
3192
3154
3051
3023
3070
3172
3006
3160
3098
3144
3070
3149
3115
3008
3159
3117
3135
3122
3177
3115
3149
3258
3190
3100
3096
3039
3050
3082
3200
3135
3168
3156
3248
3105
3122
3191
3156
3239
3251
3271
3304
3197
3265
3210
3216
3182
3162
3263
3176
3207
3219
3283
3237
3239
3223
3159
3331
3277
3326
3244
3305
3196
3307
3276
3114
3206
3265
3195
3372
3215
3240
3302
3278
3171
3211
3213
3319
3228
3283
3205
3339
3205
3252
3262
3192
3166
3293
3256
3225
3261
3270
3276
3230
3252
3241
3220
3193
3297
3155
3248
3326
3230
3189
3213
3247
3243
3120
3285
3264
3306
3215
3194
3294
3263
3205
3217
3276
3210
3275
3130
3174
3133
3176
3183
3157
3218
3208
3155
3209
3289
3200
3266
3247
3112
3198
3322
3350
3192
3181
3239
3196
3195
3136
3246
3257
3200
3198
3272
3178
3218
3239
3188
3231
3231
3216
3187
3183
3177
3269
3173
3165
3323
3267
3155
3209
3267
3218
3258
3306
3247
3287
3192
3208
3262
3203
3139
3168
3252
3227
3226
3249
3332
3287
3299
3240
3218
3208
3209
3223
3199
3302
3251
3219
3160
3133
3204
3285
3358
3243
3277
3172
3074
3162
3025
3133
3118
3142
3146
3133
3220
3119
3087
3217
3185
3126
3116
3124
3086
3038
3124
3141
3094
2998
3128
3156
3092
3027
3095
3103
3149
3073
3151
3066
3118
3183
3095
3114
3154
3245
3185
3082
3259
3226
3193
3161
3107
3169
3121
3172
3158
3138
3249
3225
3221
3123
3147
3098
3081
3229
3226
3180
3271
3269
3244
3321
3148
3139
3126
3106
3202
3169
3133
3176
3192
3189
3278
3075
3133
3188
3125
3134
3123
3123
3090
3040
3043
3098
3093
3093
3162
3111
3058
3187
3057
3158
3112
3072
3156
3111
3078
3238
3025
3067
3158
3141
3156
3132
3105
3127
3178
3217
3221
3212
3186
3062
3228
3295
3130
3223
3225
3253
3234
3178
3136
3207
3182
3134
3228
3252
3210
3191
3226
3111
3274
3265
3200
3267
3074
3226
3222
3204
3152
3269
3188
3274
3184
3188
3144
3189
3144
3176
3168
3080
3128
3060
3209
3079
3105
3169
3131
3066
3120
3227
3223
3108
3247
3192
3234
3202
2998
3136
3169
3256
3149
3120
3138
3219
3124
3228
3278
3193
3146
3167
3199
3176
3135
3232
3321
3159
3329
3111
3131
3198
3222
3170
3124
3248
3161
3232
3135
3200
3083
3035
3049
3191
3088
3134
3068
3037
3050
3212
3078
3197
3262
3139
3198
3121
3246
3122
3196
3076
3210
3223
3169
3247
3233
3253
3190
3197
3191
3131
3218
3157
3232
3333
3167
3158
3308
3219
3187
3102
3228
3186
3125
3130
3217
3193
3162
3154
3145
3167
3279
3074
3133
3125
3082
3154
3160
3149
3070
3148
3128
3214
3160
3087
3137
3134
3137
3085
3044
3103
3005
3136
3084
3122
3095
3120
3093
3053
3206
2994
3290
3086
3148
2968
3073
3234
3123
3149
3211
3188
3181
3199
3202
3244
3187
3191
3256
3140
3222
3195
3255
3149
3124
3140
3206
3142
3094
3146
3192
3160
3104
3215
3089
3260
3227
3120
3207
3066
3058
3103
3127
3129
3073
3134
3130
3146
3131
3154
3060
3038
3208
3153
3199
3114
3016
3098
3130
3107
3013
3258
3184
3104
3026
3051
3206
3029
3141
3071
3077
3140
3111
3173
3154
3108
3195
3173
3163
3172
3206
3165
3251
3255
3305
3291
3219
3227
3219
3200
3280
3220
3169
3257
3246
3155
3300
3334
3051
3166
3281
3186
3285
3273
3253
3278
3179
3212
3147
3306
3319
3233
3164
3227
3255
3239
3219
3206
3265
3275
3215
3105
3163
3177
3204
3221
3208
3218
3247
3253
3203
3224
3180
3208
3229
3303
3266
3258
3248
3218
3210
3308
3221
3275
3208
3192
3312
3275
3308
