3182
3180
3175
3249
3125
3215
3181
3319
3257
3258
3169
3209
3314
3227
3286
3178
3279
3313
3156
3126
3359
3240
3261
3295
3163
3249
3146
3277
3200
3222
3170
3240
3212
3292
3298
3179
3185
3255
3135
3245
3145
3106
3317
3318
3264
3302
3130
3209
3194
3220
3238
3253
3160
3249
3305
3235
3212
3231
3291
3252
3180
3170
3309
3108
3200
3207
3252
3195
3216
3231
3203
3166
3208
3129
3183
3123
3168
3042
3043
3143
3075
3132
3114
3174
3071
3112
3122
3188
3186
3177
3154
3231
3183
3103
3047
3132
3081
3254
3171
3205
3051
3185
3151
3059
3075
3145
3276
3157
3135
3143
3122
3123
3073
3185
3117
3228
3156
3118
3193
3239
3110
3171
3107
3204
3100
3196
3203
3136
3278
3172
3120
3210
3167
3206
3219
3168
3190
3121
3193
3214
3115
3159
3063
3137
3100
3082
3158
3101
3131
3147
3115
3118
3031
3176
3197
3119
3145
3080
3084
3147
3098
3079
3196
3085
3059
3306
3138
3178
3182
3035
3145
3151
3197
3213
3177
3168
3164
3105
3161
3062
3193
3082
3207
3187
3125
3165
3180
3254
3130
3209
3121
3144
3250
3215
3282
3190
3206
3212
3178
3226
3127
3185
3310
3236
3214
3168
3282
3300
3117
3213
3147
3298
3190
3118
3302
3100
3199
3140
3130
3058
3068
2998
3046
3158
3126
3069
3140
3127
3191
3120
3217
3228
3115
3149
3195
3150
3110
3121
3189
3153
3230
3227
3142
3119
3142
3283
3309
3285
3201
3231
3131
3245
3168
3312
3150
3239
3084
3183
3258
3099
3187
3181
3206
3175
3113
3130
3179
3129
3091
3122
3222
3152
3221
3157
3036
3112
3238
3072
3201
3224
3158
3210
3223
3248
3242
3185
3246
3207
3187
3174
3205
3231
3230
3122
3188
3175
3151
3171
3132
3303
3238
3245
3145
3239
3251
3199
3150
3258
3182
3229
3168
3110
3134
3127
3178
3243
3136
3239
3180
3206
3102
3125
3156
3162
3214
3234
3107
3176
3065
3114
3092
3064
3201
3146
3094
3106
3128
3168
3032
3075
3064
2930
3060
3171
3068
3042
3037
3113
3137
3208
3150
3109
3120
3272
3196
3237
3208
3157
3143
3245
3120
3140
3298
3246
3213
3213
3265
3141
3100
3270
3165
3131
3212
3182
3109
3127
3054
3225
3143
3216
3074
3099
3147
3172
3170
3139
3160
3145
3174
3124
3205
3131
3055
3106
3156
3076
3150
3151
3155
3153
3232
3062
3123
3076
3147
3084
3063
3039
3114
3262
3090
3136
3205
3135
3173
3071
3178
3144
3080
3246
3048
3124
3071
3188
3132
3149
3040
3170
3116
3178
3172
3193
3248
3187
3108
3231
3094
3251
3285
3220
3208
3248
3185
3155
3117
3091
3211
3143
3256
3226
3319
3197
3198
3233
3100
3133
3127
3211
3313
3209
3242
3204
3319
3170
3236
3219
3196
3273
3206
3191
3163
3279
3232
3235
3094
3235
3330
3184
3203
3254
3121
3090
3248
3278
3319
3200
3235
3251
3168
3279
3195
3175
3262
3136
3200
3218
3217
3244
3238
3240
3235
3328
3255
3205
3278
3182
3204
3053
3199
3141
3232
3180
3266
3283
3193
3277
3164
3179
3306
3172
3185
3183
3212
3242
3249
3340
3275
3218
3219
3208
3210
3272
3160
3263
3221
3199
3190
3249
3206
3184
3243
3217
3130
3230
3296
3388
3109
3174
3272
3160
3176
3276
3279
3179
3188
3203
3289
3144
3244
3228
3153
3209
3098
3246
3112
3304
3307
3190
3211
3142
3182
3286
3284
3221
3190
3332
3237
3160
3257
3202
3203
3241
3202
3146
3273
3228
3242
3222
3160
3221
3208
3177
3211
3157
3072
3131
3137
3159
3136
3136
3093
3151
3153
3047
3250
3181
3075
3055
3169
3097
3064
3076
3128
3265
3088
3109
3078
3123
3097
3072
3159
3263
3072
3123
3067
3076
3048
3111
3134
3166
3110
3056
3179
3199
3164
3158
3233
3251
3205
3173
3085
3205
3106
3196
3159
3237
3214
3134
3216
3185
3178
3095
3152
3097
3137
3221
3204
3135
3229
3098
3287
3127
3157
3182
3214
3129
3176
3214
3154
3131
3141
3165
3109
3138
3172
3230
3106
3119
3079
3073
3056
3051
3070
3056
3091
3068
3128
3185
3255
3094
3200
3120
3125
3174
3179
3100
3168
3232
3021
3124
3077
3135
3139
3028
3167
3064
3107
3211
3196
3160
3259
3252
3278
3228
3129
3220
3153
3193
3264
3169
3198
3208
3166
3260
3249
3226
3138
3206
3150
2988
3191
3021
3131
3174
3119
3153
3217
3181
3135
3216
3238
3163
3119
3061
3159
3103
3103
3072
3131
3026
3088
3009
3216
3141
3060
3116
3208
3159
3130
3113
3180
3200
3138
3139
3230
3223
3191
3371
3303
3191
3276
3203
3304
3154
3240
3238
3204
3229
3179
3314
3206
3168
3205
3221
3210
3131
3134
3319
3014
3210
3204
3219
3105
3168
3166
3071
3158
3196
3036
3064
3120
3040
3158
3329
3086
3053
3063
3071
3133
3133
3167
3237
3258
3154
3143
3175
3252
3173
3246
3198
3169
3254
3191
3156
3299
3214
3208
3007
3217
3273
3163
3168
3153
3196
3163
3234
3235
3202
3179
3111
3292
3296
3203
3126
3108
3163
3203
3190
3068
3170
3173
3162
3135
3018
3150
3064
3136
3052
3073
3183
3223
3179
3166
3146
3174
3041
3106
3064
3085
3153
3097
3032
3165
3163
3058
3079
3095
3123
3146
3150
3165
3095
3143
3182
3158
3185
3287
3104
3103
3152
3345
3273
3203
3126
3222
3152
3105
3171
3085
3126
3134
3120
3114
3151
3116
3045
3163
3181
3068
3124
3206
3209
3307
3074
3110
3044
3123
3120
3175
3100
3082
3105
3112
3229
3126
3049
3088
3175
3156
3104
3155
3092
3066
3133
3046
3132
3121
3107
3063
3170
2939
3119
3097
3096
3048
3062
3025
3081
3045
3181
3193
3197
3197
3135
3226
3225
3156
3222
3234
3232
3123
3223
3258
3255
3241
3281
3229
3193
3070
3253
3200
3279
3163
3234
3261
3249
3191
3245
3138
3226
3371
3268
3237
3208
3228
3283
3184
3150
3274
3183
3214
3190
3270
3255
3228
3167
3233
3223
3201
3281
3150
3300
3384
3275
3212
3227
3228
3163
3105
3201
3242
3192
3183
3264
3260
3236
3340
3270
3272
3082
3253
3260
3186
