3179
3166
3296
3125
3132
3317
3198
3209
3181
3221
3184
3144
3178
3252
3214
3229
3175
3169
3291
3261
3245
3234
3315
3257
3261
3290
3199
3307
3234
3276
3271
3210
3190
3187
3308
3157
3288
3178
3236
3169
3279
3258
3239
3249
3218
3250
3298
3174
3336
3318
3249
3321
3151
3242
3241
3221
3134
3287
3208
3208
3213
3167
3297
3167
3201
3144
3255
3164
3192
3124
3137
3213
3067
3167
3233
3201
3076
3105
3063
3179
3151
3077
3094
3057
3139
3186
3137
3108
3127
3136
3157
3043
3240
3259
3029
3175
3164
3057
3168
3127
3271
3087
3063
3116
3139
3175
3212
3165
3190
3128
3142
3253
3146
3133
3108
3021
3120
3221
3073
3141
3194
3153
3149
3134
3160
3147
3196
3121
3067
3187
3184
3184
3185
3144
3119
3178
3249
3206
3167
3147
3196
3184
3180
3019
3120
3030
3025
3131
3003
3051
3220
3082
3184
3041
3092
3047
3130
3113
3087
3156
3079
3104
3042
3102
3131
3190
3081
3175
3100
3061
3144
3189
3084
3103
3208
3219
3081
3201
3197
3170
3272
3204
3041
3161
3163
3218
3154
3317
3086
3236
3230
3227
3234
3279
3299
3156
3117
3129
3229
3176
3174
3020
3222
3245
3236
3223
3173
3216
3189
3182
3200
3226
3248
3120
3122
3150
3009
3120
3108
3181
3182
3136
3215
3097
3125
3157
3109
3099
3205
3080
3119
3082
3141
3148
3079
3091
3227
3141
3183
3217
3123
3400
3149
3244
3162
3231
3206
3320
3168
3195
3100
3229
3260
3183
3222
3108
3185
3191
3145
3230
3125
3151
3238
3139
3134
3163
2974
3151
3131
3033
3200
3082
3092
3008
3198
3100
3081
3195
3204
3109
3160
3128
3313
3173
3188
3261
3172
3227
3196
3240
3248
3123
3149
3256
3222
3197
3323
3119
3186
3281
3201
3191
3189
3090
3195
3285
3202
3139
3257
3204
3172
3146
3234
3138
3254
3145
3169
3150
3165
3170
3170
3100
3136
3146
3230
3098
3083
3195
3143
3076
3070
3087
3117
3144
3149
3116
3176
3185
2970
3116
3022
3141
3020
3092
3130
3000
3093
3162
3210
3190
3150
3157
3278
3268
3263
3120
3112
3190
3142
3177
3196
3151
3120
3271
3251
3212
3099
3162
3269
3049
3208
3249
3216
3241
3234
3175
3257
3115
3140
3128
3140
3207
3213
3158
3087
3131
3226
3172
3160
3086
3110
3091
3128
3069
3165
3028
3189
3284
3066
3071
3069
3237
3177
3151
3070
3108
3190
3131
3196
3091
3146
3247
3176
3066
3250
3109
3145
3105
3141
3173
3117
3129
3010
3094
3180
3122
3191
3163
3226
3114
3295
3220
3245
3281
3205
3183
3269
3178
3227
3140
3216
3239
3277
3211
3209
3226
3279
3258
3151
3208
3217
3205
3271
3249
3211
3307
3172
3213
3230
3207
3226
3164
3270
3194
3260
3177
3215
3186
3279
3282
3230
3156
3147
3294
3184
3228
3200
3173
3211
3168
3246
3156
3166
3230
3188
3259
3168
3270
3207
3206
3255
3224
3132
3249
3146
3188
3246
3158
3210
3157
3171
3235
3218
3173
3152
3235
3244
3266
3180
3156
3205
3203
3228
3197
3295
3216
3216
3154
3174
3181
3296
3236
3138
3179
3125
3279
3159
3232
3229
3196
3181
3109
3285
3280
3191
3184
3196
3166
3167
3304
3167
3219
3111
3268
3196
3200
3334
3285
3186
3214
3145
3290
3263
3261
3125
3193
3199
3133
3299
3174
3145
3129
3209
3165
3100
3278
3167
3230
3238
3247
3176
3203
3255
3222
3176
3175
3134
3073
3267
3197
3236
3089
3232
3182
3328
3257
3197
3224
3240
3194
3225
3127
3160
3261
3186
3047
3244
3071
3215
3185
3040
3065
3094
3176
3100
3181
3159
3150
3133
3190
3132
3189
3175
3098
3106
3009
3207
3076
3075
3120
3074
3204
3087
2889
3144
3125
3057
3146
3160
3072
3163
3267
3214
3132
3090
3080
3080
3176
3082
3152
3177
3102
3112
3080
3162
3144
3147
3172
3169
3226
3122
3119
3178
3075
3184
3169
3147
3126
3176
3191
3135
3149
3247
3108
3135
3176
3073
3123
3149
3220
3141
3089
3171
3140
3094
3113
2985
3224
3007
3025
3027
3139
3105
3093
3076
2983
3046
3130
3058
3097
3059
3140
3076
3193
3029
3074
3076
3164
3157
3096
3120
3134
3150
3175
3112
3088
3227
3072
3096
3117
3065
3202
3136
3140
3282
3112
3184
3225
3242
3139
3276
3202
3125
3072
3181
3206
3170
3097
3191
3318
3117
3115
3170
3224
3196
3153
3201
3185
3225
3219
3204
3135
3170
3167
3187
3068
3164
3116
3068
2981
3151
3067
3046
3127
3158
3172
3144
3115
3139
3191
3229
3063
3156
3186
3178
3155
3196
3199
3091
3148
3195
3167
3245
3258
3219
3276
3111
3126
3298
3183
3217
3299
3214
3209
3280
3253
3179
3070
3107
3180
3138
3127
3240
3252
3253
3048
3159
3124
3061
3156
3029
3102
3063
3171
3092
3158
3107
3063
3147
3096
3245
3189
3227
3204
3192
3176
3265
3200
3143
3153
3195
3242
3108
3296
3192
3191
3191
3203
3116
3204
3201
3255
3149
3219
3181
3170
3143
3249
3223
3063
3124
3190
3222
3168
3171
3218
3205
3139
3071
3165
3170
3060
3075
3098
3156
3112
3085
3149
3055
3116
3131
2988
3075
3045
3055
2980
3102
3026
3046
2962
3133
3125
3122
3117
3110
3130
3083
3104
3096
3130
3126
3201
3182
3058
3131
3152
3168
3280
3194
3108
3177
3169
3217
3158
3175
3221
3182
3209
3131
3175
3172
3142
3125
3069
3078
3223
3206
3084
3048
3117
3156
3133
3143
3084
3103
3049
3245
3180
3197
3300
3073
3102
3097
3068
3107
3171
3213
3155
3084
3050
3063
3112
3106
3010
3091
3122
3125
3140
3222
3171
3032
3130
3124
2976
3087
3120
3169
3126
3157
3157
3244
3129
3116
3223
3280
3259
3185
3184
3171
3219
3173
3128
3119
3156
3286
3119
3212
3296
3243
3164
3158
3131
3165
3320
3172
3201
3197
3275
3261
3169
3275
3230
3206
3176
3271
3276
3271
3230
3173
3329
3230
3174
3219
3211
3235
3232
3218
3129
3213
3201
3143
3234
3214
3204
3161
3202
3253
3241
3214
3235
3273
3223
3241
3262
3222
3171
3306
3188
3257
3175
3208
3226
3207
