3212
3222
3221
3117
3290
3195
3317
3183
3128
3203
3187
3347
3218
3129
3319
3165
3239
3277
3136
3219
3113
3165
3174
3167
3196
3269
3243
3234
3202
3215
3122
3239
3258
3246
3219
3034
3232
3309
3258
3224
3322
3213
3239
3259
3199
3201
3193
3217
3220
3258
3240
3298
3255
3327
3229
3278
3170
3183
3238
3304
3302
3213
3236
3180
3101
3250
3150
3197
3216
3170
3231
3274
3111
3238
3122
3032
3116
3018
3038
3006
3081
3097
3084
3090
3022
3153
3029
3193
3201
3017
3180
3097
3122
3147
3162
3095
3130
3042
3049
3239
3096
3136
3102
3198
3036
3056
3130
3048
3267
3093
3174
3087
3154
3131
3202
3140
3173
3067
3271
3166
3129
3123
3133
3111
3224
3121
3218
3219
3217
3070
3176
3259
3271
3202
3183
3252
3306
3224
3066
3222
3217
3120
3073
3058
3237
3063
3092
3040
3087
3102
3067
3006
3136
3096
3053
3140
3015
3018
3143
3154
3097
3100
3108
3087
3084
3177
3134
3249
3009
3103
3111
3177
3076
3301
3090
3125
3158
3132
3150
3101
3118
3165
3291
3244
3173
3228
3179
3205
3155
3255
3128
3189
3124
3219
3168
3145
3204
3166
3238
3262
3074
3173
3202
3211
3299
3230
3231
3166
3218
3172
3213
3235
3161
3140
3171
3090
3108
3075
3040
3102
3153
3129
3062
3144
3048
3025
3123
3105
3177
3140
3189
3123
3073
3204
3207
3118
3100
3229
3272
3228
3289
3165
3178
3290
3230
3062
3168
3169
3181
3241
3019
3151
3139
3151
3194
3227
3204
3115
3204
3125
3213
3200
3119
3155
3087
3170
3116
3047
3058
3112
3223
3034
3064
3078
3168
3070
3330
3144
3106
3154
3193
3138
3219
3200
3281
3155
3154
3243
3163
3117
3180
3259
3159
3137
3003
3197
3115
3243
3260
3267
3108
3219
3262
3204
3223
3241
3139
3248
3121
3234
3100
3135
3093
3131
3135
3114
3188
3165
3097
3113
3127
3074
3285
3100
3177
3186
3155
3127
3123
3097
3074
3114
3129
3058
3213
3037
3074
2983
3061
3094
3068
3058
3011
3111
3052
3112
3131
3185
3148
3157
3146
3182
3165
3109
3208
3224
3259
3179
3156
3081
3240
3228
3162
3150
3198
3139
3113
3119
3242
3182
3217
3140
3156
3205
3141
3235
3086
3236
3249
3105
3168
3120
3194
3138
3240
3163
3151
3086
3095
3153
3140
3234
3134
3092
3038
3137
3026
3209
3122
3148
3080
3241
3152
3088
3140
3047
2998
3093
3197
3044
3174
3157
3187
3168
3174
3199
3041
3166
3126
3202
3081
3107
3156
3095
3146
3092
3258
3250
3134
3190
3207
3359
3298
3266
3231
3142
3200
3090
3300
3255
3194
3239
3177
3255
3305
3131
3288
3151
3157
3212
3095
3098
3172
3195
3153
3259
3172
3252
3242
3166
3258
3274
3258
3185
3212
3260
3294
3184
3168
3244
3247
3198
3298
3151
3226
3115
3262
3323
3147
3212
3256
3175
3257
3341
3239
3213
3091
3214
3240
3189
3247
3193
3326
3209
3226
3226
3118
3287
3226
3210
3179
3253
3224
3186
3270
3220
3215
3301
3235
3179
3218
3159
3122
3361
3175
3255
3184
3217
3262
3239
3114
3173
3319
3165
3191
3175
3210
3093
3223
3203
3149
3124
3094
3272
3130
3219
3267
3243
3186
3233
3178
3191
3185
3188
3244
3149
3261
3241
3181
3217
3346
3150
3259
3273
3251
3161
3272
3157
3282
3250
3218
3270
3362
3132
3173
3139
3236
3191
3322
3241
3109
3357
3208
3222
3147
3222
3250
3238
3237
3207
3246
3211
3210
3245
3158
3110
3234
3183
3324
3180
3264
3312
3196
3221
3176
3127
3146
3094
3220
3025
3090
3117
3039
3106
3095
3161
3194
3133
3136
3053
3100
3088
3168
3169
3061
3051
3090
3051
3102
3054
3163
3175
3114
3137
3033
3116
3224
3044
3168
3120
3129
3148
3069
3205
3152
3221
3044
3184
3126
3124
3082
3148
3138
3104
3104
3337
3143
3146
3088
3185
3168
3172
3085
3266
3190
3029
3166
3185
3218
3237
3112
3208
3197
3206
3097
3193
3137
3161
3168
3177
3111
3198
3191
3068
3140
3066
3057
3065
3065
3026
3026
3142
3042
3126
3066
3061
3066
3089
3038
3099
3092
3084
3144
3153
3144
3174
3164
3120
3119
3170
3173
3181
3186
3206
3103
3144
3077
3164
3059
3143
3220
3172
3275
3219
3123
3136
3202
3175
3138
3134
3235
3222
3266
3232
3258
3258
3058
3140
3093
3246
3229
3134
3107
3148
3242
3070
3147
3168
3137
3106
3148
3328
3104
3202
3132
3073
3128
3066
3087
3127
2991
3183
3081
3120
3018
3118
3164
3102
3116
3034
3214
3181
3163
3247
3165
3180
3249
3217
3102
3042
3112
3126
3191
3205
3221
3148
3202
3173
3146
3163
3193
3171
3228
3134
3094
3244
3141
3308
3246
3184
3245
3096
3198
3109
3137
3165
3094
3113
3076
3145
3117
3120
3095
3050
3067
2957
3174
3104
3094
3183
3128
3138
3154
3172
3172
3205
3103
3126
3166
3104
3178
3169
3202
3183
3307
3152
3245
3147
3275
3091
3100
3044
3063
3163
3131
3085
3026
3130
3304
3266
3100
3198
3224
3175
3181
3172
3208
3170
3150
3085
3173
3059
3205
3123
3139
3145
3165
3129
3073
3130
3166
3108
3070
3098
3092
3088
3027
3086
3072
3079
3180
3055
3131
3161
3179
3036
3061
3250
3051
3097
3102
3138
3130
3187
3231
3124
3141
3238
3176
3045
3298
3194
3160
3131
3145
3126
3313
3094
3130
3184
3153
3138
3089
3128
3171
3117
3144
3107
3139
3084
3085
3037
3218
3109
3074
3166
3081
3081
3126
3077
3153
3070
3113
3072
3101
3140
3052
3151
3126
3012
3111
3070
3210
3060
3091
3062
3192
3152
3213
3079
3113
3048
3080
3055
3175
3101
3093
3155
3153
3328
3188
3120
3168
3216
3243
3205
3131
3209
3263
3188
3099
3181
3126
3248
3210
3265
3201
3200
3213
3123
3242
3153
3241
3123
3152
3146
3333
3311
3191
3129
3295
3264
3249
3196
3294
3256
3195
3208
3140
3230
3281
3261
3192
3186
3297
3258
3213
3242
3241
3175
3158
3257
3183
3199
3178
3324
3225
3243
3179
3256
3164
3241
3154
3110
3232
3300
3271
3292
3186
3297
3242
3240
3143
