3184
3257
3159
3207
3115
3212
3148
3180
3127
3136
3284
3234
3182
3127
3162
3155
3325
3117
2987
3266
3235
3186
3203
3230
3117
3245
3185
3270
3253
3154
3167
3231
3260
3214
3190
3206
3182
3181
3132
3175
3255
3171
3125
3225
3118
3167
3173
3142
3218
3163
3198
3134
3145
3101
3227
3198
3146
3232
3192
3110
3245
3159
3095
3100
3177
3151
3147
3160
3122
3177
3156
3210
3114
3154
3002
3266
3067
3151
3142
3051
3114
3015
3133
3196
3090
3145
3122
3115
3177
3173
3105
3051
3127
2994
3164
3099
3112
3139
3107
3095
3188
3062
3140
3078
3112
3109
3134
3041
3087
3160
3180
3187
3192
3117
3160
3110
2974
3135
3145
3113
3118
3111
3103
3075
3098
3169
3064
3241
3170
3116
3136
3177
3108
3147
3038
3077
3141
3227
3154
3095
3104
3117
3032
3121
3101
3065
3238
3104
3087
3150
3136
3061
3057
3060
3035
3098
3112
3115
3117
3025
3019
3013
3048
3134
3078
3057
3106
3037
3068
3071
3106
3119
3149
3154
3149
3047
3124
3155
3097
3226
3212
3169
3110
3173
3123
3201
3152
3093
3105
3100
3228
3167
3215
3180
3147
3151
3171
3095
3236
3120
3100
3227
3156
3153
3142
3248
3173
3134
3108
3244
3181
3239
3075
3047
3149
3103
3178
3028
3173
3072
3022
3165
3101
3160
3077
3080
3055
3231
3124
3148
3209
3111
3088
3065
3090
3158
3186
3256
3245
3178
3121
3101
3112
3263
3168
3109
3154
3147
3273
3212
3163
3191
3175
3229
3124
3178
3171
3208
3114
3136
3188
3062
3181
3076
3166
3074
3083
3086
3059
3039
2902
3035
3073
3061
3123
3085
3106
3205
3127
3040
3129
3106
3112
3153
3104
3147
3124
3121
3085
3216
3234
3075
3105
3173
3154
3186
3219
3224
3183
3124
3157
3123
3290
3043
3177
3209
3147
3167
3180
3182
3107
3258
3109
3150
3148
3204
3146
3119
3212
3031
3125
3165
3014
3023
3063
3213
3045
3198
3173
3073
3076
3121
3010
3058
3044
3022
3054
3020
3149
3024
3122
3124
3102
3072
3053
3067
3084
3037
3065
3072
3069
3086
3092
3164
3109
3198
3257
3145
3164
3086
3178
3224
3123
3051
3121
3117
3148
3072
3136
3191
3123
3110
3093
3172
3134
3155
3176
3158
3020
3205
3095
3125
3159
3112
3108
3082
3138
3107
3088
3066
3124
3006
3080
3068
3019
3037
3105
3159
3072
3039
3115
3006
3074
3240
3086
3130
3076
3131
3116
3121
3090
3095
3215
3133
3100
3065
3158
3115
3198
3151
2868
3047
3054
3057
3060
3176
3126
3107
3095
3162
3155
3244
3194
3126
3190
3128
3222
3135
3190
3166
3248
3223
3075
3157
3094
3148
3217
3212
3257
3221
3314
3139
3100
3134
3107
3099
3115
3145
3200
3234
3164
3060
3229
3228
3112
3153
3186
3174
3156
3261
3222
3164
3221
3242
3162
3246
3198
3207
3210
3179
3181
3181
3237
3202
3289
3149
3155
3179
3137
3238
3244
3188
3130
3144
3186
3265
3092
3277
3153
3202
3209
3172
3228
3163
3204
3158
3176
3126
3200
3146
3210
3191
3185
3177
3293
3189
3328
3159
3237
3207
3223
3149
3212
3229
3176
3155
3192
3161
3152
3207
3202
3050
3185
3212
3287
3141
3093
3168
3205
3162
3165
3131
3149
3231
3317
3161
3153
3225
3206
3161
3251
3154
3175
3103
3189
3181
3191
3228
3255
3184
3187
3261
3295
3154
3122
3174
3235
3289
3162
3218
3141
3237
3206
3050
3119
3094
3194
3127
3221
3196
3188
3152
3263
3230
3195
3117
3215
3102
3182
3199
3151
3106
3152
3064
3230
3163
3208
3145
3136
3095
3107
3019
3092
3004
3143
3151
3152
3135
3130
3123
3118
3125
3031
3047
3127
3085
3150
3073
3116
3084
3131
3059
3120
3063
3130
3115
2991
3106
2944
3070
3042
3101
3167
3056
2993
3165
3022
3055
3033
3056
3116
3090
3114
3041
3045
3129
3112
3166
3092
3182
3178
3199
3097
3141
3148
3080
3120
3194
3097
3258
3087
3153
3215
3278
3135
3168
3108
3016
3237
3147
3120
3048
3120
3228
3125
3184
3038
3042
3073
3057
3099
3101
3035
2976
3098
3156
3175
3097
3022
3085
3097
3127
3121
3103
3095
3085
3089
3171
3068
3036
3068
3149
3052
3104
3133
3135
3161
3066
3152
3093
3114
3053
3073
3218
3153
3173
3157
3113
3118
3183
3168
3201
3042
3068
3196
3115
3143
3081
3215
3170
3185
3178
3194
3056
3106
3188
3154
3189
3213
3204
3130
3116
3149
3190
3044
3185
3111
3050
3094
3188
2953
3007
3021
3081
3155
3037
3044
3172
3071
3156
3120
3129
3122
3272
3152
3149
3081
3125
3093
3079
3073
3142
3222
3107
3209
3176
3229
3134
3178
3279
3146
3053
3119
3139
3088
3191
3245
3098
3065
3112
3155
3150
3042
3152
3074
3134
3018
3075
3000
3126
3105
3020
3069
3040
3068
3078
3092
2935
3129
3125
3058
3112
3052
3125
3103
3148
3175
3105
3138
3045
3074
3148
3110
3194
3075
3208
3151
3095
3139
3157
3040
3135
3200
3252
3150
3119
3053
3152
3134
2980
3121
3113
3072
3099
3048
3054
3134
3044
2960
3128
3090
3079
3154
3023
3130
3126
3032
3122
3084
3089
3059
3018
3070
3175
2967
3061
3077
3132
3148
3118
3039
3117
3100
3039
3005
3102
3082
3027
3066
3027
3092
3167
3075
3252
3131
3042
3205
3094
3128
3216
3112
3089
3047
3196
3139
3137
3047
3095
3144
3177
3141
3162
3173
3109
3118
3196
3145
3041
3123
3116
3124
3039
3082
3147
3046
3066
3115
3149
3129
2934
3182
3158
3122
3115
3176
3048
3112
3113
3088
3128
3026
2959
3048
3185
2987
3108
3020
3122
3048
3176
2999
3147
3049
2984
3073
3113
3114
3155
3115
3149
3208
3147
3255
3170
3150
3121
3231
3246
3156
3167
3084
3191
3063
3139
3240
3185
3143
3246
3170
3243
3108
3124
3240
3146
3140
3222
3204
3240
3151
3199
3164
3208
3082
3251
3132
3123
3266
3244
3195
3208
3164
3113
3187
3121
3175
3129
3114
3202
3250
3193
3196
3239
3129
3173
3135
3134
3199
3201
3137
3192
3133
3116
3180
3226
3197
3169
3198
3132
3181
3199
3166
3197
3139
