3164
3201
3132
3128
3197
3275
3112
3254
3169
3240
3188
3238
3178
3192
3212
3066
3141
3173
3222
3098
3235
3181
3216
3118
3161
3215
3315
3178
3271
3160
3252
3223
3176
3067
3245
3228
3132
3210
3205
3148
3218
3239
3143
3224
3095
3135
3257
3181
3214
3142
3102
3211
3118
3208
3133
3181
3153
3280
3275
3218
3221
3225
3173
3154
3195
3177
3155
3236
3189
3237
3117
3162
3040
3135
3178
3200
3039
3105
3096
3097
3068
3014
3089
3060
3073
3196
3202
3261
3053
3123
3074
3044
3040
3100
3151
3121
3018
3141
3190
3195
3114
3037
3108
3132
3071
3050
3144
3192
3157
3001
3069
3152
3151
3166
3150
3167
3138
3200
3123
3096
3163
3160
3077
3170
3213
3103
3030
3118
3082
3301
3142
3069
3156
3189
3216
3135
3143
3067
3159
3270
3151
3114
3050
3152
3056
3074
3048
3036
3057
3020
3074
3028
3046
3085
3089
3178
3112
3118
3121
3018
2966
3209
3077
3072
3115
3087
3152
3012
3201
3180
3068
3136
3072
3145
3192
3140
3079
3083
3029
3179
3073
3136
3171
3109
3133
3124
3138
3268
3161
3033
3247
3173
3136
3109
3234
3186
3103
3225
3052
3191
3164
3259
3130
3248
3119
3176
3122
3151
3128
3234
3191
3104
3098
3164
3133
3078
3138
2976
3153
3118
3079
3148
3183
3047
3022
3144
3129
3055
3214
3151
3148
3095
3179
3117
3073
3171
3131
3014
3125
3168
3195
3161
3042
3215
3184
3275
3153
3076
3084
3101
3278
3043
3123
3212
3179
3182
3222
3224
3225
3218
3155
3171
3125
3122
3094
3100
3193
3056
3112
3039
3089
3094
3110
3107
3052
3200
3180
3123
3181
3209
3179
3189
3126
3216
3242
3165
3219
3223
3151
3147
3154
3174
3196
3245
3132
3148
3103
3165
3122
3173
3151
3224
3235
3191
3268
3107
3141
3054
3173
3139
3142
3068
3054
3076
3120
3104
3057
3186
3060
3159
3168
3135
3140
3098
2991
3035
2973
3055
2936
3043
3030
3015
3102
3224
3236
3048
3189
3146
3062
3069
3042
3058
3039
3060
3043
3074
3085
3137
3061
3096
3147
3128
3195
3125
3180
3093
3169
3092
3025
3190
3143
3102
3100
3146
3211
3080
3170
3175
3125
3122
3073
3106
3176
3038
3118
3205
3145
3065
3136
3329
3092
3048
3071
3099
3145
3087
3191
3110
3156
3170
3168
3007
3056
3163
3236
3122
3087
3073
3063
3137
3123
3148
3058
3111
3205
3116
3065
3106
3050
3120
3086
3140
3049
3131
3151
3146
3071
3183
3074
3139
3125
3074
2966
3007
3081
3204
3145
3150
3127
3125
3172
3228
3124
3234
3107
3168
3124
3100
3261
3219
3147
3139
3209
3113
3223
3266
3181
3228
3168
3190
3199
3179
3296
3230
3147
3247
3137
3213
3193
3091
3074
3169
3218
3231
3143
3269
3175
3117
3149
3229
3130
3139
3202
3213
3261
3141
3117
3235
3228
3253
3150
3170
3165
3247
3125
3188
3238
3197
3215
3224
3191
3217
3123
3198
3133
3097
3158
3247
3235
3175
3100
3205
3233
3298
3119
3199
3193
3158
3141
3186
3147
3278
3209
3184
3236
3201
3083
3242
3198
3100
3170
3140
3036
3273
3187
3221
3212
3129
3180
3137
3138
3223
3284
3231
3206
3237
3243
3157
3114
3270
3261
3225
3206
3210
3175
3267
3280
3113
3127
3132
3167
3198
3206
3212
3104
3189
3236
3153
3185
3263
3249
3108
3203
3132
3214
3224
3081
3179
3153
3222
3184
3204
3168
3183
3309
3203
3219
3181
3203
3166
3145
3119
3194
3108
3174
3085
3132
3215
3200
3113
3135
3099
3154
3104
3260
3097
3011
3065
3107
3081
3090
3050
3246
3168
3114
3060
3153
3102
3083
3063
3081
3060
3121
3166
3114
3022
3033
3117
3058
3112
3163
3196
3170
3203
2989
3019
3092
3194
3042
3118
3189
3043
3050
3015
3084
3043
3135
3174
3216
3128
3093
3105
3143
3145
3204
3111
3103
3084
3051
3132
3142
3083
3128
3114
3086
3155
3198
3201
3193
3267
3146
3132
3089
3176
3089
3132
3131
3120
3193
3148
3186
3135
3150
3085
3099
3077
3107
3179
3017
3003
3018
3071
3048
3012
3091
3218
3021
3034
3054
3034
3034
3115
3083
3099
3219
3139
2977
3075
3138
3036
3042
3150
3144
3080
3045
3107
3095
3145
3197
3127
3056
3186
3043
3168
3186
3097
3174
3283
3119
3233
3123
3222
3095
3173
3094
3150
3151
2980
3197
3239
3095
3196
3136
3158
3069
3206
3077
3145
3186
3125
3163
3138
3177
3139
3015
2985
3032
3043
3099
3061
3079
3144
3084
3147
3107
3133
3101
3094
3151
3168
3071
3006
3199
3148
3072
3077
3148
3150
3189
3184
3133
3234
3186
3210
3172
3163
3204
3240
3102
3292
3200
3276
3108
3099
3132
3079
3107
3225
3102
3050
3054
3116
2996
3027
3131
3128
3174
3120
3032
3105
3056
3098
3020
3045
3159
3124
3013
3199
3199
3139
3147
3152
3171
3140
3106
3238
3090
3120
3096
3177
3175
3045
3154
3124
3061
3103
3173
3195
3192
3122
3217
3139
3024
3126
3183
3106
3039
3035
3237
3119
3104
3196
3106
3133
3017
3096
3141
3001
3195
3034
3114
3069
3155
3105
3052
3079
3141
3095
3167
3142
3117
3066
3032
3057
3059
3093
3042
3097
3021
3096
3086
3181
3087
3068
3211
3105
3008
3082
3114
3088
3130
3122
3112
3223
3140
3128
3079
3127
3089
3133
3171
3127
3060
3153
3140
3033
3100
3132
3151
3123
3118
3135
3092
3093
3099
3067
3089
3019
3089
3098
3075
3034
3122
3183
3094
3160
3114
3012
3085
3132
3049
3057
3074
3158
3126
3069
3169
3034
3082
3070
3075
3124
3118
3153
3107
3144
3057
3055
3124
3027
3043
3039
3067
3118
3056
3151
3018
3061
3206
3123
3148
3146
3134
3145
3000
3111
3123
3192
3194
3193
3102
3226
3152
3102
3255
3126
3236
3189
3194
3190
3183
3152
3169
3113
3339
3227
3093
3185
3131
3210
3184
3318
3242
3158
3208
3207
3225
3144
3139
3120
3185
3152
3281
3160
3223
3210
3159
3150
3160
3194
3152
3219
3183
3175
3143
3177
3108
3173
3235
3216
3179
3159
3189
3192
3234
3175
3222
3268
3097
3229
3181
3142
3234
