3153
3091
3172
3222
3128
3169
3172
3169
3013
3189
3248
3117
3183
3223
3118
3179
3112
3255
3219
3181
3184
3118
3187
3238
3267
3165
3175
3112
3144
3100
3192
3190
3283
3231
3204
3221
3062
3267
3207
3190
3122
3177
3186
3136
3097
3244
3237
3183
3113
3247
3076
3183
3181
3137
3131
3183
3187
3221
3163
3320
3157
3190
3190
3180
3056
3258
3104
3145
3135
3173
3166
3176
3115
3225
3174
3141
3038
3051
2931
3070
3016
3067
3228
3124
3039
3064
3186
3047
3158
3148
3119
3157
3041
3059
3082
3097
3019
3127
3089
3041
3149
3048
3202
3002
3133
3091
3046
3147
3067
3197
3041
3134
3127
3123
3174
3133
3158
3075
3124
3193
3131
3184
3132
3100
3299
3129
3109
3064
3070
3063
3102
3185
3155
3162
3246
3198
3019
3195
3027
3171
3098
3032
3038
3096
3152
3102
3127
3158
3074
3155
3037
3080
3099
3163
3048
3137
3064
3044
3036
3083
2929
3127
3139
2987
3109
3015
3125
3098
3148
3045
3095
3157
3043
3048
3168
3153
3039
3129
3067
3110
3102
3135
3018
3202
3311
3035
3139
3162
3100
3117
3184
3151
3139
3227
3183
3138
3136
3241
3105
3113
3155
3238
3116
3118
3130
3193
3181
3219
3264
3205
3138
3038
3124
3243
3148
3049
3100
3110
3093
3105
3060
3097
3112
3044
3055
3120
3143
3167
3096
3168
3052
3162
3168
3063
3191
3228
3095
3096
3136
3184
3166
3055
3176
3187
3175
3114
3299
3253
3144
3138
3220
3103
3133
3164
3100
3182
3114
3129
3237
3132
3141
3094
3082
3057
3128
3072
3104
3237
3000
3063
3059
3126
3104
3108
3131
3012
3124
3148
3213
3248
3052
3101
3217
3213
3090
3129
3289
3186
3098
3194
3121
3081
3114
3150
3114
3150
3192
3096
3192
3144
3098
3112
3012
3027
3164
3117
3103
3163
3171
3169
3019
3241
3061
3157
3099
3027
3174
3083
3056
3169
3152
3097
3057
3211
3068
3111
3048
3076
3145
3085
3123
3115
3056
3067
3054
3090
3130
3097
2988
3140
3110
3053
2995
3065
3053
3016
3048
3180
3123
3066
3138
3180
2941
3126
3196
3169
3138
3141
3167
3148
3079
3131
3094
3214
3161
3123
3092
3141
3215
3112
3064
3171
3187
3137
3108
3069
3081
3101
3116
3020
2993
3118
3151
3067
3243
3065
3117
3083
3098
3146
3054
3103
3016
3195
3186
3197
2948
3062
3131
3163
3072
3103
3100
3164
3133
3078
3072
3039
3197
3142
3125
3120
3155
3101
3071
3067
3057
3217
3144
3082
3135
3153
3054
3057
3156
3293
3173
3146
3124
3179
3122
3186
3218
3158
3270
3208
3073
3148
3224
3231
3121
3220
3158
3094
3181
3226
3153
3184
3168
3197
3199
3153
3164
3201
3238
3183
3180
3156
3160
3128
3198
3235
3212
3181
3200
3204
3206
3173
3187
3209
3126
3142
3202
3133
3194
3174
3191
3140
3249
3165
3169
3140
3159
3120
3185
3208
3155
3211
3263
3135
3170
3179
3164
3146
3180
3155
3216
3201
3169
3144
3204
3099
3137
3038
3170
3147
3141
3213
3155
3249
3236
3223
3235
3260
3112
3184
3107
3142
3290
3103
3119
3104
3211
3219
3263
3238
3176
3276
3172
3131
3160
3182
3251
3144
3284
3150
3220
3161
3026
3181
3190
3253
3220
3103
3316
3143
3188
3177
3224
3289
3115
3156
3179
3257
3128
3205
3205
3076
3328
3152
3226
3178
3246
3205
3093
3186
3103
3080
3156
3208
3278
3151
3075
3274
3265
3173
3204
3142
3145
3112
3121
3235
3120
3143
3136
3142
3220
3069
3197
3153
3097
3172
3170
3193
3221
3221
3086
3149
3145
3073
2986
3003
3096
3105
3125
3059
3090
3141
3093
3064
3077
3059
3078
3178
3001
3088
3130
3081
3138
3092
3182
3109
3126
3152
3073
3060
3109
3025
3087
3072
3196
3089
3095
3141
3115
3041
3049
3099
3196
3097
3024
3172
3146
3192
3093
3167
3148
3219
3110
3071
3170
3169
3068
3146
3122
3090
2984
3163
3138
3061
3045
3078
3154
3084
3046
3283
3097
3196
3145
3241
3065
3109
3079
3188
3091
2930
2952
2997
3096
3006
3081
3085
3084
3094
3120
3143
3136
3021
3074
3122
3105
3035
3068
3026
3044
3102
3106
3048
3004
3081
3085
3120
3069
3094
3140
3076
3096
3090
3151
3160
3009
3139
3091
3118
3115
3042
3096
3156
3101
3155
3172
3127
3168
3088
3151
3223
3145
3051
3177
3140
3121
3223
3146
3162
3157
3151
3235
3089
3183
3130
3047
3188
3063
3166
3231
3092
2999
3093
3068
3007
3158
2954
3094
3142
3102
3055
3112
3090
3170
3202
3114
3122
3110
3111
3186
3100
3149
3117
3166
3213
3117
3148
3109
3071
3112
3098
3126
3152
3143
3130
3020
3212
3106
3143
3121
3102
3143
3118
3174
3125
3062
3018
3066
3011
3059
3061
3086
3079
3022
3197
2968
3014
3065
3075
3071
3077
3036
3147
3008
3090
3203
3213
3086
3164
3109
3072
3112
3043
3181
3114
3143
3128
3138
3114
3166
3170
3152
3061
3097
3129
3227
3159
3147
3089
3201
3193
3115
3082
3189
3165
3029
3135
3111
3184
3049
3210
3070
3103
3089
3126
3116
3179
3148
3165
3196
3012
3051
3138
3051
2926
3152
3016
3089
3095
3005
3017
3038
3118
3161
3073
3048
3056
3096
2974
3065
3024
2997
2956
3022
3045
3047
3069
3118
3078
3212
3202
3119
3219
3188
3156
3155
3154
3083
3090
3116
3165
3160
3247
3148
3171
3151
3116
3074
3071
3023
3127
3101
3167
3123
3116
3022
2988
3147
3198
3135
3120
3080
3119
3050
3073
3101
3112
3197
3107
3098
3062
3087
3076
3074
3106
3071
3015
3064
3182
3075
3086
3137
3177
3088
3096
3053
3008
3122
3009
3077
3149
3119
3083
3176
3150
3262
3180
3176
3152
3166
3178
3093
3154
3187
3110
3253
3167
3224
3081
3076
3199
3172
3205
3084
3130
3100
3225
3176
3132
3165
3109
3148
3040
3266
3140
3214
3100
3235
3232
3179
3157
3195
3066
3142
3082
3234
3131
3146
3314
3104
3286
3200
3209
3155
3111
3228
3139
3194
3164
3180
3131
3183
3138
3126
3142
3265
3159
3130
3237
3198
3228
3202
3119
3185
3254
3256
3164
3278
