3142
3082
3092
3191
3206
3198
3176
3223
3217
3153
3202
3121
3150
3164
3268
3135
3155
3322
3129
3181
3150
3193
3206
3050
3224
3173
3231
3127
3108
3235
3174
3150
3294
3282
3204
3233
3196
3231
3229
3145
3256
3131
3193
3201
3210
3114
3217
3168
3204
3172
3214
3134
3230
3236
3157
3126
3168
3291
3267
3105
3211
3161
3106
3099
3304
3086
3246
3155
3188
3241
3205
3127
3041
3117
3203
3128
3145
3050
3017
3084
3055
3026
3074
3143
3112
3122
3205
3117
3126
3137
3128
3087
3089
3137
3023
3071
3228
3038
3087
3167
3117
3154
3087
3002
3056
3107
3137
3132
3055
3083
3160
3151
3056
3182
3101
3171
3095
3077
3085
3223
3151
3183
3105
3088
3065
3133
3089
3068
3119
3120
3069
3052
3160
3142
3125
3129
3115
3176
3073
3120
3124
3068
3098
3047
3064
3129
3032
3113
3018
3128
3059
3084
3018
3029
3025
3097
2990
3185
2995
2976
2957
3136
3054
3020
3008
3016
2934
2983
3186
3062
3123
3112
3084
3081
3045
3057
3122
3002
3060
3098
3055
3134
3162
3123
3049
3096
3059
3165
3178
3098
3169
3171
3186
3122
3036
3069
3031
3067
3147
3174
3033
3188
3279
3198
3177
3217
3136
3170
3162
3087
3133
3138
3129
3113
3124
3083
3046
3150
3070
2990
3022
3096
3168
3109
3087
3081
3088
3019
3126
3108
3142
3079
3201
3149
3152
3079
3112
3063
3204
3131
3053
3204
3181
3121
3137
3197
3152
3280
3172
3134
3045
3314
3132
3144
3237
3128
3272
3150
3209
3140
3113
3096
3131
3068
3076
3085
3025
3051
3097
3033
3088
3022
3014
3161
3141
3118
3088
3080
3129
3008
3150
3083
3093
3143
2998
3089
3183
3191
3103
3153
3175
3093
3110
3240
3226
3125
3159
3159
3111
3148
3170
3131
3184
3134
3165
3097
3126
3047
3178
3269
3065
3153
3163
3126
3184
3158
3033
3105
3128
3105
3115
3001
3253
3025
3119
2989
3100
3053
3070
3097
3022
3116
3181
2999
3098
3100
3043
3104
3130
3138
3097
3034
3080
3094
3110
3064
3096
3030
3116
3122
3198
3143
3219
3138
3093
3038
3190
3147
3220
3170
3039
3147
3048
3091
3047
3161
3090
3057
3050
3038
3132
3045
3094
3226
3084
3195
3169
3122
3029
3181
3156
3137
3053
3187
3104
3122
3117
3105
3106
3174
3126
3158
3130
3039
3129
3061
2956
3094
3090
3080
3071
3048
3087
3094
3144
3139
3149
3140
3064
3118
3067
3035
3084
3069
3127
3118
3131
3059
3112
3094
3059
3004
3059
3083
3076
3166
3137
3161
3221
3139
3204
3149
3181
3134
3098
3115
3197
3220
3250
3173
3209
3195
3249
3226
3113
3187
3190
3200
3153
3269
3188
3011
3218
3215
3228
3176
3230
3169
3254
3205
3233
3267
3185
3215
3110
3208
3283
3300
3138
3172
3168
3130
3238
3175
3036
3244
3103
3146
3190
3212
3171
3200
3186
3233
3184
3238
3145
3142
3215
3134
3211
3132
3179
3220
3274
3330
3171
3132
3183
3016
3165
3229
3126
3172
3123
3266
3153
3128
3226
3128
3238
3154
3242
3165
3106
3211
3225
3113
3161
3118
3098
3145
3268
3180
3148
3242
3188
3225
3094
3187
3154
3175
3167
3217
3188
3149
3212
3190
3147
3183
3203
3164
3135
3206
3263
3145
3268
3185
3221
3154
2960
3084
3182
3155
3222
3137
3252
3140
3214
3071
3096
3103
3176
3255
3172
3125
3046
3125
3079
3169
3210
3127
3187
3117
3096
3149
3205
3114
3153
3193
3133
3177
3076
3147
3229
3191
3155
3154
3198
3134
3024
3173
3192
3121
3251
3209
3105
3150
3064
3109
3196
3055
3062
3183
3069
3172
3110
3060
3181
3129
3056
3153
3055
3052
3058
3168
3192
3176
3066
3048
3044
3109
3048
3227
3132
2975
3079
3022
3098
3068
3084
3072
3060
3100
3153
3169
3086
3125
3095
3131
3150
3097
3060
3011
3182
3139
3181
3059
3066
3161
3198
3168
3039
3099
3138
3172
3156
3079
3073
3225
3061
3144
3084
3221
3056
3146
3099
3132
3123
3073
3097
3091
3214
3063
3064
3031
3068
2990
3034
3162
2985
2988
2970
2992
3074
3128
2951
3011
3047
3151
3000
3080
3203
3064
3200
3035
3071
3052
3080
3144
3085
3116
3147
3121
3125
3175
3163
3218
3086
3029
3018
3165
3111
3197
3070
3245
3224
3133
3178
3173
3141
3094
3202
2944
3203
3144
3065
3151
3174
3168
3078
3150
3126
3102
3259
3165
3111
3185
3219
3220
3147
3100
3097
3066
3168
3124
3144
3116
3058
3102
3053
2975
3040
3065
3097
3071
3012
3108
3046
3008
3079
3126
3123
3129
3181
3209
3137
3161
3257
3138
3073
3099
3128
3221
3171
3116
3150
3053
3141
3070
3155
3136
3277
3174
3148
3115
3163
3125
3199
3077
3159
3044
3026
3117
3172
3071
3166
3094
3078
3110
3042
3068
3059
3093
3016
3137
3078
3066
3236
3166
3168
3106
3176
3170
3167
3109
3256
3214
3097
3124
3151
3042
3137
3133
3161
3143
3177
3140
3053
3125
3014
3093
3214
3164
3193
3104
3139
3079
3258
3103
3058
3096
3160
3141
3178
3138
3062
3139
3012
3099
3096
3153
3170
3122
3048
3097
3051
3080
3078
3075
3169
3100
3108
3022
3002
3036
3037
3059
3100
3093
3039
3103
3180
3123
3074
2979
3097
3074
3149
3195
3154
3053
3153
2996
3052
3090
3244
3040
3110
3181
3081
3257
3153
3088
3030
3120
3131
3080
3125
3082
3070
2993
3132
3109
3122
3169
3134
3195
3164
3030
3146
3046
3045
3154
3049
3010
3139
3116
3043
3030
3061
3131
3036
3218
3065
3057
3010
3044
3084
3047
3116
3045
3177
3125
3088
2988
3154
3114
3128
3128
3142
3019
3061
3125
3080
3040
3039
2982
3090
3190
3163
3090
3062
3145
3218
3122
3185
3194
3158
3252
3199
3088
3176
3106
3102
3106
3175
3168
3220
3195
3071
3192
3147
3101
3232
3156
3217
3155
3258
3151
3295
3220
3102
3228
3196
3332
3177
3186
3113
3256
3121
3215
3199
3177
3211
3201
3296
3236
3157
3256
3170
3136
3187
3076
3172
3215
3263
3115
3155
3251
3249
3158
3073
3228
3281
3262
3148
3170
3243
3217
3219
3210
3176
