3178
3157
3206
3134
3215
3147
3143
3197
3156
3149
3069
3194
3313
3191
3257
3251
3190
3216
3197
3145
3184
3150
3245
3192
3151
3161
3202
3207
3170
3096
3149
3077
3283
3222
3122
3149
3228
3100
3198
3116
3242
3060
3213
3213
3110
3204
3184
3083
3202
3217
3154
3114
3084
3315
3083
3133
3118
3196
3187
3096
3224
3127
3169
3105
3227
3142
3273
3108
3097
3091
3156
3119
3166
3061
3109
3045
3094
2989
3043
3035
3095
3106
3162
3149
3024
3118
3125
3166
3086
3083
3054
3022
3190
3123
3115
3119
3061
2998
3184
3109
3086
3092
3126
3091
3034
3127
3086
3002
3149
3141
3198
3071
3134
3186
3093
3162
3090
3127
3053
2966
2993
3178
3214
3129
3211
3068
3126
3022
3176
3096
3273
3105
3041
3150
3065
3166
3097
3001
3127
3187
3189
3001
3005
3076
3015
3040
3010
3055
3161
3102
3121
3119
3038
3095
3164
2960
3122
3025
3172
3058
3112
3054
3056
3105
3144
3073
3010
3147
3124
3020
3059
3046
3107
3133
3115
3090
3051
3091
3026
3079
3136
3068
3117
3093
3137
3142
3189
3133
3168
3052
3072
3097
3220
3251
3178
3041
3113
3200
3190
3180
3175
3147
3117
3186
3166
3100
3152
3200
3090
3097
3152
3222
3122
3019
3121
3076
3075
3088
3077
3117
2982
3049
3067
3150
3091
3104
3078
3106
3185
2993
3096
2995
3261
3127
3101
3187
3201
3083
3248
3091
3186
3216
3073
3190
3172
3038
3146
3204
3183
3121
3147
3173
3108
3294
3127
3128
3133
3104
3149
3129
3057
3143
3076
3068
3116
3171
3052
3092
3105
3065
2953
3018
3062
2950
3106
3093
3135
3143
3062
3114
3135
3141
3081
3149
3085
3161
3147
3165
3150
3209
3068
3183
3162
3156
3166
3197
3212
3102
3069
3176
3100
3170
3192
3148
3240
3037
3024
3161
3183
3073
3085
3130
3130
3192
3125
3128
3013
3135
3042
3066
3114
3088
3123
3025
3111
3017
3011
3040
2917
3035
3072
3028
3153
2985
3031
3068
3111
3115
3082
3115
3018
3187
3063
3079
3010
3105
3165
3109
3139
2993
3156
3081
3136
3071
3094
3043
3026
3263
3164
3099
3123
3109
3234
3085
3179
3105
3106
3147
3213
3250
3122
3120
3043
3140
3198
3076
3040
3064
3112
3091
3021
3007
3125
3110
3097
3144
3192
3033
3230
3162
3182
2995
3029
3137
3146
3064
3029
3112
3194
3143
3062
3138
3072
3072
3151
3097
3066
3133
3072
3192
3038
3116
3146
3194
3120
3070
3082
3010
3098
3063
3131
3077
3094
3094
3109
3054
3093
3131
3097
3127
3199
3137
3038
3242
3196
3198
3099
3106
3255
3102
3258
3217
3271
3125
3091
3178
3242
3135
3122
3152
3269
3091
3210
3159
3196
3130
3183
3256
3163
3244
3164
3063
3241
3141
3151
3221
3129
3283
3238
3267
3126
3203
3188
3215
3144
3188
3291
3180
3228
3205
3178
3264
3160
3175
3128
3143
3172
3304
3198
3251
3073
3134
3047
3207
3193
3136
3159
3184
3157
3183
3066
3155
3161
3202
3184
3252
3279
3220
3048
3249
3100
3151
3164
3126
3178
3155
3149
3118
3173
3239
3199
3194
3218
3083
3232
3113
3154
3245
3182
3156
3096
3183
3178
3197
3213
3173
3130
3184
3114
3152
3034
2984
3193
3205
3181
3108
3202
3211
3219
3073
3130
3179
3286
3176
3206
3174
3185
3156
3193
3131
3182
3143
3229
3222
3149
3263
3130
3112
3229
3182
3181
3092
3194
3277
3174
3301
3191
3207
3044
3195
3172
3162
3237
3283
3136
3180
3221
3191
3125
3136
3099
3215
3139
3218
3182
3103
3174
3086
3105
3090
3017
2974
3176
3091
3140
3067
3075
3176
3157
3116
3048
3219
3075
3074
3181
3135
3164
3087
3094
3037
3123
3119
3178
3139
3080
3082
3066
3009
3103
3162
3168
3145
3022
3166
3134
3199
3131
3077
3023
3130
3161
3150
3011
3076
3175
3095
3019
3187
3126
3263
3178
3169
3140
3107
3092
3093
3166
3168
3134
3163
3137
3032
3327
3179
3170
3194
3218
3154
3192
3053
3100
3175
3046
3055
3123
3000
3118
2994
2964
3021
3049
3094
3097
3124
3061
3122
3131
3048
3114
3082
2995
3042
3114
2980
2902
3187
3011
2969
3008
3014
3030
3080
3097
2972
3085
3007
3053
3057
3019
3105
3091
3195
3054
3267
3198
3120
3215
3036
3050
3124
3062
3101
3184
3209
3039
3158
3118
3181
3036
3146
3164
3103
3123
3142
3100
3208
3220
3103
3141
3143
3123
3016
3061
3181
3118
3089
3080
3107
3100
3014
3058
3049
3141
3083
3003
3151
3118
3037
3161
3085
3155
3105
3152
3158
3067
3126
3118
3160
3081
3141
3106
3171
3091
3167
3116
3178
3153
3215
3132
3233
3057
3178
3198
3189
3164
3154
3106
3194
3136
3230
3137
3131
3133
2988
3073
3102
3186
3120
3099
2970
3084
3008
3032
3035
3137
3076
3157
3062
3112
3259
3118
3134
3235
2974
3163
3130
3102
3193
3077
3212
3100
3129
3221
3184
3101
3000
3165
3133
3131
3167
3131
3123
3151
3070
3081
3149
3088
3156
3122
3009
3050
3159
3105
3104
3140
3063
3029
3009
3043
3008
3062
3182
3169
3080
3031
3069
3000
3037
3025
3053
3059
3053
2956
3082
3029
3028
3067
3202
2990
3053
3192
2999
3090
2985
3094
2986
3065
2954
3034
3050
3081
3157
3176
3069
3034
3077
3010
3093
3175
3137
3059
3089
3048
3182
3097
3094
3117
3031
3083
3241
3136
3008
3103
3138
3145
3074
3160
3053
3139
3115
3065
3104
3075
3078
3085
2992
3214
3179
3026
3184
3030
3090
3119
3204
2978
3064
3091
3094
3121
3008
3016
3114
3170
3065
3129
3024
3141
3135
3105
3101
3252
3091
2998
3054
3092
3131
3051
3079
3101
3128
3136
3070
3119
3228
3143
3168
3143
3131
3180
3209
3143
3182
3117
3192
3055
3177
3197
3187
3105
3175
3142
3141
3166
3123
3145
3168
3080
3172
3216
3118
3176
3270
3080
3219
3238
3308
3250
3181
3200
3210
3182
3147
3175
3119
3241
3154
3210
3150
3122
3174
3163
3207
3185
3215
3148
3225
3361
3156
3174
3335
3243
3225
3173
3147
3233
3271
3182
3097
3193
3201
3137
3194
3262
