3166
3176
3230
3087
3174
3195
3156
3201
3164
3188
3176
3215
3121
3182
3228
3163
3216
3148
3210
3290
3118
3218
3204
3097
3186
3156
3093
3303
3076
3078
3181
3189
3147
3221
3273
3203
3111
3234
3158
3082
3201
3208
3295
3113
3044
3213
3222
3197
3202
3181
3201
3062
3096
3114
3112
3266
3160
3154
3102
3153
3188
3145
3030
3130
3090
3170
3098
3275
3124
3130
3180
3106
3124
3059
3140
3135
3059
3113
3121
3072
3107
3160
3058
3169
3198
3114
3133
3160
3137
3154
3073
3109
3133
3166
3051
3142
3086
3068
3090
3093
3129
2989
3058
3149
3120
3058
3121
3046
3006
3060
3046
3100
3179
3081
3080
3106
3176
3078
3167
3111
3178
3109
2978
3089
3119
3017
3101
3043
3179
3141
3191
3073
3220
3095
3054
3205
3051
3129
3140
3066
3077
3020
2987
3081
3015
2974
3057
3120
3120
3011
3050
3140
3064
3003
3071
3120
3192
3079
3095
3143
3069
3080
3026
2967
3110
3094
3175
3030
3026
3066
3156
3177
3099
3012
3083
3085
3143
3096
3185
3065
3094
3057
3153
3230
3098
3109
3057
3237
3140
3093
3232
3133
3107
3160
3129
3218
3146
3120
3156
3073
3062
3265
3139
3230
3280
3130
3084
3138
3217
3071
3101
3116
3045
3196
3134
3117
3131
3053
3099
3106
3190
3133
3072
3032
3092
3017
3005
3057
3119
3113
3093
3163
3045
3086
3087
3100
3214
3089
3094
3225
3075
3228
3077
3129
3160
3169
3052
3187
3093
3181
3172
3008
3203
3089
3121
3150
3075
3088
3133
3154
3055
2988
3021
3088
3137
2995
3015
3067
3042
3062
3003
3111
3098
3033
3002
3120
3087
3161
3057
3235
3227
3078
3147
3093
3165
3036
3126
3168
3050
3065
3057
3153
3146
3118
3089
3092
3163
3196
3128
3078
3060
3183
3056
3149
3036
3096
3073
3098
3138
3155
3077
3117
3103
3151
3105
3108
3065
3073
3158
3082
3029
3044
3001
3033
3072
3125
3086
3128
3074
3008
3005
3155
3068
2987
3040
3105
3094
3024
3139
3206
3152
3034
3173
3007
3132
3010
3091
3006
3046
3111
3179
3144
3118
3127
3071
3104
3143
3086
3134
3101
3116
3000
2990
3029
3054
3143
3010
3085
3018
3150
3177
3114
3086
3090
3160
3110
3125
3120
3037
3091
3199
3050
3122
3159
3117
3103
3111
3071
3063
3170
3207
3150
3076
3179
3098
3124
3049
3016
2959
3064
3121
3155
3077
3071
3103
3077
3069
3003
2988
3136
3140
3153
3146
3244
2992
3111
3166
3185
3272
3097
3015
3142
3035
2993
3093
3180
3113
3163
3219
3138
3180
3030
3230
3077
3218
3215
3211
3121
3130
3191
3132
3191
3155
3076
3209
3063
3093
3239
3104
3182
3255
3142
3265
3200
3102
3132
3054
3128
3177
3164
3173
3222
3180
3311
3187
3136
3085
3141
3191
3232
3166
3133
3155
3096
3125
3123
3159
3142
3181
3254
3243
3142
3132
3244
3198
3214
3080
3107
3233
3123
3231
3076
3175
3234
3171
3088
3220
3218
3142
3081
3092
3114
3153
3207
3126
3205
3099
3198
3247
3149
3276
3145
3045
3126
3196
3136
3162
3246
3178
3207
3204
3197
3211
3274
3234
3124
3254
3215
3161
3269
3260
3103
3122
3073
3142
3170
3136
3258
3038
3095
3169
3163
3221
3174
3188
3121
3132
3258
3197
3260
3110
3184
3154
3242
3014
3200
3208
3129
3143
3182
3076
3251
3235
3176
3149
3202
3156
3081
3116
3159
3186
3230
3192
3182
3188
3186
3175
3233
3183
3211
3206
3149
3065
3117
3149
3215
3071
3128
3125
3188
3196
3144
3116
3118
3149
3071
3126
3132
3092
3090
3013
3035
3144
3118
3001
3074
3087
3077
3151
3089
3118
2999
3094
3137
3074
3205
3027
3082
3154
3045
3077
3071
3123
3249
3110
3094
3145
3161
3170
3051
3088
3135
3024
3058
3120
3023
2987
3022
3067
3167
3135
3141
3028
3118
3055
3109
3130
3092
3171
3120
3105
3084
3180
3076
3105
3078
3105
3091
3131
3094
3076
3192
3097
3170
3034
3122
3126
3186
3169
3004
3107
2889
3080
3120
3051
3071
2983
3028
3009
2975
2981
3064
3109
3087
3149
3028
3061
3045
3112
3076
3150
3082
3029
3039
3031
3081
2946
3177
2958
3081
2980
3027
2991
3209
3134
3111
2977
3050
3139
3131
3083
3177
3162
3261
3189
3097
3153
3090
3136
3120
3019
3112
3103
3140
3233
3150
3114
3156
3180
3033
3102
3111
3121
3231
3310
3171
3103
3095
3149
3121
3133
3102
3080
3010
3010
3093
3051
2999
3055
3049
3047
3131
3026
3072
3065
3056
3085
3250
3096
3043
3064
3103
3092
3076
3133
3159
3145
3080
3087
3174
3153
3135
3114
3147
3109
3167
3157
3088
3275
3118
3097
3085
3158
3147
3184
3111
3281
3118
3126
3085
3026
3111
3121
3060
3202
3087
3079
3147
3081
3128
2988
3089
3049
3058
3042
3132
3125
3043
3092
3012
3203
3041
3128
3127
3052
3172
3142
3077
3104
3064
3134
3136
3178
3005
3095
3028
3117
3116
3176
3055
3092
3085
3067
3083
3067
3039
3122
3089
3116
3052
3161
3173
3098
3103
3039
3186
3113
3107
3064
3098
2973
2981
3110
3036
3032
3111
3013
3156
3029
3090
2990
3119
3157
3052
2995
3043
3036
2993
3187
3099
3005
3212
3087
3070
3045
3110
3011
3041
3038
3021
3106
3146
3134
3136
3161
3174
3100
3154
3059
3019
3047
3125
3048
3221
3042
3207
3017
3052
3104
3057
3068
3048
3043
3149
3033
3042
3055
3081
3128
3180
3174
3158
3059
3110
3173
3014
3209
3029
3025
3059
3014
3201
3179
3092
3114
3032
3064
3062
3067
3126
3030
3011
3070
3152
3209
3162
3035
3137
3132
3027
3113
3029
3159
3067
3077
3012
3095
3135
3040
3030
3166
3208
3112
3178
3244
3145
3177
2987
3270
3153
3177
3173
3153
3152
3176
3153
3185
3265
3250
3141
3149
3141
3142
3140
3183
3182
3213
3213
3143
3297
3219
3176
3081
3078
3258
3176
3150
3199
3223
3101
3179
3116
3276
3198
3184
3205
3159
3149
3119
3144
3188
3142
3044
3115
3166
3139
3187
3151
3235
3154
3204
3160
3124
3199
3174
3142
3168
3241
3160
3202
3116
3294
3156
