3717
3729
3702
3738
3701
3686
3786
3671
3708
3708
3800
3879
3789
3772
3720
3745
3661
3727
3737
3791
3693
3712
3633
3665
3623
3778
3734
3635
3605
3673
3655
3682
3720
3742
3660
3779
3703
3750
3749
3683
3743
3628
3684
3738
3673
3730
3775
3668
3682
3565
3701
3715
3721
3705
3796
3747
3631
3627
3732
3657
3808
3627
3744
3732
3602
3759
3704
3588
3542
3703
3643
3626
3695
3660
3627
3566
3689
3519
3545
3572
3528
3487
3528
3584
3561
3641
3722
3672
3618
3504
3528
3595
3686
3746
3760
3667
3712
3686
3638
3625
3640
3571
3622
3592
3567
3618
3539
3573
3492
3690
3580
3670
3701
3415
3608
3663
3615
3602
3694
3629
3756
3619
3591
3619
3622
3593
3710
3658
3623
3669
3653
3558
3594
3591
3692
3647
3637
3577
3773
3612
3657
3679
3721
3517
3480
3551
3447
3620
3608
3612
3565
3513
3564
3594
3618
3701
3541
3590
3586
3530
3684
3521
3689
3603
3710
3620
3532
3582
3656
3636
3539
3554
3584
3618
3611
3634
3648
3650
3721
3614
3695
3644
3599
3627
3581
3678
3671
3651
3619
3625
3602
3616
3586
3791
3679
3618
3721
3608
3631
3658
3542
3653
3689
3546
3664
3614
3591
3665
3749
3644
3661
3512
3596
3677
3597
3623
3638
3607
3745
3636
3589
3545
3489
3552
3619
3620
3603
3561
3674
3609
3612
3711
3620
3618
3504
3656
3565
3692
3729
3589
3664
3696
3675
3695
3611
3674
3736
3792
3662
3647
3690
3690
3653
3641
3620
3611
3597
3611
3618
3630
3583
3672
3674
3646
3606
3602
3719
3610
3564
3627
3671
3637
3535
3452
3538
3568
3533
3623
3545
3682
3611
3698
3502
3754
3612
3628
3612
3681
3719
3704
3711
3713
3619
3659
3587
3688
3695
3604
3612
3645
3742
3624
3685
3610
3685
3646
3611
3721
3730
3646
3705
3556
3566
3724
3678
3633
3706
3687
3588
3560
3562
3531
3641
3534
3619
3538
3497
3601
3609
3547
3544
3648
3564
3591
3565
3520
3493
3561
3604
3583
3563
3604
3572
3641
3466
3549
3478
3610
3609
3712
3602
3585
3584
3544
3623
3705
3621
3681
3592
3631
3648
3675
3560
3675
3791
3606
3659
3596
3650
3604
3550
3604
3636
3660
3619
3616
3667
3612
3621
3676
3554
3548
3686
3645
3614
3631
3616
3660
3631
3590
3654
3607
3600
3691
3538
3518
3502
3630
3578
3489
3622
3690
3599
3687
3603
3576
3626
3628
3750
3677
3660
3620
3462
3566
3609
3777
3650
3555
3734
3627
3601
3581
3658
3477
3607
3630
3684
3706
3649
3751
3637
3620
3781
3701
3711
3649
3807
3762
3690
3746
3717
3704
3660
3771
3687
3644
3621
3628
3817
3718
3714
3575
3645
3670
3729
3726
3645
3796
3685
3756
3690
3713
3706
3582
3717
3702
3695
3597
3702
3735
3577
3698
3781
3673
3670
3801
3686
3624
3754
3660
3497
3764
3670
3746
3640
3694
3780
3574
3785
3635
3615
3657
3692
3712
3678
3818
3680
3652
3729
3713
3635
3735
3715
3631
3672
3635
3724
3755
3766
3777
3633
3713
3651
3654
3713
3652
3592
3702
3667
3739
3590
3623
3746
3670
3720
3736
3600
3695
3611
3625
3815
3753
3720
3665
3547
3688
3758
3599
3717
3668
3645
3686
3691
3696
3845
3739
3709
3689
3730
3760
3799
3708
3810
3659
3768
3678
3650
3632
3724
3540
3639
3763
3654
3646
3652
3794
3765
3581
3712
3777
3673
3769
3624
3635
3693
3817
3565
3690
3696
3659
3654
3748
3703
3653
3754
3677
3749
3730
3623
3646
3612
3716
3667
3685
3692
3770
3665
3567
3555
3643
3529
3578
3717
3584
3632
3645
3618
3616
3638
3670
3775
3725
3552
3751
3652
3716
3742
3753
3618
3681
3711
3722
3584
3650
3604
3694
3547
3585
3630
3551
3624
3508
3489
3665
3549
3563
3580
3690
3586
3542
3616
3635
3651
3616
3606
3659
3588
3601
3633
3714
3580
3597
3803
3531
3634
3638
3566
3544
3601
3505
3615
3602
3567
3660
3622
3674
3670
3682
3602
3741
3626
3641
3591
3582
3689
3583
3528
3586
3587
3518
3609
3601
3569
3543
3627
3532
3566
3520
3582
3595
3664
3600
3577
3545
3630
3596
3644
3610
3572
3561
3535
3600
3581
3610
3530
3543
3587
3531
3565
3659
3624
3547
3766
3620
3686
3676
3652
3698
3686
3612
3733
3696
3690
3698
3687
3569
3616
3646
3565
3635
3678
3702
3673
3558
3626
3696
3720
3657
3601
3501
3607
3702
3582
3582
3707
3501
3585
3708
3636
3463
3511
3568
3621
3609
3551
3441
3608
3563
3591
3621
3634
3615
3707
3690
3617
3602
3711
3617
3634
3739
3605
3668
3586
3661
3677
3700
3712
3583
3631
3729
3534
3679
3607
3699
3626
3577
3609
3528
3582
3597
3622
3569
3588
3515
3435
3587
3557
3570
3673
3693
3634
3444
3571
3574
3622
3668
3497
3675
3541
3515
3534
3644
3724
3628
3659
3654
3675
3695
3650
3521
3632
3544
3714
3612
3605
3619
3640
3709
3597
3670
3586
3541
3600
3757
3634
3664
3571
3646
3710
3638
3542
3541
3721
3528
3505
3754
3608
3498
3569
3563
3463
3637
3508
3623
3552
3548
3532
3442
3696
3674
3556
3524
3548
3471
3641
3613
3700
3642
3566
3506
3525
3555
3568
3607
3627
3599
3609
3569
3493
3578
3421
3556
3562
3589
3637
3589
3572
3604
3696
3629
3700
3712
3584
3620
3496
3658
3770
3573
3629
3578
3477
3600
3620
3627
3622
3548
3644
3559
3656
3654
3595
3716
3539
3570
3668
3547
3620
3488
3687
3620
3517
3631
3572
3512
3612
3610
3537
3642
3584
3660
3657
3588
3620
3780
3665
3684
3684
3637
3719
3659
3688
3614
3548
3641
3575
3617
3680
3681
3680
3689
3525
3760
3606
3777
3764
3673
3674
3679
3744
3750
3772
3663
3623
3676
3682
3644
3743
3649
3731
3657
3804
3755
3702
3738
3682
3685
3724
3652
3721
3667
3635
3678
3719
3802
3770
3710
3756
3755
3670
3755
3786
3739
3777
3590
3678
3658
3617
3638
3753
3698
3623
3654
3698
3625
3757
3637
3687
3722
3736
3658
3742
3706
3788
3792
3679
3727
3688
3596
3714
3646
3670
3750
3667
