3250
3305
3296
3206
3196
3133
3134
3171
3159
3147
3217
3205
3195
3197
3183
3120
3156
3108
3213
3168
3054
3150
3158
3196
3171
3182
3144
3258
3091
3165
3244
3154
3135
3102
3122
3076
3110
3152
3188
3141
3165
3128
3119
3224
3209
3227
3193
3159
3185
3156
3208
3129
3295
3179
3105
3093
3223
3191
3154
3187
3180
3270
3206
3168
3160
3085
3165
3030
3216
3111
3140
3085
3214
3171
3108
3129
3046
3130
3043
3084
3096
3096
3048
3225
3246
3046
3102
2974
3166
3091
3080
3013
3131
3116
3181
3015
3097
3061
3157
3058
3070
3139
3032
3107
3044
3152
3155
3084
3002
3174
3059
3078
3162
3114
3077
3121
3141
3006
3083
3144
3101
3105
3141
3144
3077
3120
3195
3094
3155
3214
3081
3142
3055
3073
3177
3129
3227
3079
3122
3036
3136
2996
3092
3078
3061
3077
3147
3075
3081
3151
3025
3053
3010
3047
3132
3056
3042
3136
3019
3060
3139
2992
3015
3107
3211
3137
3039
3114
3128
3136
2981
3184
3035
3089
3024
3087
3197
3109
3039
3125
3032
3130
3056
3000
3088
3098
3108
3185
3094
3091
3157
3105
3129
3098
3100
3135
3180
3134
3142
3050
3078
3128
3200
3117
3116
3107
3115
3175
3202
3065
3201
3073
3055
3168
3083
3194
3006
3029
3013
3126
3042
3057
3069
3010
3061
3039
3064
3112
3025
3219
3172
3108
3045
3158
3097
3119
3212
3090
3125
3156
3129
3129
3154
3175
3178
3160
3114
3133
3238
3091
3255
3069
3111
3111
3113
3072
3102
3235
3082
3136
3094
3183
3042
3184
3107
3145
3147
3093
3101
3087
3031
3116
3081
3133
3123
3156
3064
3120
3026
3022
3098
3156
3208
3054
3152
3164
3158
3172
3195
3107
3177
3080
3190
3041
3089
3159
3136
3017
3114
3112
3070
3083
3172
3013
3085
3173
3129
3126
2961
3088
3159
3155
3040
3139
3163
3139
3081
3111
3144
3036
3181
3064
2986
3017
3113
3063
3121
3025
3114
2970
3137
3134
3025
3009
3053
3062
3180
3017
2992
3088
3070
3128
3164
3041
2995
2972
3100
3146
3027
3052
3164
2988
3073
3062
3237
3094
3110
3071
3015
3250
3130
3043
3131
3010
3135
3154
3043
3139
3137
3055
3076
3114
3036
3091
3173
3053
3124
3103
3144
3076
3059
2981
3131
3095
3087
3130
3084
2957
3078
3123
3087
3084
3216
3086
3145
3135
3123
3166
3060
3154
3160
3132
3040
3107
3125
2948
3095
3102
3184
3257
3231
3112
3234
3115
3026
3025
3102
3095
3117
3051
3067
3066
3064
3081
3182
3166
3187
3178
3175
3164
3174
3139
3170
3238
3126
3251
3235
3145
3200
3213
3233
3287
3273
3264
3212
3208
3189
3175
3202
3144
3147
3143
3131
3145
3128
3096
3195
3201
3168
3175
3065
3115
3194
3207
3304
3098
3217
3119
3141
3257
3091
3189
3101
3084
3282
3188
3201
3066
3191
3213
3089
3268
3011
3212
3223
3124
3188
3267
3244
3203
3179
3170
3282
3178
3186
3135
3170
3221
3122
3130
3213
3184
3160
3070
3156
3216
3191
3080
3179
3361
3130
3254
3139
3092
3023
3161
3075
3187
3271
3221
3213
3224
3128
3093
3101
3134
3233
3236
3147
3190
3181
3087
3083
3141
3134
3113
3113
3180
3093
3162
3150
3205
3172
3183
3179
3129
3134
3169
3213
3128
3118
3205
3137
3109
3108
3132
3117
3260
3097
3259
3131
3111
3157
3123
3106
3162
3160
3260
3299
3190
3239
3234
3106
3208
3121
3152
3177
3052
3135
3144
3102
3154
3120
3232
3161
3178
3143
3230
3140
3163
3099
3180
3315
3155
3234
3203
3093
3131
3109
3115
3016
3010
3062
3080
3147
3133
3149
3208
3143
3088
3135
3099
3052
3212
3170
3125
3149
3059
3092
3095
3078
3041
3195
3084
3095
3019
3131
3115
3086
2984
3163
3035
3016
3108
3161
3110
3201
3120
3067
3101
3165
3126
3131
3087
3121
3205
2949
3057
3123
3194
3093
3085
3148
3042
3062
3034
3076
3105
3034
3037
3097
3153
3080
3113
3119
3134
3149
3160
3128
3020
3114
3072
3105
2950
2998
3054
2993
3120
3047
3039
3028
3065
3110
3128
2973
3115
3124
2999
3154
3128
3149
3017
3094
3077
3089
3157
3047
3089
3111
3081
3039
3052
3070
3176
3097
2969
3085
2974
3096
3092
3165
3083
3011
3015
3103
3073
3121
3149
3105
3106
3182
3064
3071
3136
3044
3011
3031
3168
3171
3077
3145
3130
3095
3119
3121
3173
3176
3203
3163
3107
3156
3182
3058
3117
3105
3081
2992
3075
3028
3049
3019
3047
3001
3129
3000
3074
2996
3090
3117
3107
3031
3118
3020
3210
3139
3188
3208
3066
3200
3145
3216
3127
3060
3220
3146
3122
3031
3174
3069
3136
3146
3090
3223
3149
3109
3230
3207
3197
3090
3114
3072
3098
3096
2998
2990
3124
3134
3054
3127
3114
3033
3116
3128
3075
3043
3111
3044
3031
3012
3067
3057
3103
3098
3166
3122
3053
3085
3110
3091
3130
3263
2983
3122
3049
3088
3135
3102
3235
3151
3084
3063
3059
3122
3120
3052
3042
3097
3147
3076
3130
3129
3106
3180
2993
3131
3109
3026
3076
3093
3140
3167
3053
3179
3116
3076
3099
3160
3087
3161
2952
3046
3130
3086
3065
3088
3074
3115
3091
3074
3128
3190
3009
2953
3091
3072
2947
3048
2961
3095
3080
3113
3093
3149
3131
3100
3105
3122
3083
3115
3199
3074
3152
3045
3109
2997
3281
3051
3106
3076
3048
3101
3025
3191
3075
3062
3132
3064
3261
3035
3044
3107
3133
3162
3085
2946
3129
3081
3089
3040
3172
3160
3066
3168
3153
3073
3079
3156
3138
3101
3065
3173
3000
3095
3189
3117
3116
3181
3147
3092
3166
3080
3054
3143
3057
3107
3066
3096
3031
3145
3161
3133
3161
3164
3091
3176
3219
3091
3156
3083
3309
3129
3089
3163
3097
3172
3137
3114
3065
3230
3185
3096
3104
3151
3096
3081
3163
3127
3092
3116
3167
3124
3231
3189
3109
3158
3195
3168
3268
3192
3132
3157
3219
3138
3144
3151
3233
3210
3176
3215
3222
3205
3188
3106
3071
3118
3058
3135
3046
3287
3064
3194
3236
3156
3148
3201
3153
3116
3172
3180
3169
3169
3094
3055
