3900
3956
3888
3966
3790
3859
3877
3929
3876
3810
3908
3930
3922
3839
3903
3885
3972
3784
3757
3851
3837
3925
3890
3839
3810
4031
3933
3890
3868
3812
3854
3968
3864
3862
3878
3875
3825
3854
3795
3897
3913
3905
3777
3829
3898
3962
3875
3887
3941
3993
3794
3915
3842
3951
3888
3797
3900
3854
3855
3829
3794
3950
3806
3779
3885
3813
3786
3729
3740
3627
3726
3605
3689
3582
3613
3546
3494
3637
3548
3591
3556
3613
3533
3657
3480
3684
3706
3701
3754
3722
3679
3756
3700
3821
3768
3680
3893
3888
3762
3890
3886
3921
3829
3769
3738
3845
3841
3808
3861
3900
3873
3805
3950
3752
3872
3834
3916
3875
3842
3764
3831
3786
3791
3920
3943
3894
3789
3836
3853
3952
3755
3780
3855
3778
3879
3799
3782
3819
3843
3666
3789
3795
3650
3585
3641
3631
3544
3710
3674
3652
3626
3747
3707
3661
3695
3860
3591
3673
3787
3758
3767
3711
3647
3774
3774
3816
3849
3921
3850
3833
3959
3830
3889
3947
3852
3970
3900
3886
3933
3778
3852
3899
3917
4001
3800
3847
3929
3920
3818
3939
3867
3893
3826
3933
3866
3893
3954
3881
3836
3941
3763
3849
3906
3886
4027
3868
3846
3806
3838
3812
3890
3827
3854
3835
3757
3731
3703
3595
3650
3726
3836
3643
3689
3762
3768
3750
3803
3733
3843
3816
3953
3930
3872
3859
3891
3857
3943
3824
3987
3913
3902
3827
3843
3903
3781
3894
3804
3905
3907
3947
3709
3895
3906
3817
3793
3930
3894
3958
3784
3799
3863
3657
3865
3789
3855
3890
3723
3651
3780
3654
3716
3765
3684
3710
3862
3640
3663
3794
3830
3881
3769
3829
3659
3841
3932
3856
3860
3864
3974
3806
3969
3877
3941
3903
3791
3884
3907
3787
3827
3864
3891
3866
3977
3864
3951
3870
3867
3981
3893
3868
3798
3892
3917
3893
3781
3781
3851
3933
3955
3784
4004
3918
3992
3775
3835
3745
3811
3847
3932
3874
3881
3822
3810
3852
3691
3690
3581
3860
3608
3684
3657
3661
3643
3637
3475
3485
3564
3719
3570
3682
3755
3687
3724
3777
3776
3892
3816
3875
3879
3874
3748
3869
3915
4040
3821
3811
3859
3842
3843
3765
3870
3903
3779
3910
3799
3847
3901
3867
3856
3866
3912
3740
3895
3774
3868
3812
3859
3916
3830
3773
3765
3817
3689
3857
3823
3857
3919
3899
3852
3770
3780
3879
3865
3733
3609
3647
3711
3913
3677
3721
3634
3607
3589
3642
3614
3645
3573
3498
3478
3428
3570
3542
3478
3563
3646
3647
3725
3630
3668
3750
3799
3749
3806
3795
3918
3838
3798
3819
3912
3898
3794
3866
3943
3698
3860
3866
3875
3847
3849
3764
3837
3877
3851
3852
3987
3850
3886
3870
3863
3775
3844
3902
3905
3868
3827
3878
3894
3712
3853
3765
3896
3734
3941
3817
3877
3983
3874
4023
3852
3948
3772
3817
3916
3941
3757
3728
3863
3841
3877
3940
3911
3856
3877
3912
3920
3915
3850
3783
3893
3872
3859
3822
3781
3833
3796
3855
3932
3815
3875
3900
3830
3835
3803
3851
3788
3745
3791
3861
3955
3872
3801
3895
4004
3806
3856
3980
3848
3962
3814
3872
3809
3992
3941
3857
3819
3877
3904
3773
3789
3867
3914
3883
3890
3891
3923
3920
3866
3894
3863
3905
3920
3852
3910
3974
3869
3891
3864
3819
3977
3810
3851
3877
3864
3995
3803
3839
3824
3953
3886
3950
3897
3758
3916
3988
3828
3812
3892
3812
3846
3835
3785
3834
3891
3869
3786
3752
3895
3930
3756
3816
3920
3803
3737
3652
3715
3580
3663
3622
3572
3493
3534
3547
3481
3487
3518
3590
3623
3555
3604
3623
3587
3751
3612
3685
3729
3582
3838
3784
3871
3720
3893
3886
3728
3803
3812
3959
3830
3748
3876
3734
3979
3923
3815
3858
3683
3900
3862
3873
3884
3769
3786
3794
3805
3841
3898
3861
3862
3903
3864
3883
3882
3796
3938
3925
3908
3933
3808
3813
3832
3825
3809
3798
3907
3813
3825
3780
3668
3806
3685
3711
3735
3723
3661
3602
3562
3509
3504
3580
3628
3603
3644
3582
3635
3692
3577
3648
3771
3796
3698
3811
3800
3841
3827
3898
3822
3855
3768
3908
3925
3880
3788
3790
3809
3809
3868
3950
3890
3894
3833
3869
3866
3877
3745
3891
3919
3865
3821
3865
3864
3803
3830
3815
3846
3872
3876
3794
3926
3830
3866
3893
3844
3786
3859
3963
3756
3795
3764
3893
3951
3795
3857
3671
3711
3735
3725
3801
3755
3624
3669
3552
3643
3708
3687
3806
3848
3762
3791
3884
3772
3827
3865
3891
3854
3830
3836
3925
3841
3840
3856
3757
3854
3850
3769
3807
3909
3830
3872
3875
3870
3858
3896
3867
3891
3831
3813
3796
3956
3890
3755
3802
3776
3902
3773
3780
3854
3784
3764
3781
3636
3694
3641
3591
3723
3718
3617
3719
3811
3721
3676
3827
3819
3882
3837
3840
3688
3773
3761
3822
3771
3873
3757
3927
3818
3932
3809
3900
3833
3881
3945
3872
3822
3925
3858
3848
3805
3873
3820
3831
3939
3865
3934
3913
3819
3947
3751
3825
3720
3828
3844
3873
3899
3837
3836
3905
3781
3913
3823
3836
3850
3890
3816
3712
3818
3772
3677
3706
3666
3646
3678
3721
3634
3619
3624
3674
3615
3569
3592
3583
3551
3619
3728
3704
3829
3769
3845
3879
3853
3733
3849
3870
3809
3961
3825
3824
3792
3845
3816
3837
3835
3819
3853
3757
3854
3876
3790
3738
3922
3964
3840
3897
3684
3868
3788
3741
3830
3845
3805
3734
3857
3845
3806
3787
3785
3730
3692
3816
3853
3727
3633
3663
3780
3715
3737
3772
3761
3703
3748
3537
3650
3694
3671
3639
3722
3704
3536
3449
3561
3577
3513
3621
3605
3633
3710
3679
3667
3759
3811
3795
3836
3718
3857
3777
3725
3873
3849
3818
3783
3822
3943
3851
3947
3789
3848
3958
3876
3985
3830
3868
3877
3963
3884
3851
3924
3870
3921
3944
3881
3827
3946
3902
3920
3864
3773
3896
3869
3900
3936
3953
3935
3851
3842
3772
3869
3957
3866
3985
3827
3913
3843
3901
3836
3915
3877
3827
3885
3937
3869
3807
3745
3953
3915
3833
3892
