3203
3274
3092
3220
3229
3239
3136
3145
3161
3155
3093
3169
3156
3194
3031
3083
3183
3213
3134
3174
3190
3192
3184
3125
3163
3143
3140
3200
3204
3128
3286
3079
3260
3110
3214
3129
3127
3200
3210
3132
3123
3139
3163
3118
3199
3105
3100
3140
3036
3071
3106
3081
3212
3183
3103
3144
3162
3262
3193
3189
3136
3075
3124
3167
3135
3259
3156
3186
3220
3079
3126
3159
3155
3145
3082
3174
2997
3065
3048
3057
3042
3208
3129
3162
3089
3120
3019
3108
3117
3144
3167
3183
3100
3077
3196
3242
3159
3121
3116
3124
3094
3108
3058
3048
3110
3159
3112
3046
3109
3158
3210
3094
3085
3060
3061
2996
3165
3071
3108
3091
3107
3150
3162
3090
3077
3030
3047
3217
3134
3245
3054
3077
3115
3133
3126
3121
3071
3052
3073
3106
3089
3077
3050
2973
2995
2984
3051
3001
2990
3045
2972
3058
3149
3089
3152
3064
3053
3041
3160
3065
3120
3061
2977
3135
2970
3003
3092
2973
2946
2998
3107
3187
3080
3054
3094
3058
3126
3076
3008
3096
3114
2960
3089
3062
3078
3051
3109
3115
3048
3050
3191
3144
3057
3081
3157
3114
3132
3096
3029
3131
3075
3137
3155
3163
3150
3133
3078
3174
3002
3056
3207
3132
3089
3117
3068
3009
3128
3107
3092
3139
3124
3030
3060
3146
3075
3101
3136
3053
3159
3106
3153
3041
3215
3127
3185
3098
3120
3175
3155
3074
3134
3141
3067
3066
3185
3215
3152
3158
3131
3128
3119
3127
3068
3157
2988
3172
3151
3177
3135
3044
2995
3070
3068
2978
3052
2938
3137
3086
3043
3106
3071
2955
3043
3073
3043
3063
3098
2998
3144
3125
3068
3136
3161
3165
3143
3121
3150
3015
3127
3116
3092
3069
3145
3152
3169
3117
3179
3152
3007
3152
3080
3105
3161
3052
3025
3129
3081
3105
3011
3193
3159
3135
3032
3009
3118
3064
3077
3161
3086
2983
3017
3032
3041
3097
3067
3089
3099
2971
3200
3104
3045
3055
3037
3132
3114
3135
3135
3137
3088
3031
2909
3037
3125
3107
2993
3034
3103
3038
3067
2939
3091
3192
3082
3227
3059
3108
3014
3101
3099
3060
3141
3161
3056
3069
3131
3091
3132
3117
3116
3045
3119
3110
3022
3133
3033
3092
3179
3090
3069
3062
3105
3078
3033
3165
3073
3080
3215
3129
3049
3094
3097
3060
3062
2939
3068
3151
3160
3135
3037
3167
3162
3116
3063
3058
3175
3086
3121
3071
3165
3184
3166
3029
3156
3114
3108
3080
3144
3028
3102
3081
3174
3084
3044
3131
3040
3117
3157
3172
3134
3089
3151
3168
3178
3242
3129
3257
3153
3049
3170
3178
3283
3204
3162
3229
3125
3169
3176
3202
3145
3191
3154
3103
3190
3198
3090
3154
3134
3243
3121
3151
3112
3233
3154
3166
3155
3157
3206
3143
3166
3187
3161
3181
3244
3094
3189
3228
3264
3043
3163
3306
3184
3188
3237
3179
3079
3201
3055
3072
3203
3121
3206
3190
3100
3214
3185
3136
3118
3278
3170
3233
3223
3152
3166
3169
3120
3202
3224
3161
3225
3207
3142
3197
3159
3116
3229
3134
3123
3172
3169
3168
3180
3082
3135
3200
3132
3185
3137
3130
3080
3200
3198
3183
3161
3171
3113
3130
3153
3136
3149
3237
3042
3196
3199
3244
3094
3258
3166
3181
3179
3194
3134
3197
3232
3212
3109
3172
3151
3115
3093
3217
3080
3169
3173
3212
3122
3183
3171
3061
3132
3158
3153
3092
3199
3117
3062
3124
3145
3217
3224
3073
3081
3149
3133
3138
3194
3147
3199
3194
3195
3104
3192
3112
3101
3283
3050
3088
3064
3129
3188
3135
3059
2939
3098
3061
3068
3045
3067
3046
3127
3228
3025
2997
3101
3075
3038
3036
3105
3135
3310
3053
3147
3070
3178
3128
3137
3048
3072
3127
3113
3108
3096
2944
3101
3062
3102
3047
3027
3048
3122
3039
3107
3165
3076
3056
3222
3018
3085
3121
3042
3152
3113
3102
3075
3114
3054
3033
3132
3119
3116
3090
3103
3158
3064
3169
3102
3179
3180
3082
3055
3024
2948
3082
3076
2992
3091
3063
2995
3008
2976
3017
3007
3046
3031
3073
3036
3095
3025
3055
3100
3166
3041
3080
3029
3162
3132
3142
3110
3135
3055
3135
3047
3098
3056
3194
3134
3050
3058
3051
3090
3039
3125
3056
3083
3109
3162
3096
3165
3036
3130
3067
3128
3210
3161
3077
3114
3087
3065
3148
3139
3160
3100
3133
3127
3050
3205
3139
3061
3015
2943
3082
3119
3025
3214
3203
3123
3188
3188
3077
3007
3100
3038
3036
3035
3014
3033
3059
3102
3071
3044
3153
3072
2950
3106
3094
3057
3156
3003
3250
3204
3093
3120
3124
3074
3098
3130
3075
3103
3134
3141
3160
3106
3144
3062
3118
3096
3127
3089
2964
3208
3073
3092
2990
3062
3058
3117
3076
3097
2977
3023
2998
3089
3038
2990
3108
3152
2963
3095
2976
3082
3119
3167
3107
3141
3120
3075
3133
3065
3204
3121
3004
3138
3167
3076
3082
3076
3193
3029
3135
3147
3155
3186
3123
3054
3121
3096
3136
2944
3041
3173
3090
3056
2980
3060
3071
3019
3015
3080
2996
3044
3021
3177
2996
3086
2990
3063
3131
3054
3146
3063
3119
2925
3120
3115
2952
3084
3056
3042
3106
3008
3129
3164
3138
2968
3067
3016
3053
3084
2884
2959
3112
2924
2951
3055
3076
3160
3045
3075
3142
3073
3103
3162
3153
3032
3149
3177
3080
3127
2974
3137
3052
3108
3014
3045
3080
3123
3177
3120
2993
3031
3074
3063
3102
3041
3120
3051
3035
3136
3175
3061
3069
3176
3105
3017
2991
3077
3041
3211
3043
3137
3104
3043
3007
3171
3188
3039
3092
3194
3131
3155
3070
3192
3049
3067
2957
3116
2979
3141
3077
3129
3144
3205
3174
3117
3262
3110
3177
3109
3176
3103
3161
3156
3182
3187
3138
3147
3057
3127
3160
3269
3167
3221
3123
3149
3170
3180
3076
3120
3220
3162
3188
3101
3071
3185
3095
3043
3121
3183
3101
3081
3074
3216
3181
3255
3165
3177
3114
3134
3142
3092
3061
3255
3255
3083
3227
3222
3181
3149
3093
3314
3273
3254
3154
3250
3129
3232
3160
3129
3141
3142
3148
3171
3211
3144
