3680
3751
3618
3633
3720
3656
3702
3662
3670
3616
3605
3713
3738
3782
3693
3648
3698
3637
3578
3671
3657
3615
3694
3729
3678
3686
3700
3664
3724
3720
3759
3641
3789
3710
3752
3546
3640
3632
3717
3667
3740
3653
3716
3575
3660
3773
3757
3617
3661
3655
3736
3749
3626
3601
3597
3708
3679
3706
3670
3712
3754
3651
3702
3718
3641
3725
3608
3632
3534
3629
3599
3712
3738
3634
3629
3606
3597
3611
3556
3513
3611
3662
3750
3577
3676
3743
3589
3607
3591
3673
3686
3575
3716
3628
3711
3665
3671
3621
3617
3595
3605
3485
3543
3613
3561
3635
3693
3483
3642
3650
3678
3581
3691
3574
3727
3629
3614
3580
3674
3793
3553
3576
3630
3655
3650
3660
3512
3639
3683
3567
3548
3694
3639
3645
3710
3640
3553
3679
3635
3661
3639
3593
3563
3526
3478
3510
3602
3468
3690
3602
3571
3498
3698
3704
3551
3566
3638
3622
3571
3614
3637
3605
3611
3595
3585
3600
3619
3560
3677
3557
3683
3619
3477
3651
3566
3599
3560
3621
3589
3562
3631
3617
3552
3545
3601
3595
3695
3610
3600
3455
3564
3652
3669
3622
3599
3565
3648
3772
3732
3610
3628
3678
3550
3737
3610
3636
3611
3549
3711
3551
3554
3664
3626
3582
3649
3754
3605
3518
3604
3672
3544
3693
3541
3616
3516
3673
3627
3524
3600
3636
3593
3560
3633
3695
3488
3716
3687
3692
3642
3608
3647
3761
3622
3700
3688
3618
3712
3619
3747
3619
3728
3706
3737
3633
3529
3645
3663
3684
3720
3656
3618
3592
3663
3635
3664
3690
3572
3673
3606
3541
3621
3615
3495
3577
3548
3633
3724
3680
3669
3561
3624
3586
3678
3619
3686
3653
3627
3528
3750
3624
3673
3660
3551
3683
3578
3693
3716
3606
3634
3674
3526
3641
3705
3559
3636
3681
3631
3587
3555
3648
3533
3604
3528
3529
3561
3561
3612
3644
3693
3559
3589
3690
3579
3577
3638
3548
3512
3476
3621
3598
3567
3495
3486
3654
3682
3541
3670
3603
3690
3650
3639
3628
3598
3598
3577
3623
3552
3660
3627
3608
3602
3679
3502
3650
3730
3641
3541
3644
3692
3691
3709
3624
3688
3619
3654
3603
3620
3723
3618
3679
3785
3734
3647
3685
3601
3572
3673
3597
3618
3728
3604
3660
3656
3606
3661
3733
3652
3616
3614
3574
3727
3620
3644
3678
3635
3628
3702
3609
3692
3667
3637
3653
3638
3685
3630
3748
3643
3705
3682
3552
3626
3657
3632
3686
3669
3690
3639
3540
3544
3590
3591
3625
3631
3542
3568
3658
3594
3703
3638
3775
3684
3738
3783
3781
3704
3658
3657
3718
3747
3660
3680
3639
3806
3791
3734
3691
3607
3717
3770
3765
3661
3805
3721
3875
3704
3730
3739
3641
3690
3712
3727
3817
3739
3575
3711
3647
3591
3706
3706
3746
3758
3623
3710
3688
3697
3719
3636
3669
3704
3632
3560
3551
3728
3693
3681
3756
3797
3714
3706
3756
3755
3700
3744
3672
3648
3725
3762
3633
3708
3655
3735
3734
3614
3773
3680
3702
3691
3584
3743
3803
3683
3697
3781
3725
3713
3656
3723
3748
3735
3623
3731
3662
3831
3695
3634
3752
3630
3630
3762
3660
3704
3814
3669
3655
3684
3781
3604
3745
3602
3715
3702
3603
3662
3653
3717
3705
3701
3772
3761
3551
3773
3711
3707
3570
3742
3682
3778
3635
3773
3635
3631
3657
3668
3614
3653
3691
3718
3653
3761
3753
3722
3714
3806
3776
3607
3689
3697
3729
3720
3726
3764
3721
3752
3746
3729
3742
3633
3669
3701
3790
3738
3755
3761
3649
3643
3666
3674
3599
3626
3624
3584
3604
3529
3461
3625
3592
3651
3665
3605
3661
3601
3672
3704
3652
3681
3735
3514
3628
3707
3677
3665
3695
3563
3546
3653
3593
3606
3671
3542
3628
3747
3716
3690
3641
3633
3765
3623
3561
3652
3676
3673
3681
3830
3683
3563
3650
3494
3614
3621
3597
3681
3553
3631
3548
3542
3637
3643
3717
3572
3655
3573
3645
3656
3515
3590
3564
3702
3601
3635
3577
3659
3551
3599
3639
3587
3574
3588
3513
3537
3503
3523
3530
3502
3547
3562
3549
3491
3688
3565
3589
3590
3584
3620
3554
3608
3548
3693
3526
3532
3540
3494
3553
3610
3633
3568
3649
3629
3525
3537
3631
3616
3617
3564
3580
3684
3523
3708
3669
3623
3577
3583
3640
3481
3489
3594
3639
3815
3697
3553
3652
3595
3614
3588
3607
3594
3653
3725
3497
3519
3625
3636
3621
3719
3597
3707
3639
3628
3515
3476
3552
3481
3642
3648
3615
3598
3685
3560
3573
3693
3648
3559
3623
3527
3625
3533
3633
3614
3681
3528
3656
3680
3549
3563
3646
3803
3544
3707
3632
3601
3683
3749
3730
3614
3550
3591
3546
3692
3558
3543
3672
3601
3699
3606
3641
3534
3587
3581
3617
3588
3661
3510
3508
3475
3648
3430
3463
3605
3560
3647
3576
3608
3632
3614
3530
3643
3724
3525
3700
3586
3674
3595
3540
3659
3754
3693
3631
3744
3698
3622
3722
3733
3754
3554
3587
3622
3598
3600
3517
3599
3657
3614
3529
3596
3561
3644
3687
3485
3563
3612
3648
3598
3539
3561
3488
3603
3574
3725
3653
3672
3583
3626
3573
3582
3542
3639
3701
3595
3659
3562
3624
3647
3582
3610
3468
3620
3564
3520
3575
3404
3522
3544
3494
3464
3594
3621
3599
3633
3602
3531
3673
3606
3703
3546
3648
3615
3673
3633
3627
3492
3625
3623
3605
3606
3566
3607
3605
3582
3653
3581
3646
3615
3629
3615
3539
3625
3686
3608
3651
3589
3546
3611
3614
3701
3586
3671
3602
3648
3567
3644
3699
3657
3649
3638
3707
3759
3608
3648
3674
3570
3583
3729
3673
3463
3487
3563
3653
3530
3497
3682
3625
3607
3700
3684
3755
3775
3784
3616
3768
3812
3713
3735
3680
3651
3712
3621
3704
3765
3756
3668
3760
3638
3702
3747
3602
3699
3712
3679
3676
3761
3757
3737
3620
3682
3592
3848
3720
3681
3625
3526
3745
3689
3590
3679
3658
3632
3636
3655
3568
3702
3654
3575
3709
3666
3704
3663
3674
3606
3612
3705
3620
3693
3668
3702
3742
3690
3759
3683
3708
3557
3764
3761
3647
3665
