3163
3209
3238
3099
3109
3156
3097
3106
3149
3170
3139
3073
3054
3231
3191
3234
3196
3242
3201
3109
3123
3205
3165
3227
3170
3138
3207
3137
3195
3155
3111
3133
3165
3139
3107
3153
3166
3190
3182
3149
3237
3132
3119
3133
3117
3219
3174
3037
3136
3123
3173
3128
3187
3200
3201
3161
3285
3158
3224
3206
3194
3281
3121
3130
3069
3051
3173
3083
3289
3134
3255
3141
3153
3134
3037
3103
3002
2957
3000
3152
3073
3043
3166
3105
3116
3221
3145
3071
3124
3116
3070
3157
3130
3118
3183
3207
3196
3223
3093
3189
3144
2974
3057
3141
3157
3123
3160
3144
3168
3073
3125
3076
3125
3139
3083
3118
3112
3197
3144
3079
3064
3167
3149
3080
2979
3061
3058
3219
3096
3090
3120
3190
3109
3059
3201
3047
3139
3124
3177
3096
2946
3080
3096
2992
2970
3102
3065
3084
3033
2944
3055
3103
3050
3168
3057
3055
3078
3083
3052
3066
3125
3082
3089
3014
3077
3028
3063
2930
3097
3057
3073
3094
2911
2980
3149
2983
3105
3166
3064
3104
3047
3161
3061
3161
3136
3054
3038
3036
3213
3015
3071
3008
3156
3096
3092
3039
3202
3107
3004
3078
3026
3077
3119
3090
3150
3170
3119
3128
3101
3040
3147
3141
3036
3074
3004
3021
3069
3076
3051
3107
3121
3080
3154
2915
3153
3116
3151
3094
3039
3082
3088
3138
3079
3110
3072
3215
3032
3141
3107
3166
3070
3158
3103
3117
3159
3208
3096
3246
3088
3134
3065
3058
3147
3118
3029
3120
3105
3059
3093
3144
3103
3146
3134
3081
2939
3095
3055
3089
3026
3084
3021
2991
3023
3017
3014
3049
3174
3116
3159
3186
3068
3142
3138
3103
3064
3030
3060
3061
3027
3088
3107
3174
3193
3196
3117
3118
3102
3199
3104
3191
3095
3061
3024
3060
3172
3159
3051
3108
3192
3066
3125
3077
3004
3062
3161
3036
2999
3043
3161
3117
3051
3129
3044
3023
3106
3124
3043
3047
3065
3092
3095
2856
3027
3096
3035
3077
2988
3122
3023
3014
3149
3030
3069
3016
3058
3056
3110
3139
3030
3108
3066
3090
3136
3092
2990
3132
3038
3051
3040
3229
3118
3066
3205
3236
3075
3086
3022
3076
3129
3060
3104
3224
3172
3114
3112
3133
3137
3179
3150
3040
3104
3132
3046
3056
3216
3114
3145
3145
3133
3016
3131
3208
2993
3207
3100
3037
3183
3112
3069
3125
3142
3138
3192
3075
3163
3137
3189
3172
3066
3091
3237
3153
3124
3214
3190
3209
3150
3162
3150
3010
3083
3058
3037
3088
3157
3113
3152
3171
3195
3144
3049
3157
3121
3200
3153
3272
3147
3057
3136
3245
3113
3189
3213
3102
3333
3093
3148
3207
3241
3183
3180
3256
3210
3102
3225
3137
3166
3106
3146
3155
3285
3128
3278
3111
3163
3168
3230
3095
3166
3193
3263
3089
3064
3094
3216
3136
3107
3189
3112
3146
3146
3158
3130
3218
3184
3075
3210
3088
3130
3132
3119
3044
3105
3068
3216
3135
3181
3256
3117
3167
3109
3135
3192
3223
3157
3190
3105
3236
3250
3070
3252
3234
3243
3227
3176
3208
3185
3120
3232
3167
3203
3229
3199
3223
3220
3132
3115
3161
3149
3189
3181
3256
3179
3197
3194
3174
3166
3148
3108
3196
3152
3170
3194
3184
3213
3042
3142
3186
3166
3153
3079
3180
3176
3093
3211
3181
3055
3192
3172
3166
3157
3076
3244
3238
3234
3131
3072
3197
3175
3177
3164
3190
3241
3175
3092
3181
3149
3139
3199
3157
3178
3171
3213
3121
3162
3131
3164
3136
3196
3149
3074
3124
3060
3229
3097
3051
3104
3102
3093
3144
2998
3077
3058
3101
3173
3144
3131
3081
3128
3162
3099
3118
3115
3120
3091
3147
3172
3098
3129
3120
3076
3196
3143
3190
3174
3054
3133
3027
3129
3174
3126
2986
3161
2941
3028
3046
3134
3194
3096
3082
3073
3085
3118
3119
3057
3088
3033
3148
3006
3046
3122
3101
3217
3203
3042
3094
3136
3117
3091
3129
3095
3116
3122
3109
3046
3084
3048
2990
3164
3038
2989
3145
3051
3201
2960
3017
3132
2958
2953
2980
3048
3029
2974
3055
3070
3195
3120
3035
3082
3078
3012
3045
3028
3165
3041
3016
3003
3091
2989
3021
3094
3073
3064
3108
2980
3019
3060
3024
3069
3096
3177
3104
3145
3027
3077
3076
3162
3028
3148
3075
3145
3071
3070
3062
3174
3143
3215
3070
3096
2990
3110
3048
3103
3130
3093
3049
3048
3118
3138
3094
3070
3071
3070
3113
3122
3076
3198
3113
3014
2970
3040
2983
3030
3055
2999
3017
3082
3044
2996
3064
3077
3038
3096
3129
3165
3160
3065
3121
3124
3163
2986
3132
3195
2999
3175
3099
3110
3093
3123
2957
3178
3002
3134
3100
3162
3112
3090
3101
3155
3150
3016
3050
3049
3185
3171
3040
3052
3051
3181
2952
3116
3081
3095
3100
2933
3117
3160
3056
3027
3099
3042
3053
3101
3142
3130
3133
2989
3048
3078
3118
3124
3017
3112
3114
3130
3074
3121
3131
3026
3131
3074
3057
3083
2980
3145
3060
3089
3087
3126
3013
2977
3041
3044
2958
3074
3033
3007
3131
3167
3062
3042
3096
3190
3102
3148
3024
3120
3148
3068
3059
3030
3121
3153
3007
3066
3036
3095
3119
3039
3049
3055
3045
3019
3107
3050
3029
3026
3017
3047
3095
3070
3138
3097
3071
3094
3152
3017
3030
3103
3060
3103
3164
3129
3071
3163
3044
3074
2985
3036
3130
3042
3132
3148
3136
3134
3121
3052
3164
3236
3073
3103
3098
2967
3121
3136
3079
3020
3065
3145
3121
3080
3073
3133
3009
3066
3192
3116
3100
3108
3134
3126
3017
3135
3192
3195
3128
3137
3091
3016
3076
3105
3171
3018
3024
3031
3076
3083
3092
3161
3069
3052
3248
3166
3106
3175
3050
3212
3168
3142
3130
3111
3067
3096
3151
3214
3187
3159
3157
3193
3217
3052
3215
3131
3220
3207
3084
3109
3241
3124
3105
3097
3103
3107
3071
3118
3134
3179
3207
3144
3089
3231
3099
3192
3133
3170
3243
3201
3132
3169
3190
3138
3190
3195
3231
3063
3113
3104
3219
3087
3135
3103
3203
3152
3121
3194
3111
3140
3149
3244
3122
3073
3156
3193
