3593
3582
3600
3623
3568
3547
3581
3639
3570
3573
3654
3530
3525
3578
3553
3661
3597
3591
3583
3644
3513
3574
3523
3555
3655
3572
3626
3656
3508
3531
3613
3664
3555
3701
3697
3569
3596
3634
3535
3593
3568
3707
3581
3622
3616
3631
3600
3547
3664
3504
3530
3589
3487
3658
3629
3487
3633
3676
3710
3639
3514
3474
3509
3697
3558
3497
3613
3641
3672
3602
3576
3526
3529
3690
3485
3520
3550
3415
3433
3553
3551
3497
3504
3494
3521
3511
3659
3644
3614
3485
3525
3538
3613
3599
3473
3625
3611
3548
3638
3543
3512
3611
3491
3516
3521
3565
3649
3454
3572
3598
3613
3539
3546
3559
3531
3484
3521
3562
3569
3564
3532
3478
3536
3496
3546
3622
3542
3418
3591
3482
3535
3504
3614
3499
3433
3559
3576
3490
3501
3598
3478
3503
3466
3420
3433
3471
3466
3423
3489
3470
3541
3527
3472
3516
3542
3503
3503
3386
3584
3543
3533
3590
3485
3413
3558
3395
3481
3636
3506
3588
3510
3600
3566
3459
3498
3460
3460
3430
3449
3498
3471
3516
3473
3424
3483
3438
3522
3553
3574
3459
3499
3514
3569
3522
3479
3587
3597
3469
3502
3647
3469
3567
3582
3443
3536
3585
3449
3550
3497
3468
3574
3568
3508
3516
3571
3426
3452
3465
3589
3616
3499
3441
3509
3436
3590
3481
3454
3469
3457
3459
3405
3435
3535
3585
3458
3568
3540
3513
3608
3609
3540
3552
3573
3581
3462
3474
3631
3522
3529
3494
3590
3595
3536
3545
3518
3453
3574
3494
3540
3420
3414
3613
3474
3493
3562
3442
3432
3547
3471
3591
3402
3401
3357
3525
3388
3552
3433
3556
3575
3517
3611
3626
3496
3481
3527
3466
3475
3525
3551
3615
3635
3591
3526
3450
3530
3463
3650
3498
3593
3617
3586
3558
3480
3600
3470
3527
3513
3509
3563
3482
3418
3512
3614
3459
3540
3456
3573
3416
3489
3593
3438
3534
3471
3463
3467
3493
3534
3487
3469
3402
3471
3478
3556
3415
3507
3468
3488
3425
3464
3421
3506
3540
3554
3462
3446
3575
3478
3592
3519
3548
3559
3413
3545
3477
3505
3641
3527
3476
3554
3550
3579
3504
3424
3635
3470
3544
3495
3638
3609
3609
3502
3541
3505
3521
3601
3505
3423
3640
3603
3507
3496
3565
3448
3528
3711
3639
3590
3514
3537
3611
3565
3467
3490
3579
3583
3540
3656
3460
3539
3612
3441
3462
3616
3582
3563
3536
3589
3529
3502
3551
3549
3457
3446
3500
3536
3574
3500
3446
3531
3489
3525
3471
3470
3487
3615
3494
3595
3543
3562
3507
3526
3517
3595
3607
3583
3606
3544
3645
3565
3590
3530
3578
3525
3521
3580
3562
3600
3620
3772
3629
3554
3632
3490
3576
3555
3633
3633
3503
3621
3584
3597
3545
3528
3624
3603
3680
3481
3589
3564
3586
3688
3488
3565
3671
3507
3635
3557
3614
3603
3620
3616
3583
3651
3674
3720
3662
3625
3612
3702
3679
3623
3524
3641
3469
3626
3661
3623
3697
3648
3532
3579
3636
3706
3523
3708
3536
3634
3553
3575
3646
3496
3544
3559
3616
3642
3548
3628
3607
3582
3615
3605
3660
3646
3505
3458
3576
3613
3548
3609
3680
3631
3603
3640
3566
3491
3661
3644
3557
3568
3647
3588
3640
3629
3617
3520
3461
3534
3610
3683
3620
3517
3608
3626
3506
3592
3596
3566
3667
3562
3616
3666
3486
3588
3615
3559
3576
3629
3565
3584
3532
3672
3642
3580
3617
3508
3534
3619
3558
3532
3605
3661
3550
3529
3685
3614
3565
3643
3598
3409
3566
3560
3527
3600
3542
3512
3502
3623
3429
3439
3454
3383
3433
3496
3627
3497
3377
3505
3460
3506
3572
3567
3614
3543
3594
3466
3558
3509
3566
3547
3576
3533
3615
3420
3603
3584
3521
3554
3497
3539
3440
3602
3566
3440
3479
3546
3417
3565
3520
3505
3386
3514
3540
3547
3498
3441
3477
3456
3590
3458
3576
3472
3534
3476
3416
3549
3345
3426
3547
3462
3506
3519
3415
3470
3617
3627
3559
3512
3558
3434
3534
3478
3570
3422
3403
3452
3470
3449
3608
3357
3380
3382
3489
3450
3542
3483
3543
3468
3477
3469
3391
3458
3426
3493
3431
3519
3436
3568
3476
3441
3466
3432
3416
3537
3426
3481
3569
3442
3524
3516
3478
3470
3577
3474
3456
3534
3575
3452
3581
3464
3487
3541
3515
3430
3509
3489
3598
3488
3447
3584
3505
3681
3523
3545
3565
3568
3584
3515
3436
3605
3446
3536
3591
3511
3510
3459
3567
3459
3484
3355
3500
3433
3435
3493
3523
3524
3549
3357
3575
3436
3431
3424
3533
3514
3531
3608
3457
3603
3540
3498
3642
3437
3629
3458
3531
3515
3577
3562
3559
3579
3504
3480
3512
3552
3486
3465
3512
3494
3482
3550
3589
3571
3529
3548
3484
3462
3425
3577
3458
3493
3425
3426
3620
3486
3467
3536
3499
3515
3491
3389
3686
3604
3563
3436
3526
3545
3466
3565
3406
3531
3507
3391
3542
3572
3563
3512
3598
3573
3531
3532
3522
3489
3531
3514
3492
3447
3553
3573
3591
3403
3560
3463
3526
3448
3568
3464
3568
3550
3519
3466
3420
3395
3494
3430
3457
3557
3534
3477
3586
3458
3526
3551
3497
3446
3393
3447
3502
3409
3474
3562
3554
3423
3528
3457
3497
3446
3578
3365
3448
3485
3491
3474
3468
3469
3524
3475
3541
3449
3545
3543
3564
3595
3502
3488
3519
3573
3500
3511
3542
3461
3473
3397
3422
3502
3509
3546
3580
3692
3497
3496
3551
3556
3440
3374
3546
3503
3452
3608
3577
3589
3600
3535
3493
3516
3504
3602
3639
3518
3561
3541
3614
3581
3505
3493
3561
3631
3581
3523
3559
3451
3390
3597
3491
3583
3448
3457
3437
3512
3573
3486
3500
3558
3579
3548
3637
3628
3570
3555
3642
3561
3700
3670
3537
3576
3569
3496
3564
3706
3736
3559
3586
3481
3568
3505
3530
3631
3579
3636
3593
3613
3553
3586
3430
3576
3739
3674
3529
3596
3557
3559
3620
3522
3515
3585
3606
3663
3600
3592
3616
3556
3603
3602
3612
3596
3598
3561
3585
3641
3673
3574
3605
3510
3671
3574
3620
3558
3515
3524
3544
3625
3505
3716
3609
3683
