3668
3688
3634
3626
3727
3731
3615
3632
3664
3607
3691
3661
3696
3618
3571
3639
3694
3618
3658
3694
3669
3638
3649
3669
3677
3679
3695
3704
3638
3703
3798
3697
3634
3588
3716
3621
3775
3721
3670
3624
3624
3686
3753
3683
3728
3710
3693
3740
3797
3731
3703
3572
3642
3521
3764
3796
3677
3685
3609
3706
3554
3761
3609
3667
3751
3670
3612
3700
3642
3699
3689
3648
3627
3707
3602
3628
3639
3665
3541
3397
3668
3580
3601
3681
3620
3721
3597
3583
3763
3596
3583
3631
3687
3601
3641
3586
3670
3562
3655
3559
3628
3624
3652
3482
3731
3546
3540
3674
3557
3678
3613
3588
3682
3683
3582
3633
3548
3577
3555
3623
3591
3595
3493
3581
3511
3587
3546
3574
3575
3634
3471
3622
3660
3562
3520
3643
3593
3613
3606
3695
3628
3533
3433
3490
3547
3534
3546
3582
3651
3588
3622
3534
3747
3614
3634
3645
3653
3714
3566
3720
3607
3667
3580
3574
3599
3581
3663
3544
3718
3558
3442
3566
3511
3622
3579
3623
3517
3634
3700
3572
3652
3528
3545
3485
3634
3637
3567
3523
3598
3710
3641
3642
3604
3592
3637
3647
3577
3629
3672
3608
3594
3669
3590
3645
3567
3574
3602
3658
3625
3631
3608
3636
3588
3609
3545
3579
3507
3507
3571
3688
3630
3536
3506
3546
3523
3475
3649
3649
3542
3644
3540
3577
3587
3497
3657
3616
3497
3484
3653
3565
3593
3576
3620
3583
3688
3659
3652
3526
3748
3628
3495
3627
3584
3719
3553
3460
3506
3778
3514
3598
3577
3535
3666
3666
3434
3478
3577
3609
3594
3498
3539
3535
3516
3594
3572
3585
3627
3524
3738
3604
3611
3543
3605
3640
3754
3623
3630
3547
3596
3507
3679
3693
3612
3549
3594
3552
3624
3658
3562
3521
3666
3619
3616
3577
3713
3513
3577
3557
3692
3632
3563
3560
3660
3589
3577
3578
3699
3530
3580
3577
3540
3644
3529
3662
3736
3577
3551
3456
3558
3632
3557
3543
3586
3625
3511
3559
3604
3600
3497
3620
3653
3514
3575
3429
3496
3446
3599
3532
3553
3584
3711
3694
3740
3609
3644
3581
3582
3640
3599
3550
3626
3623
3648
3690
3643
3555
3748
3719
3569
3542
3628
3516
3647
3633
3728
3556
3552
3485
3658
3610
3693
3741
3571
3551
3657
3626
3687
3606
3648
3723
3633
3527
3637
3575
3664
3681
3582
3615
3592
3631
3602
3636
3611
3657
3645
3625
3643
3733
3684
3707
3525
3647
3618
3612
3745
3634
3517
3597
3710
3595
3575
3548
3515
3634
3582
3575
3626
3696
3697
3593
3721
3695
3662
3653
3686
3633
3566
3673
3566
3661
3743
3721
3663
3779
3664
3632
3537
3719
3561
3617
3744
3769
3642
3752
3705
3667
3579
3665
3590
3633
3701
3670
3661
3758
3601
3601
3645
3604
3589
3646
3655
3675
3665
3631
3700
3713
3737
3624
3652
3706
3629
3686
3627
3779
3683
3633
3571
3624
3723
3656
3676
3800
3713
3697
3693
3661
3649
3663
3639
3660
3630
3679
3705
3681
3707
3764
3569
3691
3652
3757
3770
3663
3581
3573
3646
3631
3711
3665
3623
3716
3680
3730
3649
3725
3633
3518
3713
3684
3639
3696
3737
3582
3592
3781
3684
3608
3712
3750
3615
3733
3752
3718
3657
3819
3716
3643
3617
3753
3724
3647
3622
3613
3605
3750
3661
3647
3782
3653
3690
3661
3802
3708
3671
3726
3659
3660
3700
3738
3753
3569
3610
3660
3596
3631
3623
3479
3690
3613
3545
3632
3665
3632
3664
3641
3726
3675
3686
3669
3741
3700
3653
3711
3601
3721
3628
3646
3641
3600
3554
3587
3493
3557
3547
3563
3665
3589
3629
3581
3648
3587
3741
3660
3499
3703
3591
3649
3627
3516
3619
3655
3613
3606
3645
3620
3670
3619
3527
3600
3619
3453
3542
3624
3637
3562
3685
3632
3554
3655
3557
3607
3628
3690
3500
3597
3542
3594
3623
3743
3533
3616
3528
3538
3599
3719
3652
3618
3533
3586
3536
3638
3648
3641
3624
3622
3651
3680
3527
3602
3649
3631
3635
3556
3504
3622
3557
3513
3391
3550
3544
3436
3511
3565
3577
3554
3592
3609
3521
3643
3667
3547
3477
3568
3464
3509
3559
3711
3609
3670
3666
3635
3638
3574
3530
3608
3552
3586
3556
3556
3565
3572
3620
3546
3505
3502
3562
3516
3591
3615
3640
3470
3668
3553
3693
3653
3604
3598
3585
3574
3636
3599
3578
3660
3524
3664
3569
3486
3566
3573
3567
3576
3555
3532
3668
3626
3572
3544
3626
3699
3554
3464
3571
3536
3520
3498
3705
3620
3486
3506
3682
3559
3603
3552
3591
3615
3585
3677
3536
3556
3550
3709
3695
3632
3459
3621
3504
3520
3553
3637
3606
3627
3737
3732
3677
3567
3635
3514
3517
3664
3592
3498
3541
3639
3637
3585
3538
3681
3439
3549
3539
3574
3542
3457
3530
3530
3508
3633
3563
3617
3704
3641
3560
3629
3549
3639
3600
3645
3441
3657
3617
3530
3585
3669
3655
3651
3671
3722
3720
3640
3583
3576
3624
3586
3708
3549
3587
3596
3558
3569
3683
3571
3500
3510
3513
3608
3579
3594
3541
3689
3474
3579
3521
3470
3477
3487
3582
3582
3683
3574
3559
3554
3619
3567
3554
3500
3576
3569
3639
3673
3545
3557
3588
3626
3636
3619
3636
3580
3449
3523
3469
3539
3565
3622
3555
3620
3567
3530
3524
3653
3532
3623
3717
3605
3657
3635
3640
3660
3665
3483
3648
3581
3563
3632
3529
3655
3517
3519
3740
3685
3632
3693
3549
3554
3635
3460
3663
3768
3698
3551
3458
3559
3602
3570
3583
3681
3631
3568
3578
3517
3657
3642
3646
3678
3772
3607
3622
3546
3492
3632
3645
3652
3633
3572
3636
3583
3565
3656
3680
3685
3549
3704
3680
3530
3575
3527
3653
3661
3697
3645
3626
3654
3656
3692
3694
3734
3674
3749
3723
3671
3651
3668
3730
3804
3566
3634
3715
3720
3772
3615
3622
3657
3760
3738
3552
3692
3678
3615
3725
3598
3669
3613
3768
3717
3631
3678
3705
3623
3606
3654
3634
3704
3693
3701
3624
3727
3678
3724
3623
3622
3563
3621
3778
3707
3812
3787
3681
3641
3686
3613
3689
3690
3712
3619
3670
