3533
3586
3479
3565
3503
3612
3555
3486
3606
3542
3589
3511
3620
3638
3658
3523
3656
3542
3639
3634
3549
3710
3586
3507
3473
3651
3558
3623
3619
3652
3514
3543
3585
3513
3532
3620
3577
3539
3577
3567
3649
3548
3622
3597
3553
3557
3575
3554
3615
3471
3602
3561
3481
3523
3505
3504
3654
3525
3707
3545
3556
3605
3610
3524
3533
3641
3634
3443
3602
3589
3541
3491
3552
3593
3490
3516
3498
3582
3443
3472
3519
3524
3501
3547
3623
3573
3545
3633
3483
3580
3445
3581
3562
3507
3554
3557
3592
3604
3560
3578
3536
3540
3450
3596
3453
3518
3518
3392
3542
3617
3496
3519
3543
3553
3487
3544
3598
3537
3493
3534
3521
3542
3478
3509
3531
3492
3464
3508
3529
3517
3503
3406
3478
3450
3597
3474
3430
3558
3442
3504
3449
3535
3543
3522
3475
3423
3556
3486
3629
3468
3514
3599
3526
3513
3408
3463
3531
3405
3547
3562
3462
3549
3517
3487
3626
3399
3515
3597
3487
3500
3476
3545
3494
3351
3593
3507
3522
3554
3483
3540
3459
3436
3464
3562
3583
3520
3429
3511
3513
3504
3477
3666
3420
3529
3513
3581
3593
3459
3498
3710
3506
3501
3521
3572
3550
3586
3529
3539
3405
3617
3529
3529
3553
3474
3443
3379
3498
3423
3392
3433
3446
3449
3445
3364
3472
3445
3410
3469
3517
3421
3444
3566
3522
3573
3603
3551
3458
3521
3451
3482
3617
3609
3574
3535
3502
3676
3603
3539
3400
3489
3597
3397
3520
3402
3531
3552
3485
3546
3467
3571
3584
3537
3522
3420
3425
3466
3520
3490
3477
3532
3594
3483
3468
3448
3425
3409
3454
3472
3603
3544
3469
3494
3523
3547
3508
3483
3659
3584
3476
3539
3546
3420
3547
3486
3581
3528
3505
3543
3511
3495
3528
3509
3383
3540
3445
3551
3488
3491
3471
3547
3511
3446
3448
3540
3480
3481
3481
3404
3481
3492
3496
3508
3490
3410
3393
3471
3532
3498
3586
3476
3453
3456
3458
3479
3594
3470
3570
3423
3588
3511
3583
3429
3312
3441
3408
3444
3364
3583
3591
3601
3422
3552
3657
3510
3550
3544
3509
3557
3601
3535
3498
3580
3621
3482
3559
3537
3619
3576
3485
3516
3499
3606
3464
3651
3450
3606
3473
3535
3539
3510
3526
3599
3619
3524
3541
3602
3482
3530
3432
3508
3554
3571
3580
3591
3486
3476
3535
3519
3465
3589
3529
3438
3450
3512
3535
3531
3587
3658
3565
3545
3596
3565
3557
3479
3510
3590
3577
3497
3412
3648
3454
3489
3621
3481
3595
3538
3672
3486
3636
3527
3435
3569
3606
3539
3598
3525
3655
3561
3502
3567
3573
3564
3542
3566
3625
3526
3649
3594
3559
3654
3628
3706
3565
3576
3583
3703
3621
3658
3536
3613
3408
3527
3566
3658
3685
3638
3680
3583
3514
3595
3639
3541
3631
3534
3618
3538
3524
3659
3571
3631
3635
3598
3608
3587
3686
3719
3638
3506
3624
3563
3599
3619
3702
3693
3623
3636
3539
3671
3573
3657
3559
3668
3657
3656
3518
3426
3477
3503
3687
3538
3600
3508
3609
3585
3551
3495
3538
3708
3525
3683
3635
3590
3621
3673
3587
3547
3565
3598
3564
3591
3618
3558
3490
3671
3572
3568
3631
3511
3548
3571
3635
3679
3586
3574
3604
3573
3550
3660
3543
3600
3607
3564
3512
3572
3684
3510
3556
3609
3588
3482
3586
3564
3535
3586
3650
3524
3527
3544
3553
3669
3465
3560
3492
3649
3657
3562
3632
3594
3572
3548
3634
3617
3581
3498
3630
3496
3564
3495
3547
3643
3564
3502
3601
3557
3754
3578
3520
3577
3467
3522
3495
3433
3506
3352
3529
3524
3492
3492
3551
3576
3657
3498
3444
3391
3635
3679
3562
3529
3566
3471
3679
3639
3509
3538
3519
3494
3563
3551
3641
3557
3527
3579
3481
3570
3532
3518
3538
3596
3499
3548
3575
3541
3447
3377
3475
3460
3444
3618
3571
3449
3449
3445
3391
3439
3620
3587
3396
3500
3416
3606
3597
3528
3511
3487
3472
3486
3641
3509
3603
3486
3607
3478
3441
3518
3518
3471
3481
3376
3422
3329
3386
3325
3430
3530
3453
3388
3556
3457
3517
3420
3654
3482
3649
3550
3457
3371
3527
3461
3456
3504
3477
3538
3444
3493
3465
3422
3502
3466
3592
3526
3487
3510
3563
3424
3428
3534
3408
3500
3550
3554
3476
3544
3429
3364
3471
3639
3563
3485
3560
3556
3560
3411
3550
3394
3448
3525
3457
3482
3488
3561
3498
3471
3504
3488
3465
3507
3499
3479
3386
3501
3464
3400
3536
3463
3381
3454
3405
3536
3401
3617
3392
3412
3497
3611
3448
3607
3536
3508
3532
3503
3480
3594
3524
3572
3505
3534
3585
3433
3449
3539
3473
3537
3523
3550
3487
3569
3505
3526
3482
3444
3547
3380
3494
3484
3442
3451
3440
3474
3407
3470
3551
3478
3469
3366
3485
3405
3494
3565
3538
3404
3457
3494
3373
3501
3485
3530
3620
3473
3445
3564
3483
3476
3473
3540
3511
3499
3430
3482
3584
3367
3523
3532
3483
3541
3626
3453
3522
3545
3397
3541
3514
3482
3494
3528
3469
3496
3436
3479
3409
3446
3534
3486
3559
3498
3470
3495
3532
3597
3370
3521
3450
3471
3571
3429
3430
3491
3491
3503
3523
3535
3521
3576
3478
3372
3560
3407
3349
3386
3510
3339
3486
3547
3456
3459
3562
3512
3620
3489
3479
3605
3366
3475
3550
3414
3484
3487
3556
3461
3502
3536
3466
3618
3499
3424
3394
3566
3613
3410
3470
3459
3470
3548
3563
3539
3566
3469
3527
3553
3445
3520
3496
3496
3492
3403
3424
3617
3553
3483
3639
3513
3522
3554
3534
3563
3587
3557
3527
3532
3541
3554
3509
3322
3489
3509
3458
3484
3563
3466
3555
3473
3516
3597
3511
3475
3558
3636
3668
3502
3463
3502
3572
3543
3524
3491
3606
3577
3708
3492
3681
3609
3612
3641
3673
3585
3672
3589
3581
3538
3561
3628
3535
3537
3587
3467
3594
3530
3616
3489
3663
3583
3510
3592
3592
3526
3549
3605
3604
3647
3546
3577
3610
3645
3558
3605
3525
3556
3634
3523
3578
3610
3577
3621
3467
3613
3595
3567
3595
3621
3603
3532
3645
3550
3630
