3183
3137
3174
3148
3276
3131
3150
3190
3159
3084
3136
3118
3126
3167
3144
3147
3056
3082
3144
3093
3211
3174
3081
3079
3069
3093
3147
3162
3168
3123
3256
3149
3141
3162
3132
3058
3129
3103
3100
3171
3208
3141
3104
3138
3255
3142
3182
3030
3173
3228
3149
3098
3202
3045
3168
3109
3115
3147
3182
3145
3117
3107
3123
3062
3192
3177
3129
3090
3179
3135
3165
3160
3009
3103
3026
3060
3033
3072
3071
2939
2983
3063
3108
3079
3083
3161
3196
3079
3146
3118
3137
3171
3114
3124
3131
3198
3125
3153
3157
3106
3179
3126
3107
3213
3140
3076
3162
3165
3154
3065
3147
3108
3091
3085
3145
3118
3039
3157
3140
3051
3010
3091
3047
3117
3135
3072
3133
3029
3116
3127
3108
3061
3080
3117
3023
3149
3054
3105
3084
3088
3090
3053
3022
3069
3027
3048
2993
3019
3085
3053
3107
3086
3075
3097
3120
3069
3029
2990
3038
3051
3014
3059
3237
3005
3186
3033
3139
3025
3043
3105
3105
3109
3181
3217
3130
3081
3113
3105
3063
2971
2992
3031
3104
3149
2992
3104
3071
3075
3067
2994
3025
3019
3125
3107
2975
2983
3215
3128
3139
3091
3026
3088
3058
3038
3155
3131
3107
3032
3028
3091
3069
3092
2996
3130
3061
2979
2974
3085
3050
3003
3007
3091
3086
3089
3106
3010
3104
3114
3060
2991
3102
3012
3096
3058
3102
3012
3105
3192
3094
3017
3099
3210
3068
3090
3138
3000
3040
2943
3101
3178
3071
3089
3198
3042
3112
3104
3034
3041
3029
3058
3120
3075
3050
3077
3021
3032
3031
3030
2926
2987
3021
3001
3083
3080
3130
3050
3131
3167
3249
3137
3009
3087
3155
3097
3185
3171
3099
3120
3149
3050
2997
3097
3032
3043
3169
3117
3029
3167
3029
2988
3084
3167
3072
3024
3028
3112
3124
3030
3119
3006
3098
3045
3064
3064
3107
3035
2984
3109
2979
3063
3122
3078
2898
2958
3132
3126
3036
3103
3090
3110
3020
3066
3053
3103
3082
3152
3044
3054
3019
3120
3011
3099
3023
3054
2985
2943
2979
3093
3104
2986
3027
3191
3191
3092
3022
3053
3113
3137
3096
3168
3059
3190
3064
3113
3192
3099
3057
3001
2985
3097
3078
3032
3113
3106
3127
3098
3054
3068
2975
3191
3072
2944
3071
3141
3157
2982
3115
3027
3093
3057
3072
3129
3137
3161
3060
3036
3085
3046
3145
3160
3122
3196
3183
3076
3114
3122
3119
3114
3204
3193
3204
3130
3128
3120
2981
3037
3122
3070
3154
3049
3033
2971
2957
2999
3129
3078
3155
3127
3180
3119
3135
3050
3262
3191
3191
3177
3152
3113
3127
3133
3110
3140
3106
3074
3139
3056
3165
3156
3161
3190
3212
3096
3220
3049
3126
3120
3100
3246
3148
3087
3213
3186
3260
3101
3162
3094
3264
3077
3111
3173
3042
3125
3202
3179
3156
3306
3122
3155
3223
3085
3249
3045
3176
3136
3139
3106
3118
3248
3123
3201
3137
3079
3139
3233
3199
3069
3264
3234
3187
3123
3189
3132
3132
3146
3126
3140
3128
3257
3123
3124
3159
3203
3195
3128
3115
3178
3138
3136
3131
3210
3233
3104
3165
3092
3144
3387
3219
3090
3246
3050
3018
3120
3202
3163
3179
3183
3226
3217
3171
3148
3194
3082
3337
3068
3139
3184
3079
3080
3145
3047
3090
3174
3111
3169
3168
3122
3084
3236
3099
3072
3121
3158
3123
3145
3275
3105
3129
3150
3193
3101
3086
3113
3191
3169
3161
3154
3083
3062
3200
3210
3041
3118
3085
3193
3154
3129
3223
3078
3136
3187
3018
2958
3119
3011
3151
3085
3165
3131
3094
3101
3149
3090
2892
3009
3022
3078
3123
3068
3111
3071
3090
3088
3175
3104
3127
3124
3102
3284
3118
3108
3140
3033
3086
3009
3024
3111
3127
3153
3098
3078
3008
3139
3041
3126
3117
3183
3131
3136
3169
3088
3100
3110
3113
3153
3085
3162
3080
3053
3195
3151
3017
3067
3137
3072
3099
3109
3085
3064
3067
3182
3164
3041
3081
3013
3044
3014
3023
3043
3093
3091
3126
3018
2969
3116
2988
3112
3038
2984
3045
3103
3024
3052
2893
3036
3065
3051
2990
3158
3065
3025
2997
3087
3032
2999
3002
3067
3089
2955
3097
3093
2983
2955
3079
2952
3082
3065
3043
2964
3053
3194
2993
3165
3133
3076
3093
3019
2961
3126
3158
3084
3021
3012
3046
3015
3087
3016
3037
3056
3033
3140
3040
3051
3141
3162
3070
3093
3027
3228
3131
3192
3102
3138
3058
3031
3063
3059
3057
3070
3099
2957
3186
3021
3027
2997
3028
3021
3012
2995
3053
3044
3143
3030
3111
3112
3075
2967
3079
3121
3059
2964
3155
3101
3171
3136
3041
3128
3027
3040
3130
3053
3102
3202
3124
3175
3046
3011
3109
3058
3049
3126
3032
3026
3001
3029
3140
3073
2954
3095
3033
3073
3042
3039
2995
2960
3009
2948
3052
2965
3102
3020
2968
2902
3088
3115
3175
3150
3130
3067
3100
3115
3019
3086
3054
3158
3082
3039
3113
3082
3072
3065
3071
3084
3027
3038
3036
2998
2987
3052
3054
3097
3075
3080
3047
3020
3028
2992
2937
3043
3176
3018
2984
3187
3139
3139
3004
3083
3088
3058
3031
3007
3108
2946
3036
3086
3124
3013
3022
2989
3104
3077
3075
3042
3026
2989
2986
2974
3003
3148
3065
3058
3077
3090
3161
3005
3061
3098
2992
3044
3082
3219
3141
3027
3081
3096
2993
3158
2979
3059
2989
3179
3060
3163
3038
3172
3070
3125
3069
3079
3191
3172
3081
3066
3145
3114
3161
3154
3094
3027
3181
3081
3174
3096
3069
3112
3141
3012
3135
3094
3066
3071
3085
3179
3167
2962
3058
3115
3113
3067
3176
3123
2997
3106
3075
2962
3030
3026
3080
3096
3100
3162
3094
3239
3080
3108
3118
3212
3072
3130
3142
3025
3049
3075
3109
3188
3097
3069
3102
3110
3160
3154
3153
3136
3133
3177
3196
3091
3202
3124
3192
3140
3212
3141
3111
3163
3130
3141
3011
3136
3093
3147
3073
3182
3087
3080
3153
3213
3223
3161
3217
3231
3169
3126
3147
3162
3173
3031
3036
3160
3022
3141
3098
3164
3164
3156
3294
3299
3190
3210
3141
3268
3136
3153
3187
