3132
3110
3197
3139
3085
3093
3256
3089
3137
3200
3148
3197
3108
3144
3140
3173
3094
3074
3128
3166
3217
3119
3230
3173
3116
3181
3156
3098
3096
3198
3117
3113
3024
3109
3151
3191
3065
3207
3181
3112
3114
3163
3104
3140
3156
3157
3114
3076
3222
3096
3166
3172
3102
3179
3244
3166
3118
3152
3082
2970
3047
3103
3177
3185
3190
3169
3058
3105
3175
3121
3136
3203
3135
3090
3099
3008
3093
2946
3057
3050
3000
3079
3078
3158
3021
3031
3189
3169
2987
3185
3183
3143
3211
3109
3143
3148
3169
3058
3112
3153
3063
3105
3080
3077
3121
3084
3202
3079
3060
3191
3183
3122
3097
3232
3093
3129
3189
3082
3041
3139
3181
3104
3139
3104
3123
3162
3095
3093
3134
3166
3033
3042
3036
3115
3012
3105
3119
3031
2993
3031
3033
3063
2989
3062
3016
3017
2897
3131
3085
3104
3144
3041
3107
3086
2910
3086
3035
3052
3042
3058
3065
2980
3121
3147
3041
3112
3144
3143
3030
2924
3095
3147
3073
3118
3146
3012
3083
3053
3086
2993
3099
3025
2965
3069
3045
3157
2986
3044
3191
3083
3017
2988
3077
3072
3021
3101
3036
3221
3060
3113
3109
3075
3133
2964
3002
2981
2963
3187
3061
3130
3032
2989
3097
3137
3088
3008
3131
3045
3076
3033
3145
3113
3145
3086
2964
3017
3080
3187
3063
3059
2990
3075
3171
2998
2993
3127
3037
3081
3101
3152
3060
3202
3019
3028
3144
3024
3105
3043
3014
3022
3115
3020
3119
3091
3064
3084
3048
2938
3044
3037
3090
3059
3002
3064
3045
2925
3119
3104
2996
3033
2905
3024
2979
3024
3029
3095
3150
3155
3076
3040
3109
3011
3022
3186
3087
3045
3015
3026
3058
3067
3124
3116
3058
3133
3085
3104
3055
3116
3091
3109
2967
3148
3008
3039
3057
3055
3100
3115
3033
3124
3117
3059
3006
3052
3079
3092
3050
3050
3133
3128
3084
3093
3062
3026
2970
3130
3080
3091
3138
3054
3024
3083
3044
3053
3097
3050
3147
3094
3065
3038
3090
3018
2910
2964
3025
3087
3029
3068
3026
3092
3150
3083
3065
3008
3118
3003
3068
3118
3195
3021
3106
3127
3159
3248
3148
3097
3032
3056
3240
3136
3091
3211
3090
3090
3183
3030
3140
3092
3092
3041
3089
3164
3143
3055
3020
3045
3119
3120
3151
3058
3083
3133
3117
3170
3084
3192
3169
3092
3053
2995
3177
3171
3127
3220
3056
3166
3033
3143
3108
3202
3188
3095
3210
3127
3065
3085
3128
3115
3140
3026
2977
3017
3130
3107
3135
3110
3054
3093
3165
3142
3112
3115
3156
3101
3190
3098
3192
3197
3191
3111
3075
3252
3055
3083
3094
3120
3024
3120
3252
3170
3151
3138
3126
3224
3246
3123
3073
3078
3119
3178
3213
3144
3104
3152
3164
3164
3164
3155
3238
3079
3079
3192
3038
3124
3136
3070
3188
3049
3189
3159
3240
3172
3142
3183
3162
3161
3168
3190
3143
3225
3151
3169
3250
3194
3238
3103
3111
3192
3174
3113
3041
3152
3156
3182
3126
3151
3143
3239
3095
3043
3160
3186
3203
3113
3123
3130
3130
3182
3108
3121
3235
3190
3164
3107
3217
3139
3183
3171
3062
3124
3086
3237
3093
3102
3146
3168
3146
3061
3163
3216
3075
3101
3189
3145
3113
3217
3266
3211
3067
3129
3037
3154
3021
3068
3077
3132
3155
3160
3138
3142
3061
3069
3150
3153
3121
3207
3143
3187
3114
3089
3211
3152
3111
3172
3095
3046
3116
3192
3205
3099
3072
3114
3139
3139
3087
3101
3095
3135
3194
3046
3200
3173
3059
3122
2987
3156
3128
3028
3100
3076
3091
3011
3144
3053
2987
3015
3096
3172
3064
3091
3072
3154
3156
3146
2998
3064
3174
3160
3099
3061
3121
3126
3107
3116
3013
3007
3151
3057
3025
3098
3076
3039
3136
3161
3030
3094
3062
3043
3131
3030
3086
3012
3188
3122
3056
2984
3049
3038
3145
3079
3104
3136
3194
3077
3049
3091
3056
3131
2965
3091
3014
3102
3080
3032
3052
2982
3131
3217
3001
3071
3081
3088
3175
3035
3127
3067
3043
2929
2968
2987
2925
3005
2973
3033
3062
3009
3050
3024
3054
2989
3025
3033
3056
3026
3016
3104
3127
3080
2995
3059
3086
3055
2939
2992
3026
3065
3064
3141
2999
3118
2973
3105
2996
3029
3122
3030
3088
3179
3117
3117
2967
3119
2972
2997
3140
3066
3043
3105
3150
3048
3174
3111
3119
3050
3038
3119
3090
3083
3081
3058
3018
3063
3012
3066
3054
3081
3000
3081
3104
3107
3050
2908
3106
3049
2952
2979
3104
3058
3099
3050
3137
2965
3160
3134
3107
3118
3059
3058
3129
3161
3039
3130
3056
3078
3148
3131
3136
3106
3114
3053
3066
3039
3161
3061
3033
3120
3032
3040
3043
3096
3016
3083
2991
3011
3068
3140
3067
3155
3052
2983
3058
3065
3007
3098
2970
3078
3116
3089
3015
3112
3087
3118
3085
3000
3157
3100
3125
3127
3051
3050
3075
3068
3165
3081
3081
3142
3055
3051
3062
3032
3129
2935
3006
3085
2966
3091
3074
2989
2986
3086
3075
3155
3037
3125
3140
3023
3083
3022
2958
3025
3134
2952
3074
2976
3069
2961
3073
2995
3009
3053
3104
2980
2980
3035
3045
2997
3074
3102
3098
3076
3082
3185
3000
2995
3170
3013
3028
3023
3033
3020
3100
3051
3131
3093
3042
3137
3051
3127
3002
3011
3154
3080
2980
3130
3008
3075
3075
3085
2979
3123
3035
3069
3157
3065
3132
3097
3152
3071
3087
3135
3037
3039
3093
3139
3020
3078
3090
3128
3140
3130
3118
3005
3059
2987
3086
3229
3046
3114
3171
3057
3147
3060
3062
3157
3096
3102
3149
3154
3146
3044
3110
3133
3049
3121
3051
2999
3063
3049
3138
3170
2897
3056
3104
3156
3254
3115
3119
3096
3176
3158
3086
3085
3081
3191
3094
3041
3027
3076
3120
3161
3124
3230
3125
3153
3178
3161
3193
3107
3172
3223
3114
3087
3166
3110
3191
3174
3130
3231
3125
3053
3239
3122
3144
3188
3079
3199
3071
3165
3272
3094
3197
3108
3082
3218
3157
3158
3106
3111
3057
3221
3083
3079
3231
3098
3095
3154
3115
3158
3125
3148
3257
3010
3209
