3153
3159
3146
3140
3169
3176
3132
3147
3107
3166
3041
3209
3180
3154
3173
3068
3196
3034
3130
3198
3139
3139
3171
3166
3113
3058
3103
3235
3098
3215
3090
3165
3086
3168
3160
3168
3191
3163
3109
3203
3109
3194
3068
3173
3099
3086
3155
3157
3147
3100
3127
3127
3084
3209
3092
3146
3153
3210
3193
3241
3105
3177
3080
3209
3150
3115
3136
3159
3121
3136
3078
3158
3183
3154
3110
2967
3186
3046
3024
3079
3043
3132
3019
3168
3096
3110
3100
3190
3184
3181
3090
3128
3158
3237
3152
3180
3098
3148
3206
3136
3122
3201
3240
3105
3134
3110
3077
3093
3019
3105
3147
3083
3108
3101
3090
3045
2999
3017
3081
3026
3108
3034
2996
3163
2980
3008
3095
3115
3071
3100
3117
3203
3036
3047
3089
3106
3126
2980
2988
3107
3107
2982
3015
3092
3083
3116
2937
2992
3115
3080
3041
3035
3116
3092
3012
3018
2922
3080
3031
3022
3065
3040
3083
3086
3143
3071
3030
3059
3121
3061
3079
3034
3029
3007
3046
3008
3052
3003
3097
3032
3075
3094
3023
2950
3037
3021
3124
2998
3099
3087
3063
3096
3087
3048
3151
3049
3039
3107
3140
3057
3003
3095
3050
3025
3073
3109
3026
3053
3108
3124
3139
2967
3073
3135
3070
3031
3084
2975
3007
2994
2959
3066
3113
3023
3100
3020
3157
3113
3039
3036
2973
3081
3005
3032
3042
3099
3075
3077
3091
3169
3027
3047
3113
3044
2918
3153
3124
3027
3068
3013
3185
3122
3231
3051
3121
3081
3016
2996
3036
3132
3054
3085
3162
3075
3178
3078
3028
3081
3128
3061
3130
3102
3014
2976
3013
3048
3097
3092
3114
3072
3003
3074
3028
3109
3083
2925
3040
2941
3030
3045
3025
2964
3057
3059
3098
3152
3084
3113
3076
3105
3056
3059
2962
3047
3030
3008
3138
3024
3150
3112
3070
3093
3023
3031
2941
3023
2861
3029
2949
3115
2948
2968
3057
3006
3110
3121
3152
3078
3022
3005
3072
3080
2976
3124
3048
3077
2998
2949
3060
3005
3055
3072
3092
3078
3064
3062
3016
3083
3134
3062
3021
3084
3045
3084
3133
3023
3096
3014
3069
3146
2996
3126
3118
3043
3124
2971
3055
3114
3174
3097
3102
3060
3134
3085
3145
3089
3149
3041
3076
3109
3139
3080
3075
3151
3084
3132
3165
3084
3077
3139
2972
3126
3028
3079
3112
3166
3151
3127
3113
3199
3167
3090
3082
3100
3062
3084
3106
3100
3158
3177
3156
3116
3157
3139
3047
3046
3097
3069
3076
3053
3021
3033
3093
3145
2979
3069
3134
3097
3136
3131
3120
3166
3244
3162
3092
3135
3124
3175
3132
3145
3070
3128
3119
3127
3141
3168
3119
3177
3139
3179
3206
3053
3175
3163
3139
3095
3236
3120
3248
3137
3118
3154
3243
3142
3112
3164
3084
3166
3177
3118
3170
3147
3144
3078
3218
3144
3100
3062
3184
3174
3133
3071
3119
3185
3129
3110
3238
3123
3107
3147
3202
3137
3113
3178
3174
3163
3120
3191
3053
3205
3168
3204
3118
3071
3259
3193
3122
3153
3245
3128
3187
3107
3218
3119
3156
3165
3174
3162
3162
3091
3220
3214
3090
3163
3146
3181
3157
3130
3208
3149
3186
3152
3190
3078
3189
3259
3034
3072
3178
3126
3195
3029
3209
3062
3101
3136
3086
3189
3154
3127
3148
3162
3108
3140
3174
3144
3148
3201
3143
3138
3182
3218
3145
3156
3203
3103
3140
3115
3083
3217
3030
3080
3143
3159
3042
3148
3189
3211
3101
3178
3194
3213
3121
3131
3161
3146
3042
3069
3229
3217
3252
3159
3099
3145
3198
3193
3129
3080
3059
2983
2998
3041
2972
3042
3068
3091
3162
3076
3079
3295
3113
3216
3046
3215
3134
3127
3168
3104
3058
3154
3078
3193
3083
3036
3166
3103
2988
3093
3132
3132
3135
3020
3047
3167
3180
3117
3033
3148
3137
3089
3092
3085
3090
3060
3149
3109
2986
3082
3051
3079
3135
3019
3154
3077
3169
3051
3118
3131
3129
3071
3127
3068
3134
3055
2977
3046
3130
3031
2982
3076
3168
3027
3010
3058
3124
2942
3041
2888
2945
3035
2994
3121
3101
2994
2978
3002
3072
3025
3080
3102
3158
3072
3097
3074
3032
3070
3054
3025
3032
3054
2925
3016
3062
2953
3039
3154
3036
3038
3079
3030
3140
2957
3094
3020
2984
2963
3105
3182
3015
3012
3099
3055
3133
2998
2983
3060
3139
2959
3119
3127
3035
3033
2985
3215
3108
3084
3059
3019
3065
3188
3090
3010
3041
3032
3060
3064
3037
3198
3055
3034
2944
3008
3085
2949
3039
3112
3046
2969
2992
3073
3033
3059
2970
3023
3054
2970
3161
3076
3064
3106
3045
3062
3100
3011
3052
3149
3070
3123
3107
3042
3024
3167
3024
3040
3071
3075
3086
3140
3053
3071
3050
3079
3151
3064
3058
3014
2973
3081
3056
3042
3114
3101
2989
3092
3010
3033
3023
3027
3087
3082
3082
3097
2974
3093
2956
3064
3086
3131
3019
3062
3223
3041
2970
3014
3027
3027
2970
3000
3059
3025
2985
3047
2981
3021
2980
3096
3036
3010
2990
3002
3176
3055
3067
2940
3165
3052
3060
3172
3016
3070
2990
3032
3019
3024
3022
3039
3083
3031
3013
3025
2986
3209
3027
3059
3020
2969
2993
3060
3049
3066
3023
3000
3014
3051
3003
3060
3018
2962
3019
3114
3148
3053
3040
3117
3243
3113
3139
3053
3134
3073
3113
3011
3056
2999
3088
3068
3115
3091
3068
3083
3133
3086
2988
3028
3167
3028
3094
3031
3041
3053
3063
3128
3027
3026
3113
3051
3071
3133
3194
3040
3101
3093
3095
3025
3122
3191
3170
3088
3145
3074
3095
3207
2993
3129
3081
3022
3062
3089
3113
3112
3212
3089
2999
3080
3039
3059
3111
3079
3066
3035
3103
3071
3190
3070
3178
3143
3167
3201
3304
3082
3177
3048
3164
3155
3074
3121
3174
3215
3153
3142
3135
3209
3205
3198
3189
3116
3083
3117
3098
3141
3174
3091
3236
3173
3064
3116
3232
3163
3134
3168
3160
3137
3117
3174
3030
3141
3164
3214
3225
3206
3052
3084
3183
3084
3172
3161
3162
3081
3149
3088
3089
3159
3202
3146
3118
3175
3123
3058
3178
3136
3109
3253
3115
