3173
3232
3080
3173
3209
3213
3195
3128
3153
3165
3194
3075
3113
3162
3153
3211
3110
3087
3091
3035
3104
3074
3098
3166
3226
3261
3135
3127
3175
3251
3095
3076
3182
3212
3125
3163
3186
3120
3081
3128
3132
3213
3117
3198
3164
3158
3183
3125
3130
3181
3010
3167
3252
3099
3169
3150
3129
3164
3108
3074
3138
3204
3188
3220
3104
3099
3207
3085
3166
3110
3121
3174
3040
3209
3019
3100
3083
3049
2982
2916
3113
3021
3085
3088
3131
3124
3044
3062
3093
3154
3098
3106
3065
3146
3225
2955
3111
3273
3122
3076
3145
3105
2958
3069
3054
3099
3147
3124
3088
3140
3016
3127
3088
3114
3080
3182
3022
3027
3144
3086
3178
3101
3043
3144
3082
3052
3164
3053
2904
3009
3116
3097
3106
3134
3107
3022
2972
3100
3064
3077
3102
3078
3178
3038
3012
2961
3018
3078
3026
3102
3037
3016
2976
3094
3044
2969
3075
3201
3069
3130
3066
3156
3005
3076
3099
3128
3015
3088
3082
3067
3024
3065
3136
3071
3119
3056
3134
3144
3071
3156
3048
3053
3073
3062
3052
3083
3119
3089
3187
3081
3029
3101
3055
2970
3059
3059
2993
3116
3013
2959
3119
3082
3070
2984
3033
3113
3082
3010
3119
3044
3006
3102
3062
3006
2987
2941
3071
3190
3079
3107
3069
3108
3066
3010
3046
3063
3083
3097
3051
2956
3019
3011
2994
3127
3090
3021
3041
3253
3036
3019
3089
2981
3115
3147
3099
2993
3077
3099
3097
3173
2959
3183
3007
2954
3097
3113
3030
3138
3075
3051
3051
3140
3002
3027
3108
3031
3095
3016
2986
3029
3040
3081
3041
3136
3014
3000
3056
3044
2983
3087
3077
3124
3142
3066
3001
3051
3086
3006
3136
3052
2982
3125
3107
3110
2965
3007
3097
3012
3038
3002
3078
3084
3075
3167
2962
3089
2999
3068
3118
2936
2983
3094
3113
3055
3101
3070
2995
3080
3082
3111
3084
3038
2984
3008
3040
2986
3057
3064
2998
3045
3060
3096
3090
3149
3064
3006
3055
3065
3092
3079
3060
3028
2979
3068
3095
3020
3025
3001
3078
2994
3066
3122
3101
3054
3168
3006
3122
3096
3009
3103
3122
3160
3091
3102
3022
3101
3153
3124
3123
3170
3058
3096
3077
3051
3003
3148
3032
3012
3153
3107
3063
3122
3152
3164
3044
3141
3081
3088
3068
3138
3207
3195
3041
3039
3136
3147
3070
3080
3062
3092
3093
3112
3118
3197
3184
3107
3071
3179
3139
3192
3145
3134
3110
3135
3135
3055
3010
2965
3031
3091
2987
3074
3016
3003
3138
3078
3090
3119
3176
3122
3087
3188
3237
3064
3087
3039
3151
3135
3154
3141
3123
3197
3150
3087
3131
3018
3119
3153
3109
3141
3124
3175
3153
3190
3069
3113
3115
3094
3118
3145
3151
3098
3082
3221
3091
3103
3045
3051
3181
3062
3164
3069
3077
3091
3120
3108
3156
3198
3011
3205
3031
3216
3228
3178
3178
3104
3188
3250
3125
3083
3200
3154
3117
3153
3146
3111
3164
3118
3068
3130
3205
3147
3033
3160
3180
3116
3111
3255
3020
3080
3209
3136
3103
3209
3249
3099
3217
3060
3069
3212
3196
3232
3139
3204
3160
3103
3167
3108
3089
3140
3138
3197
3104
3138
3139
3201
3136
3117
3183
3084
3079
3108
3038
3119
3091
3168
3092
3226
3181
3189
3166
3150
3158
3028
3055
3070
3099
3068
3113
3204
3121
3103
3112
3099
3188
3171
3147
3152
3199
3102
3119
3072
3125
3220
3095
3067
3077
3209
3089
3131
3157
3185
3070
3116
3116
3089
3028
3081
3106
3236
3020
3198
3130
3131
3105
3108
3131
3102
2906
3006
3039
3022
3014
3041
2994
3094
3143
3056
3211
3134
3070
3070
3190
3153
3140
3093
3113
3153
3091
3086
3087
3116
3141
3072
2993
3050
2959
3112
3126
3164
3114
3065
3029
3042
3096
3061
3130
3138
3103
3130
3068
3100
3054
3121
3073
3060
3069
3094
3016
3090
3099
3170
3093
3022
3001
3152
3048
3055
3084
3053
3058
3087
3186
3118
3027
3084
2965
3134
3040
3041
3078
3096
3056
3061
3050
3014
2999
2951
3062
3010
3004
3113
3052
3086
3094
3050
3190
3056
3067
2977
3000
3088
3089
3011
2998
2980
3034
2959
3061
3080
3227
3061
3115
3115
2994
2970
3050
3098
2955
3132
3066
2952
3149
3152
3090
3078
2989
2987
3045
3119
2901
3023
3088
3071
3017
3079
3120
3116
3116
3086
3017
3105
3001
3030
3078
3103
3077
3028
3125
3114
3073
2985
3114
2966
3056
3096
3108
3055
3039
3016
2888
3094
3008
3002
3032
2989
2962
2993
3030
3023
3084
3149
3124
3076
2959
3074
3117
3065
3138
3105
3015
3053
3084
2983
3086
3055
3163
3158
3047
3017
3140
3091
2935
3024
3051
3213
2999
3063
2982
3002
2958
2993
3082
3023
3043
3074
3207
2919
3160
3091
3074
3054
3048
3019
2981
2956
3055
2987
3009
3153
3120
3053
3057
3007
3004
3125
2995
3044
3064
3043
3089
3011
3047
3167
2987
3026
3078
2969
3038
3091
3030
3041
3045
3048
2994
3055
3026
3136
3007
3115
2978
3007
3145
3092
3034
2930
3052
3049
3049
3005
3029
3042
2950
3001
3015
3020
3032
3018
3063
3057
3074
3035
3118
3107
3098
3074
3029
3051
2969
3060
2946
3022
3052
3077
3008
2996
3039
3032
2946
3084
3053
3127
3016
3029
3011
3133
2987
3053
3130
3065
3035
3086
3167
3110
3109
3078
3040
3168
3050
3051
3093
3104
3077
3052
3226
3158
3047
3121
3053
3161
3071
3111
3021
3136
3113
3107
3191
3083
3092
3171
3105
3072
3171
3157
3116
3030
3190
3062
3113
3131
3100
3138
3109
3057
3111
3059
3144
3194
3064
3134
3046
3103
3027
3094
2963
2943
3133
3082
3102
3103
3082
3207
3216
3173
3038
2957
3090
3093
3165
3206
3189
3030
3173
3154
3149
3127
3101
3247
3277
3115
3052
3004
3277
3115
3148
3088
3076
3151
3128
3077
3228
3152
3142
3156
3151
3165
3115
3052
3091
3125
3128
3136
3204
3152
3099
3091
3206
3159
3162
3183
3081
3102
3221
3090
3028
3144
3183
3093
3057
3219
3154
3140
3091
3076
3061
3190
3105
3063
3197
3254
3110
3200
3116
