3402
3499
3371
3365
3373
3599
3392
3461
3449
3422
3414
3284
3452
3411
3390
3512
3341
3381
3414
3300
3424
3408
3395
3438
3384
3573
3500
3357
3293
3453
3486
3373
3365
3316
3360
3353
3357
3440
3344
3409
3393
3459
3438
3503
3338
3534
3395
3427
3391
3284
3512
3325
3363
3321
3449
3443
3480
3391
3434
3451
3301
3399
3350
3381
3327
3315
3331
3280
3231
3298
3205
3230
3201
3243
3162
3114
3122
3076
3025
3114
3135
3191
3242
3128
3220
3173
3212
3245
3168
3256
3243
3365
3214
3195
3307
3253
3421
3323
3361
3496
3344
3357
3415
3329
3360
3390
3323
3330
3368
3385
3352
3417
3388
3338
3435
3341
3384
3397
3377
3342
3324
3404
3335
3369
3303
3380
3376
3363
3415
3356
3324
3363
3427
3291
3493
3316
3365
3278
3354
3247
3296
3364
3212
3154
3153
3098
3160
3128
3216
3049
3208
3134
3241
3139
3289
3337
3307
3315
3303
3355
3286
3309
3410
3325
3442
3356
3359
3311
3443
3311
3558
3441
3324
3327
3380
3404
3463
3356
3395
3390
3464
3371
3298
3384
3343
3406
3323
3413
3398
3466
3406
3425
3316
3374
3492
3345
3472
3470
3410
3419
3419
3404
3419
3361
3463
3373
3428
3491
3292
3357
3381
3418
3310
3298
3311
3275
3222
3230
3280
3351
3192
3236
3292
3239
3330
3353
3397
3426
3280
3288
3367
3409
3423
3421
3444
3391
3456
3513
3283
3433
3352
3414
3414
3345
3448
3300
3421
3415
3305
3384
3426
3271
3410
3449
3370
3464
3299
3455
3457
3395
3366
3394
3377
3390
3387
3293
3343
3382
3286
3185
3316
3208
3242
3225
3240
3295
3346
3385
3366
3299
3429
3290
3410
3444
3430
3402
3336
3296
3465
3461
3358
3406
3423
3353
3549
3354
3351
3347
3437
3334
3315
3446
3466
3404
3408
3499
3513
3335
3441
3396
3401
3333
3493
3360
3357
3331
3399
3431
3413
3311
3426
3358
3265
3323
3367
3366
3438
3318
3446
3512
3319
3430
3304
3267
3403
3225
3287
3229
3289
3303
3243
3207
3153
3179
3207
3223
3196
3219
3201
3234
3195
3343
3213
3234
3230
3296
3435
3290
3330
3343
3394
3371
3356
3315
3383
3325
3417
3367
3492
3444
3265
3366
3419
3439
3371
3442
3318
3431
3345
3423
3368
3461
3377
3414
3452
3319
3350
3361
3366
3396
3380
3326
3385
3327
3278
3372
3325
3359
3388
3357
3215
3404
3236
3285
3271
3222
3368
3290
3296
3265
3200
3156
3231
3131
3147
3135
3083
3049
3130
3114
3127
3146
3160
3072
3149
3246
3122
3190
3303
3278
3341
3346
3421
3462
3443
3291
3330
3349
3426
3328
3308
3370
3372
3416
3474
3349
3439
3353
3417
3385
3477
3431
3428
3347
3344
3436
3450
3396
3504
3376
3485
3316
3407
3334
3367
3301
3464
3526
3500
3527
3415
3350
3388
3447
3329
3378
3499
3398
3424
3482
3267
3386
3430
3505
3479
3395
3440
3397
3313
3375
3384
3341
3387
3375
3374
3356
3378
3338
3444
3400
3477
3498
3339
3401
3455
3399
3340
3390
3416
3377
3384
3440
3383
3427
3408
3366
3431
3377
3394
3422
3331
3466
3386
3383
3419
3364
3341
3501
3485
3306
3436
3287
3446
3433
3420
3287
3386
3350
3494
3423
3413
3409
3407
3252
3318
3322
3441
3431
3415
3454
3466
3341
3469
3389
3401
3342
3390
3320
3432
3432
3379
3346
3350
3346
3447
3462
3441
3431
3379
3419
3456
3371
3419
3377
3356
3487
3373
3468
3383
3390
3388
3344
3338
3450
3351
3433
3309
3333
3283
3394
3495
3375
3281
3421
3393
3308
3297
3181
3064
3041
3098
3086
3062
3136
3069
3152
3177
3183
3279
3231
3277
3212
3215
3289
3217
3246
3291
3309
3235
3293
3315
3393
3302
3358
3415
3358
3401
3436
3356
3366
3331
3384
3433
3310
3311
3322
3386
3377
3295
3429
3401
3308
3384
3295
3483
3476
3445
3376
3345
3416
3319
3415
3392
3325
3386
3348
3470
3339
3407
3424
3331
3394
3365
3357
3399
3463
3377
3351
3243
3334
3276
3171
3141
3267
3176
3164
3127
3113
3055
3126
3126
3193
3223
3305
3329
3242
3240
3290
3327
3342
3328
3348
3414
3453
3363
3298
3339
3344
3536
3356
3458
3412
3432
3369
3437
3427
3519
3492
3428
3356
3469
3322
3438
3209
3394
3327
3479
3331
3358
3402
3333
3372
3291
3342
3352
3515
3364
3405
3346
3464
3447
3397
3476
3405
3321
3324
3388
3305
3333
3399
3384
3387
3308
3351
3389
3259
3320
3172
3225
3271
3247
3181
3193
3275
3347
3361
3397
3286
3297
3449
3349
3401
3275
3543
3347
3394
3421
3366
3441
3271
3420
3452
3410
3322
3405
3442
3458
3304
3358
3423
3332
3270
3448
3391
3431
3338
3476
3389
3377
3321
3433
3283
3508
3308
3372
3337
3370
3230
3289
3286
3220
3247
3302
3284
3173
3204
3310
3263
3356
3258
3405
3303
3233
3374
3281
3394
3409
3435
3497
3374
3408
3435
3472
3500
3432
3420
3446
3345
3521
3403
3341
3517
3328
3446
3367
3341
3458
3323
3373
3409
3439
3362
3386
3405
3301
3271
3497
3325
3258
3381
3451
3332
3367
3306
3380
3286
3304
3266
3266
3229
3241
3242
3306
3192
3301
3330
3278
3220
3147
3215
3159
3162
3135
3238
3179
3274
3044
3106
3211
3217
3227
3181
3286
3368
3426
3318
3385
3386
3368
3351
3482
3380
3248
3337
3332
3370
3273
3417
3368
3349
3479
3234
3449
3417
3432
3321
3392
3488
3407
3417
3370
3341
3419
3427
3420
3475
3392
3278
3315
3305
3411
3309
3365
3399
3360
3437
3221
3354
3298
3318
3320
3302
3272
3200
3405
3197
3217
3312
3240
3174
3209
3207
3165
3043
3001
3106
3109
3153
3193
3180
3192
3263
3263
3294
3217
3295
3371
3353
3283
3304
3399
3381
3357
3397
3307
3382
3347
3449
3412
3317
3258
3451
3311
3501
3514
3373
3305
3440
3251
3332
3364
3377
3342
3400
3387
3361
3372
3322
3369
3431
3430
3445
3411
3287
3352
3509
3454
3383
3349
3390
3359
3370
3394
3413
3405
3403
3504
3403
3411
3445
3402
3361
3481
3395
3422
3413
3418
3453
3337
3457
3391
3336
3341
