3054
3082
3012
3091
3033
3042
3023
3079
3024
2968
3030
3042
3075
2950
3067
3076
3094
2955
3149
2953
3078
3123
3082
3107
3092
2994
2970
2973
3039
3125
2996
2921
3027
3052
3006
3101
3022
3051
3143
3026
3042
3019
3062
2996
3097
2970
3046
3009
3041
3051
3072
3040
3136
2982
2987
3026
3073
3112
3039
2944
3108
3013
3109
3128
3065
3107
3062
3048
3006
3099
3006
3034
3057
3012
3048
2986
3037
2964
2960
2952
3021
2931
2976
3033
3020
3043
2942
3067
3091
3028
3115
2996
3032
3125
3041
3021
3010
3057
3092
3041
3043
3063
3179
3000
3029
3020
3008
3014
2967
2951
3060
3009
3105
3057
2969
2996
2919
3006
2989
2911
3108
2981
3080
3169
3092
2970
3021
2963
2986
3076
2910
3023
3033
3107
3067
3052
3012
3071
2923
2969
3010
2958
2979
3032
2915
3046
3028
2929
2960
2915
2993
2960
2914
3021
2990
2929
2921
3029
2894
3005
2946
2914
2975
3031
3016
2949
3044
2948
3007
2801
3049
3060
3074
3035
2914
2995
2991
2910
3003
2994
3012
2997
2928
3017
3020
2915
2971
3007
3012
3001
2947
3013
2896
2925
2805
3026
2958
3012
2909
2928
2908
2983
2985
2995
3010
2872
2882
2906
2986
2935
3045
2871
2962
2978
3043
3020
2985
2921
2917
3027
3015
3006
2989
2944
3018
3027
2842
2945
2962
3019
2905
3032
3017
3003
2916
2992
3080
2897
2929
3063
2964
2994
2930
2917
2906
2915
2855
2942
3018
2997
3022
2965
2995
2985
2870
3005
2940
3000
2957
2964
2985
3048
2936
2945
2924
2944
2968
2952
3017
2897
2990
2972
2944
2968
3041
2917
3053
2966
3007
3043
2981
2944
2871
2948
3029
3004
2971
2952
3050
2959
3006
2962
3024
3086
2996
2933
2995
3037
2940
3012
3038
2907
2885
2979
3005
3078
2934
3066
3031
2978
2959
2973
3045
3012
2944
2983
2905
3007
2886
2883
3044
2920
2981
2930
2987
3039
2877
2898
2997
3001
3029
2898
2953
2961
2985
3048
3067
2971
2973
2981
2968
2984
2894
3012
2901
2904
2929
2946
3014
2952
2985
2985
3038
2972
2960
3022
2992
3060
2889
2992
3093
2910
2967
3024
3046
2938
2900
3006
3023
2993
3056
2991
3086
2935
3028
3006
3024
2973
2965
2980
3006
2899
3008
2971
3070
3060
3155
3022
3066
3073
2994
3082
3066
2999
3028
3023
3062
3150
3044
3088
2959
3025
3066
3081
3018
3083
3075
2972
3049
3134
2973
3014
3038
3032
3036
2940
2989
2926
2963
3038
2936
2971
3010
3031
2978
3049
3016
2978
3080
3028
3121
3062
3047
3072
3062
3071
3040
3000
3131
3069
3089
3034
2986
3081
3073
3048
3046
3088
3078
3044
3029
3124
3035
3098
3100
3088
3028
2946
3036
3098
3053
3075
2896
3073
3011
3070
3118
2992
3139
3009
3094
3118
3105
2995
3064
3063
3040
3019
3055
3007
3066
2939
3050
3088
3084
3047
3192
3102
2997
3010
3015
2998
3029
2955
3057
3132
3044
3148
3144
3180
3128
3105
2961
3147
3032
3080
3071
3080
3062
3024
3085
3150
3038
2991
3016
3133
2990
3094
3162
3075
3065
3022
3142
3038
3054
3124
3131
3028
3042
3065
3164
3042
3151
3061
3091
3080
3025
3018
3164
3004
3001
3045
2992
3149
3061
3037
2965
3141
3049
3087
2930
3051
3026
3051
3051
3086
2966
3048
3078
2939
3061
3102
3009
3100
3075
3013
2953
2951
2984
3058
3097
2958
3075
3077
3152
3095
3030
3039
3002
2973
3071
3091
3047
3179
3039
3013
2951
3030
2980
3022
3063
3089
2950
2914
3026
2926
3048
2924
2991
3002
2995
2858
3020
2900
2981
2945
2963
2992
3094
3084
2878
3102
2984
3025
2973
2871
3107
3041
3052
2904
3093
3108
3033
3002
3088
3012
2976
3104
3059
3103
2917
2916
3098
3012
3062
2982
2959
2975
2999
3076
2999
3010
3015
3015
2929
3026
3095
3028
3037
2973
2897
3052
3019
2985
3009
2925
2991
3012
2993
2943
2987
3099
3102
3043
2985
3048
3029
3095
2942
3049
3094
3060
3000
2986
2926
2888
2885
2963
2974
2928
2992
2826
2978
3018
2865
2913
3055
2932
2874
3029
2915
2916
2900
2832
2914
2904
2976
2953
2892
3013
2962
2976
2937
2977
2961
2894
2886
3014
2971
2995
3017
3031
2967
2957
2933
2989
2910
2926
2978
3032
2999
2949
3082
3064
2963
2960
2955
2971
2914
2910
2970
2925
3053
2956
3088
3009
3009
2944
2953
2917
2981
2973
2852
2875
2983
2965
3070
2939
2937
2921
2932
2876
2951
2994
2856
2970
2970
2983
2914
2981
2985
2888
2936
2968
2910
2922
3016
2929
2955
3001
2995
2942
2940
2958
2963
2991
2951
2987
3050
2988
3026
2916
3016
2994
2816
2943
2898
2965
2895
2956
2962
2984
2853
2935
2928
2882
2857
2895
3012
3006
2929
2849
2895
2832
2902
3001
2899
3006
2857
2978
3046
2906
2903
2978
2998
3085
2917
2927
2952
2856
3041
2983
2905
3079
2791
2908
2935
2948
2973
2987
2976
2979
3095
3044
2949
2944
2902
2985
2918
2972
3038
2941
2938
3056
3016
2932
2919
2979
3022
2945
2878
2989
2978
2965
3043
2939
2942
3020
2900
2902
3006
3003
3011
2924
2973
3035
2913
3020
3008
2981
2874
2966
3106
3027
2820
2934
2917
2888
2931
2932
2914
3021
2996
2995
2978
2940
2880
3035
2974
3000
3018
2970
2999
2993
2970
2996
3010
2997
2972
2999
2910
3043
3106
3011
3029
3000
3008
2979
2986
3004
3008
3038
3042
3012
3060
3126
3080
2970
2967
3101
3062
3157
2951
3017
3069
2999
3019
2980
2992
2974
3052
3074
3080
2974
3031
3063
2943
2943
2987
2949
3002
3024
2964
2922
2991
3030
2963
3041
3060
3013
3062
2986
2989
3055
3045
3059
2955
3036
2989
3092
3042
3041
3058
3046
3005
3018
3015
2975
3008
3125
2984
2959
3135
3064
3044
3005
2919
2985
3035
3027
3054
3113
3039
3101
3090
3095
3089
3000
3092
3131
2986
3021
2950
3014
3085
2934
3113
2957
3059
3030
3089
3044
3097
3087
3115
2991
2976
3025
3026
3009
2979
3044
3036
3044
3064
3085
2957
3011
2979
3084
3036
3074
3049
