3089
3189
3061
3064
3042
3138
3117
3160
3136
3263
3170
3196
3168
3142
3139
3130
3100
3065
3166
3134
3123
3141
3179
3213
3089
3236
3181
3168
3102
3193
3061
3078
3186
3185
3182
3078
3138
3166
3203
3177
3086
3256
3143
3209
3117
3086
3212
3127
3096
3080
3243
3062
3120
3013
3041
3182
3133
3147
3123
3162
3199
3199
3140
3235
2964
3070
3139
3060
3108
3136
3097
3022
3121
3121
2965
3081
3088
3114
3159
3001
3046
3063
3165
3195
3121
3137
3169
3073
3179
3124
3107
3036
3078
3153
3140
3130
3098
3027
3103
3198
3126
3091
3124
3126
3050
3144
3045
3129
3135
3116
3042
3062
3107
3035
3072
3163
3129
3186
3153
3083
3176
3133
3137
3089
3119
3097
3022
3067
3058
3119
3008
3077
3115
3028
2962
3014
3013
2981
3059
3073
3011
3041
3030
3038
2911
3058
3043
2966
2990
3068
3071
3110
2918
3077
2985
3120
3044
3097
3028
3011
3114
3155
3039
3044
3032
2975
3089
3135
3065
3054
3069
3039
3091
3145
2939
3060
3006
3034
2915
3029
3119
3076
3109
3013
3111
3106
3001
2956
3080
3051
3024
3064
2947
3016
2995
3036
2983
3051
3053
2941
3043
3111
3134
3042
2992
3011
3107
3004
2973
3048
3106
3024
3079
2997
3054
3021
3071
2967
3008
3051
2994
3109
3089
3088
3006
3019
3068
3098
3046
3016
2955
3048
3103
3068
2985
3137
3094
3004
3011
2998
3040
3162
2988
3064
3026
3018
3015
3048
3142
3104
3074
3101
3085
3038
3179
3079
3056
3101
3031
3063
3105
3003
3022
2958
3067
2989
3089
2964
3003
2869
2989
3031
3000
3187
2966
2949
3060
3034
3017
2951
2994
3060
3045
2926
2987
3069
3109
3029
3092
3086
2947
2959
2991
3069
3082
3038
3083
3028
3105
2921
3161
3035
3033
3066
3075
3111
3059
3151
3099
3044
2980
3073
3041
3023
3006
3015
3059
3124
3048
3050
3070
2999
2922
3034
3091
3103
3090
2978
3126
3110
3132
3179
3033
3049
2975
3062
2983
3060
3027
2985
3060
3100
2947
2979
3087
3056
3151
3128
3060
3096
3083
3028
3100
3140
3019
3061
3128
3154
3058
3111
3060
3083
3133
3034
3190
3101
3081
3053
3124
3020
3153
3061
3070
3060
3143
3177
3084
3054
3088
3161
3093
3114
3142
3127
3130
3078
3113
3033
3165
3070
3141
3120
3135
3058
3076
3122
3170
3068
3065
3072
3121
3105
3175
3120
3176
3150
3023
3175
3105
3148
3060
3133
3083
3118
3019
3105
3092
3123
2959
3087
2953
3086
3042
3092
3123
3093
3156
3125
3089
3082
3124
3108
3192
3229
3122
3115
3104
3155
3025
3076
3118
3148
3133
3115
3214
3079
3298
3107
3029
3092
3134
3091
3091
3120
3288
3120
3154
3014
3135
3202
3238
3194
3140
3087
3074
3193
3205
3153
3149
3130
3090
3155
3200
3208
3187
3026
3118
3189
3053
3139
3160
3189
3108
3108
3206
3083
3043
3107
3265
3230
3111
3121
3139
3190
3180
3220
3123
3038
3093
3115
3153
3122
3185
3212
3092
3065
3077
3024
3083
3223
3144
3104
3068
3166
3099
3032
3186
3132
3165
3102
3248
3086
3089
3188
3155
3194
3175
3142
3063
3101
3158
3131
3173
3090
3127
3083
3140
3097
3176
3098
3175
3236
3148
3166
3156
3145
3172
3106
3179
3171
3175
3124
3157
3013
3140
3096
3169
3115
3142
3085
3130
3125
3145
3193
3140
3080
3083
3178
3128
3164
3132
3071
3132
3164
3219
3176
3112
3145
3173
3079
3147
3084
3165
3139
3176
3211
3146
3219
3170
3166
3133
3167
3168
3108
3089
3117
3091
3059
3086
3092
2981
3077
3031
3053
3031
3018
2978
3095
3051
3137
3140
3059
3094
3147
3176
3042
3139
3093
3249
3090
3161
3067
3121
3144
3071
3066
3195
3147
3061
2997
3109
3136
3157
3085
3113
3138
3117
3122
3098
3104
3128
3123
3053
3079
2989
3133
3160
3209
3076
2994
3123
3108
3116
2977
3137
3051
2981
3052
3049
3052
3064
3041
3083
3075
3117
3007
3057
3111
3013
3050
3087
3004
3012
3137
3068
2950
3039
3047
3089
3100
3009
2968
3021
3027
3049
3003
2945
3124
3092
3136
2976
3048
3049
3087
3026
3045
3110
2956
3139
3046
2968
3040
3032
3097
3027
3071
3112
3060
3122
3006
3000
3098
3018
3103
3018
3113
3030
2961
3087
3073
3002
3002
3025
3077
2975
3030
3052
3137
3133
3084
2986
3076
3039
3005
3031
3048
3067
3078
3140
3034
3034
3129
3112
3017
3116
2962
3037
3017
3057
3038
3051
3026
3044
2944
3065
3052
3003
2984
3017
3015
3069
3040
2992
2985
3049
3008
3079
3081
3062
3080
3085
3067
2933
3008
3079
3053
2976
3091
3099
3081
3008
3099
2982
3083
3010
2999
2924
3012
3002
3062
2966
3002
3146
3082
2945
3026
3082
2968
2966
2988
3064
3056
3041
3125
3023
2963
2956
3079
2950
3050
3025
3020
3027
2909
3025
3060
3086
3037
3055
3104
3129
3018
3030
3088
3048
2979
3103
3143
3014
3052
2907
3105
2990
2974
3090
2959
3047
3137
3016
3127
3008
3009
3045
3054
3016
3175
3204
3042
3066
3139
2983
3032
3105
3123
3125
3070
3041
3036
3059
3129
3065
3115
2985
2955
3076
3089
3060
3059
3024
3109
3102
3081
3032
3028
2949
2966
3116
3058
3050
3021
3057
3100
3083
3078
3074
3120
3109
3022
3026
3095
3074
3224
3052
3176
3124
3087
3091
3081
2978
3050
3061
3102
3154
3099
3065
3028
3107
3065
3083
3089
3161
3100
3099
3044
3026
3072
3144
3150
3127
3165
3107
3128
3163
3074
3097
3068
3163
3136
3072
3138
3056
3226
3095
3123
3035
3147
3074
3042
3054
3074
3136
3007
3026
3088
2993
3023
3099
3137
3086
3163
3157
3038
3083
3099
3015
3188
3140
3109
3049
3076
3177
3203
3188
3167
3081
3103
3118
3113
3183
3179
3128
3097
3158
3093
3064
3175
3152
3174
3157
3096
3105
3127
3141
3024
3190
3101
3044
3058
3171
3033
3117
3148
3117
3176
3073
3197
3119
3187
3240
3134
3190
3139
3143
3059
3105
3101
3093
3105
3191
3151
3159
3212
3094
3136
3233
3235
3050
3074
3166
3138
3028
3177
3114
