3141
3078
3180
3199
3107
3131
3138
3053
3145
3131
3114
3074
3104
3083
3221
3039
3077
3198
3269
3147
3192
3240
3079
3128
3136
3009
3222
3111
3171
3066
3019
3170
3164
3122
3197
3129
3103
3127
3174
3206
3210
3111
2952
3154
3201
3115
3163
3202
3196
3117
3098
3178
3116
3137
3178
3095
3074
3064
3040
3174
3137
3150
3173
3143
3077
3139
3069
3188
3123
3071
3129
3159
3117
3052
3106
3137
3097
3035
3093
3021
3100
3075
3065
2985
3064
3119
3003
3224
3053
3071
3085
3069
3165
3115
3119
3140
3120
3122
3088
3132
3007
3085
3170
3078
3053
2977
3096
3163
3202
3062
3027
3015
3164
3039
3089
3067
3073
3204
3095
3093
3095
3113
3013
3128
3059
3084
3146
3028
3042
3165
3065
3134
3020
3064
3099
3102
3100
2984
3089
3024
3150
3059
3059
3027
3125
3044
3063
3003
3010
3070
3081
3022
2982
3014
3076
3084
3063
3005
3007
3127
3009
3214
3020
3059
3066
3094
3127
3183
3081
3153
3044
3095
3156
3070
3075
3023
3014
3042
2931
3040
3022
3054
3061
3049
3020
2992
3126
3035
3047
3067
2970
3059
3069
2983
3001
3036
3040
3045
3000
3022
2964
3068
3092
3067
3109
3062
3099
3054
3119
3005
3033
2953
3048
2985
3041
3019
3006
2955
3014
3099
2978
3014
2959
3070
2944
2999
3003
3062
3051
3008
3027
2978
3019
3081
3005
3052
3062
3031
3103
3052
3065
3059
3130
3118
3034
3117
3006
3114
3092
3003
3040
3010
2983
3092
3132
3010
3016
3019
3025
2971
3093
2999
3095
3015
3106
2949
3087
3027
3049
3093
2995
3043
3016
2836
3133
3030
3005
3009
3067
3034
3092
3067
3089
3087
3009
3068
3040
3003
2944
3033
2965
3019
3022
3006
2998
2909
3035
3051
2980
3017
3148
2995
3135
3114
3149
3069
3086
3017
2966
3012
3028
2901
3039
3144
3081
3056
2999
3008
3068
3074
3064
3036
2989
3065
2948
3062
3022
3111
3102
3038
3002
3117
3050
3025
2984
3003
3058
3024
3065
3004
3053
2937
3034
3016
3005
3032
3043
3068
3078
3034
3107
3031
3012
3021
3016
3129
3059
3195
3132
3128
3004
3051
3040
3126
3037
3093
3118
3101
3057
3015
3174
3040
3183
3127
3125
3058
3158
3127
3029
3168
3115
3214
3096
3042
3048
3150
3159
3093
3092
3151
3142
3002
2996
3049
3099
3142
3095
3131
3238
3096
3129
3104
3095
3045
3146
3065
3191
3129
3075
3161
3073
3096
3127
3206
3076
3104
3070
3081
3085
3120
2971
2977
3057
2965
3169
3158
3068
3110
3132
3190
3138
3160
3196
3129
3177
3042
3083
3107
3104
3161
3154
3123
3086
3176
3161
3154
3140
3132
3087
3139
3144
3147
3201
3066
3222
3160
3031
3160
3136
3069
3118
3163
3137
3223
3160
2982
3128
2985
3064
3244
3275
3177
3110
3083
3233
3125
3080
3113
3069
3114
3093
3132
3167
3234
3208
3133
3234
3103
3146
3218
3135
3169
3094
3074
3113
3186
3114
3108
3160
3204
3105
3112
3107
3235
3106
3046
3188
3146
3093
3172
3180
3074
3133
3140
3166
3123
3228
3133
3051
3149
3160
3179
3032
3100
3034
3186
3128
3146
3126
3119
3100
3086
3140
3001
3198
3018
3161
3087
3136
3111
3116
3093
3181
3215
3030
3068
3077
3020
3136
3119
3128
3208
3152
3170
3045
3142
3189
3073
3124
3015
3155
3142
3076
3169
3042
3072
3105
3023
3186
3122
3098
3135
3098
3062
3271
3120
3003
3160
3099
3071
3097
3169
3140
3154
3112
3081
3079
3163
3213
3006
3098
3101
3222
3156
3100
3156
3019
3121
3086
3082
3035
3077
3095
3081
3094
2942
3139
3201
3017
3057
3200
3134
3175
3202
3066
3110
3243
3099
3079
3206
3068
3175
3145
3108
3072
3121
3212
3122
3170
3086
3088
3164
3081
3108
3122
3176
3122
3052
3124
2989
3039
3168
3051
3052
3112
3087
3078
3148
3047
3058
3030
3114
3066
3095
3062
3141
3031
3022
3024
3114
3191
3053
3113
3057
3013
3061
3082
3109
3150
3120
3026
3016
3098
2956
3033
2925
3015
2997
3024
3023
2961
3062
3119
3105
3204
3054
3020
3073
3043
3033
3086
3001
3071
2955
3155
3060
3020
3102
3122
3001
3110
3103
3077
3019
3022
3049
3005
3043
3061
3112
3029
3105
3017
3146
3090
3109
3044
3069
3045
3084
2965
3099
3036
2973
2876
3100
3037
3095
3036
3121
2995
3050
2968
3029
3008
3051
3076
3080
3062
3063
3045
3001
3014
3055
3000
2981
3081
3067
2972
2963
3017
3083
3032
3010
3088
2967
3064
3039
3059
2965
2988
3012
3103
2983
2975
3000
3064
3045
3114
3066
3031
2946
3015
3073
3101
3058
3028
3103
3031
3057
2942
3121
3099
3090
3076
3059
3105
2992
2956
3055
2924
3005
3001
3006
3072
2962
2971
3034
2970
2944
3091
2907
2999
2908
3020
3059
3080
2924
3027
3073
3090
3020
2990
3029
2994
3093
3030
3076
3044
2966
3130
3087
2953
3035
3006
3025
3180
3007
3109
3186
3094
3116
3006
3149
3045
3136
3086
2991
3097
3043
2952
3119
3087
3067
2997
3110
3107
3031
3061
3146
3132
3049
3034
3025
3034
3125
3103
3009
3095
3071
3002
3106
3131
3072
3117
3049
3041
3044
3056
3054
3131
2901
3036
3136
3026
2986
3052
2962
2985
3037
3010
3017
3055
2990
3090
3109
3045
3069
3056
3085
3123
3036
3097
3151
3052
3129
3111
3041
3058
3128
3148
3184
3100
3169
3082
3143
3125
3071
3185
3168
3079
3058
3039
3069
3033
3153
3174
3013
3066
3093
3120
3183
3032
3160
3133
3158
3260
3029
3109
3026
3063
3117
3174
3109
3064
3209
2986
3175
3081
3038
3079
3085
3008
3134
3100
3018
3025
3188
3016
3123
3082
3065
3071
3166
3106
3091
3090
3106
3243
3119
3100
3019
3097
3047
3177
3108
3137
3061
3204
3143
3171
3092
3045
3055
3138
3158
3170
3106
3130
3160
3144
3127
3123
3112
3176
3077
3169
3209
3096
3066
3115
3117
3090
3093
3117
3104
3214
3087
3102
3095
3159
3192
3139
3057
3129
3284
3102
3175
3158
3151
3026
3064
3086
3111
3097
3129
3114
3113
3150
3074
3140
3162
3111
