3145
3162
3165
3090
3166
3077
3061
3079
3247
3152
3066
3211
3133
3179
3111
3029
3205
3122
3252
3112
3127
3079
3056
3166
3163
3111
3158
3186
3068
3024
3128
3134
3182
3171
3123
3084
3191
3178
3028
3155
3162
3116
3091
3137
3048
3076
3131
3057
3084
3209
3168
3122
3160
3158
3037
3100
3063
3148
3227
3165
3117
3188
3118
3095
3076
3158
3144
3177
3095
3131
3027
3068
3058
3104
3137
3047
3038
2990
3052
3085
3073
3099
3151
3044
3094
3159
3040
3095
3039
3008
3114
3083
3022
3141
3084
3032
3190
3150
3085
3174
3126
3122
3153
3099
3100
3038
3178
3122
3054
3030
3050
3112
3052
3106
3139
3160
3060
3048
3065
3008
3039
3109
2992
3018
3003
3112
3171
3081
3152
3113
3106
3155
3149
3189
3042
3111
3063
3187
3120
3066
3043
3145
3010
3039
3043
2895
2937
2985
3099
2962
3065
3035
3040
3020
3017
3036
3009
3092
2974
3114
3091
3077
3115
3069
2972
3022
3006
3071
3101
3027
3038
3014
3064
3044
3040
3089
3133
3006
3080
2949
3146
3028
2987
2984
3063
3020
3104
3114
2997
3013
3035
3022
3053
3108
3138
3173
3000
3014
3121
3139
3141
3012
3049
2939
3082
3036
3090
3132
3014
3058
2983
2964
3112
3109
2964
3068
3083
3022
3024
3157
3002
3109
3127
3050
2966
3040
3006
3008
3006
3064
3015
3118
3067
2967
3031
3019
2979
2992
3031
3063
3001
3044
3071
3124
3029
3131
3115
2949
3044
3105
3089
2978
3003
2999
2964
3051
2918
3046
2967
2953
3026
2985
3055
3039
3021
3006
2980
3055
3124
3059
3031
3082
2954
3047
3014
3144
3102
3143
2914
3048
3051
2908
3029
3027
3042
3072
3116
2966
3112
3101
3108
2988
3097
3069
3027
2932
3101
3049
3050
3188
3103
3092
3058
3037
3020
3072
3105
3040
3067
3004
2937
2923
3054
3046
3002
3061
3002
2949
3042
3012
3001
3006
3103
3031
3052
3032
3078
3138
3081
3084
3042
3070
3142
3119
3117
3131
3089
3117
3017
3097
3048
2993
2972
2995
3011
3030
2991
3030
3029
3006
3110
3132
3062
3132
3140
3049
3154
3074
3072
3160
3141
3203
3007
3163
3122
3033
3006
3183
3091
3110
3043
3102
3075
3097
3050
3066
3114
3119
3165
3126
3098
3064
3063
3124
3165
3102
3139
3101
3204
3148
3094
3220
3054
3144
3041
3059
3124
3076
3139
3175
3148
3172
3073
3215
3059
3121
3126
3166
3033
3104
3093
3050
3229
3126
3002
3094
3054
2983
3053
2987
2968
3140
3093
3080
3057
3055
3164
3105
3167
3030
3164
3109
3001
3119
3082
3223
3164
3129
3183
3179
3247
3200
3198
3173
3147
3122
3070
3118
3101
3050
3174
3108
3176
3070
3105
3157
2981
3105
3174
3083
3173
3240
3246
3060
3166
3131
3066
3131
3208
3215
3262
3097
3172
3181
3083
3120
3074
3098
3161
3082
3092
3176
3174
3052
3070
3134
3151
3004
3081
3145
3213
3166
3186
3118
3075
3098
3115
3081
3152
3147
3180
3135
3199
3156
3245
3094
3070
3060
3059
3137
3285
3072
3134
3199
3091
3227
3071
3036
3165
3187
3037
3139
3060
3146
3018
3158
3093
3111
3112
3143
3156
3210
3111
3037
3217
3129
3083
3060
3088
3123
3095
3042
3204
3118
3177
3115
3132
3132
3006
3128
3067
3088
3149
3169
3209
3196
3188
3181
3027
3082
3153
3147
3142
3020
3102
3094
3154
3115
3129
3098
3151
3098
3154
3160
3210
3207
3147
3062
3149
3089
3067
3175
3128
3212
3030
3067
3087
3045
3061
3125
3050
3037
3138
3123
3079
3097
3089
3071
3028
3057
3117
2991
2987
3043
3063
2988
3066
3079
3064
3100
3121
3088
3112
3103
3101
3025
3037
3040
3097
3030
2961
3086
3039
3225
3179
3052
3107
2990
3155
3079
3094
3167
3129
3132
3133
3041
3047
3063
3138
3060
3106
3113
3048
3126
3029
3017
3058
3111
3104
3073
3084
3047
3153
3074
3112
3042
3078
3083
3053
3064
3063
3168
2998
3118
3099
3158
3120
3132
3130
3069
3085
3038
3103
2988
3027
3135
3065
3101
3039
2895
3038
3013
2990
3035
3011
2994
3116
3026
2988
3086
3100
3150
3000
3068
3095
3123
3039
3055
3024
3011
2962
3062
2921
3106
3007
3102
3043
3097
3148
3063
2891
3099
3062
3145
3037
3030
3028
3011
3022
3005
3138
2991
3073
2970
2961
2987
3054
3033
3066
3096
3061
3069
2975
3002
2931
3070
2975
2971
3044
3055
3059
3058
3090
2984
3108
3070
2943
2976
2945
3001
2925
2892
3116
3036
3025
3034
2978
3009
3021
3010
2975
2981
3030
2958
2982
2975
3096
3031
3053
3093
2953
3012
3019
2990
2993
3057
3002
3044
2993
2990
3005
3072
3076
2897
3021
2950
2966
3032
3111
3010
3050
3084
2979
3006
3004
2995
3017
3043
3001
3114
3003
3001
2936
3083
2968
3000
3018
3013
2973
3005
3009
2924
3067
2973
3041
3001
3033
3047
2981
3021
3026
3086
3089
3061
3100
3032
3096
3070
3080
3082
2937
2970
3045
2982
3096
3069
3053
3010
3115
3087
3130
3066
3081
3002
2995
3074
3065
3024
3021
3133
3047
3044
3059
3134
3008
3015
3031
3103
2994
3061
3128
3092
3012
3067
3068
3070
3050
3016
3114
3074
3008
3119
3090
2970
3089
3029
2978
2934
3010
2983
3048
3017
3085
3046
3101
3065
3145
3147
3107
3008
3180
3075
3076
3042
3130
3007
3037
3027
3032
3016
3065
3207
2982
3077
3116
3074
3148
3110
3099
3078
3092
3102
3120
3145
3112
3059
3103
3069
3076
3123
3019
3119
3087
3179
3093
3018
3163
3083
3116
3068
3064
3121
3172
3302
3100
3088
3119
3052
3195
3097
3162
2985
3076
2936
3017
3037
3013
3042
3055
3145
3184
3119
3121
3111
3079
3104
3021
3189
3111
3123
3148
3047
3117
3165
3144
3134
3095
3246
3082
3193
3045
3099
2991
3169
3164
3194
3170
3052
3307
3039
3034
3186
3148
3081
3106
3131
3154
3103
3153
3124
3091
3116
3183
3195
3271
3078
3098
3125
3091
3102
3122
3199
3017
3121
3154
3207
3092
3048
3165
3108
3087
3147
3042
3153
3214
3115
3097
3178
3116
3101
3157
3094
3103
