3963
3969
3992
4016
3875
3966
4073
4110
4019
3951
4057
4039
3992
4040
4006
3970
4114
4004
4025
3981
4065
3982
3950
4094
4075
3964
3996
4071
3965
4032
3904
4057
3926
4002
4009
3994
3911
4105
3993
4066
3969
3928
4034
4095
3975
4116
4012
4037
3939
3960
3976
3979
3936
4057
4035
3964
3976
3918
3916
3927
4039
4026
4009
3992
3906
4020
4067
4093
4004
3954
3940
3910
4048
3934
3904
3921
3851
3962
3743
3821
3840
3938
3992
3996
3904
3984
3830
4028
3995
3939
4007
4097
4049
4057
4030
3929
3919
4011
3949
3996
4015
3948
4015
3928
3916
4089
4001
4023
3954
3946
3994
4127
3986
3997
4016
4024
4023
3875
3971
4162
3879
3909
3934
3952
3973
3928
3816
3986
3929
3881
3963
4005
3982
4003
3945
3963
4063
3892
3905
3911
4118
3932
3791
3856
3910
3780
3753
3868
3882
3918
3919
3880
3973
3873
3966
4024
3888
4019
3934
3862
3829
4014
4003
4007
3952
3846
3893
3921
3894
3881
3964
3857
3892
3997
3896
3878
3870
3883
4000
3926
3938
3928
3948
3961
3935
3899
3949
3867
3864
3787
3887
3935
3846
3957
3839
3830
3861
3975
3924
3860
3902
3867
3897
3765
3901
3887
3883
3772
3910
3916
3901
3858
3784
3745
3781
3946
3879
3794
3927
3804
3878
3818
3864
3793
3871
3787
3823
3906
3902
3681
3795
3801
3949
3877
3730
3821
3821
3843
3958
3810
3921
3929
3894
3921
3856
3841
3863
3832
3884
3948
3952
3885
3947
3860
3800
3809
3857
3786
3872
3865
3779
3841
3875
3865
3941
3977
3891
3735
3801
3845
3822
3867
3809
3827
3846
3864
3877
3926
3782
3863
3865
3818
3887
3888
3823
3891
3879
3948
3943
3902
3784
3898
3869
3835
3921
3907
3792
3964
3923
3829
3779
3873
3855
3929
3927
3854
3902
3959
3992
3928
3917
3900
3966
3780
3922
3815
3855
3813
3791
3790
4004
3881
3945
3779
3818
3929
3792
3904
3922
3918
3854
3907
3835
3905
3940
3898
3890
3914
3857
4032
3765
3877
3942
3811
3826
3951
3935
4004
3922
3943
3963
3901
3897
3989
3976
3994
3950
3927
3860
3963
4031
3974
3980
3982
3890
3970
4031
3941
4002
3876
3897
3929
4000
3851
3928
3960
3897
3845
3996
3977
3991
3926
3915
3965
4014
3954
4071
3936
4016
3985
3926
4000
3973
3997
3937
3975
3993
3951
4005
4059
3948
3980
4062
3908
4009
3879
4043
3898
3915
3995
3844
4021
3924
4004
3970
3972
3943
3971
3867
3859
3892
3780
3864
3967
4003
3923
3924
3921
3935
3956
4088
3949
4037
4074
4002
3845
3850
4010
3985
4027
4014
3848
3972
3943
3973
4093
4063
4066
4133
4036
3968
4066
4015
4057
3849
4042
4002
3947
4095
3954
4018
3966
4009
3937
3952
4068
4010
3951
4015
3993
4113
3955
3964
4027
4024
3960
3911
4103
3970
4033
3953
4004
3863
3960
3945
4043
3954
3951
3974
4009
3987
4001
4060
3906
3912
3901
3963
3927
3930
3981
4049
4126
3963
4028
4042
4147
3951
4033
3899
3967
3940
3973
3881
3994
3952
4012
4048
4076
3952
4029
4065
3934
3975
4028
3959
4104
3948
4037
4012
4009
3995
4006
3957
4026
4040
3904
3975
4012
4058
4149
4042
4086
4071
4090
3985
4101
3959
3928
3967
4059
4108
3880
4053
3950
4005
3932
3997
4017
4026
3842
3944
3938
4066
3952
3978
4142
3900
3920
4047
3930
3989
3889
4110
4133
3979
3908
4064
3983
3918
4083
4052
4024
3897
3938
4016
4180
3927
3871
3946
4098
4033
3981
3920
4055
4063
3863
4017
4028
3852
3882
3934
3899
3936
3915
3900
3886
3956
4049
3929
4002
3924
4019
3970
3949
4050
4010
4077
3747
4062
3915
4030
4039
4036
3928
3919
4034
3931
3945
3992
3877
3947
4042
4036
3982
3957
3979
4011
3921
4021
3903
3933
3955
3821
4015
3926
3914
3976
3906
3871
3946
3951
3817
3804
3988
4002
3895
3930
3990
4067
4069
3976
3887
3873
3973
3982
3865
3869
3944
3962
3883
3910
3960
3938
3641
3849
3944
3848
3889
3763
3857
3870
3914
3866
3953
3923
3903
3965
3894
3998
3942
3935
3923
3854
3938
3917
3937
3839
3862
3954
3886
3886
3966
3896
3895
3934
3958
3953
4041
3913
3943
3854
3986
3854
3976
3760
3940
3899
3935
3860
3816
3814
3929
3764
3946
3854
3903
3810
3790
3908
3848
3787
3759
3891
3855
3821
3813
3926
3859
3995
3858
3859
3973
3818
3792
3922
3868
3958
3769
3846
3778
3856
3818
3801
3803
3931
3757
3861
3925
3799
3942
3887
3828
3809
3806
3841
3938
3842
3879
3771
3864
3876
3912
3817
3840
3945
3833
3875
3842
3854
3816
3808
3905
3831
3817
3926
3934
3867
3724
3884
3758
3903
3959
3916
3839
3850
3786
3797
3885
3874
3858
3839
3899
3771
3800
3851
3920
3901
3884
3905
3918
3946
3765
3892
3927
3864
3907
3858
3863
3905
3757
3857
3856
3741
3807
3838
3802
3849
3911
3756
3878
3937
3822
3830
3872
3830
3759
3774
3985
3958
3926
3927
3838
3839
3830
3892
3972
3856
3931
3879
3793
3885
3863
3877
3825
3945
3940
3907
3961
3905
3900
3994
3880
3860
3783
3867
3981
3935
3930
3935
3952
4019
3871
3811
3944
3758
3897
3801
3824
3881
3820
3811
3916
3926
3817
3940
4019
3873
3975
3914
3951
3993
3930
3894
3897
4001
3913
3975
4023
3942
3916
3871
3929
4080
3943
4038
3906
3929
3942
3954
3923
4028
3997
4044
3888
3989
4049
3915
4002
3917
3918
3926
3959
4089
3888
3958
4036
4034
3917
4061
3904
3868
3832
3945
3935
3920
3965
3853
3986
3917
3927
3966
3855
3964
3920
4032
3983
3889
4017
3910
3952
3906
4062
4015
3830
4039
4032
3899
4005
3883
4004
3899
3926
4059
4000
3969
4102
3836
3909
4067
4030
3930
4011
4039
4094
3921
4075
3950
4127
3949
3879
3984
3991
3994
3935
4036
3959
3960
4141
3945
3976
4040
3965
3992
3966
4055
4213
4024
4021
3925
3977
3880
3993
3928
3954
4049
3952
4051
4007
4057
3902
3980
3953
3912
4058
4010
4032
3992
3925
3830
4017
3902
3940
3890
