3145
3133
3159
3160
3130
3184
3129
3163
3166
3143
3215
3113
3161
3081
3106
3141
3086
3127
3190
3123
3050
3090
3096
3060
3112
3054
3048
3043
3174
3176
3032
3191
3164
3118
3204
3090
3076
3144
3180
3101
3097
3088
3166
3158
3229
3097
3148
3131
3073
3113
3112
3099
3223
3197
3221
3044
3163
3114
3122
3097
3092
3045
3164
3122
3194
3164
3142
3101
3046
3089
3120
3145
3227
3051
3083
2948
3056
3108
3002
3083
3077
3120
3117
3138
3043
3082
3100
3073
3126
3116
3164
3030
3174
3082
3039
3175
3184
3071
3138
3183
3231
3174
3107
3094
3038
3139
3043
3073
3154
3064
3106
3111
3180
3012
3007
3102
3050
3091
3051
3113
3024
3085
3073
3138
3037
3052
3098
3021
3170
3091
3138
3106
3065
2997
3155
3083
3099
3079
2997
3065
3086
3028
3009
2980
2990
2965
2987
3055
3034
3036
3101
3084
3068
3021
3043
3081
3085
3123
3044
2965
2906
2989
3114
3093
3000
3037
3065
3053
2936
3035
3109
3151
3011
3046
3095
3057
3150
3092
2951
3030
2999
3018
2998
2945
3127
3010
2904
3094
3031
3050
3011
3106
2967
3117
3121
2977
2958
3000
2978
3176
2975
3026
3069
3029
3124
3010
2954
2994
3055
3107
3047
3009
3144
3028
3006
2977
3018
2944
2944
3006
2963
2996
2959
2964
3015
2969
2920
3065
3016
3042
3083
3087
3088
2983
3005
2956
2981
2941
2969
3014
3003
2929
2994
3125
2927
2975
3068
2962
2906
3053
3002
3048
3053
3089
3065
2982
3085
2991
3037
3070
2909
2984
3093
2949
3054
3078
3019
2985
3057
3049
3000
3061
2966
3068
3041
3045
3044
3042
2967
2965
3030
2973
3034
3132
3015
3050
3029
3079
2995
3020
3034
3072
3033
3054
3095
3022
3021
2921
3002
3068
3053
3005
3031
3065
3034
3077
3039
3076
2990
2955
3063
3025
3088
3048
3035
3098
3009
3096
3038
3016
3060
3034
3134
3039
3088
3086
3053
3097
3049
3077
3044
3057
3037
3056
3068
2962
3054
3018
2970
3028
3120
3080
2969
3015
3137
2999
3046
3010
3065
3102
3077
3031
3047
3137
2997
3029
3116
3024
3197
3006
3038
3095
3210
3175
3022
3037
3085
3113
3063
3116
3110
3032
3133
3071
3084
2989
3084
3085
3182
3118
3174
3194
3020
3198
3083
3206
3123
3089
3065
3063
3111
3097
3107
3064
3151
3028
3103
3072
3069
2907
3175
3109
3083
3151
3082
3070
3186
3201
2991
3158
3062
3091
3025
3119
3140
3100
3130
3098
3010
3021
3023
2983
3040
3112
3061
3108
3172
3197
3059
3045
3189
3099
3096
3119
3089
3027
3148
3080
3101
3100
3041
3173
3139
3217
3102
3124
3177
3179
3133
3230
3161
3096
3092
3029
3119
3160
3133
3107
3098
3078
3142
3222
3160
3069
3123
3214
3123
3117
3123
3111
3106
3185
3099
3181
3164
3114
3075
3130
3174
3105
3158
3234
3180
3109
3105
3085
3024
3083
3069
3168
3101
3131
3211
3089
3077
3089
3106
3150
3194
3196
3028
3191
3227
3118
3174
3126
3135
3249
3135
3148
3103
3148
3053
3093
3113
3149
3088
3125
3250
3022
3169
3070
3193
3043
3221
3133
3170
3101
3113
3099
3151
3127
3147
3215
2990
3126
3208
3042
3214
3173
3053
3162
3163
3083
3087
3038
3052
3016
3072
3062
3113
3071
3081
3012
3061
3145
3085
3148
3243
3054
3146
3127
3170
3133
3145
3082
3114
3077
3067
3124
3105
3137
3150
3138
3045
3079
3149
3118
3132
3116
3197
3208
3012
3036
3070
3120
3033
3066
3136
3148
3052
3102
3162
3058
3106
3139
3145
3206
3033
3050
3020
2999
3033
3014
3162
2986
3030
3113
3116
3132
3109
3148
3088
3109
3202
3078
3087
3058
3010
3024
3153
3054
3084
3068
3152
3094
3032
3028
3105
3090
3045
3023
3093
3027
3111
3162
3088
3144
3108
3118
3109
3024
3178
3204
3115
3025
3067
3044
3146
3199
3166
3033
3067
3068
3021
3049
3085
3234
3095
3096
3102
3127
3002
3241
3160
3075
2939
2967
3107
3127
2998
3026
3097
2986
3048
3068
2938
2975
2988
3034
2967
3125
3057
2871
3006
3038
3025
3056
3087
3004
3098
3108
3037
3029
3041
2969
3107
3005
3021
3028
3143
2987
3023
3019
2910
3033
3042
3171
2984
3028
3078
2969
3105
2990
3086
2993
3138
2894
2967
3031
2985
3022
3007
3142
2972
3086
2992
3120
2934
3032
2963
2966
3080
3032
3011
2886
3060
2935
3096
2985
3036
3117
2952
3065
2981
2938
2979
2956
2977
2938
2988
3002
3031
2981
3041
3069
3092
3034
2941
2931
2974
2982
2887
3002
3090
3112
3121
2981
3020
3018
2935
3068
2985
3081
3140
3008
2986
3032
2998
3049
3003
2990
3026
3031
3111
3075
2922
3018
3124
3005
2992
2987
2964
3020
2993
3006
2947
2992
3138
2977
3021
3028
3013
2941
2989
3063
3099
3062
2967
3041
3015
3048
3112
3082
2995
2927
2947
3000
3102
3045
3064
3054
3016
2995
3042
2929
3055
2929
3015
2936
2970
2956
3049
3114
3043
3096
3080
2984
3049
3013
3017
2952
3045
3084
3053
2997
3008
3028
3014
3075
3006
3079
2990
2995
3070
3100
3055
3005
3122
3110
3010
3077
3108
2990
3030
3086
3096
3068
3044
2935
3022
2996
2989
3168
3043
3055
2957
3051
3050
3023
3053
3013
3154
3039
3150
3105
3110
2994
3056
3115
3029
3067
3030
3148
3127
2973
3000
3133
3142
2975
3076
3097
2967
3099
3140
3074
3099
3216
3175
3045
3069
3141
3204
3157
3039
3070
3036
3007
3116
3145
3257
3053
3080
3188
3030
3128
3162
3069
3154
3141
3074
3086
3121
3104
3037
3078
3093
3058
3128
3006
3018
3001
2997
3028
2992
3099
3129
3081
3040
3076
3185
3246
3107
3071
3141
3040
3141
3086
3130
3141
3070
3132
3071
3165
3064
3070
3102
3229
3119
3122
3089
3175
3214
3072
3156
3110
3215
3146
3126
3069
3107
3217
3121
3025
3007
3207
3217
3196
3169
3106
3140
3140
3086
3140
3091
3168
3140
3079
3185
3114
3116
3063
3097
3119
3063
3129
3120
3145
3122
3110
3121
3258
3232
3080
3112
3151
3134
3146
3121
3181
3050
3120
3130
