3076
3108
3149
3011
3039
3046
3027
3076
3214
3142
3164
3151
3038
3092
3158
3219
3056
3107
3033
3137
3164
3069
3042
3050
3110
3121
3103
3044
3105
3117
3120
3166
3134
3127
3122
3021
3050
3085
3069
3141
3056
3026
3101
3168
3094
3155
3161
3233
3056
3134
3058
3150
3122
3148
3074
3145
3140
3122
3128
3125
3030
3132
3098
3163
3250
3085
3116
3203
3152
3108
3094
3219
3125
3013
3116
3023
3075
3055
3030
3020
3041
3064
3046
3089
3099
3043
3123
3046
3168
3093
3116
3104
3123
3087
3118
3083
3159
3158
3120
3158
3092
3129
3024
3146
3029
3038
3132
3078
3181
3136
3042
3109
3104
3029
3003
3093
3153
3094
3118
3107
3131
3186
3059
3081
3017
3016
3093
3004
3184
2989
3047
3105
3080
3038
3134
3057
3083
2971
3139
3053
3063
3071
2972
3075
3057
3023
3059
3073
3072
3086
3038
3022
2981
3011
3083
3166
3082
3112
2996
3078
2962
3147
3088
3132
3022
2981
3058
3093
3027
3053
3073
3093
3068
2976
3013
2985
3008
3043
3073
3066
3057
3076
2911
3114
2963
3058
3090
3066
3043
3090
2928
3049
3032
3091
2956
2956
3103
3042
3048
2969
3061
2964
3095
3048
3080
3002
3023
3004
2941
2944
2971
3029
3000
2981
2947
2947
3087
2915
3114
3031
3075
3016
3026
3000
3001
2956
2976
3000
2949
2924
3020
2983
2989
2990
3065
2978
3052
3132
2946
3052
3057
3206
2937
3014
3040
2937
2930
3003
2964
3018
3087
2962
3047
2957
2974
2997
3045
3037
2988
2917
3052
2900
2959
2994
2949
3039
2932
2893
2910
2941
3036
2932
2986
2897
2946
2940
2950
3061
2977
3010
2931
3023
3018
3048
2973
2976
2982
2999
3079
3029
3053
3020
3110
3110
3048
3029
3018
3082
3079
2890
2981
3028
3016
3021
3097
3100
3030
3040
3053
3153
3078
3035
3069
3138
3018
3043
3124
3051
3044
2987
3038
3020
2972
2990
3023
3103
3025
3093
3051
2925
2975
3116
3038
2956
3084
3126
3080
3080
3096
3028
2976
2930
3049
3017
3015
2956
3074
3029
2985
3046
3107
3088
3104
3035
3110
3125
2966
2953
2995
3106
2988
3125
3066
3111
3112
3100
3040
3109
3033
3128
3069
3027
3092
3116
3097
3126
3138
3134
3103
3088
3022
3047
3135
3107
3067
3130
3010
3254
3030
3047
3092
3032
3068
3056
3246
3168
3167
3074
3117
3160
3166
3147
3171
3127
3097
3074
3165
3176
3122
3183
3118
3113
3121
3017
3143
3106
3134
3050
3100
2947
2960
2990
2973
3063
3056
3109
3226
3136
3097
3105
3154
2993
3079
3109
3147
3172
3148
3130
3183
3078
3093
3141
3109
3077
3087
3279
3098
3093
3215
3098
3130
2993
3127
3079
3092
3077
3145
3154
3089
3133
3052
3150
3186
3173
3107
3049
3044
3160
3077
3054
3083
3078
3287
3051
3161
3125
3170
3125
3133
3239
3144
3076
3145
3049
3089
3012
3153
3222
3129
3084
3152
2956
3069
3112
3096
3194
3078
3175
3057
3025
3139
3138
3132
3097
3139
3064
3137
3014
3174
3088
3029
3133
3115
3080
3116
2999
3104
3025
3098
3137
3172
3231
3178
3208
3163
3096
3175
3169
2995
3175
3143
3151
3138
3031
3110
3111
3099
3109
3050
3175
3040
3069
3090
3163
3130
3145
3146
3050
3144
3094
3130
3170
3089
3066
3053
3097
3137
3077
3113
3190
3102
3123
3120
3202
3197
3182
3137
3095
3095
3105
3163
3134
3102
3094
3176
3169
3102
3087
3134
3131
3133
3173
3127
3048
3128
3123
3167
3064
3169
3110
3084
3117
3136
3070
3038
3007
3070
2997
3068
3097
3020
3026
3008
2928
3059
3051
3070
3128
3058
3106
3123
3120
3118
3150
3142
3124
3065
3176
3159
3161
3133
3042
2974
3042
3136
3107
3110
3025
3176
3034
3079
3132
3083
3076
3118
3185
3105
3047
2977
3082
3020
3162
3206
3068
3028
3050
3173
3028
3155
3084
3126
3028
3041
3047
3086
3026
3166
3126
3056
3046
3126
3133
3111
3142
3125
3019
3080
2980
3136
3021
3107
3070
3019
3059
3059
3116
3065
3035
2989
2956
3008
3135
2980
3038
3060
3065
3045
3059
3007
2948
3040
3079
3102
2992
3065
2992
3120
3039
3078
3061
3126
2991
3131
2985
3083
3082
3057
3070
3055
2975
3003
3089
3055
2996
3012
3075
3039
2973
3046
2963
3039
3038
3103
3106
3049
3026
2989
3045
2962
3038
2991
3055
3021
3032
3134
3071
2967
3001
2951
3025
2952
2959
3055
2975
2993
3062
2985
2973
3057
2981
2955
2928
2896
2915
3065
3021
3092
2925
2843
2956
2975
2905
3024
3050
2915
2997
2967
2936
3097
3014
3013
2996
2956
2963
2937
3038
3005
3028
3015
2996
3002
3033
2983
2964
3095
3000
3023
3090
2903
2991
3032
3032
2969
2938
3025
2986
3061
3022
2961
2886
3005
3055
3003
2979
3018
2927
2974
3061
2992
3030
3016
2914
3035
2922
3046
2977
3124
2953
3000
3022
3005
3070
2914
3093
3047
3168
3038
3018
3029
2948
3091
2993
3051
3034
3073
3043
2984
2977
3079
3119
3052
3072
3025
2899
3113
3119
3134
3087
3129
3085
3099
3093
3047
3150
3113
3057
3053
3048
3138
3017
2906
3027
3172
3032
3091
3004
3188
3091
3020
3124
3077
3161
3037
3181
3018
3053
3005
3016
3111
2962
2981
2976
3034
3006
3074
3089
3080
3092
3013
3059
2958
3096
3059
3039
3039
3104
3153
3085
3045
3141
3168
3087
3060
3158
3152
3136
3010
3140
3133
3070
2975
3203
3133
3038
2952
3013
3143
3070
3071
3100
3041
3082
3059
3162
3072
3039
3060
3108
3176
3127
2997
3091
3077
3045
3138
3158
3095
3095
3057
3179
3066
3090
3024
3064
2940
3023
3192
3162
3035
3112
3048
3169
3054
3061
3143
3086
3069
3063
3049
3003
3131
3085
3083
3144
3154
3160
3032
3105
3116
3175
3081
3041
3182
3109
3113
3108
3169
3070
2960
3145
3132
3116
3150
3139
3139
3168
3107
3175
3258
3172
3149
3154
3162
3084
3146
2980
3162
3177
3222
3093
3068
3130
3060
3048
3176
3198
3192
3085
3156
3072
3069
3144
3119
3096
3155
3094
3086
3110
3107
3200
3090
3102
3187
