3092
3082
3095
3036
3156
3176
3070
3043
3082
3142
3059
3030
3134
3102
3066
3188
3107
3189
3044
3115
3148
3127
3182
3148
3191
3171
3147
3158
3078
3141
3089
3120
3196
3216
3131
3028
3074
3127
3173
3163
3074
3096
3061
3080
3093
3045
3060
3074
3072
3230
3073
3117
3102
3099
3166
3051
3105
3139
3178
3119
3061
3075
3208
3148
3057
3175
3136
3103
3088
3129
3273
3166
3018
3055
3060
3122
3130
3187
2990
3054
3131
2971
3000
3042
3212
3084
3089
3067
3135
3014
3116
3091
3167
3193
3081
2986
3061
3096
3099
3050
3027
3158
3150
3084
3098
3119
3174
3145
3143
3088
3051
3051
3119
3122
3153
3074
3119
3057
3105
3050
3050
3050
2975
3026
3089
3062
3074
3038
3207
3016
3031
3091
3135
2957
3060
3150
3044
3065
3026
3130
3147
3024
3001
3023
3016
2960
2979
3075
3098
3051
3039
3000
3072
3085
3060
3073
3015
2996
3075
3054
3083
3064
3097
3156
3057
3091
3092
3063
2977
3006
3087
3049
3097
2988
3110
3031
3133
3018
3121
3096
3046
3035
2966
2931
3000
3035
3036
3026
3092
3100
3038
3116
2988
2963
3093
3044
3163
3113
3094
2957
2985
3066
3074
2955
3050
3039
3038
2992
2982
3054
3061
3017
3025
3011
3003
2937
2999
2948
3037
2973
2992
3028
3008
2993
2975
3065
3170
3035
2990
3034
2955
2983
3006
2970
2993
3054
3020
2993
2909
2952
2973
3090
2956
2964
2997
3132
2983
3034
2998
2956
2943
2893
3043
3042
2974
2968
2870
3052
3026
2977
3092
3048
2860
2967
2981
2989
3130
3085
3017
2998
3022
3009
2969
2929
2989
2929
2955
2959
3006
3066
2985
2947
2922
2899
3077
2996
2957
3003
3034
3156
3080
3113
2974
3034
3020
3105
3059
3020
3028
2955
3066
3048
3099
3012
3067
3033
3067
3056
3032
3046
3119
2907
3006
3041
3104
3003
3030
2966
2932
3032
3052
3073
3153
2948
3141
3008
3134
3048
3017
3025
3030
3002
2929
3086
2961
3149
3082
3046
3023
2884
3040
2976
2974
2999
3045
3005
3058
3208
3082
3080
3133
2995
3060
3050
3042
3119
3141
3098
3060
3145
3001
3149
3048
3022
3077
3128
3021
3093
3100
3049
3118
3074
3055
3100
3121
2985
3071
3133
3022
3176
3115
3082
3116
3042
3036
3061
3093
3181
3004
3132
3202
3130
3117
3083
3036
3171
3146
3086
3127
3231
3148
3112
3111
3055
3026
3161
3137
3110
3074
3111
3243
3056
3136
3033
3186
3148
3056
3040
3079
3063
3095
3022
3093
3100
3063
3126
3114
3062
3130
2896
3083
3043
3139
3146
2974
3072
3135
3050
3147
3129
3128
3142
3045
3097
3152
3028
3155
3103
3231
3029
3025
3093
3053
3015
3032
3122
3017
3043
3147
3071
3126
3132
3163
3084
3231
3073
3087
3058
3138
3127
3131
3071
3062
2957
3107
3069
3096
3251
3029
3056
3138
3088
3093
3016
3055
3046
3095
3228
3129
3197
3096
3157
3116
3121
3057
3185
3154
3085
3101
3157
3137
3121
3111
3046
3141
3000
3126
3140
3137
3136
3218
3071
3182
3137
3164
2996
3028
3121
3202
3082
3131
3112
3102
3096
3159
3057
3119
3129
3084
3144
3161
3094
3118
3179
3154
3136
3157
3154
3027
3163
3057
3135
3133
3095
3020
3137
3061
3101
3199
3102
3065
3105
3158
3139
3210
3147
3071
3025
3178
3172
3109
3188
3116
3104
3138
3137
3156
3120
3152
3007
3114
3011
3153
3069
3133
3111
3168
3147
3090
3058
3136
3069
3076
3072
3099
3105
3108
3230
3039
3095
3190
3155
3207
3108
3156
2988
3115
3037
3005
2979
2985
3041
2911
2982
3099
3190
3020
2952
3093
3050
3067
3189
3062
3035
3224
3127
3054
3107
3202
3142
3076
3103
3143
3122
3138
3112
3060
3122
3154
3154
3076
3140
3056
3019
3089
3087
3195
3063
3089
3035
3102
3147
3122
3039
3154
3050
3081
3201
3083
3130
3040
3050
3049
3146
3020
3091
3082
3154
3089
3105
3071
3153
3029
3081
3158
3067
3017
3050
3152
3104
3010
2979
3218
3001
3078
3015
3093
3001
2913
3018
3035
3117
3066
3012
3039
2967
3115
3130
3007
2993
3119
3042
3155
3030
3006
3057
3017
3051
3070
3051
3058
3087
3101
3053
3053
3049
3009
3087
3068
3037
3055
2951
3068
3019
3024
3033
3084
3097
3050
3110
3028
3063
2940
3047
3025
3051
3012
3128
2976
3145
2929
2986
3069
3092
2937
3052
2988
2983
3024
2994
2974
3113
3015
3036
3008
3052
2937
3002
3037
3072
3011
2987
2950
2902
3022
2942
2995
2863
3060
2965
3029
3100
3062
2836
2978
2895
2849
2933
2984
3018
2932
2981
2985
2975
2927
2944
2996
2965
3002
2937
3092
3109
2937
3004
3029
2895
3058
3029
3005
3036
2939
3023
2948
2956
3017
3053
2918
2974
2934
3002
2935
2968
2890
3035
2966
2981
3052
2989
2981
2940
3071
2975
2995
3026
2974
3106
2989
3028
3066
2948
3044
2963
2964
2986
3018
3038
3064
2994
2950
2973
3089
2905
3005
3055
3138
2985
3010
2921
3191
3030
3032
2986
3035
3142
3067
3007
3057
3086
2990
3106
3060
3041
3028
3030
3028
3089
3079
3074
3011
2973
3214
2999
3050
3036
3146
3091
3094
2970
3012
3018
3043
3113
2945
3003
3043
2940
2988
2939
2979
3031
3043
2978
3003
3060
2982
2990
3119
3085
3070
3104
2986
3089
3047
3111
3093
3040
3107
3180
3088
3117
3077
3064
3169
3118
3121
3095
3026
3029
3184
3080
3176
3035
3065
3133
3128
3124
3087
3120
3014
3180
3132
3070
3005
3025
3197
3146
3174
3099
3143
3084
3083
3076
3109
3143
3206
3063
2989
3164
3090
3139
3028
2910
3138
3081
2959
3046
2991
3067
3044
3156
3038
3117
3218
3072
3091
3141
3006
3101
3070
3097
3169
3100
3057
3102
3071
3153
3043
3163
3188
3148
3134
3049
3113
3134
3117
3141
3084
3252
3069
3161
3242
3214
3080
3075
3067
3107
3134
3059
3113
3106
3189
3112
3153
3172
3189
3104
3090
3123
3112
3056
3086
3079
3135
3182
3011
3120
3120
3186
3086
3042
3098
3198
3131
3116
3111
3163
3130
2994
3107
3182
3127
3017
3153
