3094
3085
3015
3110
3167
3075
3123
3169
3116
2988
3140
3162
3152
3147
3142
3124
3103
3087
3168
3115
3053
3085
3143
3144
3157
3212
3036
3118
3190
3139
3083
3179
3038
3169
3095
3043
3082
3122
3073
3020
3191
3235
3039
3108
3145
3029
3176
3110
3167
3120
3102
3099
3110
3118
3075
3199
3140
3124
3210
3050
3152
3068
3060
3079
3073
3074
3146
3131
3073
3152
3043
3101
3016
3138
3089
3076
3021
3066
3010
2977
2975
3029
3135
3068
3100
3023
3086
2945
3148
3121
2949
3070
3163
3094
3029
3135
3043
3023
3124
3031
3121
3116
3049
3059
3137
3058
3001
2980
3082
3141
3129
2980
3046
3079
3141
3168
3114
2972
3072
3126
3038
3014
3071
3191
3119
3040
3115
3073
3104
3020
3129
3096
3014
3111
3050
3087
3097
2998
3037
3228
3057
3017
3001
3068
2969
3006
3040
2974
3048
3052
3000
3137
3055
3039
3080
3128
3109
3108
3096
2989
3130
3103
3089
3024
3057
3007
3140
3193
3105
3039
3027
3074
3053
3086
3114
3071
3039
2972
3117
3059
3087
3134
3096
3042
3026
3037
3103
3043
3013
3078
3041
2978
3116
3113
3072
3094
3023
2960
2991
3043
3086
2985
2951
3046
2954
2969
2968
2950
2931
3025
3099
2948
3102
2979
2993
2950
2999
2956
3006
2904
2927
3024
2998
2989
3016
2908
2980
2996
2893
2883
2972
2939
3042
2929
3012
2929
2990
3000
2972
2982
2972
2999
3020
3023
3063
3046
2938
2959
2939
3018
2947
2929
2963
2926
2938
3043
2999
3037
3009
3035
2900
2900
3029
3041
2916
3016
3117
2910
3017
3015
2983
2929
2992
3066
2941
3004
3008
2929
3009
3005
3067
3018
3004
3079
3099
3067
2930
2930
3014
3042
3054
3011
3040
3000
3032
3037
3054
3076
3015
3055
3063
2977
3120
3008
3009
3007
3009
2936
3085
3017
3019
2953
3062
2953
3084
3052
3059
3071
3016
2985
3079
2973
2947
3071
3037
3090
3026
3056
3019
3046
3072
3002
3035
3090
3063
3130
2983
2991
3132
3089
3027
3066
3078
3097
3003
3064
3041
3006
2970
3162
3116
3016
3120
3073
3111
3037
3091
3030
3054
3078
3101
3191
3071
3202
3134
3134
3193
3034
3106
3116
3116
3197
2970
3132
3057
3091
3054
3090
3087
3125
3097
3070
3145
3092
3014
3143
3103
3098
3111
3153
3023
2983
3109
3066
3103
3143
3133
3181
3026
3110
3196
2999
3147
3045
3021
3122
3119
3073
3212
3076
3109
3078
3101
3056
3110
3024
3114
3090
2973
3016
3012
3103
2982
3103
3051
3105
3234
3089
3060
3071
3130
3120
3129
3150
3046
3075
3126
3133
3138
3108
3142
3066
3084
3240
3113
3210
3102
2980
3025
3055
3115
3069
3207
3167
3073
3113
3188
3086
3257
3125
3039
3115
3183
3054
3154
3086
3234
3166
3078
3187
3087
3099
3001
3148
3103
3063
3079
3129
3132
3070
3091
3090
3043
3108
3193
3116
3062
3150
3088
3132
3113
3103
3129
3088
3262
3187
3204
3081
3116
2948
3217
3185
3036
3163
3156
3164
3180
3198
3181
3188
3063
3117
3133
3210
3108
3194
3138
3133
3137
3012
3127
3041
3180
3094
3184
3095
3120
3154
3158
3134
3084
3143
3172
3140
3111
3082
3130
3197
3103
3146
3135
3159
3075
3084
3148
3129
3086
3203
3075
3212
3116
3166
3115
3041
3077
3144
3095
3073
3172
3116
3110
3122
3066
3136
3100
3130
3072
3041
3146
3113
3122
3195
3040
3088
3143
3151
2998
3069
3145
3129
3127
3145
3029
3116
3164
3028
3057
3058
3105
3175
3100
3038
3110
3061
3164
3141
3107
3103
2960
3022
3023
2903
3053
2925
2982
2986
3084
3095
3077
3064
2972
3154
3087
3075
3099
3120
3095
3090
3124
3074
3090
3109
3111
3111
3013
3003
3116
3140
3110
3045
3097
3089
3048
3226
3081
3054
3054
2960
3059
3118
2989
3046
3097
3112
3140
3007
3087
3042
3110
3104
3043
3032
3084
3079
3064
3076
3135
3055
3113
3099
2983
3065
3031
3001
3096
3033
3052
3174
3035
3056
2967
3022
3099
3086
3033
2957
2966
3092
3002
2956
3069
2980
2999
3016
3054
2983
3070
3019
2999
3109
2997
3069
3060
2996
3077
3021
3105
2940
2985
3084
2979
3057
3041
3096
3061
3039
2988
3008
3147
3068
3006
3055
3022
3044
3048
3036
2957
2989
3056
2977
3036
3085
2949
3096
2977
3000
2962
2987
2987
3066
3068
3067
2986
3020
2969
2979
2962
2991
3074
3002
2987
3036
2969
2992
3037
3094
3065
2958
2967
2967
2998
3024
2967
3033
3006
3000
2963
3015
3040
2963
2998
2952
2985
2976
3016
2971
2975
2925
2924
2975
2874
2953
2983
2932
3040
2982
2938
2957
2926
2866
2997
3064
2916
3012
3042
2949
2944
3001
2908
2996
2923
3086
2890
2912
2915
2869
3054
2923
2965
3045
2962
2971
2961
2972
2932
2898
2994
2931
2970
2969
2998
2996
2981
3117
2993
2914
2973
2978
3029
2938
3056
3017
3029
2971
2920
3015
3017
2977
3062
3036
3034
2970
3065
3007
3090
3065
3019
3073
3166
3118
3012
3044
2973
3076
2956
3046
3003
3097
3086
3035
3138
3074
3038
3046
3000
3046
3043
3090
2959
3003
3201
2933
3028
3073
3053
3109
3113
3134
3056
2989
3042
3137
3038
2942
3045
2998
3017
3082
2939
2999
3041
3123
3142
3015
3131
2994
3010
3072
3074
2926
3120
3073
3129
3027
2987
3070
3155
3073
3051
3060
3159
3124
3029
3098
3098
3171
3005
3112
3153
3100
2992
3145
3127
3028
3099
3148
3067
3184
3086
3153
3130
3064
3086
3076
3109
2990
3061
3113
3069
3147
3134
3029
3244
3080
3070
2969
3163
3092
3107
3037
3019
3158
2998
2943
2971
2993
3067
2989
3186
3088
3074
3164
3097
3152
3047
3110
3132
3152
3148
3095
3170
3070
3081
3141
3179
3092
3145
3027
3186
3082
3189
3051
3084
3056
3081
3085
3136
3114
3024
3081
3127
3047
3138
2968
3098
3172
3134
3155
3200
2994
3055
3060
3142
3129
3225
3092
3080
3135
3012
3195
3198
3112
3108
3205
3150
3083
3074
3059
3135
3087
3241
3019
3091
3089
3096
3227
3123
3128
3114
3105
3128
3112
2984
