4009
4054
4001
3928
4054
4023
4117
4082
3991
4009
3932
4054
3978
4073
3894
3869
4005
3941
4047
3972
4043
3992
3996
4065
3860
3969
4020
3921
3950
4028
4106
3962
3906
3903
3936
3901
4008
3941
3954
4107
4004
3986
4019
3811
3934
4012
3991
3955
3930
3968
4015
4054
4126
3995
4033
3977
4026
4075
3997
3906
3956
3944
3895
4116
3931
3937
4016
3957
3974
4012
3911
4053
3956
3933
3814
4011
3926
3855
3822
3951
3806
3892
3820
3834
3988
3807
3941
3977
3921
3985
3952
3939
3962
3882
3974
4049
3984
3900
4017
3963
3991
3967
3823
3945
4094
3907
4006
3916
3987
3942
3990
3965
4004
3893
4098
4059
3917
3915
3936
4023
3945
3943
3960
3882
4059
3944
3983
3963
3970
3844
4050
3956
3988
3956
3908
3838
3983
4001
3929
4014
3938
3949
3911
3830
3815
3895
3864
3767
3838
3863
3826
3889
3924
3891
4015
4024
3881
3859
3953
3918
3992
3919
3942
3940
3923
3970
3916
3863
4099
3830
3910
3902
3929
3949
4003
3977
3946
3832
3895
3934
3945
3891
3833
3866
3851
3918
3711
3960
3843
4032
3902
3804
3839
3894
3825
3763
3886
3855
3938
3906
3791
3801
3866
3873
3881
3826
3972
3977
3935
3780
3776
3842
3733
3854
3984
3846
3826
3723
3754
3862
3833
3835
3882
3838
3719
3858
3753
3790
3886
3819
3789
3811
3817
3811
3786
3847
3802
3822
3899
3759
3705
3848
3736
3768
3802
3709
3727
3803
3830
3789
3815
3785
3773
3785
3842
3779
3897
3875
3738
3753
3817
3761
3777
3666
3733
3851
3806
3802
3894
3879
3825
3721
3784
3699
3816
3798
3780
3863
3752
3846
3828
3950
3807
3860
3951
3974
3821
3860
4000
3825
3799
3784
3909
3888
3803
3886
3919
3810
3840
3925
3854
3976
3917
3947
3893
3922
3962
3895
3936
3913
3941
3888
3867
3936
4011
3952
3958
3910
3937
3944
3918
3947
3892
3931
4014
3901
3828
3978
4041
3914
3881
3791
3828
3996
3884
3862
3898
3906
3859
4024
3954
3908
3778
3807
3758
3898
3984
3977
3814
3962
3939
3933
4076
3917
3986
3972
3993
3933
3970
4027
3822
3933
4041
3887
3948
4008
3949
4001
3992
3964
3904
3949
3840
3817
4030
3949
3974
4010
3882
3924
3967
3928
3953
3970
3982
4044
4030
3984
3938
4002
3901
3841
3899
3920
3929
4004
3898
3921
3972
4029
3996
3937
3810
3869
3948
3947
3972
3826
3950
3969
3989
4024
4077
3954
3978
3962
3903
3864
3855
3775
3977
3875
3806
3929
3962
3957
3972
3945
3897
4185
3892
4002
3886
3979
3953
3773
3918
3913
3858
4026
3888
3851
3951
3996
3909
4020
3974
3939
4100
3845
4024
3987
3991
4049
4011
3958
4089
4024
3998
3899
3942
3898
3891
3969
3929
3958
4073
3911
3979
3974
3977
3975
4018
3925
4049
4117
4122
4002
3929
3855
3939
3854
3978
4008
3981
3953
4028
4020
4031
4015
3951
3979
3938
3987
3980
3987
3880
4003
3919
3943
4071
4039
3976
4029
3939
3831
3978
3926
3977
3919
4070
4042
3885
4105
3981
4076
3915
3998
4071
3927
3956
4071
4020
4042
4106
3948
4009
3951
3885
4072
4074
4028
4038
3998
4003
4011
4031
3928
4013
3936
3907
3923
3921
4035
4056
3938
4010
3916
3908
3998
4008
3991
4149
4006
3905
3942
3980
4003
4072
3931
3978
4101
3911
3937
3924
3974
4016
3928
3930
4021
3985
3962
3964
4043
4009
3916
3939
4047
4002
4001
4066
4008
3919
4006
4096
4012
3976
3915
3818
3904
3910
3978
3999
3940
4033
4010
3959
4052
3941
3856
3846
3721
3821
3874
3945
3810
3974
3769
3903
3948
4005
4117
3893
4041
3870
3925
3918
4008
3917
3819
4019
3945
4050
3852
3925
3957
4046
3968
3972
4004
4002
3892
4093
3848
3957
3977
3957
3849
3898
3947
4007
3835
3930
3889
4030
3988
3852
4035
3913
3908
3998
3883
4038
3936
3968
3984
3888
3925
3984
3983
4017
4023
3931
3876
4011
3936
3907
3996
4000
3959
3951
3958
3889
3839
3995
3904
3796
3810
3826
3876
3897
3787
3928
3850
3957
3920
3864
3905
3863
3887
3911
3867
4012
3958
3994
3903
3902
3780
3911
3867
3889
3882
3827
3817
3925
3929
3887
3822
3869
3813
3910
3777
3923
3836
3845
3902
3784
3895
3896
3931
3937
3944
3810
3867
3837
3866
3886
3873
3825
3786
3790
3792
3881
3933
3805
3830
3885
3830
3772
3771
3833
3845
3667
3924
3800
3790
3787
3832
3844
3874
3820
3831
3748
3701
3805
3693
3853
3846
3775
3823
3660
3688
3737
3708
3842
3755
3750
3704
3702
3868
3695
3757
3825
3774
3802
3794
3739
3761
3733
3800
3759
3702
3810
3656
3888
3700
3788
3740
3808
3813
3733
3777
3886
3701
3760
3831
3783
3876
3728
3769
3699
3725
3698
3865
3865
3833
3779
3825
3814
3825
3875
3823
3904
3921
3839
3797
3879
3766
3781
3783
3812
3881
3884
3902
3860
3785
3816
3947
3945
3971
3929
3893
3836
3868
3874
3956
3890
3811
3855
3809
3938
3961
4005
3931
3866
3990
3986
3948
3872
3771
3763
3920
3904
3843
4032
3835
3974
3902
3831
3984
3915
3828
3846
3946
3833
3852
3907
3719
3952
3989
3935
3851
3867
3772
3927
3913
3858
3816
3801
3921
3977
3930
3920
3903
4030
3880
3946
3830
3903
3992
3921
3955
3867
3888
3949
3922
3912
4026
3888
3926
3967
3968
3924
3862
4037
4010
3863
3926
4085
4043
3914
3814
4014
3876
3995
3922
3880
3842
3967
4035
3973
4063
3914
3986
3818
3886
3939
3902
3963
3899
3910
3938
3954
3913
3972
3951
3928
3902
3832
4002
3880
3887
3951
3795
3827
3753
3811
3993
3894
3994
3946
3925
3992
3894
3882
4043
3970
3932
3977
3950
4015
3964
4017
3984
4032
3958
3929
4001
4075
3948
3942
3953
3969
3975
3940
4000
3988
3832
3913
3981
3981
3952
3944
4079
3990
3944
3989
4002
4013
3925
3924
3934
3894
4059
3994
3925
3918
3993
3942
3880
3911
3886
3920
3951
3916
3929
4044
3881
4022
3941
3947
3906
4095
3918
3974
4007
3944
4136
3985
4055
4021
3943
3870
