3414
3431
3388
3427
3411
3427
3441
3330
3418
3419
3379
3417
3405
3380
3440
3361
3380
3466
3368
3288
3340
3397
3284
3365
3380
3446
3455
3458
3360
3374
3424
3432
3388
3352
3432
3393
3470
3425
3345
3378
3292
3415
3385
3362
3397
3340
3301
3375
3378
3389
3487
3397
3285
3307
3365
3422
3408
3394
3355
3436
3416
3466
3427
3305
3268
3306
3374
3323
3260
3128
3189
3189
3168
3247
3164
3182
3033
3106
3105
3026
3129
3181
3093
3178
3291
3226
3148
3222
3221
3419
3235
3285
3199
3319
3250
3334
3359
3383
3344
3316
3348
3386
3320
3364
3428
3337
3311
3277
3444
3369
3448
3432
3475
3387
3374
3433
3288
3308
3393
3224
3387
3331
3368
3429
3406
3429
3380
3467
3313
3424
3324
3269
3347
3247
3333
3375
3410
3309
3319
3344
3335
3277
3161
3088
3212
3186
3192
3106
3247
3259
3204
3233
3185
3277
3334
3246
3331
3267
3244
3303
3258
3334
3373
3390
3287
3357
3342
3343
3399
3503
3285
3347
3360
3387
3307
3359
3391
3260
3426
3422
3456
3375
3337
3496
3466
3459
3468
3341
3403
3328
3438
3371
3332
3497
3312
3383
3308
3334
3392
3422
3527
3339
3335
3503
3415
3368
3374
3379
3367
3365
3308
3376
3428
3334
3255
3224
3314
3194
3160
3292
3221
3296
3207
3198
3322
3282
3335
3286
3440
3327
3223
3304
3336
3381
3331
3456
3407
3447
3358
3459
3362
3344
3479
3375
3412
3415
3372
3373
3457
3382
3352
3355
3370
3357
3316
3321
3304
3425
3336
3465
3365
3379
3337
3494
3292
3233
3333
3372
3282
3368
3210
3202
3168
3180
3286
3186
3319
3280
3304
3333
3353
3269
3328
3352
3374
3380
3349
3363
3264
3407
3398
3377
3430
3418
3395
3464
3326
3258
3420
3451
3397
3416
3341
3444
3517
3356
3372
3462
3429
3355
3398
3452
3331
3321
3432
3348
3324
3294
3378
3429
3355
3357
3437
3448
3379
3365
3334
3316
3384
3422
3407
3347
3347
3413
3330
3442
3260
3288
3226
3205
3216
3185
3248
3175
3150
3212
3125
3297
3264
3243
3167
3196
3270
3310
3341
3231
3382
3261
3370
3297
3321
3464
3364
3414
3365
3421
3343
3322
3420
3268
3387
3419
3423
3396
3492
3285
3344
3311
3332
3380
3422
3323
3360
3405
3450
3449
3431
3345
3286
3371
3334
3268
3251
3351
3359
3237
3362
3308
3314
3314
3382
3298
3298
3341
3296
3331
3200
3152
3180
3312
3222
3241
3278
3245
3199
3086
3152
3162
3073
3117
3084
3190
3139
3101
3152
3184
3255
3228
3282
3375
3408
3355
3374
3417
3404
3428
3421
3398
3381
3329
3292
3416
3300
3237
3302
3396
3346
3449
3317
3382
3466
3381
3414
3421
3467
3362
3410
3422
3387
3432
3382
3448
3425
3416
3393
3437
3408
3463
3390
3440
3418
3407
3495
3453
3310
3321
3379
3319
3352
3365
3405
3424
3403
3433
3400
3339
3408
3387
3466
3438
3390
3443
3305
3538
3461
3317
3368
3484
3438
3391
3379
3361
3320
3403
3385
3366
3419
3375
3463
3392
3424
3516
3396
3341
3396
3451
3452
3433
3385
3429
3493
3464
3336
3294
3319
3348
3458
3479
3380
3450
3334
3364
3455
3424
3340
3328
3270
3473
3503
3412
3327
3429
3486
3513
3335
3389
3396
3345
3434
3399
3404
3281
3448
3449
3364
3307
3469
3388
3337
3347
3321
3291
3368
3420
3354
3338
3474
3400
3368
3333
3324
3414
3366
3339
3495
3447
3378
3346
3340
3405
3389
3327
3442
3359
3437
3353
3411
3376
3313
3298
3430
3317
3195
3300
3236
3113
3205
3206
3166
3116
3069
3117
3155
3160
3141
3148
3203
3110
3197
3153
3275
3205
3270
3090
3138
3213
3277
3287
3252
3331
3241
3358
3241
3338
3391
3430
3329
3315
3233
3327
3327
3416
3422
3288
3384
3428
3219
3377
3378
3307
3417
3347
3521
3341
3454
3373
3382
3503
3337
3417
3419
3401
3283
3342
3384
3382
3382
3335
3352
3311
3383
3329
3389
3286
3297
3375
3429
3336
3329
3337
3286
3304
3325
3176
3185
3209
3101
3244
3192
3129
3210
3196
3182
3319
3201
3208
3289
3174
3187
3364
3291
3349
3349
3357
3296
3347
3336
3385
3261
3279
3277
3415
3357
3394
3471
3489
3321
3421
3385
3475
3347
3348
3455
3365
3357
3387
3379
3387
3418
3483
3431
3317
3368
3448
3425
3400
3439
3419
3437
3427
3421
3374
3305
3378
3388
3383
3336
3365
3407
3364
3351
3306
3314
3309
3305
3300
3214
3216
3180
3196
3091
3201
3352
3227
3340
3245
3374
3277
3343
3253
3340
3346
3419
3367
3554
3423
3395
3426
3451
3418
3389
3409
3469
3416
3434
3439
3368
3345
3388
3322
3353
3378
3223
3333
3304
3407
3307
3394
3439
3296
3317
3390
3332
3347
3390
3317
3435
3300
3327
3305
3146
3190
3268
3274
3331
3300
3226
3182
3198
3290
3296
3451
3488
3317
3328
3350
3272
3479
3417
3404
3422
3374
3306
3268
3403
3430
3459
3369
3361
3354
3268
3209
3279
3342
3297
3472
3483
3345
3330
3267
3373
3399
3483
3353
3367
3390
3343
3352
3453
3325
3364
3298
3360
3480
3383
3293
3307
3345
3317
3292
3271
3389
3312
3281
3251
3189
3249
3374
3262
3183
3099
3177
3172
3064
3209
3246
3007
3075
3193
3158
3197
3155
3310
3366
3355
3444
3334
3419
3393
3355
3384
3331
3289
3430
3421
3391
3356
3434
3309
3282
3441
3425
3375
3405
3360
3495
3435
3349
3376
3408
3469
3352
3333
3317
3278
3344
3413
3335
3233
3424
3410
3373
3376
3353
3262
3269
3434
3291
3262
3279
3280
3240
3263
3149
3272
3208
3242
3252
3152
3228
3287
3157
3099
3123
3031
3145
3138
3099
3275
3105
3216
3260
3213
3243
3277
3240
3362
3307
3366
3265
3386
3364
3266
3476
3247
3279
3404
3450
3358
3436
3381
3449
3383
3397
3412
3380
3407
3368
3456
3381
3276
3401
3320
3435
3434
3373
3384
3443
3337
3403
3402
3242
3413
3460
3319
3402
3406
3347
3388
3447
3472
3281
3456
3360
3477
3419
3417
3353
3330
3301
3337
3377
3376
3365
3378
3489
3458
3392
3314
3288
3407
3332
3286
