3109
3122
3109
3036
3170
3092
3086
3145
3061
3148
3095
3055
3224
3170
3077
3148
3125
3146
3098
3098
3176
3086
3097
3067
3146
3145
3156
3038
3073
3058
3164
3043
3109
3164
3117
3074
3121
3130
3109
3183
3065
3073
3159
3033
3235
3165
3095
3113
3100
3217
3075
3104
3131
3064
3131
3043
3149
3150
3053
3091
3078
3191
3175
3214
3063
3058
3201
3124
3099
3083
3078
3150
3246
3161
3161
3066
3116
3144
3063
2935
3035
2904
2935
3051
3146
3050
3079
3085
3073
3057
3229
3106
3056
3173
3106
3071
3043
3064
3113
3301
3120
3147
3160
3108
3112
3066
3128
3078
3070
3231
3164
3161
3121
3192
3094
3095
3101
3114
3176
3030
3124
3062
3032
3081
2996
3011
3168
2987
3067
3076
3016
3192
3063
3131
3107
3087
3049
3055
3160
3064
3099
3099
3088
3123
3076
2973
3013
3007
3058
3013
3128
3088
3094
3013
3089
3046
2999
3082
3090
3118
3118
3137
3083
3055
3069
3088
3172
3045
2998
3087
3094
2972
3063
3107
3074
3146
3049
3100
3097
2950
3111
3047
3118
3067
3056
3038
3073
3060
2948
2962
3113
3045
2994
3054
3115
3067
3004
3078
3048
3026
3042
2988
3005
3041
3051
2999
3054
3022
3109
3024
2916
3069
3088
3106
2960
2977
2935
2934
2949
2982
2949
2990
2921
3001
2996
3009
2974
2914
2998
3028
3086
2822
2944
3032
2871
2938
2969
2994
2886
3015
2895
2875
2909
2920
3039
3005
2959
2963
3002
2949
2956
2937
2895
3006
3024
2986
2996
2921
2969
3036
2991
2846
2880
2998
3050
2973
2992
2914
3044
2966
2905
3095
2866
3022
2897
2908
3018
2963
3043
2944
2994
3001
3091
3034
3030
3049
2970
2970
3048
2958
3075
3011
2983
3033
2989
3123
3017
3001
2986
2975
3006
2990
3091
3099
3069
3141
3080
3022
3004
3084
3172
3002
3053
3077
3005
3045
3029
3106
3030
3005
2980
3065
3076
3130
2997
3090
3147
3148
2996
3012
3054
3066
3016
3008
3102
3117
3086
3052
3086
3015
3095
3062
2992
2983
2994
3019
3099
3003
3130
3143
3053
3058
3036
3119
3068
3013
2972
3045
3091
3052
3064
3078
3215
3044
3120
3071
3212
3053
3012
3206
3055
3095
3180
3163
3126
3182
3105
3161
3107
3046
3130
3147
3143
3020
3091
3074
3153
3153
3043
3079
3137
3233
3135
3021
3067
3059
3114
3126
3132
3217
3085
3049
3103
3168
3041
3056
3092
3079
3134
3151
3069
2977
3055
3090
3117
3092
3105
3138
2988
3090
3094
2999
3066
3084
3011
3077
3085
3080
3131
3122
3176
3157
3039
3060
3270
3093
3111
3219
3184
3143
3140
3221
3096
3115
3123
3013
3034
3256
3060
3106
3139
3222
3176
3154
3034
3160
3097
3119
3195
3114
3077
3088
3150
3116
3130
3182
3105
3093
3094
3061
3185
3062
3123
3209
3108
3074
3102
3183
3154
3023
3069
3112
3040
3049
3104
3019
3076
3029
3078
3186
3123
3188
3173
3000
3058
3158
2988
3152
3123
3102
3191
3108
3213
3118
3125
3177
3158
3108
3088
2967
3161
3129
3095
3199
3214
3109
3051
3151
3152
3072
3165
3114
3102
3190
3096
3147
3118
3166
3139
3052
3099
3157
3120
3148
3149
3180
3126
3083
3192
3120
3149
3109
3077
3126
3078
3085
3127
3138
3088
3086
3060
3109
3039
3080
3069
3122
3178
3121
3136
3192
3137
3124
3244
3084
3031
3047
3140
3112
3064
3184
3094
3172
3154
3120
3132
3107
3127
3100
3205
3038
3234
3113
3187
3112
3089
3126
3028
3112
3064
3037
3164
3084
3068
3075
3027
3013
3136
3035
2912
2974
3000
3001
3064
3004
3057
3040
3071
3105
3128
3082
3140
3028
3133
2981
3146
3133
3157
3076
3121
3118
3095
3140
3172
3154
3065
3133
3171
2988
3120
3069
3174
3091
3083
3172
3154
3042
3128
3006
3151
3153
3070
3087
3138
3081
3177
3102
3074
3115
3143
3079
3104
3137
3034
3034
3073
3077
3136
3020
3112
3054
3124
3064
3109
3127
3010
3006
3036
3009
3008
2995
3089
3020
3092
3121
3126
3036
3049
3086
3057
3028
3042
3093
3050
3079
3063
2949
3085
3049
3097
3011
3094
3083
3028
3036
3038
3002
3014
3068
2977
3055
3011
3025
3116
2996
2985
3095
3024
3097
2956
3035
2994
3081
3000
3019
3038
2994
3026
3082
3053
3063
2982
2975
3098
3029
2971
3058
3128
3221
2981
3098
3038
3172
3001
2977
2991
3084
3066
3038
3013
3024
3018
2953
2954
2908
3081
2906
2948
2991
2981
3021
2892
2981
2963
2941
2896
2899
3045
2864
2914
2901
2922
3008
2982
2942
2979
2983
2963
3000
2886
2913
2944
3030
2992
2844
2946
2993
2860
2923
2993
2870
2945
2899
2964
2993
2936
2886
2930
2992
2948
2971
2986
2985
2949
3056
3001
2901
2952
3034
2913
2912
2870
3022
2943
2951
2884
2975
2993
2962
2992
2958
3002
3088
3111
3006
2987
3017
2995
2980
3073
3116
2899
3055
3000
3172
2932
3008
2965
3060
3126
2990
2941
3077
3068
3009
3018
3052
2956
3057
3061
3044
3115
3068
3059
3024
2997
3041
3155
2945
3153
3112
3002
3161
3112
3159
3093
2979
3058
3165
3197
3005
2984
3055
3100
3116
2938
3046
3162
3110
3025
3037
3028
3039
3149
2989
3055
3104
2946
2948
3019
3044
2990
3019
3122
3084
3122
3062
3025
3061
3101
3033
3023
3129
2990
3095
3176
3105
2974
2947
3069
3067
3087
3088
3233
3151
3071
3031
3148
3042
3158
3120
3211
3046
3119
3133
3049
3199
3118
3101
3078
3141
3103
3061
3126
3118
3037
3131
3238
3036
3078
2950
3079
3069
3095
3124
3062
3093
3081
3099
3131
3067
3050
3002
2996
3048
3053
3027
3063
3157
3072
3136
3074
3037
3106
3065
3047
3003
3088
3143
3037
3054
3128
2923
3262
3072
3220
3128
2995
3116
3122
3115
3253
3078
3069
3051
3034
3033
3068
3055
3051
3139
3058
3099
3196
3084
3052
3171
3114
3079
3104
3081
3107
3097
3141
3211
3158
3165
3170
3009
3037
3154
3047
3029
3065
3112
3053
3218
3118
3107
3204
2966
3180
3108
3021
3165
3160
3130
3136
3116
3125
3154
3059
3080
3087
