3056
3128
3050
3063
2986
3141
3259
3077
3190
3088
3096
3180
3002
3199
3112
3054
3023
3207
3117
3184
3181
3090
3034
3153
3097
3154
3167
2998
3012
3096
3161
3153
3162
3040
3044
3078
3018
3073
3010
3079
3193
3168
3176
3165
3065
3095
3149
3071
3107
3117
3084
3111
3031
3171
3093
3172
3163
3114
3080
3105
3151
3113
3119
2988
3092
3076
3142
3016
3123
3050
3007
3064
3032
3182
3058
3161
3018
3126
3054
3042
3139
3007
2999
3093
3052
3144
3077
3107
3110
3105
3152
3092
3156
3105
3106
3041
3039
3130
3114
3037
3104
3097
3127
3038
3052
3124
3098
3147
3074
3087
3053
3119
3028
3071
3081
3068
3073
3065
3059
3059
3092
3040
3114
3102
3063
3006
3149
3104
3085
3108
3080
3060
3223
3239
3051
3038
3065
3070
3079
3106
2963
3121
3103
2991
3035
3099
2931
3077
3060
3004
2994
3104
3104
3062
3113
3038
3097
3114
3037
3154
3088
3050
3101
3088
3105
2918
3116
3035
3023
2987
3012
3014
3100
3061
3063
3039
3024
3105
3034
3098
3038
3099
2990
3054
2981
2937
3054
3025
3102
3017
2907
2944
3027
2968
3047
3043
3056
2942
2986
3063
2946
3024
3127
2980
2905
3096
3052
3028
2987
3076
2992
3046
3043
2966
3077
2995
3051
2934
3066
3025
3065
3040
2944
2895
2948
2967
2910
3047
3055
2867
2951
2873
2973
2953
2973
2943
2986
2914
2927
2950
2977
2917
2910
2945
2844
2921
2928
3025
3035
2988
2958
2852
2906
2992
2952
2974
2942
2981
2989
2910
2858
2932
2947
3047
2914
2958
2879
2973
2974
2905
2950
2944
2940
3038
2967
2979
3042
3013
3005
3103
3056
2969
3061
2887
3049
2954
3059
2982
3057
2997
3030
3012
3060
3033
3043
3078
3034
3009
3016
3121
3004
3101
3013
3054
3087
2969
3034
3052
3022
3069
3075
3043
3048
3004
3056
3043
2972
3102
3131
3054
3032
2952
3110
3014
2975
2993
3026
2991
3049
3003
2936
3047
3107
3059
3104
3052
3012
3079
3087
3103
2943
3144
3031
3124
3049
2969
3073
3032
3054
3104
3012
3127
3025
3095
3220
3068
3085
3029
3116
3181
3137
3009
3086
3023
3117
3099
3133
3059
2953
3110
3169
3088
3057
3177
3062
3136
3083
3049
3061
3169
3094
3052
3094
3093
3142
3034
3161
3140
3177
3100
3090
3192
2987
3116
3045
3079
3007
3019
3059
3086
3033
3091
3103
3142
3073
3139
3059
3107
3029
3068
3038
2997
3126
3137
3063
3047
3088
3076
3109
2972
2968
3022
3014
3003
3051
3011
3125
3059
3149
3087
3093
3150
3090
3131
3169
3136
3038
3138
3082
3094
3096
3185
3038
3137
3047
3110
3123
3140
3095
3170
3087
3087
3018
3035
3131
3103
3135
3146
3131
3099
3115
3130
3217
3125
3134
3069
3095
3136
3157
3109
3134
3089
3124
3101
3154
3054
3167
3097
3129
3186
3148
3154
3077
2965
3141
3127
3079
3135
3082
3112
3012
3095
3048
3123
3043
3198
3155
3163
3100
3157
3171
3077
3057
3142
3127
3039
3223
3073
3128
3038
3144
3140
3248
3066
3137
3108
3130
3109
3076
3147
3123
3197
3186
3027
3173
3063
3159
3160
3144
3084
3042
3141
3068
3071
2990
3032
3131
3135
3111
3105
3046
3167
3004
3057
3181
3114
3106
3061
3005
3110
3022
3074
3082
3112
3165
3145
3109
3101
3204
3045
3017
3177
3170
3199
2980
3084
3081
3124
3054
3092
3116
3096
2971
3164
3089
3096
3064
3072
3136
3097
3199
3119
3126
3170
3049
3078
3117
3073
3117
3144
3119
3147
3066
3060
3085
3171
3099
3023
3038
2989
2995
3043
3061
3063
3012
3185
3105
3022
3099
3021
3072
3020
3075
3092
3159
3096
3083
3054
3114
3038
3119
3062
3035
3173
3161
3130
3047
3024
3058
3103
3090
3135
3081
3019
3088
3025
3116
3097
3158
3118
3030
3176
3125
3109
3121
3082
3019
3049
3095
3063
3076
3030
3195
3134
3040
3083
3124
3002
3111
3117
3111
3032
3056
3039
2996
3081
3080
3046
3086
3087
3006
3100
3062
3072
3046
3023
2953
2948
2947
2985
2995
3042
3075
3061
3030
3045
3081
3116
3025
3075
3083
3000
3147
3110
3111
3125
3020
3039
3081
3059
3055
3047
3122
3006
3130
3063
3037
3017
2961
2914
2956
3111
2941
3017
2989
2944
3044
3055
3042
3033
2990
3029
3112
2994
2887
2898
3024
3063
3097
3031
3022
3020
3049
3122
3063
3078
2972
2975
2967
2885
2990
2937
2997
3009
2897
3059
2993
2886
2935
2905
2983
2843
3020
2919
3021
2956
2952
2816
2949
2873
2934
2848
2912
2820
2880
3012
2883
2911
2944
2816
2876
2883
2968
2942
2904
2969
2892
3011
2883
2908
2909
2981
2897
3011
3018
2889
2886
2962
2928
2986
2967
2978
2799
2911
2965
2908
2909
2945
3023
2942
2933
2996
2937
2872
2956
2862
2966
2997
2934
2869
2895
3001
2945
3001
3024
3006
3004
3110
3023
2969
3015
3048
2998
2957
2983
3019
3034
3038
3042
3090
3086
3010
3018
3043
3000
3076
3009
3084
3026
3086
3011
3101
3108
3088
3004
3093
2998
3015
3001
3018
3011
3042
3102
3082
3128
3053
3038
3056
3116
3153
3032
3143
3076
3137
3017
2983
2919
3028
3053
3092
2999
3103
2981
2992
3137
2900
2944
3004
2959
2992
3107
3115
3093
3165
3078
3160
3087
3075
3031
3109
3201
3139
3002
3136
3082
3094
3013
3029
3088
3150
3153
3076
3088
3015
3064
3186
3084
3179
3170
3025
3004
3137
3125
3185
3074
3111
3026
3188
3050
3097
3086
3138
3095
3158
3119
3110
3108
3159
3067
3168
3019
3090
3060
3151
3083
3239
3062
3007
3099
2990
3109
3110
2994
2994
3053
3012
3107
3068
3029
3071
3174
3199
3057
3082
3110
3108
3090
3090
3114
3147
3114
3190
3213
3104
3147
3094
3170
3060
3147
3011
3198
3075
2980
3023
3059
3118
3215
3171
3114
3105
3008
3166
3150
3140
3059
3038
3167
3064
3225
3228
3067
3072
3071
3071
3135
3034
3117
3134
3078
3149
3116
3052
3054
3128
3160
3160
3069
3169
3193
3128
3165
3181
3077
3222
3081
2994
3085
3165
3181
3116
3153
3110
3045
