3080
3155
3103
3032
3033
3165
3226
3129
3239
3189
3074
3054
3089
3165
3101
3089
3030
3052
3097
2983
3202
3226
3111
3055
3130
3050
3080
3071
3139
3137
3019
3103
3188
3122
3109
3115
3100
3119
3028
3117
3163
3179
3101
3171
3167
3145
3094
3074
3202
3090
3171
3046
3066
3104
3105
3159
3127
3080
3072
2963
3109
3113
3138
3166
3114
3069
3086
3110
3082
3156
3099
3063
3114
3120
3136
3149
3019
3040
3052
2951
3021
2999
3066
3012
3017
3080
3064
3141
3082
3164
3038
3148
2987
3038
3015
3106
3032
3125
3034
3051
3118
3083
3184
3018
2990
3150
3022
3122
3069
3113
3149
3066
3027
3090
2947
3082
3141
3051
3228
3002
3077
3118
3161
3049
3037
3025
3134
3043
3140
3099
3059
3141
3063
3151
3086
2971
3050
3075
3041
3058
3093
3001
3061
2991
3047
3035
3065
3149
3062
3032
3100
3137
3142
3031
3120
3104
3105
3160
3099
3084
2989
2997
3121
3032
3076
3023
3084
3104
3130
3060
3095
3154
3075
3029
3055
3040
3080
3122
3125
3072
3129
3043
3046
3040
3054
2985
3021
3106
3082
3049
3011
3130
3007
3130
3040
3006
2999
3028
3091
2965
3035
2973
3007
2997
3055
3083
3027
3067
3094
3105
2958
3057
3060
2931
3009
3012
2915
2918
3009
2987
2940
2924
2925
2978
2899
2870
2956
3027
2900
2862
2944
3001
3018
2942
2926
2928
2871
2950
2914
2927
2951
3044
2918
2911
2966
2929
2944
2905
2952
2953
2931
2932
2895
2939
2938
2841
3091
3005
2934
2960
2950
3034
2997
2957
3040
2784
2945
2901
3062
2929
2948
2919
3002
2939
2940
2974
2934
3012
2993
3023
3009
3078
2960
2983
3025
3095
2981
2995
3047
3036
3060
2943
3046
3069
2953
3053
3058
2954
2958
3080
3119
3023
3049
3030
3066
3085
3101
3093
3110
3110
3047
3077
3000
3006
3162
3140
2973
3021
3057
3095
2955
2986
3024
3075
3126
3142
3223
3085
2934
3044
3017
3049
2974
3014
3092
3082
3068
3080
3015
3021
3011
3144
3066
3085
3108
3100
3103
3100
3080
3044
3019
3137
3085
3116
3053
3057
3078
3084
3223
3071
3068
3061
3023
3064
3036
3056
3124
2990
3213
3097
3094
3035
3080
3011
3115
3074
3064
3053
3041
3078
3050
3121
3110
3189
3144
3134
3134
3039
3061
3121
3243
3172
3061
3118
3024
3093
3060
3198
3167
3088
3092
3093
3048
3193
3161
3131
3106
3081
3080
3077
3180
3168
3101
2980
3160
3038
3023
3001
2959
3028
3028
3014
3123
3115
3021
3137
3053
3069
3090
3098
3073
3107
3123
3204
3014
3075
3116
3060
3219
3246
3188
3093
3095
3011
3055
3163
3164
3141
3162
3030
3098
3179
3189
3155
3055
3038
3099
3111
3127
3212
3034
3166
3101
3150
3087
3099
3133
3041
3087
3137
3096
3219
3050
3137
3138
3116
3190
3026
3056
3098
3203
3138
3045
3137
3062
3177
3126
3087
2993
3149
3105
3087
3077
3121
3158
3169
3109
3139
3105
3004
3077
3176
3033
3099
3033
3111
3196
3086
3202
3024
3123
3129
3129
3168
3140
3057
3035
3153
3134
3102
3175
3082
3158
3104
3156
3087
3166
3071
3078
2992
3110
3116
3143
3080
3145
3156
3105
3147
3125
3071
3157
3167
3121
3093
3094
3193
3077
3183
3103
3164
3178
3124
3081
3197
3077
3030
3097
3131
3094
3145
3115
3141
3108
3130
3173
3121
3096
3159
3063
3085
3127
3051
3083
3058
3026
3110
3050
3073
3113
3154
3100
3113
3074
3177
3097
3091
3061
3137
3061
3069
3011
3038
3075
3109
3088
3121
3128
3116
3038
3065
2971
3022
3030
3071
3055
3126
3095
2944
3051
3080
3091
3050
3091
3135
3045
3137
3014
3068
3139
3153
3083
3041
3097
3082
3105
3034
3085
3137
3068
3036
3150
3067
3147
3178
3096
3216
3057
3121
3144
3109
3158
3096
3058
3080
3067
3056
2999
2989
3017
3042
2935
3007
3025
3036
3060
2977
3016
3201
3022
3192
3171
3043
3043
3016
3098
3038
3055
3148
3177
3043
3036
3178
2986
2972
2987
3156
2993
3057
2931
2978
3085
3017
3060
2940
3183
3114
3017
2972
3056
3081
3055
2965
3072
2947
3062
2954
2937
2925
3055
3037
3018
3091
3096
3053
3025
3061
2968
2926
3142
3128
2945
2968
3029
2980
3017
3029
3045
3114
3030
3218
2967
3039
2969
3020
2923
3054
3048
3034
3022
3071
3034
3139
3049
2973
3038
3010
3043
2964
3020
3034
2961
2943
2919
3012
2900
2984
2918
2990
2954
2917
2985
2868
2956
2883
2964
2942
2981
3042
2885
3009
3007
2908
2878
2865
2963
2997
2948
2930
2929
2876
2876
2887
2861
2841
2868
2929
2969
2965
2859
3047
2897
2917
2933
2929
2901
2808
2920
2940
2985
2884
2965
2919
3018
3124
2981
2950
3022
2936
2973
2966
2937
2897
2957
3057
2917
2936
3041
2923
3081
3035
3032
3052
2989
3032
3000
3086
2973
3037
2949
3027
2960
3023
3004
3049
3043
3104
3060
3010
3022
3029
3049
3003
2938
3137
3039
3155
3062
3017
3005
2969
3065
3051
3061
2991
3060
3096
3125
3133
3077
3123
3017
3072
2996
3049
3079
3161
3094
3061
3101
3028
2987
3173
3051
3027
3094
3041
3187
2999
3062
3158
3016
3061
3121
3031
3058
2985
2934
2972
2876
3040
2980
3065
3081
3018
3038
3097
3109
3103
3183
2959
3247
3075
3049
3075
3118
3124
3057
3059
3076
3008
3086
3109
3061
3052
2990
3093
3088
3084
3053
3059
3124
3105
3138
3159
3015
3023
3196
3034
3201
3181
3085
3077
3160
3086
3103
3138
2983
3027
2996
3123
3135
3135
3123
3036
3083
3070
3166
3073
3076
3017
3066
3014
2906
2991
2997
2957
3045
3090
3166
2986
3151
3075
3001
3079
3083
3136
3087
3090
3135
3158
3160
3054
3054
3085
3159
3095
3060
3182
3208
3086
3133
3088
3080
3099
3029
2983
3083
3083
3167
3130
3062
3076
3153
3125
3032
3108
3127
3180
3113
3112
3101
3137
3192
3156
3163
3118
3073
3161
3098
3137
3155
3121
3075
3147
3110
3012
3047
3146
3055
3178
3290
3117
3109
3181
3122
3095
3162
3086
3155
3174
3089
3130
3126
