3633
3669
3621
3589
3653
3615
3572
3654
3568
3663
3594
3557
3631
3675
3681
3675
3569
3642
3626
3442
3637
3635
3643
3612
3605
3563
3608
3615
3730
3594
3622
3608
3709
3577
3622
3664
3643
3634
3686
3621
3600
3664
3691
3620
3525
3571
3566
3724
3599
3547
3518
3655
3623
3613
3674
3656
3609
3651
3693
3626
3582
3555
3541
3674
3579
3637
3684
3675
3646
3597
3678
3601
3624
3605
3524
3585
3501
3585
3585
3428
3465
3534
3467
3589
3602
3617
3625
3678
3629
3665
3665
3488
3617
3513
3563
3606
3682
3577
3599
3616
3681
3613
3738
3671
3571
3593
3672
3626
3716
3531
3629
3570
3674
3661
3622
3567
3576
3568
3662
3608
3624
3623
3590
3603
3519
3566
3623
3660
3644
3581
3612
3655
3578
3596
3585
3541
3592
3646
3605
3595
3612
3542
3599
3535
3541
3574
3474
3473
3536
3572
3630
3436
3619
3660
3669
3587
3645
3521
3655
3585
3679
3655
3592
3448
3667
3557
3587
3586
3657
3546
3566
3686
3579
3543
3634
3552
3581
3562
3578
3634
3535
3567
3591
3557
3619
3531
3533
3579
3554
3521
3489
3603
3567
3576
3529
3565
3506
3588
3677
3557
3537
3477
3530
3516
3599
3409
3530
3508
3489
3479
3523
3523
3518
3500
3494
3497
3426
3419
3557
3483
3502
3504
3399
3490
3488
3558
3528
3454
3407
3397
3381
3432
3347
3365
3410
3434
3404
3478
3378
3387
3402
3374
3374
3430
3417
3378
3452
3493
3383
3496
3362
3484
3488
3427
3417
3387
3352
3497
3462
3345
3434
3385
3448
3363
3388
3415
3452
3431
3493
3398
3396
3527
3412
3453
3420
3480
3434
3583
3474
3471
3501
3548
3499
3507
3484
3489
3459
3593
3549
3473
3539
3536
3591
3549
3575
3508
3422
3589
3438
3519
3572
3435
3607
3580
3590
3578
3548
3530
3564
3529
3608
3608
3518
3467
3598
3584
3604
3458
3538
3478
3547
3651
3662
3564
3553
3668
3583
3604
3464
3573
3591
3643
3662
3510
3516
3576
3603
3607
3574
3499
3531
3572
3639
3600
3398
3480
3479
3596
3605
3504
3493
3504
3582
3619
3612
3640
3649
3626
3575
3606
3531
3647
3587
3709
3650
3597
3539
3750
3643
3552
3690
3513
3499
3566
3601
3664
3627
3605
3652
3630
3582
3631
3574
3602
3577
3751
3553
3625
3677
3629
3556
3550
3612
3596
3518
3573
3615
3571
3739
3637
3627
3767
3695
3608
3619
3541
3568
3618
3656
3504
3601
3654
3616
3585
3646
3546
3495
3526
3580
3501
3526
3588
3479
3586
3533
3565
3674
3595
3601
3505
3717
3570
3548
3626
3586
3627
3690
3608
3707
3660
3607
3685
3627
3532
3635
3548
3653
3767
3609
3609
3660
3675
3746
3687
3649
3541
3604
3674
3527
3622
3609
3654
3626
3610
3662
3579
3615
3599
3587
3589
3460
3667
3538
3735
3641
3655
3698
3609
3702
3580
3583
3689
3591
3563
3587
3571
3667
3657
3588
3692
3654
3598
3685
3610
3690
3616
3663
3540
3677
3705
3499
3656
3679
3608
3717
3586
3584
3575
3742
3517
3688
3691
3623
3617
3646
3705
3652
3681
3610
3690
3723
3689
3635
3660
3685
3641
3624
3620
3587
3651
3544
3591
3684
3579
3630
3596
3707
3518
3695
3591
3499
3782
3725
3642
3566
3593
3576
3679
3549
3683
3652
3561
3631
3602
3646
3649
3597
3720
3620
3653
3638
3589
3629
3541
3559
3628
3629
3591
3597
3664
3612
3645
3618
3714
3604
3603
3601
3570
3671
3608
3644
3547
3671
3581
3585
3605
3559
3708
3626
3589
3670
3660
3656
3595
3652
3644
3609
3525
3590
3507
3602
3517
3567
3419
3521
3578
3500
3551
3579
3592
3610
3505
3631
3546
3615
3606
3649
3627
3563
3455
3573
3634
3494
3662
3616
3535
3523
3569
3636
3682
3627
3692
3590
3590
3587
3568
3639
3600
3682
3546
3574
3545
3551
3670
3638
3638
3596
3577
3621
3606
3641
3567
3540
3645
3575
3527
3638
3581
3562
3576
3597
3737
3552
3665
3647
3622
3609
3582
3635
3595
3607
3570
3559
3648
3554
3570
3468
3582
3418
3625
3430
3633
3545
3469
3509
3618
3554
3623
3533
3509
3523
3552
3549
3660
3522
3498
3496
3629
3610
3473
3618
3657
3546
3506
3616
3452
3586
3632
3513
3569
3676
3486
3514
3489
3600
3655
3532
3541
3452
3540
3565
3626
3613
3521
3466
3555
3552
3463
3467
3508
3515
3482
3518
3530
3529
3574
3515
3417
3508
3652
3511
3452
3534
3554
3519
3412
3479
3469
3410
3438
3385
3480
3422
3503
3447
3389
3389
3517
3467
3390
3420
3361
3379
3463
3403
3421
3409
3316
3351
3415
3356
3361
3370
3370
3408
3385
3368
3334
3479
3234
3455
3426
3440
3432
3268
3411
3409
3375
3410
3320
3371
3428
3376
3459
3505
3401
3475
3497
3362
3482
3437
3512
3414
3388
3436
3426
3552
3552
3501
3394
3433
3485
3393
3475
3556
3518
3498
3508
3400
3560
3480
3591
3488
3535
3390
3518
3567
3644
3606
3532
3620
3673
3496
3622
3491
3552
3536
3685
3588
3497
3544
3530
3584
3672
3490
3571
3611
3527
3536
3579
3593
3662
3590
3537
3520
3598
3552
3645
3641
3489
3580
3651
3629
3705
3717
3588
3557
3527
3669
3525
3570
3533
3565
3478
3573
3662
3396
3533
3569
3645
3562
3538
3579
3538
3597
3631
3560
3725
3722
3558
3574
3546
3613
3612
3606
3479
3607
3587
3658
3644
3524
3599
3719
3691
3644
3620
3751
3608
3626
3616
3518
3607
3731
3636
3571
3675
3492
3676
3669
3589
3609
3767
3720
3592
3570
3671
3767
3637
3607
3614
3568
3588
3574
3574
3666
3537
3635
3600
3589
3570
3552
3531
3548
3563
3553
3434
3511
3566
3500
3578
3605
3590
3509
3496
3571
3562
3509
3632
3638
3729
3587
3627
3578
3535
3612
3559
3676
3675
3554
3595
3666
3613
3604
3535
3603
3594
3684
3657
3555
3632
3588
3619
3621
3577
3661
3625
3740
3577
3556
3610
3682
3639
3659
3607
3632
3664
3660
3631
3620
3503
3602
3635
3489
3624
3676
3720
3692
3517
3639
3572
3637
3594
3688
3696
3631
3657
3708
3585
3623
3702
3678
3601
3565
