3670
3693
3687
3673
3628
3668
3639
3759
3661
3658
3598
3648
3672
3533
3613
3685
3596
3611
3630
3620
3612
3560
3654
3743
3614
3530
3691
3689
3581
3691
3675
3569
3664
3641
3678
3651
3756
3536
3695
3543
3703
3568
3766
3562
3639
3609
3621
3548
3534
3651
3603
3681
3665
3614
3599
3549
3616
3592
3593
3568
3699
3552
3665
3518
3534
3565
3591
3635
3635
3596
3544
3698
3441
3616
3550
3549
3593
3521
3492
3432
3555
3689
3670
3499
3565
3647
3704
3566
3626
3588
3605
3471
3489
3540
3654
3662
3679
3579
3531
3541
3673
3568
3581
3648
3640
3592
3585
3585
3485
3562
3588
3628
3636
3661
3625
3601
3560
3641
3607
3691
3579
3523
3661
3702
3589
3618
3612
3611
3508
3680
3616
3566
3529
3635
3706
3586
3634
3527
3671
3659
3715
3596
3710
3526
3531
3485
3450
3514
3606
3633
3566
3491
3557
3633
3540
3615
3636
3584
3585
3509
3413
3541
3516
3555
3614
3649
3593
3553
3528
3669
3593
3646
3545
3601
3621
3541
3532
3596
3591
3529
3541
3631
3653
3530
3652
3521
3589
3597
3551
3620
3474
3562
3454
3665
3563
3498
3537
3548
3568
3508
3576
3542
3615
3467
3498
3451
3560
3591
3611
3577
3590
3427
3461
3500
3522
3490
3526
3448
3445
3464
3495
3445
3355
3388
3503
3502
3406
3469
3410
3377
3365
3495
3439
3356
3371
3521
3377
3407
3349
3353
3377
3463
3451
3371
3365
3447
3413
3471
3406
3393
3396
3490
3437
3477
3324
3330
3368
3412
3277
3309
3247
3427
3397
3394
3393
3452
3461
3363
3498
3494
3411
3494
3438
3378
3464
3374
3463
3474
3530
3406
3584
3525
3532
3541
3478
3542
3536
3537
3575
3451
3692
3601
3529
3529
3463
3560
3543
3494
3505
3537
3537
3590
3690
3663
3448
3642
3460
3527
3612
3561
3474
3566
3633
3472
3663
3507
3672
3615
3538
3580
3606
3537
3580
3515
3542
3762
3525
3555
3623
3594
3564
3559
3512
3628
3658
3622
3762
3586
3631
3465
3627
3659
3604
3502
3532
3556
3529
3683
3614
3604
3581
3634
3661
3562
3479
3592
3666
3534
3595
3518
3599
3600
3675
3607
3650
3622
3618
3585
3671
3684
3613
3600
3753
3721
3625
3603
3537
3617
3589
3567
3641
3669
3724
3704
3583
3638
3655
3657
3684
3661
3579
3747
3702
3641
3656
3666
3622
3647
3568
3706
3595
3576
3623
3655
3558
3667
3604
3652
3482
3725
3588
3539
3628
3570
3661
3632
3625
3638
3504
3577
3421
3617
3525
3525
3666
3610
3605
3588
3568
3585
3710
3671
3640
3624
3752
3569
3586
3574
3606
3676
3588
3761
3496
3615
3572
3697
3570
3685
3614
3585
3531
3676
3617
3525
3631
3707
3618
3689
3611
3768
3652
3554
3612
3638
3646
3634
3532
3527
3706
3580
3712
3622
3720
3668
3658
3626
3748
3513
3678
3710
3700
3686
3645
3528
3698
3703
3602
3624
3639
3599
3604
3609
3516
3616
3665
3565
3732
3566
3594
3711
3655
3627
3585
3571
3696
3649
3610
3651
3651
3475
3611
3555
3559
3582
3639
3581
3621
3633
3689
3598
3520
3562
3671
3607
3654
3572
3661
3604
3650
3677
3703
3634
3544
3633
3562
3695
3600
3572
3696
3656
3643
3669
3651
3533
3712
3613
3612
3596
3685
3646
3570
3560
3592
3632
3623
3560
3597
3690
3595
3583
3641
3632
3653
3635
3606
3713
3623
3661
3517
3599
3502
3530
3616
3652
3731
3708
3677
3715
3694
3584
3681
3643
3707
3712
3691
3612
3649
3587
3460
3655
3674
3577
3473
3629
3681
3562
3605
3596
3635
3562
3602
3408
3479
3527
3524
3489
3690
3555
3546
3601
3666
3466
3691
3716
3598
3590
3695
3656
3677
3626
3545
3658
3642
3663
3642
3575
3654
3583
3546
3714
3659
3649
3569
3631
3684
3674
3687
3555
3565
3572
3674
3594
3547
3619
3587
3722
3637
3661
3651
3610
3705
3544
3557
3597
3659
3701
3578
3697
3519
3587
3540
3574
3821
3578
3596
3603
3590
3624
3644
3655
3570
3509
3642
3604
3583
3522
3687
3493
3479
3593
3656
3554
3560
3557
3507
3609
3487
3630
3476
3468
3536
3612
3642
3637
3631
3547
3528
3636
3525
3650
3646
3619
3519
3568
3539
3688
3607
3621
3667
3556
3663
3577
3526
3599
3471
3489
3612
3700
3595
3545
3606
3495
3677
3625
3470
3660
3540
3542
3466
3523
3487
3567
3550
3445
3589
3441
3516
3463
3648
3487
3446
3449
3449
3495
3463
3462
3472
3377
3565
3597
3466
3420
3463
3455
3408
3474
3410
3356
3399
3399
3373
3343
3334
3346
3297
3421
3353
3339
3323
3308
3260
3254
3343
3379
3245
3343
3357
3370
3423
3390
3317
3373
3489
3389
3398
3327
3451
3357
3350
3463
3327
3456
3490
3374
3482
3481
3397
3408
3543
3331
3478
3458
3468
3534
3377
3482
3424
3497
3431
3455
3545
3646
3519
3467
3528
3446
3583
3512
3472
3528
3459
3646
3452
3525
3560
3579
3537
3595
3524
3638
3631
3592
3528
3522
3576
3524
3571
3485
3522
3547
3567
3589
3608
3444
3592
3592
3496
3574
3486
3561
3466
3553
3515
3699
3695
3515
3636
3611
3567
3605
3658
3510
3618
3712
3510
3502
3604
3472
3551
3563
3587
3474
3602
3463
3611
3489
3476
3492
3610
3632
3576
3481
3430
3693
3530
3647
3656
3621
3690
3660
3679
3585
3643
3693
3539
3606
3638
3613
3550
3528
3634
3560
3522
3619
3651
3656
3554
3635
3631
3606
3584
3566
3683
3554
3660
3581
3642
3670
3514
3727
3531
3632
3538
3610
3596
3627
3731
3643
3551
3616
3570
3528
3554
3531
3600
3605
3595
3574
3498
3505
3499
3592
3648
3629
3508
3544
3521
3531
3578
3570
3616
3616
3653
3602
3556
3661
3693
3730
3589
3553
3551
3572
3569
3610
3704
3678
3631
3569
3585
3683
3593
3700
3625
3628
3596
3596
3525
3606
3650
3628
3670
3564
3707
3590
3591
3755
3542
3612
3632
3575
3673
3639
3616
3633
3653
3661
3576
3598
3710
3587
3557
3702
3586
3703
3639
3659
3549
3615
3613
3659
3510
3650
3621
3701
3582
3630
3650
3650
3601
3525
3718
3710
3708
