4586
4605
4719
4529
4494
4608
4450
4531
4683
4540
4617
4519
4610
4640
4672
4513
4450
4637
4731
4501
4624
4664
4517
4433
4653
4493
4671
4649
4594
4558
4549
4512
4688
4503
4688
4462
4607
4535
4613
4556
4523
4530
4471
4661
4659
4589
4487
4578
4515
4637
4521
4737
4531
4536
4616
4562
4408
4513
4551
4682
4477
4635
4607
4527
4558
4506
4541
4502
4601
4653
4587
4497
4561
4468
4551
4583
4484
4395
4460
4364
4449
4574
4359
4470
4614
4578
4626
4423
4513
4513
4553
4600
4609
4569
4567
4555
4594
4626
4550
4627
4620
4593
4599
4774
4634
4494
4689
4553
4510
4682
4554
4546
4606
4589
4656
4581
4605
4562
4488
4550
4541
4584
4575
4641
4582
4514
4589
4597
4594
4513
4632
4591
4564
4673
4505
4526
4553
4685
4518
4608
4521
4535
4470
4511
4465
4511
4426
4443
4512
4487
4499
4410
4481
4503
4538
4455
4594
4671
4521
4633
4557
4524
4543
4566
4565
4437
4533
4485
4519
4577
4538
4574
4532
4737
4376
4458
4351
4569
4561
4471
4525
4499
4401
4526
4599
4545
4429
4525
4472
4531
4557
4471
4454
4554
4485
4569
4495
4551
4368
4508
4452
4550
4508
4406
4484
4477
4425
4478
4423
4413
4501
4460
4367
4432
4496
4361
4365
4318
4336
4225
4369
4441
4516
4474
4391
4367
4359
4440
4340
4268
4256
4298
4359
4259
4453
4206
4218
4258
4314
4229
4212
4310
4253
4298
4258
4256
4414
4246
4250
4279
4229
4162
4304
4310
4191
4271
4268
4180
4308
4453
4284
4310
4202
4251
4409
4491
4372
4291
4329
4239
4292
4312
4419
4366
4352
4436
4403
4371
4308
4441
4375
4553
4373
4473
4437
4479
4488
4461
4437
4450
4484
4429
4481
4463
4448
4457
4466
4554
4515
4502
4464
4521
4568
4491
4523
4447
4531
4481
4547
4406
4533
4460
4486
4549
4516
4548
4620
4486
4469
4590
4491
4551
4487
4497
4606
4444
4499
4540
4640
4596
4541
4532
4585
4514
4500
4597
4433
4384
4517
4518
4441
4312
4550
4489
4372
4549
4624
4535
4437
4483
4607
4592
4574
4523
4546
4549
4650
4608
4606
4648
4536
4598
4471
4564
4562
4408
4528
4561
4594
4565
4622
4475
4549
4602
4612
4492
4595
4681
4499
4576
4550
4660
4617
4698
4558
4497
4617
4652
4609
4571
4590
4559
4668
4636
4457
4592
4601
4577
4610
4442
4573
4592
4488
4570
4639
4655
4556
4573
4589
4598
4550
4678
4460
4445
4560
4475
4489
4500
4398
4442
4397
4329
4617
4564
4540
4641
4580
4608
4539
4570
4641
4641
4646
4569
4657
4603
4438
4516
4646
4467
4461
4656
4543
4574
4436
4652
4633
4455
4606
4644
4574
4583
4537
4510
4571
4688
4638
4644
4647
4449
4516
4509
4578
4545
4461
4595
4621
4531
4531
4581
4616
4546
4558
4625
4712
4640
4526
4470
4593
4687
4491
4597
4575
4617
4629
4486
4538
4627
4394
4497
4601
4542
4698
4528
4562
4544
4531
4739
4649
4590
4583
4541
4612
4545
4575
4585
4719
4654
4588
4435
4519
4469
4581
4709
4542
4590
4542
4631
4578
4613
4636
4479
4604
4511
4709
4616
4559
4527
4539
4640
4649
4616
4597
4554
4569
4695
4613
4535
4609
4602
4597
4602
4475
4507
4614
4476
4627
4572
4599
4560
4545
4548
4511
4588
4541
4616
4537
4489
4577
4665
4590
4503
4532
4487
4511
4579
4632
4588
4415
4477
4587
4494
4567
4610
4641
4538
4589
4630
4456
4597
4558
4579
4630
4599
4421
4610
4611
4580
4502
4490
4552
4540
4484
4563
4632
4593
4467
4600
4462
4453
4503
4498
4575
4421
4490
4515
4551
4433
4545
4529
4361
4568
4471
4565
4567
4592
4672
4482
4562
4618
4578
4567
4512
4633
4522
4584
4480
4518
4293
4586
4534
4562
4529
4537
4537
4597
4604
4595
4539
4553
4712
4509
4547
4618
4588
4658
4547
4524
4493
4618
4433
4592
4548
4548
4527
4488
4562
4518
4581
4654
4563
4475
4600
4676
4421
4592
4446
4536
4624
4460
4532
4457
4458
4482
4554
4375
4419
4447
4402
4444
4448
4455
4434
4522
4484
4515
4582
4448
4499
4526
4459
4432
4517
4526
4568
4420
4521
4448
4473
4528
4434
4515
4528
4360
4534
4613
4582
4448
4525
4454
4553
4523
4463
4498
4551
4551
4544
4483
4511
4405
4519
4513
4530
4499
4562
4486
4529
4490
4469
4508
4439
4455
4437
4443
4510
4413
4383
4577
4340
4542
4318
4423
4423
4381
4206
4353
4425
4397
4332
4350
4388
4405
4370
4244
4310
4281
4235
4371
4404
4312
4262
4318
4345
4276
4372
4186
4289
4255
4141
4223
4255
4369
4232
4207
4078
4207
4243
4202
4344
4205
4249
4134
4316
4293
4306
4271
4216
4190
4158
4272
4359
4278
4305
4277
4343
4416
4284
4376
4203
4420
4472
4399
4423
4333
4480
4390
4430
4328
4398
4423
4324
4298
4483
4299
4357
4437
4417
4518
4426
4429
4376
4527
4514
4546
4432
4455
4538
4521
4353
4518
4512
4552
4424
4429
4472
4523
4448
4529
4412
4595
4410
4445
4394
4482
4506
4515
4484
4449
4561
4543
4567
4506
4555
4502
4449
4461
4519
4398
4397
4542
4508
4555
4621
4520
4438
4448
4700
4585
4529
4513
4599
4528
4475
4551
4507
4390
4454
4477
4561
4408
4526
4398
4696
4609
4490
4550
4565
4482
4567
4506
4603
4650
4632
4609
4588
4500
4540
4763
4585
4647
4515
4528
4612
4589
4542
4626
4582
4668
4541
4504
4665
4457
4507
4565
4585
4463
4617
4574
4719
4426
4395
4637
4610
4580
4470
4608
4479
4543
4687
4572
4535
4500
4500
4557
4503
4442
4513
4659
4512
4528
4500
4580
4366
4496
4383
4323
4581
4488
4497
4376
4513
4548
4578
4463
4594
4599
4584
4587
4630
4635
4544
4585
4460
4434
4531
4641
4586
4506
4478
4509
4583
4525
4605
4565
4604
4580
4620
4620
4454
4599
4501
4669
4525
4551
4615
4533
4656
4517
4453
4573
4538
4580
4634
4449
4496
4756
4590
4566
4709
4532
4560
4446
4402
4502
4616
4557
4578
4537
4484
4589
4602
4609
4629
4519
4556
4576
4546
4514
4686
4556
4683
4584
4614
