3045
3047
3018
3015
3102
3116
3113
3172
3108
3092
3069
3105
3099
3130
2996
3077
3085
3083
3160
3142
3061
3034
3144
2987
3193
3040
3088
3130
3092
3080
3011
3105
3109
3024
3200
3076
3156
2964
3030
3180
3124
3192
3187
3161
3156
3098
3047
3223
3107
3137
3058
3071
3170
3061
3133
3029
3057
3076
3163
3107
3147
3118
3171
3119
3122
3054
3145
3157
3018
3091
3180
3062
2993
3182
3060
3132
3097
3044
2942
3058
2996
2968
3024
3240
3106
3120
3006
3170
3112
3007
3013
3135
3030
3147
3109
3111
3140
3121
2969
3069
3126
3139
3099
3100
3089
3084
3130
3094
3013
3087
3155
2994
3074
3117
3149
2994
3064
3029
3133
3013
3033
3078
3060
3063
3221
3015
3139
3156
3110
3029
3044
3109
3082
3121
3055
3241
3098
3006
3021
3082
3119
3007
3175
3009
3008
3061
3052
3046
3107
2971
2965
3076
3138
3102
3013
3152
3144
3082
3208
3118
3159
3056
3073
3135
3098
3195
3151
3049
3054
3082
3130
3077
3148
3142
3064
3176
2990
3097
3100
3023
2945
3103
3126
3023
3057
3071
3059
3034
3110
2997
3069
3050
2948
3107
3005
3153
3064
2975
3104
2983
3047
3051
3012
2967
2966
3067
2916
3121
3091
2824
2954
3063
2937
2995
2977
3026
3019
3025
2952
3039
3029
2927
3008
3004
2936
2953
2952
2985
2993
2931
2938
2826
2838
2942
2879
2888
2855
2886
2884
2825
2917
2843
2838
2820
2839
2890
2993
2784
2911
2855
2849
2866
2878
2820
2882
2857
2956
2885
2868
2919
2943
2955
2927
2936
2895
2990
2973
2923
2941
3002
2969
2950
2795
2901
2933
3052
2967
3033
2913
3015
2968
2955
3080
2950
3119
3026
3001
2968
2983
3094
2990
3013
2975
2970
3066
3011
3024
3079
2986
3090
3023
3108
2920
3004
2998
3109
3075
2979
3060
3116
2978
3199
3055
3001
3049
2965
3120
2942
3036
3094
2992
3008
2995
3085
3078
3007
2991
3128
3106
3029
3048
3128
3151
3030
3090
3075
3048
3053
3042
3074
3031
3025
2949
2952
3106
2987
3119
3039
3016
3055
3080
3139
2992
3103
3109
3105
3067
3015
3033
3104
3062
3054
3138
3061
3072
3130
3084
3020
3017
3038
3010
3049
3199
3181
3141
3117
3072
3053
3106
3129
3042
3205
3108
3106
3077
3157
3153
2979
3181
3036
3076
3115
3185
3156
3073
3181
3079
3086
3083
3111
3122
3148
3130
3106
3088
3107
3125
3154
3107
3072
3053
3072
3129
3072
3090
3151
3046
3114
3123
2997
3015
3047
3029
3154
3094
3113
3117
3257
2947
3058
3096
3125
3045
3019
3075
3072
3148
3083
3039
3024
3173
3138
3107
3072
3058
3112
3072
3073
3213
3199
3136
3139
3130
3231
3043
3101
3184
3163
3142
3119
3117
3084
3077
3079
3043
3190
3082
3127
2992
3147
3031
3044
3088
2992
3113
3127
3103
3094
3142
3168
3102
3058
3087
3099
3079
3059
3096
3037
3075
3135
3136
3138
3056
3091
3090
2992
3157
3113
3057
2993
3130
3115
3122
3023
3188
3198
3159
3138
3022
3062
3076
3187
3101
3043
3116
3054
3167
3168
3117
3118
3096
3118
3020
3130
3132
2934
3164
3101
3143
3059
3020
3157
3061
2981
3088
3079
3075
3067
3191
3094
3129
3069
3128
3090
3081
3088
3053
3168
3078
3147
3102
3184
3101
3112
3155
3080
3140
3049
3040
3151
3134
3077
3142
3197
3028
3088
3142
3126
3112
3126
3153
3033
3188
3010
3111
3090
2997
2966
3174
3044
2983
2987
3096
3165
3095
3126
3027
3155
3072
3104
3124
3101
3028
3136
3042
3057
3024
3044
3041
3019
3023
2979
2972
2886
3013
3057
3132
2966
3022
3038
3081
3031
3029
3148
3151
3105
2981
3138
3093
3097
3140
3099
3035
3099
3187
3114
3136
3053
3108
3124
3085
3217
3076
3033
3074
3124
3117
3082
3097
3152
3091
3082
3034
3131
2997
3069
3099
3020
3098
3055
3163
3090
3048
3078
3068
3008
3147
3044
2995
3091
3061
3104
3120
3109
3083
3008
3070
3080
3008
3099
3031
3118
3077
3004
3056
3041
2985
3072
3049
2995
2957
3083
3024
3005
2918
3074
3006
3003
3086
3085
3191
3021
3085
3085
3015
3095
3049
3026
3099
3105
2993
3015
3050
3008
3048
2926
3037
3111
3050
3070
3108
2967
3093
3136
3016
3044
3053
3090
3018
3023
3072
3016
3067
2961
3016
2993
3114
3053
2939
3066
3037
3034
3051
3104
3012
2932
3016
3004
3079
2909
2932
3018
2889
2913
2963
2986
2952
2919
2969
2934
2951
2845
2927
2895
2861
2835
2885
2975
2887
2852
2953
2855
2851
2786
2905
2837
2885
2899
2917
2733
2877
2873
2841
2855
2823
2832
2907
2906
2897
2932
2842
3030
2904
2841
2820
2842
2967
2924
2866
2914
2880
2914
2921
3064
2937
2961
2984
2938
2940
2967
2957
2921
2962
2888
2929
3004
2912
2849
2928
3023
3030
2968
3016
3060
3040
3031
3028
2981
3073
3009
3000
3044
2937
3092
3014
2979
3071
3007
3038
2987
3103
3056
3045
3072
2969
3071
3111
3076
2968
3165
3032
3036
3059
3156
3107
3058
2975
3066
3031
3054
3082
3075
3036
3121
3133
3008
3048
3212
3108
3088
3118
3087
2976
2987
3100
3011
3058
3033
3075
3055
3078
3178
3077
3038
2940
3004
2939
2992
2925
2941
3098
2982
2963
3028
3150
3009
3055
3064
3126
3130
3047
2994
3065
3042
3124
3121
3095
3157
3027
3069
3070
3162
3139
3079
2997
3058
3191
3135
3112
3099
3161
3095
3076
3075
3162
3105
3171
3076
3037
3199
3057
3060
3049
3090
3107
3090
3130
3164
2961
2997
3059
3005
3051
3012
3147
2988
3069
3144
2940
2995
2978
3072
3081
3023
3050
2980
3137
3092
3107
3079
3024
3011
3147
3122
3048
3183
3082
3123
3030
3068
3116
3048
3110
3123
2986
2993
3155
3074
3090
3152
3106
3061
2981
3089
3155
2990
3032
3125
3173
3110
3020
3103
3037
3093
2996
3128
3226
3197
3069
3052
3035
3078
3054
3032
3130
3059
3033
2997
3111
3128
3015
3047
3107
3015
3053
3078
3129
3136
3099
3086
3051
3169
3108
3204
3167
3139
3074
3187
3043
3110
3098
3066
3147
