3132
3119
3080
3144
3188
3100
3060
3155
3118
3032
3021
3108
3052
3185
3028
3202
3081
3000
3114
3205
3134
3165
3054
3053
3166
3025
3085
3064
3032
3097
3058
3154
3114
3159
3014
3041
3107
3069
3115
3060
3089
3097
3064
3125
3033
2969
3107
3158
3059
3083
3083
3112
3100
3039
3100
3132
3152
3062
3071
3108
3049
3114
3149
3134
3090
3076
3052
3185
3072
3101
3150
3125
3023
3158
3089
2965
3088
3084
2953
3010
3005
3029
3032
3164
3061
3095
3038
3066
3092
3163
3025
3102
3195
3084
3099
3195
2998
3002
3061
3072
3043
3161
3153
3045
3155
3042
3135
3110
3144
3092
2994
3031
2996
3154
3188
3145
3095
3159
3066
3080
3060
3153
3088
3092
3133
3096
3093
3039
3209
3140
3110
2957
3104
3021
3079
3136
3131
3104
3090
3053
2971
3019
3087
2995
2901
2994
3020
2979
3111
3110
3048
3114
2983
3030
3093
3081
2923
3149
3018
3105
3020
3026
3098
3080
3128
3087
3044
2944
2981
3071
3062
3077
3146
3101
3073
3167
2990
3084
3167
3189
2939
3076
3071
3066
3111
3080
3091
3073
3092
3064
3096
3125
3103
3111
2998
2978
3085
3109
2896
3058
3041
2982
2999
3049
3019
3085
2992
3082
3127
2939
3053
3035
3029
2951
2942
3000
2973
2941
2905
2994
2842
2922
2998
2994
2881
3019
2888
2931
2896
3006
2963
2813
3018
2798
2920
2939
2904
2923
2895
2932
2776
2810
2771
2845
2876
2899
2980
2852
2878
2875
2895
2886
2929
2915
2805
2743
2899
2808
2868
2871
2877
2852
2832
2997
2991
2914
2877
2889
2818
2924
2992
2976
2974
2956
2997
2933
2992
2979
3035
3056
3042
3085
3041
3034
3072
3127
3010
3062
3003
3100
3046
3024
3131
2980
3034
3101
3018
2908
3127
3094
2909
3064
2965
3127
3021
3043
2967
3042
3072
3154
2984
3160
3087
3110
3043
3113
3025
3086
3119
3013
3079
3050
3054
3125
3024
3117
3144
3112
3113
3021
3162
3066
3135
3089
2995
3008
2963
3149
3063
3016
3067
2872
3056
2932
2960
2930
3069
3033
3127
2955
3129
3116
3049
3191
3009
3083
3053
3035
3204
3091
3117
3146
3178
2997
3059
3045
3089
3030
3120
3153
3180
3050
3151
3032
3115
3078
3074
3119
3090
3090
3129
3108
3073
3049
3087
3116
3110
3049
3117
3070
3153
3150
3102
3028
3101
3146
3189
3020
3128
3092
3027
3091
3234
3157
3110
3128
3079
3030
3160
3108
3020
3000
3123
3058
3138
3108
3107
2969
3019
2959
2992
3025
3041
3048
3007
3007
3112
3099
3009
3118
3064
3159
3020
3156
3024
3052
3111
3107
3166
3076
3066
3143
3140
3111
3167
3090
3113
3148
3133
3094
3073
3110
3104
3060
3130
3154
3045
3040
3083
3059
3054
3060
3143
3147
3110
3103
3035
3145
3171
3105
3140
3077
3031
3121
3161
3181
3159
3112
3131
3086
3183
3209
3134
3112
3001
3142
3005
3142
3165
3128
3085
3120
3152
3068
3175
3053
3188
3183
3068
3035
3092
3087
3156
3098
3057
3104
3179
3074
3080
3103
3118
3160
3168
3212
3086
3030
3085
3169
3163
3072
3051
3238
3118
3084
3122
3091
3056
3090
3124
3118
3192
2966
3088
3051
3037
3140
3149
3038
3061
3101
3000
3126
3103
3135
3207
2970
3016
2995
3165
3124
3062
3177
3151
3177
3137
3149
3023
3028
3130
3126
3172
3029
3044
3122
3136
3075
3060
3085
3018
3151
3124
3063
3060
3143
3202
3139
3040
3044
3107
2995
3116
3084
3089
3139
3037
3083
3101
3044
3046
3051
3099
3228
3119
3063
3125
3159
3109
3125
3008
3078
2997
3075
2969
3005
2953
3025
3037
3117
3076
3081
3076
3120
3158
3075
3049
3034
3124
3071
3166
3140
3097
3023
3204
2996
3127
3152
3067
3096
3077
3110
3078
3017
3063
3058
3085
3083
3124
3083
3114
3085
3032
3076
3123
3010
3042
3157
3033
3078
3147
3098
3072
3060
3115
3102
3015
3040
3026
3133
3135
3114
3133
3048
3115
3030
3066
3065
3082
3127
3070
2942
3146
3086
3066
2988
3093
3071
3011
3046
3007
2927
3039
2988
3045
3110
3036
3094
3011
3065
3054
3051
3047
3038
3036
3069
3080
3042
3149
3088
3042
3101
3036
3060
3030
2983
3033
3101
3094
2967
3043
3114
3002
2941
3091
3111
3107
3074
3044
3084
3126
3076
3062
2980
3010
3093
2972
3087
3033
2949
2960
3076
2998
2922
3049
3032
2999
2977
3002
2990
2979
2999
3010
3005
3051
2936
3009
3056
2989
2903
3007
3035
2950
2887
2871
2920
2997
2880
2857
2912
2912
2849
2844
2962
2854
2807
2837
2832
2792
2822
2897
2930
2871
2843
2948
2847
2883
2790
2811
2893
2845
2848
2882
2915
2887
2820
2820
2955
2864
2888
2890
2923
2866
2895
2924
2868
2964
2903
2978
2970
2990
2987
2921
2975
2952
2939
3026
2947
2979
3051
2945
3004
2992
3161
2942
3033
2985
3057
3107
2953
2953
3102
3047
3050
3094
3060
3042
3079
3097
2984
3074
3097
3078
3092
3074
2948
3032
3137
3105
3175
3152
3052
3025
3026
3070
3051
3037
3076
3055
3080
3064
3086
3019
3118
3065
2978
3108
3210
3089
3150
2923
3037
3111
3030
3065
3101
3106
3068
3097
3063
3050
3098
3050
3055
3034
3054
3050
2964
2961
2899
3032
3034
3091
3123
3049
3054
3019
3094
3100
3013
3048
3122
3104
3084
3032
3152
3062
3089
3125
3106
3155
3013
3178
3084
3062
3143
3085
3116
3070
3095
3094
3057
3198
3135
3167
3032
3038
2993
3042
3058
3036
3105
3064
3110
3088
3126
3099
3166
3163
3055
3152
3105
3068
3010
3027
3126
3140
3053
3045
3112
3014
3087
2979
2936
3111
3000
2991
3123
3061
3124
3000
3028
3080
3109
3008
3080
3051
3083
3214
3198
3163
3032
3043
3174
2991
3117
2990
3090
3126
3027
2984
3069
3091
3049
3081
3108
3087
3078
3134
3148
3037
3087
3063
3004
3129
3017
3098
3122
3162
3108
3133
3102
3085
3099
3034
3030
3209
3032
3165
3128
3119
3085
3017
3024
2979
3039
3090
3054
3113
3145
3200
3000
3035
3112
3055
3111
3178
3145
3127
3057
3057
3069
3085
3062
3153
