3055
3050
3016
3122
3032
3085
3050
3112
3198
3062
3042
3055
3050
3116
3152
3121
3077
3102
3084
3018
3056
3252
3193
3070
3092
3169
3097
3096
3077
3157
3137
3031
3048
3105
3083
3067
3170
3048
3058
3019
3174
3074
3154
3138
3054
3025
3105
3186
3059
3011
3111
3085
3095
3066
3085
3089
3091
3051
3131
3110
3180
3168
3173
2966
3058
3120
3134
3071
3090
3101
3156
3077
3090
3098
3152
3117
3026
3032
3062
2996
3110
2991
3016
3065
3068
3069
3117
3071
2981
3119
3136
3062
3098
3089
3113
3030
3064
3109
3054
3077
3105
3134
3158
3105
3161
3050
3057
3076
3136
3066
3128
3100
3210
3058
3125
3194
3035
3072
3122
3089
3125
3047
3189
3095
3069
3079
3138
3163
3098
3243
3073
3154
3139
3116
3072
3101
3081
3135
3122
3124
3070
2995
3145
3053
3043
3004
3072
3040
3023
3083
3079
3065
3053
3085
3110
3088
3077
3103
3142
3127
3019
3059
3197
3081
3012
3086
3003
3031
3103
3074
3159
3077
3186
3045
3092
3162
3065
3069
3028
3174
3047
3167
3073
3001
2984
3076
3000
3081
3090
3040
3059
3083
3096
3075
3068
3059
3063
3085
3048
3147
3142
2919
3025
3013
3043
3087
3015
2946
2980
3072
2923
2941
3094
3043
3100
2994
2967
2957
2872
2973
2907
2967
2913
2964
2897
2960
2970
2991
2958
2946
2928
2868
2832
2937
2917
2884
2925
2855
2795
2789
2783
2818
2730
2807
2806
2913
2822
2785
2817
2868
2834
2873
2721
2825
2929
2872
2860
2917
2907
2751
2879
2907
2919
2834
2949
2926
2968
2989
3034
2900
2860
3038
3015
2935
2926
2991
2948
2987
2981
3114
3018
2961
2957
3046
3082
3072
3000
3070
2979
2952
3045
2957
3035
2977
3061
3069
3081
3003
3191
3056
2984
3032
3088
3002
3148
3005
3066
3032
3063
3052
3085
3003
3090
3151
2976
3016
3183
3119
3108
2992
3080
3092
3165
3095
3028
3121
3200
3037
3117
3041
3075
3139
3077
3153
3158
3115
3087
3075
2925
3011
3048
3114
3031
3035
2983
2967
3081
3161
3112
3093
3105
3093
3161
3063
3021
2982
3063
3158
3124
3158
3185
3182
3156
3130
3160
3183
3075
3076
3026
3173
3157
3103
3028
3078
3172
3036
3052
3021
3070
3068
3127
3068
3107
3186
3105
3129
3033
3192
3097
3167
3054
3038
2988
3116
3137
3099
3039
3058
3071
3080
3123
3068
3051
3113
3048
3057
3122
3113
3124
3008
3014
3111
2997
3085
3204
3083
3206
3076
3032
2980
3043
2981
3008
3017
3030
3015
3146
3047
3053
3083
3051
3176
3166
3035
3022
3136
3035
2992
3131
3119
3099
3051
3128
3122
3102
3095
3125
3116
3181
3137
3208
3137
3039
3054
3107
3077
3066
3059
3061
3058
3043
3145
3122
3089
3079
3098
3107
3189
3109
3071
3070
2993
3188
3028
3064
3020
3022
3130
3142
3224
3212
3089
3059
3180
3064
3112
2992
3099
3113
3054
3059
3067
3123
3085
3004
3170
3124
3098
3110
3097
3051
3113
3085
3033
3078
3021
3044
3084
3124
3117
3108
3081
3062
3135
3096
3206
3091
3132
3050
3166
3095
3057
3095
3255
3081
3132
3077
3034
3061
3053
3074
3050
2968
3099
3113
3073
2989
3055
3066
3034
3146
3182
3095
3008
3082
3090
3077
3157
3137
3052
3054
3164
3142
3061
3078
3111
3114
3220
3194
2980
3109
3128
3051
2990
3058
2997
3062
3059
2999
3066
3106
3127
3253
3056
3144
3048
3111
3030
3091
3042
3144
3077
3164
3144
3087
3117
3055
3141
3083
3102
2985
3049
3179
3134
3037
2931
3044
3073
3084
2999
2971
3050
3045
3046
3061
3080
3112
2962
3098
3028
3044
3003
3048
3097
3058
3109
3143
3107
3158
2979
3125
3071
3078
3074
3219
3103
3104
3110
3012
3010
3133
3115
3010
3125
3023
3130
3124
3081
3146
3074
3034
3121
3009
3062
3090
3161
3082
3115
3022
3019
3089
3079
3182
3206
3124
3152
3144
3045
3082
3070
3114
2981
3154
3133
3151
3091
3040
2957
3092
3117
3101
3211
3155
3069
3050
3142
3040
3032
3102
3027
3077
2958
3086
3033
2995
3111
2966
3041
3064
3052
3146
3073
3111
3043
3109
3032
3079
3043
3077
3098
3106
3006
3037
3097
2993
3164
2994
3104
2997
3060
2988
3086
3158
3112
2958
2995
3028
3018
3020
2997
2943
3072
2970
3056
3035
3073
3038
3005
2933
3069
2993
2978
3129
2853
3073
3039
2999
2992
2928
2959
3018
3046
3025
2990
2948
2895
3058
2990
2914
2947
2903
2742
2892
2934
2787
2871
2952
2977
2928
2733
2900
2791
2813
2849
2779
2839
2910
2923
2873
2753
2779
2827
2806
2789
2873
2897
2855
2736
2841
2837
2795
2877
2827
2786
2775
2863
2816
2966
2804
3040
2881
2894
2846
2930
2929
2847
3059
2909
2957
2970
2993
2922
2942
2937
2920
2977
2927
3024
2937
3060
2961
2957
2960
3032
3023
3065
2989
2991
3015
3034
2953
3028
3119
3076
3045
3064
3035
3002
3046
3021
2966
2964
3014
3052
2999
3008
3006
3082
3022
3053
3049
3090
3053
3028
3054
3078
3025
3091
3033
3130
3060
3109
3053
3111
3100
3119
3125
3134
3088
3065
3065
3113
3025
3055
3109
3065
3062
3065
3040
3106
3111
3099
2971
3085
3006
3065
3018
3067
3121
3105
3070
3078
3069
3171
3016
3151
3109
3054
3074
3147
3117
3043
3137
3126
3044
3009
3079
3065
3043
2974
3121
3079
3048
3082
3043
3062
3020
3033
3003
3087
3105
3118
3084
2996
3172
3068
3072
3131
3164
3047
3009
3028
3136
3152
3113
3052
3099
2967
3143
3022
3076
3161
3110
3067
3154
3065
3060
3069
3036
3084
3068
2887
3020
2958
2984
3005
3058
3095
3037
3123
3109
2997
3040
3145
3034
3015
3001
3078
3175
3079
3060
2992
3076
3109
3134
3119
3068
3160
3023
3043
3039
3137
3174
3142
3173
3084
3145
3081
3134
3147
3191
3082
3122
3211
3149
3102
2970
3009
3143
2984
3020
3115
3061
3116
3079
3069
3217
3081
3138
3176
3069
3133
3159
3130
3031
3050
3092
3133
3145
3081
3076
3183
3143
3140
3069
3035
3046
3026
3073
3053
3116
3101
3121
