3085
3104
3169
3008
3061
3130
3104
3059
3071
3152
3111
3093
3113
3112
3054
3147
3016
3187
3158
3125
3006
3079
3131
3118
3092
3118
3106
3063
3110
3140
3123
3113
3097
3118
3059
3119
3197
3135
3070
3103
3093
3145
3060
3225
3141
3107
3115
3080
3106
3128
3101
3109
3077
3163
3167
3204
3082
3072
3067
3165
3142
3122
3204
3058
3084
3076
3173
3178
3174
3092
3121
3092
3042
3057
3048
3141
3136
3017
3023
3146
2973
3013
3022
3023
3053
2979
3186
3036
3102
3083
3065
3152
3091
3065
3056
3086
3065
3106
3030
3006
3104
3057
3123
3108
3079
3169
3187
3062
3061
3133
3035
3124
3032
3151
3122
3251
3048
3144
3110
3126
3103
3125
3130
3031
3143
3054
2991
3057
3188
3109
3117
3195
3241
3059
3023
3153
3065
2918
3115
3130
3097
3120
3070
2917
2972
3050
3105
3134
3083
2982
3126
3025
3070
3127
3129
3017
3082
3161
3046
3072
3130
3188
3114
2988
3127
3166
3149
3033
3053
3032
3059
3065
3059
3045
3082
3067
3141
3135
3096
3160
3069
3069
3040
3037
2958
3126
3096
2989
3085
3052
3108
3066
2943
3084
3078
3044
2990
3130
3100
3003
3036
3027
3102
3124
2989
3024
3031
2951
2942
3021
3065
3010
3045
2914
3104
3028
2914
3020
2908
2991
2989
2978
2962
3042
3000
2887
2968
2958
2888
2826
2891
2905
2922
2950
2831
2855
2926
2769
2860
2824
2726
2815
2858
2828
2802
2759
2810
2801
2754
2814
2807
2814
2778
2788
2823
2813
2798
2817
2739
2780
2832
2915
2914
2832
2898
2901
3003
2933
2960
2891
2843
3028
2898
2952
2965
3011
2851
2973
3101
2992
3035
3093
3039
2989
3100
2958
3089
3052
3008
3016
3099
3008
3030
3162
3070
3041
3011
3025
3061
3008
3030
2931
3156
3070
2933
3040
2986
3152
2973
3072
3108
2992
3055
3104
3019
2987
3077
3092
3079
2919
3078
3160
3139
3043
3130
3053
3105
3110
3149
3053
3065
3064
3037
3126
3022
3013
3204
3088
3023
3163
3071
3123
2972
2989
3046
3182
3070
3068
3092
2961
2901
2963
3054
3046
3115
3111
3147
3156
3085
3017
3074
3003
3055
3148
3083
3110
3055
3168
3078
3056
3204
2985
3086
3129
3141
2990
3016
3210
3160
3055
3195
3066
3032
3124
3118
3104
3169
2975
3055
2990
3057
3133
3066
3140
3192
3036
3104
3173
3143
2936
3178
3213
3083
3206
3143
3092
2969
3121
3041
3085
3029
3110
3106
3091
3027
3030
2990
3045
3082
2915
2904
3052
3103
3097
3058
2937
3100
3070
2990
3185
3141
3063
3028
3034
3100
3049
3220
3083
3031
3151
3156
3091
3061
3137
3191
3169
3035
3002
3129
3176
3209
3107
3179
3124
3177
3041
3001
3147
3204
3025
3083
3100
3163
3174
3077
2984
3079
3126
2995
3115
3171
3196
3010
3110
3141
3107
3076
3126
3165
3012
3102
3129
3148
3020
3160
3096
3105
3077
3067
3125
3148
3077
3097
3156
3070
3071
3121
3143
3274
3115
3108
3203
3221
3143
3040
3140
3123
3017
3194
3089
3212
3104
3104
3108
3161
3148
3083
3174
3121
3118
3189
3164
3204
3167
3156
3180
3019
3063
3155
3055
3138
3145
3004
3050
3199
3060
3081
3016
3111
3046
3097
3112
3027
3095
3110
3061
3084
3063
3179
3074
3103
3092
3128
3198
3028
3064
3070
2989
3166
3128
3134
3046
3012
3203
2992
3078
3214
3000
3062
3143
3175
3127
3167
3143
3068
3051
3102
2957
3086
3172
3021
3046
3135
3130
3023
3108
3095
3040
3089
3076
3029
3044
3098
3064
3102
3102
3090
3133
3021
3044
3035
2962
2948
2994
3040
3128
3067
3074
3147
3164
3089
3066
3116
3026
3097
3050
3063
3153
3173
3042
3059
3064
3158
2972
3131
3093
3056
3083
3048
3041
3079
3171
3112
3123
3107
3163
3078
3162
3083
3100
3096
3138
3076
3075
3083
3117
3070
3083
3119
3058
3039
3051
3151
3200
3063
3108
3132
3117
3091
3038
3138
3006
3120
3103
3087
3094
3101
2996
3097
3072
3059
3015
3091
3171
3038
2996
2962
3084
3023
2986
3114
3026
3006
3024
3114
3033
3036
3004
3123
3075
3114
3106
3046
3070
3114
3053
2987
3114
3043
3061
3020
3032
3124
3046
3138
3234
3137
3126
3063
3078
3094
3069
3056
2988
3072
3000
3061
3032
3024
3069
3147
3063
3013
3050
3106
2981
3031
3103
3021
3046
3010
3022
3013
3043
3009
3002
3052
3084
3023
2930
3053
3038
3008
2974
3014
2928
2971
2935
2898
2868
2977
2893
3014
2933
2910
2909
2981
2814
2910
2967
2902
2887
2890
2849
2840
2794
2892
2790
2845
2839
2951
2860
2882
2775
2942
2895
2769
2872
2780
2905
2860
2738
2800
2809
2811
2768
2782
2769
2809
2871
2673
2850
2872
2938
2890
2871
2975
2850
2956
3018
3073
2882
2942
2975
2981
2889
2931
2974
3069
3006
2963
3077
3078
3050
3042
3056
3003
3125
3054
3110
2986
3024
3005
3054
3012
3084
3100
2964
3071
2973
2971
3107
3105
3114
3069
2996
3117
3087
3082
3097
2980
3032
3125
3126
3147
3133
3110
3097
3085
3172
2993
3060
3198
3039
3070
3198
3106
3065
3139
3166
3133
3053
2983
3157
3158
3110
3106
3137
3018
3029
2970
3125
3120
3136
3157
3026
3057
3080
2989
3053
3139
3000
3148
3051
3144
3023
3032
3021
3116
3158
3076
2994
3149
3112
3012
3066
3065
2999
3078
3097
3089
3118
3011
3112
3147
3147
3061
3045
3035
3003
3149
3146
3173
3088
3070
3115
3089
3125
3021
3110
3152
3145
3134
3075
3108
3082
3125
3020
3079
3129
3162
3143
3156
3033
3125
3050
3082
3088
3089
3092
3029
3073
3078
3066
3065
3025
3067
3120
3048
3144
3119
3103
3034
3111
3127
3191
3088
3071
3104
3091
2972
3109
3193
3037
3021
3077
3069
3065
3020
3035
2960
3145
3115
3034
3067
3107
3144
3064
3068
3002
3117
3155
3189
3097
3109
3065
3106
3172
3061
3140
3139
2995
3078
3142
3070
3106
3175
3100
3188
3184
3084
3088
3186
3108
3115
2971
3210
3028
3177
3080
3044
3178
3217
3049
3069
3126
3082
3148
3261
3041
3041
3086
3256
