3341
3295
3282
3462
3328
3390
3390
3371
3339
3392
3412
3403
3400
3341
3355
3277
3421
3349
3425
3358
3378
3313
3293
3390
3397
3380
3434
3300
3305
3446
3421
3524
3256
3364
3390
3267
3339
3406
3318
3320
3390
3382
3259
3328
3449
3515
3342
3299
3410
3247
3304
3345
3439
3423
3399
3373
3342
3364
3357
3326
3308
3334
3329
3317
3321
3200
3251
3293
3281
3265
3280
3120
3097
3217
3121
3099
2971
3088
3108
3004
3143
3229
3257
3104
3140
3284
3113
3228
3280
3211
3294
3323
3357
3375
3273
3392
3256
3347
3262
3284
3314
3220
3293
3338
3330
3413
3397
3337
3459
3413
3324
3282
3370
3441
3335
3322
3389
3359
3404
3409
3307
3465
3453
3345
3386
3354
3393
3486
3408
3329
3269
3492
3494
3391
3345
3423
3406
3341
3273
3433
3287
3196
3230
3125
3144
3102
3130
3182
3115
3147
3239
3198
3228
3280
3188
3217
3182
3320
3244
3326
3267
3315
3430
3360
3471
3369
3390
3400
3429
3395
3315
3300
3350
3314
3434
3353
3249
3271
3338
3378
3332
3273
3437
3431
3394
3318
3273
3406
3288
3362
3336
3388
3397
3320
3306
3390
3320
3334
3393
3264
3312
3349
3459
3300
3344
3333
3280
3325
3325
3412
3334
3333
3319
3260
3262
3342
3348
3185
3219
3264
3190
3271
3196
3353
3309
3316
3277
3345
3247
3361
3322
3414
3392
3390
3345
3417
3433
3530
3358
3412
3469
3391
3311
3363
3256
3348
3394
3391
3385
3466
3353
3318
3377
3427
3436
3475
3379
3343
3495
3322
3375
3441
3281
3360
3323
3221
3280
3222
3197
3276
3244
3212
3201
3247
3184
3243
3184
3342
3265
3315
3319
3259
3275
3379
3328
3363
3443
3403
3326
3379
3368
3360
3350
3338
3356
3349
3323
3445
3338
3274
3401
3428
3368
3361
3334
3276
3330
3306
3351
3365
3488
3353
3367
3328
3279
3437
3418
3458
3424
3362
3399
3412
3428
3337
3373
3290
3376
3395
3318
3237
3303
3363
3246
3266
3391
3235
3268
3329
3190
3057
3233
3209
3215
3136
3134
3142
3263
3145
3246
3213
3174
3283
3212
3336
3336
3267
3323
3346
3373
3465
3350
3397
3426
3322
3445
3382
3413
3271
3415
3340
3516
3265
3467
3404
3281
3339
3354
3377
3403
3335
3372
3390
3326
3470
3393
3429
3339
3313
3342
3286
3404
3435
3402
3257
3413
3290
3419
3383
3266
3301
3294
3280
3205
3384
3199
3291
3326
3174
3247
3272
3126
3140
3195
3119
3054
3171
3135
3242
3078
3219
3018
3146
3052
3237
3129
3258
3121
3321
3284
3381
3247
3359
3260
3408
3394
3427
3425
3329
3367
3350
3296
3299
3272
3364
3374
3274
3271
3407
3238
3455
3382
3352
3402
3385
3338
3361
3456
3394
3299
3447
3342
3332
3433
3440
3311
3412
3454
3348
3427
3315
3398
3421
3300
3389
3422
3270
3405
3450
3368
3428
3346
3414
3326
3389
3390
3376
3325
3463
3221
3387
3308
3286
3395
3349
3389
3426
3426
3413
3387
3361
3335
3364
3355
3437
3311
3412
3386
3387
3391
3383
3406
3352
3325
3383
3501
3404
3313
3397
3385
3365
3376
3419
3339
3385
3294
3359
3356
3321
3314
3415
3367
3390
3485
3334
3478
3387
3369
3399
3467
3365
3339
3467
3370
3416
3380
3428
3302
3244
3402
3354
3408
3314
3317
3433
3362
3292
3428
3380
3353
3389
3396
3293
3312
3348
3478
3442
3373
3359
3326
3427
3368
3435
3251
3458
3452
3328
3375
3360
3389
3384
3442
3356
3430
3440
3321
3374
3311
3330
3310
3284
3303
3214
3350
3310
3295
3272
3259
3171
3090
3073
3086
3096
3119
3114
3058
3096
3263
3167
3153
3162
3223
3250
3169
3214
3251
3267
3185
3215
3288
3337
3287
3301
3329
3311
3300
3286
3236
3325
3273
3278
3400
3279
3502
3396
3349
3413
3303
3412
3356
3390
3308
3296
3302
3330
3285
3415
3308
3422
3343
3335
3359
3369
3361
3341
3362
3284
3325
3421
3419
3442
3273
3330
3314
3309
3300
3327
3366
3200
3249
3182
3193
3274
3185
3157
3181
3195
3064
3172
3193
3208
3120
3154
3125
3243
3216
3263
3225
3342
3452
3307
3290
3367
3287
3275
3360
3284
3425
3263
3391
3289
3360
3432
3374
3261
3334
3377
3295
3383
3242
3323
3311
3388
3454
3400
3331
3404
3339
3327
3386
3287
3399
3381
3382
3330
3323
3376
3421
3388
3428
3513
3441
3491
3337
3313
3446
3400
3256
3339
3367
3382
3307
3241
3293
3230
3263
3278
3271
3256
3282
3253
3240
3198
3182
3202
3319
3374
3340
3359
3386
3278
3359
3301
3336
3341
3366
3434
3381
3375
3361
3315
3394
3359
3361
3209
3356
3411
3352
3245
3384
3307
3391
3366
3281
3381
3485
3336
3388
3360
3375
3329
3410
3391
3345
3305
3384
3401
3264
3217
3158
3246
3245
3275
3216
3245
3281
3262
3265
3276
3238
3388
3335
3221
3386
3338
3365
3327
3306
3280
3349
3440
3275
3437
3385
3351
3308
3336
3373
3224
3216
3443
3344
3395
3373
3352
3365
3379
3357
3394
3348
3332
3373
3299
3365
3393
3383
3441
3324
3354
3320
3399
3396
3381
3267
3362
3336
3324
3268
3275
3323
3329
3358
3259
3237
3227
3242
3258
3226
3367
3228
3241
3277
3172
3187
3130
3050
3252
3136
3201
3164
3217
3208
3245
3229
3216
3330
3308
3333
3301
3376
3446
3382
3387
3428
3291
3319
3417
3386
3296
3273
3391
3424
3347
3220
3391
3358
3370
3293
3352
3317
3422
3390
3248
3308
3355
3383
3329
3378
3325
3357
3305
3188
3334
3341
3395
3190
3322
3329
3253
3269
3168
3288
3282
3271
3196
3233
3203
3240
3237
3098
3223
3152
3129
3124
3073
3122
3024
3129
3080
3102
3148
3134
3190
3184
3293
3251
3214
3220
3328
3274
3253
3298
3280
3309
3351
3232
3244
3431
3368
3435
3460
3429
3310
3380
3338
3386
3451
3440
3329
3324
3394
3420
3343
3294
3392
3389
3308
3285
3405
3314
3342
3274
3265
3316
3353
3420
3361
3303
3471
3368
3324
3363
3367
3321
3324
3428
3378
3443
3432
3377
3343
3315
3404
3381
3435
3284
3400
3286
3353
3407
3422
3397
3429
3360
