3485
3404
3518
3557
3463
3377
3582
3621
3444
3617
3480
3583
3538
3482
3591
3420
3565
3565
3462
3467
3585
3625
3603
3500
3396
3533
3558
3560
3399
3618
3440
3490
3613
3525
3591
3496
3558
3462
3574
3578
3437
3504
3467
3525
3510
3548
3542
3545
3579
3517
3575
3512
3643
3501
3510
3602
3557
3549
3501
3564
3539
3543
3544
3581
3527
3481
3512
3505
3359
3462
3515
3450
3476
3469
3493
3528
3489
3481
3369
3371
3473
3449
3561
3486
3607
3422
3462
3527
3536
3436
3491
3497
3432
3567
3504
3476
3495
3430
3521
3528
3491
3544
3591
3572
3527
3539
3421
3513
3428
3534
3567
3514
3509
3549
3461
3542
3489
3603
3545
3551
3312
3575
3492
3553
3513
3561
3571
3512
3590
3503
3455
3521
3461
3555
3452
3557
3372
3450
3498
3485
3527
3399
3445
3558
3383
3532
3505
3426
3469
3431
3512
3472
3480
3580
3488
3422
3548
3578
3541
3615
3505
3553
3578
3408
3474
3544
3445
3427
3478
3498
3409
3542
3595
3460
3526
3414
3619
3353
3529
3368
3402
3464
3430
3518
3375
3483
3531
3564
3406
3482
3370
3482
3550
3571
3536
3458
3463
3473
3493
3385
3497
3533
3516
3539
3410
3437
3429
3403
3296
3396
3396
3454
3360
3545
3494
3336
3412
3294
3262
3413
3358
3399
3466
3424
3380
3307
3437
3289
3399
3314
3245
3360
3293
3303
3330
3277
3249
3133
3207
3154
3177
3188
3241
3126
3200
3165
3103
3200
3298
3162
3132
3280
3231
3228
3124
3216
3234
3233
3123
3259
3288
3222
3261
3248
3251
3438
3380
3313
3352
3337
3371
3251
3369
3367
3298
3391
3353
3342
3499
3486
3402
3407
3554
3337
3465
3519
3471
3443
3380
3456
3498
3505
3302
3465
3472
3541
3468
3455
3431
3448
3520
3585
3461
3561
3523
3503
3530
3525
3541
3502
3550
3497
3472
3472
3441
3525
3500
3418
3485
3491
3572
3508
3613
3547
3457
3501
3422
3557
3486
3507
3549
3585
3557
3574
3474
3582
3512
3421
3541
3467
3376
3491
3477
3412
3387
3538
3475
3500
3539
3501
3545
3463
3426
3445
3476
3484
3487
3518
3543
3486
3548
3522
3555
3414
3663
3442
3430
3536
3473
3520
3583
3510
3453
3593
3574
3601
3578
3614
3504
3620
3594
3544
3579
3631
3566
3501
3525
3443
3516
3559
3540
3548
3554
3492
3546
3573
3486
3565
3500
3580
3510
3566
3618
3514
3454
3588
3503
3535
3553
3494
3458
3585
3537
3483
3476
3447
3444
3488
3458
3453
3466
3374
3422
3464
3564
3434
3549
3426
3550
3573
3509
3581
3436
3534
3624
3503
3525
3547
3533
3563
3568
3520
3516
3459
3514
3553
3546
3506
3544
3530
3590
3628
3479
3577
3517
3475
3545
3584
3593
3402
3457
3603
3519
3396
3461
3599
3534
3479
3471
3550
3432
3459
3538
3494
3713
3499
3498
3469
3576
3569
3567
3671
3483
3559
3511
3484
3579
3552
3536
3571
3534
3559
3539
3488
3577
3602
3477
3559
3540
3610
3619
3452
3475
3606
3483
3583
3359
3441
3586
3531
3547
3458
3503
3504
3540
3487
3592
3550
3658
3567
3552
3541
3650
3550
3544
3581
3517
3543
3469
3443
3401
3488
3591
3598
3487
3547
3543
3477
3524
3532
3460
3567
3483
3548
3531
3555
3516
3608
3511
3551
3487
3478
3530
3606
3582
3525
3527
3577
3483
3599
3572
3635
3382
3553
3473
3537
3647
3520
3548
3579
3573
3477
3502
3467
3586
3467
3501
3452
3445
3571
3487
3447
3411
3500
3649
3457
3512
3524
3571
3691
3452
3458
3535
3479
3532
3480
3497
3548
3513
3441
3347
3410
3448
3423
3374
3582
3534
3481
3420
3444
3472
3512
3506
3575
3586
3534
3534
3515
3526
3501
3555
3491
3556
3510
3554
3563
3432
3398
3548
3469
3567
3454
3603
3457
3638
3433
3496
3583
3515
3456
3650
3604
3539
3613
3545
3666
3593
3504
3620
3607
3331
3440
3507
3441
3630
3607
3528
3450
3421
3505
3470
3547
3576
3528
3614
3378
3563
3581
3510
3493
3504
3515
3557
3433
3437
3430
3452
3344
3460
3304
3400
3453
3463
3550
3543
3557
3532
3487
3399
3491
3537
3459
3469
3593
3439
3507
3482
3417
3429
3542
3533
3556
3531
3480
3584
3537
3426
3486
3466
3579
3574
3515
3465
3457
3568
3577
3475
3467
3392
3514
3500
3420
3445
3498
3391
3396
3450
3350
3499
3428
3418
3424
3346
3451
3523
3362
3445
3317
3421
3516
3478
3435
3351
3422
3401
3344
3434
3266
3323
3452
3352
3374
3304
3322
3317
3184
3332
3184
3236
3260
3338
3260
3260
3227
3200
3190
3122
3069
3176
3186
3210
3223
3225
3142
3216
3201
3137
3128
3116
3218
3176
3128
3216
3161
3169
3178
3217
3132
3158
3267
3282
3230
3245
3434
3310
3282
3283
3420
3338
3421
3352
3348
3273
3441
3398
3407
3420
3383
3408
3389
3407
3423
3445
3362
3523
3430
3474
3471
3442
3506
3401
3544
3557
3455
3401
3386
3563
3605
3565
3497
3592
3455
3489
3444
3440
3604
3433
3465
3491
3417
3477
3484
3505
3566
3343
3537
3464
3633
3448
3431
3546
3450
3589
3412
3483
3495
3572
3536
3542
3413
3499
3593
3541
3441
3524
3541
3470
3506
3428
3445
3436
3329
3533
3497
3392
3345
3430
3428
3470
3486
3402
3440
3452
3566
3449
3579
3481
3415
3460
3587
3531
3486
3408
3413
3524
3489
3551
3541
3414
3590
3437
3569
3520
3476
3424
3426
3492
3613
3559
3459
3491
3507
3558
3448
3469
3603
3568
3545
3638
3565
3451
3546
3517
3476
3495
3553
3473
3601
3590
3611
3591
3476
3488
3553
3509
3527
3441
3552
3532
3510
3431
3497
3455
3457
3519
3494
3367
3632
3487
3533
3450
3521
3572
3542
3521
3517
3529
3463
3582
3495
3561
3496
3458
3538
3451
3555
3558
3492
3559
3459
3604
3489
3564
3560
3589
3534
3505
3426
3496
3457
3535
3459
3537
3585
3522
3544
3528
3449
3420
3536
3538
3466
3492
3632
3583
3503
3588
3462
3509
3556
3568
3503
3619
3598
3545
3547
3573
3477
3428
3484
3616
3491
3504
3617
3519
3512
3556
3519
3543
3390
3519
3457
3546
