3095
3125
3110
3105
3042
3113
3162
3038
3031
2993
3078
3112
3081
3148
3055
3014
3005
3049
3074
3158
3030
3077
3111
3015
3031
3051
3077
3104
3080
3159
3127
3111
3080
3179
3111
3127
3034
3169
3213
3123
3069
3048
3003
3187
3041
3125
3146
3112
3063
3050
3040
3121
3098
3046
3171
3088
3103
3150
3237
3118
3041
3114
3117
3142
3062
3195
3061
3089
3091
3157
3109
3117
3088
3040
3010
3034
3050
3054
3041
2991
2926
3018
3033
2988
3114
3011
3002
3105
2999
3064
3095
3107
3179
3001
3050
3106
3085
3036
3014
3209
3070
3084
3100
3075
3184
3036
3093
3119
3021
3049
3049
3015
3178
3081
3007
3063
2984
3170
3092
3049
3055
3052
2987
3065
3052
3201
3150
3093
3066
3144
3072
3066
3033
3126
3084
3073
3101
3044
3196
3008
3122
3001
3065
2975
3057
3035
3026
3030
3060
3046
3044
3035
3043
3121
3022
3191
3075
3129
3061
3015
3091
3049
2992
3068
3022
3069
3144
3107
3103
3071
3000
3039
3073
3052
3121
3092
3150
3111
3005
3013
3100
3056
3068
3022
3007
3087
3036
3131
2966
3077
3163
3040
3010
3019
3040
2966
2984
3012
3059
3192
3094
3076
3053
3065
3025
2997
3110
3047
3021
2893
2988
3026
3012
3093
3045
3074
2954
2950
2989
3080
2961
3039
2917
2854
2987
2878
2941
2906
2815
2835
3009
2846
2856
2826
2936
2751
2906
2743
2827
2774
2767
2772
2701
2800
2824
2853
2759
2747
2848
2829
2811
2925
2857
2797
2762
2825
2738
2731
2912
2791
2810
2859
2945
2884
2878
2833
2892
2896
2845
2891
2906
2959
2928
2885
2933
2950
3010
2932
3015
3072
2970
3026
2860
2965
3068
3110
3108
3058
3026
3075
3045
2985
3034
3036
3154
3097
3018
3027
3138
3152
3162
2979
3031
3040
3067
3139
3021
3027
3066
3067
3083
3100
3087
3030
3108
3083
3074
3079
3059
3085
3011
3125
3153
3033
3090
3072
3026
3114
3040
3097
2999
3115
3066
3077
3048
3150
3044
3091
3042
3070
3088
3053
3032
3106
3021
3023
3068
3110
3083
3042
3061
3112
3059
3097
3051
3095
3081
3058
3000
3057
3051
3130
3133
3096
3147
3093
2979
3080
3182
3057
3138
3000
3081
3032
3172
3040
3074
3046
3042
3195
3105
3193
3049
3070
3060
3071
3101
3066
3114
3188
3105
3123
3111
3108
3187
3131
3159
3022
3189
3097
3101
3162
3083
2951
3157
3089
3096
3035
3077
3011
3107
3005
3085
3106
3056
2972
3070
3028
3043
3066
3053
2885
2982
2987
3106
3062
3121
3135
3013
3146
3007
3155
3155
3151
3171
3038
3188
3001
3153
3130
3036
3072
3007
3204
3108
3099
3077
3116
3097
3092
3098
3071
3105
3092
3072
3109
3177
3173
2996
3188
3199
3017
3094
3099
3069
3097
3087
3116
3178
3039
3140
3008
3135
3100
3092
3050
3118
3211
3051
3037
3169
3170
3141
3176
3086
3100
3028
3052
3160
3122
3110
3127
3089
3069
3127
3100
3100
3006
3141
3201
3193
3059
3075
3182
3127
3165
3159
3130
3136
3044
3057
3147
3049
3069
3011
3091
3130
3049
3186
3131
3121
3149
3125
3105
3147
3149
3216
3095
3067
3063
3121
3102
3121
3077
3082
3122
3215
3091
3128
3002
3142
3090
3177
3150
3067
3069
3173
3121
3165
3090
3145
3014
3108
3131
3153
3084
3056
3048
3036
3188
3058
3155
3082
3108
3046
3040
3040
3082
3007
3074
3083
3137
3100
3076
3053
3024
3147
3164
3098
3034
3152
3077
3080
3087
3158
3218
2969
2938
3226
3091
3159
3092
3093
3140
2989
3079
3047
3050
3004
3012
3030
3053
3003
2909
3114
3006
3032
3124
3064
3101
3121
3086
3042
3137
3048
3114
3067
3046
3110
3045
3160
3085
3053
3088
3100
3110
3139
3184
3055
3007
3109
3106
3053
3042
3063
3053
3225
3083
3023
3160
3186
3084
3093
3086
3092
3062
3122
3069
3136
3032
3065
3023
3123
3074
3096
3048
3104
3103
3090
3124
3088
3071
3188
3070
3022
3105
3020
3070
3180
3073
3107
3072
2993
3061
2976
3110
2967
2924
3052
2977
3065
3029
3119
3117
3061
3084
3107
3110
3076
3029
3110
3108
3032
3068
3002
3086
3059
3047
3051
3028
2999
3026
3011
3077
3007
3029
2967
3085
2951
3060
2990
3168
3135
3141
2996
3099
3079
3059
3090
3068
3185
3062
3019
3083
3099
3096
3020
3041
3076
3095
3126
3081
3104
2972
2957
2995
3019
2973
2926
3047
2969
2923
2998
2926
2990
2980
3039
2968
3063
2928
2931
2850
2942
2887
2923
2938
2977
2885
2923
2839
2847
2900
2821
2823
2815
2781
2876
2740
2718
2758
2792
2790
2675
2859
2820
2819
2799
2775
2713
2800
2822
2789
2809
2798
2802
2818
2828
2774
2892
2831
2853
2888
2831
2866
2954
3006
2902
2840
2978
2983
2908
3000
3020
3013
2974
2988
2989
2931
3082
2935
2971
3114
3054
3036
2980
3052
3081
3113
3053
3017
3005
3022
2984
2945
3107
3028
3036
3040
2983
3099
3114
3059
3073
3051
3123
3075
3012
3167
3056
3160
2988
3030
3084
3088
3111
3101
3041
3106
3084
3036
3228
3060
3146
3025
3050
3121
3041
2989
3075
3072
3145
3097
3060
3003
3087
3036
3168
3025
3096
3071
3115
3038
3096
3078
3091
2973
3118
3027
2984
3075
3037
3151
3109
3103
3045
3168
3017
3117
3072
3034
3020
3097
3093
3016
3096
3133
3007
3056
3229
3095
3056
3110
3041
3108
3077
3059
3116
3107
3129
3040
3103
3135
3025
3085
3121
3162
3083
3125
3055
3159
3083
3050
3153
3193
3095
3109
3073
3149
3119
3095
3040
3055
3196
2965
3150
3075
3063
3073
2964
2940
3103
2922
3081
3061
3063
2944
3015
3114
3107
2986
3074
3035
3033
3046
3051
3062
3066
3061
3090
3105
3113
3113
3106
3067
3164
2973
3123
3080
3166
3151
3064
3042
3121
3180
3076
3109
3022
2999
3139
3105
3059
3108
2971
3037
2947
3074
3144
3159
3037
3071
3175
3086
3076
2940
3075
3134
3048
3137
3101
2992
3070
3135
3035
3091
3148
3055
3075
3073
3035
3091
3108
3160
3120
3080
3118
3126
3187
3095
3122
3184
2998
3011
3063
