3128
3131
3179
3131
3071
3178
3180
3155
3065
3066
3073
2978
3115
3126
3082
2996
3057
3180
3007
3048
3109
3186
3168
3093
3098
3111
3162
3072
3155
3057
3064
3116
3220
3066
3048
3031
3119
3141
3027
3114
3076
3023
3012
3030
3064
3091
3056
3096
3076
3173
3093
3124
3163
3006
3087
3079
3173
3073
3059
2980
3097
3091
3066
3153
3172
3082
3104
3024
3084
3083
3162
3151
2950
3183
3129
3059
2995
3139
2978
3023
2964
2958
3098
3024
2979
3105
3060
3011
3039
3108
3086
3061
3114
2977
3174
3103
3073
3073
3013
3157
3219
3070
3196
3046
3162
3088
3113
3127
3055
2964
3161
2995
3017
3093
3065
3139
3052
3092
3185
3124
3147
3062
2995
3136
3091
3037
3120
3138
3161
3093
3148
3104
3123
3198
3117
3107
3074
3130
3070
3093
2997
3105
3000
3047
3038
2991
3019
2935
2957
3119
3060
3087
3151
2993
3108
3130
3006
3163
3093
3136
3095
3015
3132
3081
3126
3073
2996
3142
3019
3028
3112
3171
3094
3043
3062
3108
3116
3033
3043
2949
2994
3019
3118
3096
3069
3081
3052
3053
3169
3083
3088
2994
2927
3038
3124
3087
3104
3026
3000
3071
3076
3087
2996
3072
3073
3133
3061
3045
3029
2969
3027
2905
3057
2996
2979
3014
2971
2943
2941
2929
2957
2975
3003
2998
2988
2963
2988
2936
2928
2933
2925
2884
2930
2816
2795
2850
2765
2814
2866
2807
2802
2784
2893
2747
2815
2714
2814
2664
2829
2767
2846
2843
2809
2846
2741
2813
2786
2858
2871
2643
2847
2881
2828
2802
2888
2945
2928
2975
2977
3061
2944
2910
2983
2836
2930
2943
2958
2900
2978
3058
3040
3037
3121
3147
3020
3007
3133
3109
2950
3073
2952
3116
3087
2980
3093
3014
3004
3192
3149
3026
3101
3078
3169
3057
3092
3083
3107
3072
3053
3174
3077
3112
3126
3065
3073
3112
3157
3133
3057
3111
3065
3073
3018
3064
3073
3013
3016
3100
3098
3124
3102
3063
3062
3073
3126
3151
3122
2990
3167
3107
3014
3134
3003
3035
3077
3082
3111
3113
3063
3088
3154
3133
3236
3195
3178
3015
3090
3128
3126
3110
3099
3192
3100
3132
3064
3205
3134
3088
3101
3050
3043
3173
3169
3053
3048
3144
3157
3098
3125
3099
3232
3074
3026
3050
3061
2962
3100
3098
3031
3143
3117
3108
3089
3107
3028
3145
3061
3221
3095
3157
3046
3152
3084
3077
3114
3152
3057
3178
3023
3111
3085
2968
3154
3012
3000
3069
3050
3055
3095
3056
3011
3040
3034
3056
3062
3050
3086
3063
3053
3083
3064
3051
3047
3077
3025
3064
3109
3143
3074
3112
3202
3198
3008
3118
3093
3154
3089
3109
3158
3126
3145
3069
3165
3176
3076
3088
2994
3075
3094
3104
3105
3080
3055
3039
3086
3039
3048
3074
3204
3079
3081
3144
3081
3181
3185
3151
3073
3167
3133
3145
3073
3135
3141
3156
3224
2989
3006
3162
3185
3156
2993
3090
3067
3108
3076
3088
3071
3187
3116
3039
3057
3037
3094
3016
3096
3111
3081
3140
3023
3127
3095
3057
3191
3145
3038
3150
3074
3121
3055
3097
3120
3060
3181
3093
3143
3034
3131
3052
3094
3102
3169
3129
3063
3094
3070
3148
2993
3040
3056
3088
3093
3180
3092
3083
3059
3075
3136
3207
3105
3051
3104
3085
3045
3164
3067
3133
3057
3110
2933
3116
3076
3075
3068
3067
3187
3133
3137
3102
2993
3113
2976
3104
3133
3076
3084
3071
2996
3094
3164
3082
3074
3225
3143
3025
3097
3071
3083
3101
3065
3084
3184
3087
3062
3053
3122
3097
3091
3111
3158
2989
3047
2956
3028
3093
3018
3035
3011
3185
3072
3045
3077
3128
3008
3077
3179
3087
3096
3047
3139
3100
3050
3110
3086
3077
3140
3006
3096
3146
3086
3161
3104
3076
3030
3168
3143
3163
2972
3081
3163
3019
3090
3082
3037
3144
3113
3073
3060
3132
3075
3124
3149
3050
3093
2998
3194
3035
3104
3185
3081
3097
3024
3086
3001
3091
3052
3032
3092
3102
3212
3012
3047
3039
3058
3102
3187
3041
3057
3088
2986
3073
2866
2976
2965
3127
3088
3022
3182
3043
3050
3061
3010
3157
3087
3079
3014
3062
3058
3044
3125
3064
3077
3084
3131
3057
3032
3032
3171
3151
3120
2934
3078
3122
3091
3020
3124
3053
3105
3167
3092
3067
3020
3055
3017
3087
2982
3056
3012
3066
3110
3072
3007
3015
3128
3013
3003
3120
3023
3033
2959
2942
2976
3005
2979
2984
3091
2942
3001
3044
3009
2854
2880
3006
2970
2849
2956
2832
2898
2947
2866
2966
2897
2790
2821
2744
2775
2738
2793
2813
2719
2753
2755
2730
2794
2807
2779
2753
2780
2844
2857
2781
2696
2728
2798
2720
2763
2735
2813
2796
2742
2859
2811
2906
2869
2917
2965
2911
2950
2956
2878
2929
3120
3012
2943
2925
2988
2994
2883
2984
2885
2947
2970
3074
3067
2982
3000
3010
3034
3053
3053
3098
2996
3048
3053
3147
3066
2985
3053
3111
2988
3010
3051
3017
3054
3179
3017
3080
3084
3182
3014
3047
3047
2984
3198
3185
3089
3105
3046
3121
3129
3139
3102
3117
3142
3040
3025
3098
3146
3057
3055
3059
3064
2973
3069
3122
3064
3053
3075
3029
3158
3022
3046
3033
3100
3056
3026
3085
3044
2978
3045
3013
3141
2925
3054
3169
3115
3046
3052
3042
3096
3135
3109
3013
3049
3058
3125
3106
3136
3167
3239
3017
2939
3024
3152
3107
3160
3040
3057
3082
3052
3055
3088
3137
3033
3170
3120
3080
3117
3143
3149
3121
3050
3040
3113
3029
3029
3106
3038
3139
3039
3089
3110
3123
3099
3085
3090
3105
2973
3007
3084
2998
3043
3136
2954
3000
3017
3007
3018
2982
3055
3138
3175
3153
3050
2996
3080
3125
2981
3050
3164
3120
3104
2954
3164
3200
3028
3110
3203
3166
3066
3109
3082
3025
3138
3094
3147
3123
3099
3112
3110
3199
3091
3116
3022
3086
3016
3109
3083
3200
3210
3061
3144
3022
3116
3010
3015
3066
3121
3148
3154
2998
3071
3110
3100
3106
3076
3179
3114
2992
3287
3035
3067
3003
3112
3093
3137
3121
3078
3172
3035
2996
3120
3150
3052
