3106
3051
3021
3236
3119
3111
3138
3055
2980
3249
3271
3131
3059
3209
3094
3030
3053
3187
3151
3108
3063
3036
3032
3068
3144
3133
3003
3095
3119
3135
3100
3121
3092
3062
3062
3061
3153
3214
3158
3009
3141
3105
3077
3067
3098
3061
3098
3033
3161
3033
3153
3141
3135
3101
3086
3217
3115
3057
3181
3069
3128
3030
3075
3271
3139
3219
3117
3092
3150
3014
3046
3110
3213
3102
3034
3125
3062
3049
2999
3003
2943
3084
3127
3074
3104
3086
3109
3110
3133
3105
3038
3092
2986
3029
3133
3086
3079
3106
3034
3059
3062
3079
3014
3056
3109
3044
3099
3043
3084
3041
3082
3143
3105
3135
3110
3133
3056
3124
3065
3094
3144
3113
3113
3206
3090
3146
3226
3187
3108
3197
3018
2984
3132
3049
2971
3128
2984
3167
3012
3005
3099
2995
3096
3049
2973
3022
3036
2983
3012
3026
3122
3221
3085
3095
3092
3046
3110
3089
3037
3088
3191
3081
2989
3170
3098
3096
3050
3181
2987
3133
3174
3045
3131
3067
3128
3211
3160
3095
3060
3207
3039
3029
3100
3192
3066
3100
3040
3016
3167
3178
3052
3071
3021
3130
3073
3128
2998
3104
3021
3086
3040
3100
3025
3019
2918
3105
3080
2972
3139
3173
2982
3115
3060
3089
3023
3019
2946
2977
2909
2948
3031
2916
2894
3005
2953
2977
2957
2942
2882
2860
2958
2902
2762
2916
2839
2859
2765
2743
2763
2788
2817
2741
2720
2706
2757
2769
2847
2787
2719
2880
2771
2822
2720
2727
2793
2710
2726
2739
2742
2768
2854
2854
2853
2865
2984
2867
2914
2955
2879
2927
2913
2951
3044
2979
3031
3011
2993
2967
3057
3138
2969
3107
3056
3054
2943
2968
3014
3131
3012
3188
3041
3015
3003
3025
3100
3033
3047
3107
2997
3081
3221
3059
3069
3036
3136
2997
3126
3025
3112
3027
3150
3007
3029
3087
3105
3029
3091
3073
3078
3150
3039
3073
3088
3025
3102
3183
3052
3161
3035
3107
3003
3042
3113
3159
2961
3071
3168
3027
3026
3099
3140
3077
2960
2963
3056
3115
3009
3087
3102
3030
3033
3122
3054
3133
3029
3053
3045
3035
3168
3096
3128
3062
3136
3154
3052
3063
3082
3040
3082
3095
3202
3142
3121
3139
3085
3036
3101
3087
3020
3102
3131
3129
3108
3081
3011
2976
3188
3110
3124
3062
3233
3047
3125
3178
3174
3087
3043
3095
3117
3118
3038
3044
3025
3110
3116
3103
3191
3164
3015
3099
3098
3057
3082
3025
3011
3147
3128
3012
2970
3049
2978
3023
2989
3010
3037
3054
3076
3022
3068
3179
2994
3112
3032
3077
3219
3030
3091
3151
3120
3056
3043
2996
3071
3186
3135
3141
3039
3162
3146
3052
3141
3078
3091
3129
3220
3053
3184
3069
3122
3188
3081
3072
3092
3062
3102
3104
3127
3124
3149
3122
3061
3092
3036
2968
3108
3059
3104
3092
3069
3085
3133
3056
3115
3164
3046
3180
3166
3052
3170
3009
3126
3061
3069
3075
3113
3106
3138
3038
3094
3072
3125
3141
3145
3077
3077
3082
3070
2973
3116
3072
3129
3141
3025
3137
3109
3142
3066
3119
3028
3053
3090
3112
3064
3088
3009
3230
3241
2986
3139
3056
3092
3101
3192
3091
3097
2984
3118
3054
3111
3068
3056
3141
3033
3114
3050
3022
3096
3071
3089
3187
2983
3139
3123
3066
3160
3049
3044
3119
3211
3045
3082
3104
3081
3005
3170
3093
3056
2994
3181
3100
3111
3097
3149
3177
3079
2991
3058
3045
3136
3134
3052
3064
3035
3104
3236
3186
3055
3139
3128
3119
3067
2994
3025
3025
2977
3070
3049
3011
3091
3025
2969
2993
3104
2884
3041
3111
3009
3066
3025
3068
3069
3087
3054
2994
3110
3150
3071
3057
3085
3124
3053
3042
3054
3024
3087
3038
3114
3018
3158
3116
3096
3186
3068
3068
3065
3105
3073
3104
3104
3150
3078
3042
3118
3063
3044
3168
3032
3042
3139
3090
3096
3150
3021
3145
3005
2988
3052
3126
3055
3062
3151
3098
3105
2983
3026
3183
3078
3018
3041
3069
3040
3102
3071
3106
3017
3017
3071
3103
3039
3034
3058
3025
3173
3085
3143
3114
2983
3063
3034
3097
3095
3134
3134
3026
3094
3096
3110
3076
3068
3098
3095
3109
3061
3104
3051
2998
3079
3056
3090
2926
3091
3144
3127
3071
3069
3134
3079
3039
3101
3072
2955
3092
3112
2974
3069
3084
3027
3098
3054
3113
3016
3077
2992
3021
3123
3005
3019
2995
3064
2990
3039
3002
2942
3016
3021
2936
2953
2954
2984
2978
2957
2912
2930
2804
2915
2872
2937
2815
2834
2781
2814
2766
2725
2892
2785
2710
2745
2760
2829
2746
2724
2743
2769
2751
2715
2826
2834
2705
2745
2758
2724
2754
2694
2751
2674
2727
2707
2863
2863
2685
2819
2882
2935
2920
2936
3006
3051
2912
3073
2951
3011
3003
2972
2914
2968
3076
2982
3046
3018
2978
3032
3073
3082
3101
3119
3030
3087
3053
2987
3005
3151
2952
3154
2984
3002
3145
3145
3077
3083
3023
3087
3037
3098
3067
3101
2946
3052
3084
3096
3126
3068
3056
3101
3115
3036
3114
3020
3097
3183
3147
3097
3111
3048
3056
3076
3126
3101
3023
3089
3019
3084
3124
2993
3075
3100
3046
3064
3118
3204
3024
3060
3155
2950
3163
3054
3008
3015
2943
2985
3186
3029
3167
3169
3106
3144
3129
3067
3057
3030
3054
3114
3091
3070
3100
3152
3037
3141
3072
3012
3066
3035
3064
2997
3138
3109
3117
3080
3081
3103
3080
3143
3099
3024
3105
3172
3035
3023
3123
3032
3010
3027
3067
3133
2963
2989
3082
3068
3126
3153
3109
3145
3150
3050
3030
3097
3026
3088
3026
3076
3070
3108
2928
2930
3029
3035
3032
2955
3065
3042
3095
3080
3148
3043
3104
3103
3065
3151
2976
3083
3067
3167
3140
3098
3175
3188
3075
3085
3048
3054
3146
3184
3051
3110
3140
3168
3131
3053
3106
3045
3043
3076
3189
3088
3060
3074
3042
2985
3039
3064
3071
3047
3100
3055
3165
3129
3101
3102
3183
3194
3019
3093
3129
3108
3109
3166
3068
3118
3124
3154
3080
3116
3070
3252
3120
3015
3099
3131
3175
3176
3082
3122
3102
3107
