3091
3086
3096
3112
3072
3153
3095
3054
3107
3074
3116
3096
3115
3088
3056
3193
3105
3175
3121
3098
3076
3193
3100
3130
2974
3106
3042
3093
3094
3106
3144
3055
3030
3065
3065
3128
3140
3166
3018
3143
3103
3142
3100
3179
3027
2969
3116
3098
3077
3123
3210
3125
3116
2866
3143
3080
3068
3014
3061
3086
3144
3075
3126
3093
3063
3182
3119
3086
3070
3047
3180
3193
3129
3215
3055
3092
3092
3021
2929
2971
3001
3030
3008
3017
3047
3102
3067
3094
3068
3056
3117
3129
3111
3046
3165
3104
3000
3045
3132
3048
3093
3085
3022
2974
3065
3071
3101
3029
3060
3136
3110
2986
3001
3178
3129
3177
3067
3162
3111
3032
3181
3038
3102
3185
3113
3143
3083
3006
3097
3204
3092
3082
3242
3127
3114
3039
3090
3161
3127
3173
3162
3132
3075
3005
3132
2993
2984
3015
3041
3091
3096
3048
3005
3120
3055
3116
3060
3081
3050
3080
3047
3202
3138
2972
3120
3219
3136
3109
3106
3121
3121
3074
3139
3007
3052
3092
3094
3080
3042
3163
3166
3075
3098
3058
3074
3162
3105
3027
2993
3085
3092
3064
2993
3081
3078
3069
3138
3075
3085
3058
3086
3092
3067
2937
3081
3026
3035
3064
3050
3113
3086
2948
3119
3016
3014
2989
2988
3012
3063
3027
3047
3025
3064
3072
3032
2880
2921
2905
2848
2935
2857
2866
2883
2855
2707
2805
2723
2869
2671
2791
2777
2752
2736
2757
2783
2808
2757
2761
2784
2762
2820
2816
2696
2758
2733
2738
2698
2813
2856
2749
2885
2742
2901
2910
2867
2849
2899
2933
2937
2963
3003
2867
2918
2936
2910
3021
2960
3005
3047
3053
3068
3015
3033
3047
3082
3030
3013
3038
3119
3013
2983
3126
3036
3089
3079
3033
3131
3018
3092
3022
3083
3031
3104
3018
3137
3047
3135
3095
3078
3124
3115
3150
3000
3064
3070
3095
3101
3156
3096
3047
3181
3041
3128
2987
3180
3119
3081
3036
3120
3069
3065
3155
3023
3107
3097
3082
3039
3146
3083
3172
3017
3015
2959
2988
3079
2998
3211
3111
3081
3000
3125
3021
3062
3086
3156
3077
3142
3175
3087
3018
3043
3144
2974
3145
3095
3106
3010
3096
3126
3097
3139
3102
3155
3015
2967
3038
3082
3048
3162
3068
3098
3022
3107
2960
3073
3041
3074
3079
3075
3136
3166
3080
3116
3110
3109
3049
3033
3107
3169
3047
3067
3089
3053
3090
3025
3060
3143
3000
3079
3166
3132
3006
3087
3025
3135
3185
3079
3066
2982
3041
2990
3008
2999
3044
3133
3015
3131
3069
3010
3052
3195
3157
3082
3208
3052
3079
3105
3113
3169
3159
3041
3016
3114
3006
3101
3064
3138
3079
3138
3057
3148
3069
3043
3082
3119
3090
3122
3072
3114
3042
3104
3066
3184
3100
3116
3093
3115
3171
3175
3091
3050
3129
3068
3052
3054
3197
3140
3098
3156
3202
3102
3204
3150
3135
3048
3120
3170
3113
3145
3069
3022
3099
3132
3071
3168
3134
3068
3119
3172
3032
3072
3102
3106
3100
3023
3043
3048
3097
2995
3148
3215
3100
3078
2983
3064
3097
3053
3009
3064
3014
3041
3186
3110
3182
3131
3031
3025
3067
3213
3002
3066
3166
3052
3063
3057
3042
3097
3072
3051
3095
3085
3123
3099
3103
3176
3255
3094
3043
3113
3117
3049
3087
3125
3145
3227
3095
3070
3127
3078
3177
3057
3187
3107
3163
3127
3117
3100
3135
3176
3165
3085
3130
3025
3089
3074
3063
3107
3090
3095
3031
3116
3013
3017
3061
3126
3107
3099
3062
3024
3042
3088
3089
3051
3170
3122
3064
3194
3027
3136
3097
3030
3006
3063
3011
2967
3065
3075
3038
3086
2980
2984
3111
2991
3021
3061
3105
3196
3030
3073
3033
3159
2988
3088
3045
3036
3081
3037
3082
2973
3078
3058
3100
3179
3132
3147
2906
3040
3033
3089
3112
3126
3148
3090
3106
3081
3088
3161
3096
3055
3097
3036
3177
3017
3108
2984
3104
3045
3089
3034
3045
3118
3025
3014
3116
3069
3007
3111
3141
3201
3075
3041
3065
3019
3024
3204
3058
3052
3127
3023
3000
3017
3043
3000
3041
2887
3098
3074
3179
3065
3098
3128
3104
3034
3000
3089
3099
3066
3085
3047
2976
3093
3059
3055
3135
3045
3045
3174
3141
3056
3092
3079
3023
3099
3008
3015
3003
3081
2961
3067
2972
3024
3017
2913
3108
3109
3090
3152
3072
3104
3085
3137
3103
2915
2997
2981
3109
3010
3016
2989
2972
3119
3076
3026
3090
3034
3002
2919
3026
2960
3011
3072
2925
2985
2902
2944
2848
2960
2832
2819
2782
2877
2885
2696
2670
2659
2769
2770
2781
2785
2722
2803
2821
2760
2750
2781
2685
2780
2671
2730
2747
2695
2781
2684
2791
2662
2862
2825
2724
2855
2829
2844
2885
2902
2934
2866
2967
2939
2895
2963
2969
3045
2960
2979
2990
2982
2981
3084
3010
3005
3076
3028
3096
2988
3103
3084
3124
3030
3086
3128
3050
3131
3005
3031
3126
3022
3067
3119
3061
2980
3103
2976
3085
3108
3079
2979
2976
3012
3069
3190
3107
3000
3164
3080
3034
3078
3119
3070
3111
3101
3081
3016
3026
3152
2982
3110
3148
2989
3148
3116
3128
3132
3035
3055
3146
3036
3106
3035
3058
3095
2986
3054
3009
3119
2980
3088
3086
2995
3008
2957
3009
3102
3030
2987
3044
3050
3018
3143
3177
2974
3125
3026
3081
3164
2977
2941
3141
3234
3146
3028
3090
3139
3121
3116
3042
3160
3032
3019
3036
3076
3047
3047
3045
2992
3086
3085
3062
3091
3041
3026
3109
3103
3067
3126
3169
3158
3113
3110
2994
3092
3091
3073
3107
3171
3004
2988
3111
3024
3110
2970
3027
3032
3003
3054
3060
3029
2892
3025
3111
3065
3066
3126
3116
3084
3136
3125
3030
3038
3095
3072
3170
3126
2971
3040
3023
3121
3065
3036
3145
3034
3058
3062
3061
3147
3130
3141
3146
3175
3024
3029
3063
3040
3071
3081
3059
3040
3165
3018
3102
2996
3144
3091
3049
3215
3211
3063
3060
3060
3068
3099
3190
3018
3100
3110
3098
2961
3060
3073
2979
3216
3149
3089
3070
3159
3096
3101
3171
3171
3216
3052
3106
3052
3086
3106
