3125
3137
3179
3083
3101
3076
3153
3189
3062
3031
3157
3086
3095
3045
3067
3146
3177
3093
3136
3036
3212
3079
3037
3095
3104
3105
3072
3131
3077
3252
3051
3043
3204
3122
3158
3078
3100
2971
3062
3144
3093
3135
3099
3132
3145
3125
3134
3179
3091
3033
3134
3221
3032
3072
3188
3147
3033
3101
3052
3132
3173
3177
3172
3141
3079
3139
3079
3052
3077
3080
3031
3110
3014
3053
3016
3171
3016
3024
2986
3071
2908
3058
3096
3082
3086
3007
3095
3162
3130
3100
2997
2977
3086
3129
3043
3181
3105
3053
3084
3077
3147
3144
3173
3023
3001
3165
3063
3107
3079
3000
3069
3087
3045
3020
3087
3063
3002
3090
3102
3078
3145
3077
3127
3046
3183
3165
3153
3106
3142
3060
3136
3030
3091
3014
3121
3153
3174
3100
3067
3117
3022
2988
2963
3032
3043
3027
3085
3078
3054
3054
3134
3067
2998
3108
3117
3032
3060
3076
3062
3017
3054
3101
3083
3118
3027
3148
3113
3077
3086
3091
3014
3093
3136
3230
3054
3061
3150
3082
3163
3184
3099
3059
3125
3043
3078
3196
3090
3090
3112
3115
3158
3021
3035
3128
3054
2955
3114
2991
2960
3087
3036
3083
3054
3034
3074
3057
3042
3031
3061
3062
3051
2976
2930
3079
2996
3013
3146
2976
2971
2984
2943
2969
2998
2964
2900
2951
2979
2999
2904
3001
2869
2839
2875
2784
2870
2803
2725
2715
2789
2768
2755
2719
2707
2862
2800
2819
2765
2782
2809
2811
2739
2760
2685
2825
2733
2665
2783
2722
2688
2746
2745
2847
2831
2840
2956
2935
2993
2900
2900
2895
2958
2907
3032
2821
3063
3122
2985
3023
2910
3068
3001
3009
3071
3027
3089
3044
3182
2968
3017
3056
3076
3093
3036
3113
3092
2929
3104
3154
3145
3133
3060
3146
3106
3087
3079
3167
3040
3073
3060
2990
3177
2980
3160
3075
3109
3079
3153
3098
3112
3069
3071
3140
3045
3053
3012
3116
3130
3058
3018
3157
3127
3061
3194
3182
3152
3179
3086
3053
3109
3129
3125
3189
3046
3011
3023
3055
3051
3058
3047
3050
3061
2986
2974
3035
3023
3165
2977
3154
3127
3114
3087
3053
3173
3077
3097
3060
3105
3085
3097
3055
3090
3077
3141
3214
3161
3152
3123
3200
3124
3145
3123
3142
3108
3167
3113
3044
3145
3154
3158
3066
3078
3131
3100
3008
3108
3058
3093
3162
3138
3184
3061
3070
3127
3066
3111
3055
3059
3053
3184
3095
3138
3081
3059
3085
3177
3098
3056
3062
3058
2983
3031
2953
3005
3018
3030
3122
3007
3078
3031
3096
3091
3084
3046
3177
3032
3084
3158
3043
3149
3177
3117
3003
3119
3058
3210
3129
2992
3145
3060
3017
3126
3081
3066
3136
3088
2985
3167
3121
3158
3088
3173
3005
3106
3157
3057
3126
3173
3028
3063
3143
3094
3049
3154
3067
3113
3140
3124
3113
3033
3091
3111
3079
3136
3058
3070
3125
3174
3099
3210
3061
3104
3091
3084
3113
3118
3130
3140
3061
3063
3039
3101
3203
3174
3158
3105
3172
3109
3098
3151
3218
3140
3090
3088
3038
3090
3088
3065
3082
3126
3105
3123
3169
3067
3052
3128
3076
3149
3133
3167
3167
3125
3203
3054
3079
3036
3107
3212
3110
3027
3156
3135
3087
3095
3102
3136
3083
3094
3095
3037
3146
3111
3057
3187
3179
3116
3057
3122
2994
3140
3150
3011
3186
3154
3088
3112
3116
3123
3130
3100
2961
3162
3098
3076
3089
3133
3128
3103
3056
3172
2978
3108
3049
3130
3049
3056
3089
3137
3080
3128
3035
2951
3040
3058
3068
3179
2992
3037
3139
3102
3085
3070
2976
3017
2948
3002
3081
3034
2977
2964
3107
3075
3037
3033
3100
3032
3029
3085
3103
3140
3190
3046
3072
3081
3084
3085
3035
3140
3042
3079
3035
3078
3027
3193
3067
3071
3127
3055
3142
3111
3040
3170
3126
3097
2994
3099
3042
3080
3121
3122
3053
3114
3105
2975
3072
3179
3087
3113
3122
2973
3034
3037
3071
2993
3205
3103
3092
3119
3012
2968
3132
3077
3097
2979
2998
3065
3092
3047
3082
3120
3066
3083
3054
3028
3112
3040
3114
3068
3077
3039
3110
3079
3082
2965
3057
3138
3087
3072
3075
3042
3062
2989
3061
3076
3023
3001
3051
3105
3039
3067
3010
3138
3105
3128
3100
3098
3071
3022
3011
3050
3163
3133
3108
3111
3055
3049
3000
3116
3191
3026
3047
3078
3034
3111
3019
3075
3030
3098
2956
3015
3020
3004
3016
3098
3055
2988
2926
2922
3004
3003
2992
2999
2909
2940
2892
2929
2825
2909
2833
2702
2809
2757
2799
2870
2768
2750
2696
2614
2707
2600
2729
2764
2723
2790
2768
2767
2765
2849
2666
2815
2856
2742
2707
2761
2676
2803
2732
2785
2796
2841
2877
2961
2883
2907
2925
2809
2996
2914
2931
2858
2956
3008
2967
2948
2972
3008
3031
2983
3003
3093
3054
2976
3064
3061
3056
3053
3002
3091
3024
3044
2988
3043
3108
3039
3050
3029
3111
3072
3084
3094
3090
3101
2938
3006
3104
3085
3063
3123
3038
3135
3116
2978
3178
3033
3135
3038
3206
3035
3203
3067
3104
3080
3168
3045
2999
3135
3140
3059
3070
3029
3121
3095
3035
3074
3118
3060
3046
3007
3024
3075
3039
3111
2938
3091
3164
3052
3040
3099
2890
2950
2988
3025
3112
3031
3105
3012
3011
3054
3122
3190
3077
3062
3087
3128
3141
3087
3082
3091
3038
3167
3082
3174
3120
3065
3160
3163
3077
3072
3003
3075
3227
3045
3035
3031
3136
3185
3046
3211
3150
3093
3079
3119
3260
3069
3184
3087
3106
3121
3056
3010
3081
3026
3067
3123
3096
3095
3104
3092
3194
3075
3052
3000
2984
3016
2977
2924
3141
3039
3005
3109
3063
3114
3133
3140
3153
3055
3072
3105
3054
3078
3009
3047
3103
3032
3010
3144
3099
3095
3087
3027
3131
3083
3055
3041
3109
3221
3151
3177
3074
3070
3092
3072
3111
3132
3145
3179
3058
3058
3066
3084
3175
3014
3020
3164
3057
3110
3111
3163
3085
3096
3040
3107
3135
3050
3147
3118
3103
3133
3107
3120
3083
3073
3144
3124
3163
3107
3199
3063
3083
3130
3103
3145
3148
3156
