3127
3180
3113
3114
3102
3066
3099
3126
3085
3068
3093
3213
3128
3130
3107
3001
3049
3166
3042
3135
3025
3044
2995
3035
3183
3131
3106
3132
3133
3113
3114
3046
3063
3134
3027
3010
3085
3010
3060
3084
3124
3032
3152
3046
3108
3181
3142
2984
3146
3101
3236
3102
3044
3184
2965
3174
3058
3094
3075
3164
3026
3163
3006
3084
3032
3070
3043
3100
3140
3151
3164
3055
3140
3154
3055
3079
3016
2994
2997
2969
3012
3046
3048
3011
2987
3115
3013
3163
3066
3077
3041
3058
3050
2955
3060
3028
3064
3035
3086
3103
3166
3165
3175
3068
3122
2958
3076
3051
3155
3009
3084
3166
3118
3108
3203
3076
3039
3150
3110
3087
3091
3097
3129
3079
3056
3156
3021
3060
3050
2996
3150
3035
3150
3053
3067
3094
3103
3064
3065
3116
3162
3089
3071
2994
3053
2981
2983
3097
2963
3066
2967
3125
3093
3050
3145
3089
3071
3136
3173
3187
3085
3085
3097
2951
3142
3080
3197
3115
3091
3099
3072
3067
3129
3064
3116
3107
3193
3094
3080
3054
3017
3075
3034
3032
3105
3055
2994
3085
3106
3090
2988
3106
3037
3150
3008
3083
3017
3080
3082
3017
3111
3097
3024
3025
3073
3088
3079
3058
2969
3048
3117
3070
3027
3056
2944
3078
3080
3045
3044
3003
2998
3064
3035
2979
2979
2969
2917
2909
2972
2834
2899
2934
2940
2874
2768
2767
2714
2734
2661
2646
2693
2674
2768
2795
2726
2772
2776
2850
2718
2675
2791
2764
2729
2712
2702
2833
2719
2751
2731
2820
2809
2755
2816
2831
2829
2864
2942
2914
2931
2850
2946
2863
3053
2989
2938
2944
2967
3033
3026
3020
2973
2908
2967
2985
2969
3019
3060
3045
3079
3112
3132
3070
3044
3015
3058
3039
3149
3036
3024
3034
3042
3072
2993
3117
3103
3113
3116
3065
3021
3163
3092
3054
3032
3140
2975
3245
3188
3104
3057
3074
3152
3104
3060
3066
3120
3029
3065
3095
3000
3091
3191
3048
3160
3028
3042
3074
3098
3123
3140
3131
3024
3062
2992
3044
2957
3015
3107
3141
3098
3128
3128
3094
3081
3117
3051
3095
3085
3079
3174
3125
3011
3076
3235
3018
3065
3134
3121
3152
3001
3134
3102
3042
3063
3093
3113
3040
3089
3081
3035
3064
3204
3032
3152
3116
3037
3117
3231
3010
3071
3209
3044
3127
3138
3019
3079
3073
3014
3065
3120
3116
3012
3052
3078
2992
3066
3064
3108
3153
3107
3148
3119
3220
3095
3025
3117
3050
3152
3001
3014
2937
3032
3031
3088
3047
3035
3158
3082
3097
2992
3122
3093
3087
3065
3197
3151
3033
3062
3035
3059
3066
3065
3085
3212
3108
2958
3047
3101
3182
3093
3038
3072
3041
3177
2970
3046
3183
3107
3041
3078
3163
3102
3019
3132
3118
3069
3046
3081
2955
3051
3220
3029
3013
3074
3087
3140
3093
3096
3155
3138
3120
3124
3053
3130
3089
3133
3060
3135
3081
3092
3138
3098
3154
3137
2985
3096
3055
3029
3155
3039
3171
3016
3198
3109
3077
3142
3101
3057
3108
3129
3132
3019
3108
2993
3041
3080
3115
3076
3045
3190
3047
3065
3176
3033
3034
3040
3171
2982
3162
3107
3052
3102
3123
3052
3063
3076
3081
3065
3079
3084
3115
3046
3085
3184
3086
3169
3146
3129
3090
3004
3068
3010
3080
3012
3075
3147
3107
3076
3042
3167
3085
3133
3031
2996
3149
3136
3119
3117
3153
3081
3108
3092
3118
3045
3075
3064
3084
3114
3177
3089
3049
3225
3054
3112
3085
3227
3078
3028
3031
3064
3079
3150
3074
3124
3050
3071
2992
3099
3013
3059
3096
2994
3099
3070
2976
3109
3128
3045
3055
2969
3134
2956
3043
3049
3058
3076
3053
3125
3068
3157
3035
3058
3075
3066
3130
3008
3055
3138
3128
3109
3052
3182
3106
3148
3035
3049
3038
3064
3121
3078
3005
3122
3004
3044
3051
3010
3039
3168
3023
3069
3076
3142
2948
3100
3031
3038
3093
3057
3044
3053
3081
3037
2991
3195
3073
3096
3066
3046
3182
3032
3067
3151
3005
3073
2960
3096
2966
3030
3032
3014
2978
2988
3074
3138
3019
3065
3097
3081
3102
3087
3042
3110
3067
3135
3152
3015
3008
3165
3088
3102
2989
3101
3108
2997
2945
3069
3124
3096
2969
3014
3094
3030
3053
3108
3197
3088
3093
3078
3080
3070
3036
3129
3010
3066
2960
3056
3069
3122
3021
2977
2989
2912
3043
3064
3029
3074
2984
3040
3109
2957
3026
3068
2952
3061
3018
2977
3017
2997
3021
2957
2947
2930
2976
2930
2922
2880
2935
2857
2821
2818
2915
2795
2819
2674
2645
2745
2621
2661
2713
2693
2708
2690
2713
2671
2845
2724
2690
2748
2690
2707
2724
2640
2618
2781
2692
2707
2678
2844
2764
2790
2811
2869
2864
2912
2938
2987
3006
2946
3067
2858
3064
2981
2998
2905
2965
3016
2906
3029
3065
2951
3027
3064
2934
3129
3127
3080
3121
3151
3064
3052
3196
3075
3099
3093
3111
3043
3129
3009
3147
3119
3049
3115
3069
3170
3038
3132
2962
3027
3054
3094
3155
3143
3131
3166
2988
3045
3055
3025
2965
3083
3110
3020
2915
3116
3019
3104
3096
3081
3053
3157
3070
3039
3117
3166
3095
3076
3113
3153
3133
3074
3012
3022
3052
3002
3058
3050
2973
3036
3061
3144
2955
3008
3090
3177
2967
3027
3069
3033
3136
3030
2919
3139
3054
3090
3136
3037
3098
3020
3168
3016
3157
3163
3021
3041
3112
3232
3054
3164
3084
3091
3102
3075
3059
3033
3108
2982
3050
3069
3038
3200
3044
3055
2987
3087
3018
3065
3104
3119
3096
3036
3092
3116
3101
3129
3115
3073
3033
3113
2981
3051
2973
2947
3065
3078
3144
3084
3003
3115
3103
3088
3112
3040
2987
3125
3054
3113
3102
3181
3015
3093
3136
3152
3096
3199
3062
3106
3052
3145
3113
3066
3087
3032
3268
3106
3076
3076
3087
3070
3217
3128
3129
3121
3038
3139
3149
3064
3093
3047
3165
3165
3152
3040
3155
3043
3066
3089
3150
3024
3059
3101
3123
3107
3027
3022
3018
3102
3019
3063
3144
3045
3091
3140
3108
3112
3050
3020
3101
3069
3081
3089
3189
3120
3140
3126
