3356
3338
3350
3387
3351
3354
3344
3368
3366
3366
3348
3355
3367
3335
3363
3402
3324
3280
3403
3234
3431
3466
3342
3278
3347
3403
3292
3449
3455
3337
3323
3345
3361
3276
3409
3429
3299
3383
3423
3424
3387
3357
3359
3433
3379
3431
3343
3439
3348
3384
3410
3363
3409
3393
3325
3404
3357
3449
3446
3352
3413
3325
3330
3346
3268
3357
3228
3218
3192
3251
3304
3191
3165
3116
3166
3160
3196
3014
3088
3009
3081
3193
3133
3143
3134
3179
3170
3205
3223
3246
3208
3326
3235
3359
3175
3244
3280
3324
3246
3345
3289
3300
3339
3346
3334
3312
3266
3348
3427
3344
3270
3370
3268
3483
3225
3473
3373
3335
3307
3384
3345
3383
3399
3519
3330
3348
3384
3325
3356
3280
3352
3376
3280
3379
3336
3330
3445
3269
3221
3274
3284
3194
3189
3077
3263
3134
3107
3227
3200
3206
3170
3291
3184
3181
3272
3108
3280
3225
3266
3191
3330
3351
3346
3326
3264
3322
3360
3266
3299
3285
3339
3319
3305
3367
3439
3375
3259
3490
3365
3422
3379
3405
3352
3338
3447
3295
3298
3409
3315
3294
3316
3425
3371
3369
3336
3403
3438
3440
3422
3306
3282
3302
3337
3386
3341
3375
3322
3308
3341
3392
3373
3321
3287
3199
3392
3168
3249
3191
3258
3202
3280
3325
3289
3292
3235
3249
3280
3221
3317
3439
3263
3223
3402
3364
3455
3396
3259
3429
3371
3339
3444
3207
3391
3319
3434
3372
3390
3396
3465
3320
3394
3331
3299
3498
3437
3335
3409
3455
3365
3424
3380
3258
3366
3389
3264
3293
3461
3276
3314
3283
3139
3285
3290
3215
3247
3276
3291
3255
3283
3249
3271
3429
3314
3232
3344
3412
3417
3450
3271
3343
3391
3343
3356
3369
3380
3307
3398
3281
3363
3404
3298
3394
3316
3278
3441
3193
3393
3428
3294
3489
3406
3377
3213
3355
3325
3424
3353
3468
3343
3404
3305
3285
3379
3327
3308
3302
3417
3300
3402
3285
3311
3369
3213
3268
3224
3231
3292
3229
3155
3224
3145
3211
3243
3114
3039
3114
3199
3190
3334
3220
3285
3219
3180
3232
3318
3293
3289
3296
3362
3398
3367
3335
3369
3500
3398
3272
3360
3362
3386
3493
3379
3286
3394
3452
3354
3344
3316
3410
3366
3371
3272
3368
3396
3376
3369
3262
3395
3370
3306
3364
3379
3271
3303
3194
3355
3224
3292
3492
3358
3396
3347
3302
3222
3290
3318
3271
3089
3220
3178
3154
3175
3171
3223
3157
3099
3177
3089
3081
3057
3124
3118
3077
3105
3177
3192
3239
3189
3087
3377
3283
3366
3343
3414
3332
3263
3347
3310
3368
3338
3342
3259
3404
3430
3404
3438
3401
3333
3306
3285
3421
3418
3318
3367
3393
3331
3367
3302
3288
3371
3401
3383
3379
3408
3400
3284
3287
3338
3359
3375
3399
3482
3400
3339
3263
3439
3361
3453
3373
3320
3337
3385
3397
3403
3447
3384
3354
3376
3449
3399
3467
3434
3374
3264
3404
3398
3426
3337
3403
3392
3532
3364
3322
3377
3341
3373
3334
3265
3392
3373
3388
3314
3429
3395
3375
3389
3388
3326
3335
3266
3387
3409
3292
3364
3432
3465
3456
3404
3434
3388
3543
3415
3418
3371
3359
3382
3413
3377
3356
3275
3388
3446
3373
3286
3370
3428
3399
3357
3325
3277
3369
3332
3366
3337
3352
3444
3392
3481
3366
3376
3298
3348
3435
3305
3389
3371
3325
3422
3413
3377
3408
3290
3369
3327
3339
3442
3348
3404
3334
3232
3428
3412
3411
3492
3398
3388
3287
3267
3417
3324
3328
3306
3183
3287
3265
3246
3337
3215
3272
3205
3100
3098
3071
2951
3140
3060
3080
3065
3146
3174
3137
3129
3172
3168
3292
3241
3121
3145
3305
3188
3176
3262
3374
3399
3274
3260
3303
3402
3260
3384
3354
3260
3267
3370
3395
3279
3255
3339
3224
3369
3295
3271
3401
3296
3374
3256
3352
3279
3392
3419
3403
3398
3408
3285
3316
3376
3363
3389
3352
3332
3299
3397
3269
3319
3347
3291
3247
3295
3289
3219
3237
3246
3229
3155
3124
3190
3182
2994
3093
3038
3087
3084
3160
3077
3218
3260
3206
3303
3274
3276
3244
3268
3255
3333
3299
3353
3348
3285
3283
3264
3437
3354
3336
3388
3328
3427
3306
3298
3303
3351
3327
3329
3357
3433
3441
3361
3361
3400
3390
3291
3376
3405
3391
3282
3267
3295
3285
3393
3387
3375
3326
3390
3358
3451
3433
3356
3356
3320
3356
3316
3352
3325
3353
3263
3343
3359
3279
3252
3195
3227
3212
3146
3361
3284
3323
3330
3355
3310
3325
3333
3262
3352
3365
3328
3344
3351
3407
3394
3243
3365
3289
3355
3367
3388
3379
3297
3283
3322
3353
3298
3403
3315
3297
3371
3420
3398
3288
3349
3341
3289
3332
3225
3413
3278
3275
3267
3328
3218
3310
3272
3256
3240
3292
3229
3161
3175
3289
3280
3284
3333
3373
3351
3385
3316
3335
3324
3417
3360
3496
3300
3291
3342
3314
3366
3338
3351
3325
3311
3323
3262
3292
3271
3311
3345
3373
3356
3288
3478
3355
3316
3473
3425
3336
3376
3359
3388
3328
3374
3382
3244
3305
3469
3454
3278
3332
3368
3310
3357
3224
3259
3250
3266
3361
3298
3222
3198
3213
3159
3190
3191
3176
3243
3031
3102
3063
3197
3206
3120
3126
3125
3163
3232
3317
3247
3352
3261
3340
3316
3254
3367
3386
3306
3306
3354
3394
3367
3366
3291
3395
3392
3438
3430
3335
3429
3343
3324
3292
3468
3303
3347
3288
3274
3367
3301
3253
3380
3358
3268
3311
3300
3289
3318
3379
3294
3329
3377
3250
3263
3292
3366
3294
3237
3228
3254
3208
3185
3274
3173
3171
3188
3146
3101
3126
3041
3107
3105
3039
3157
3061
3142
3204
3147
3201
3272
3253
3172
3245
3258
3343
3347
3330
3320
3349
3358
3371
3351
3432
3319
3367
3399
3291
3326
3439
3559
3298
3413
3403
3353
3342
3368
3348
3416
3378
3240
3276
3421
3397
3300
3337
3209
3403
3374
3424
3404
3356
3468
3423
3404
3344
3282
3346
3350
3373
3384
3377
3397
3422
3369
3424
3452
3353
3399
3305
3318
3438
3440
3454
3289
3426
3366
3297
3441
3434
3343
