3113
3059
3194
3118
3083
3014
3128
3128
2990
3043
3120
3122
3163
3039
3084
3031
3019
2982
2998
3068
3063
3082
3075
3064
3055
3089
3101
3031
3220
3083
3081
3005
3068
3176
3054
2922
3161
3134
3208
3105
3044
3148
3078
3063
3141
3081
3072
3058
3066
3111
3177
3036
3097
3031
3156
2990
3197
3073
3114
3046
3041
3138
3148
3082
3089
3119
3105
3109
3164
3136
3196
3028
3076
3144
3102
3033
3125
3036
3123
3045
3035
3082
3059
3037
3013
3040
3086
3005
3055
3047
3090
3016
3053
3010
3250
3107
3099
3029
3116
3153
3048
3073
3140
3161
2991
3158
3127
3031
3072
3080
3027
3070
3084
3028
3016
3010
3134
3145
3032
3104
3190
3112
3030
3061
3085
3093
3154
3178
3128
3065
3148
3049
3075
3143
3080
2983
3099
3131
3035
3083
3010
3033
3080
3102
3009
3072
3046
3094
2956
2948
3012
3047
3092
3081
3010
2984
3041
3131
3157
3007
3060
3099
3079
3132
3099
3103
3075
3145
3126
3146
3140
3099
3012
3012
3029
3124
3051
3165
3182
3138
3077
3137
3085
3032
3043
3064
3122
3041
3097
3107
3047
3101
3108
3096
3068
3043
3143
3042
3115
2970
3022
2935
3075
3082
3060
2976
3063
2996
3102
3046
3001
3042
3086
3053
3036
2984
3110
2996
2952
2992
2951
3006
2883
3053
3038
2857
3051
3016
2896
2938
3008
2885
2782
2821
2800
2731
2729
2697
2685
2658
2644
2811
2672
2675
2644
2794
2653
2729
2776
2774
2727
2688
2662
2701
2588
2635
2641
2630
2724
2771
2769
2893
2752
2915
2979
2909
2892
2972
2882
3032
2841
2983
3063
2981
2987
3054
3004
3056
3071
3157
2934
3092
3007
3047
3055
3077
3110
3034
3080
3055
3077
2943
2971
3058
3073
3190
3038
3080
3117
3129
2995
3080
3081
3005
3038
3116
3107
3135
3063
3080
3070
3044
3063
3056
3054
3118
3085
3115
3132
3054
3020
3025
3074
3108
3057
3136
3093
3123
3177
3077
3049
3187
3092
3134
3054
2999
3076
3169
3112
3154
3016
3109
2961
2945
3009
2990
3089
3098
3002
3064
3058
3151
3184
3137
3058
3123
3106
3037
3136
3048
3105
3195
3152
3114
3088
3157
3065
3154
3054
3084
3058
3169
3136
3161
3075
3220
3063
3071
3047
3109
3085
3049
3084
3174
3092
3098
3144
3090
3119
3120
2968
3094
3087
3010
3042
3054
3048
3026
3174
3075
3113
3074
3182
3058
3036
3066
3056
3014
2974
3192
3073
3176
3074
3049
2989
3024
3060
3040
2934
3027
3090
2973
2931
3126
3100
3015
3135
3095
3073
3096
3098
3155
3065
2993
3086
3047
3081
3176
3080
3152
3203
3100
3097
2962
3039
3109
3023
3047
3006
3154
3096
3107
3074
3145
3055
3034
3227
3046
3127
3141
3013
3096
3123
2928
3064
3018
3138
3159
3072
3036
3070
3048
3146
3016
3071
3066
3067
3076
3173
3040
3075
3168
3200
3052
3164
3104
3068
3138
3166
3099
3127
3100
3088
3100
3103
3047
3088
3048
3082
3093
3103
3056
3152
3127
3049
3017
3172
3132
3018
3047
3114
3196
3049
3019
3069
3000
3192
2992
3098
3059
3080
3088
3248
3097
3008
3078
3087
3044
3033
3213
3036
3109
3168
3050
3009
2977
3117
3108
3160
3115
3138
3109
3111
3026
3131
3100
3161
3090
3072
3124
3036
3125
3190
3070
2982
3056
3075
3076
3150
3126
2990
2990
3008
3060
3045
3090
3080
3097
3022
3084
3045
3061
3053
3104
3133
3167
3181
3128
3047
3100
3042
2999
3175
3154
3046
3194
3063
3147
3032
3088
3101
3100
3015
3017
3181
3097
3052
2978
3038
3001
3008
2984
2982
3045
3034
3054
3096
3090
3040
3164
2987
3107
3135
3004
3146
3083
3068
3120
3109
3031
3124
3126
3069
3050
3117
3090
3045
3055
3079
3090
3077
3087
3111
3199
3117
3091
3033
3113
3157
3069
3120
3128
3069
3086
3140
3073
3144
2999
3017
3005
3102
3207
3075
3045
3076
3076
3086
2999
3030
3081
3105
3070
3076
3053
3022
3125
3131
2971
3065
3101
3101
3079
3024
3134
3053
3082
2943
3093
2991
3095
3015
3044
3114
3107
3068
3129
3123
3000
3014
3101
3106
3156
3010
3091
3038
3087
3188
3009
3142
3112
2978
3022
3012
3065
3109
3081
3068
3081
3006
3150
3110
2999
2966
3153
3023
3093
3126
3079
3029
3004
3057
2970
3103
3016
3102
3026
3001
3135
3010
3026
3090
3162
3103
2962
3010
3079
3115
3001
3051
3036
3035
2968
2940
3113
3011
3021
3058
3034
2970
3019
2883
2883
3012
2962
2907
2812
2871
2901
2887
2806
2710
2795
2809
2662
2698
2606
2632
2695
2672
2646
2741
2668
2824
2749
2693
2702
2684
2696
2732
2757
2747
2700
2609
2714
2672
2704
2733
2737
2862
2794
2725
2815
2979
2971
3080
3033
2997
3017
3057
2966
2934
2917
3041
2929
3050
2941
2954
2982
3055
2975
3087
3113
3064
3032
3140
3039
3098
3082
3069
3090
3042
3125
3044
3060
3051
2995
3051
3020
3046
2986
3121
3057
3097
3132
3107
3121
3096
3043
3154
3061
3152
3125
3067
3166
3032
3049
3053
2968
3125
3068
3053
3060
2946
3073
3051
3099
3075
3047
3056
2982
3041
3160
3158
3185
3086
3039
3236
3053
3015
3112
3065
3018
3041
3095
2980
3047
3060
3034
3010
3021
3109
3165
3016
3086
3032
3021
2954
3058
3116
3050
3005
3111
2991
3090
3072
3000
3056
3098
3142
3098
3092
3097
3190
3045
3048
3064
3027
3110
3118
3139
3147
3083
3202
2920
3042
3070
3066
3035
2950
3080
3121
2981
3096
3128
3072
3086
3154
2982
2968
3080
3053
3090
3150
3044
3147
3092
3049
3049
3051
2962
3076
3021
2967
2954
3074
3039
3012
2993
2954
3084
3158
3090
2980
2997
3120
3135
3006
3245
3133
3133
3121
3048
3041
3106
3023
3094
3119
3148
3057
3009
3015
3021
3119
3191
3133
3023
3092
3074
3115
3064
3117
3062
3122
3145
3155
3073
3134
3130
3054
3041
3130
3140
3100
3050
3232
3164
3060
3057
3054
3098
3191
3126
3121
3155
3156
3109
3070
3167
3077
3076
2978
3045
3086
3061
3071
3074
3048
3044
3131
3201
3148
3004
3123
