3048
3088
3046
3042
3019
3155
3064
3152
3082
3033
3094
3030
3026
3060
3146
3051
2990
3159
3118
3066
3118
3150
3049
3061
3031
3160
3068
3050
3056
3079
3082
3171
3143
3147
3252
3198
3235
2972
3062
3015
3107
2989
3113
3107
3054
3031
3047
3112
3173
3072
3103
3103
3081
3110
3129
3151
2960
3118
3094
3093
2968
3116
3067
3123
3079
3136
3011
3039
3073
3006
3194
3117
3169
3083
3113
3095
2933
2958
2966
2968
3068
2959
3021
2978
3044
3027
3056
2995
3203
3075
3105
3172
3077
3126
3099
3086
3099
3065
3115
2967
3102
3134
3033
3073
3096
3140
3063
3123
2993
3147
3146
3002
3154
3041
3062
3075
3086
3130
3119
3013
3083
3066
3081
3092
3063
3171
2995
3186
3142
3138
2965
3056
3082
3052
3075
3089
3046
3054
3036
3036
3077
3211
3002
3010
3063
3025
3035
3048
3074
3089
2980
3120
2977
3092
3056
3023
3126
3056
3199
3023
3068
3051
3064
3118
3063
2953
3036
3094
2994
3008
3036
3161
3106
3065
3106
3009
3061
3111
3065
3071
3087
3029
3139
3012
2943
3039
3119
3082
3067
3149
3071
3070
3080
3035
3033
3105
3132
3098
2916
3138
3032
3109
3177
3102
3001
3040
3143
3118
3047
2990
2980
3067
2963
3002
3089
3022
2977
2947
2993
3039
2939
3014
3000
2950
3063
2996
2952
2989
2975
2943
2876
2902
2826
2811
2749
2754
2783
2755
2700
2691
2643
2619
2756
2730
2669
2762
2756
2770
2778
2755
2684
2792
2683
2649
2700
2681
2671
2781
2705
2720
2740
2778
2844
2886
2909
2819
2886
2991
2911
2970
2913
2957
2987
3028
2978
3074
3055
3100
3075
3120
3128
3013
3118
3005
3121
3006
3119
3047
3045
2998
2958
3174
3056
3160
3140
3087
3071
3192
3106
3079
3042
3175
3060
3057
3094
3099
3054
3052
3109
3088
3102
3091
3085
2996
3088
3083
3035
3023
3127
3160
3157
3133
3086
3019
3098
3095
3088
3065
2958
3011
3096
3137
3118
3086
2988
3142
3031
3089
3102
3056
3059
3065
2949
2936
3059
3091
3007
3111
3088
2979
3085
3063
3082
3121
3102
3058
3141
3095
3171
3115
3145
3060
3056
3167
3161
3085
3109
3029
3052
3137
3135
3088
3241
3106
3023
3056
2950
3174
3014
3092
3181
3085
3140
3003
3039
3052
3096
3187
3102
3051
3112
3133
3061
3136
3114
3075
3076
3067
3076
3099
3093
3148
3087
3019
3107
3095
3077
3131
3028
3125
3121
3034
3006
3067
3046
2951
2968
2964
2941
3063
3000
3070
3117
3042
3119
3075
2942
3013
3171
3079
3093
3034
3073
3015
3113
3096
3048
3016
3201
3104
3076
3087
3098
3145
3052
3072
3108
3073
3062
3114
3168
3052
3103
3205
3068
3026
3100
3040
3058
3098
3132
3028
3102
3105
3096
3107
3152
2997
3064
3086
3018
3177
3129
3151
3054
3059
3121
3111
3059
2969
3220
3014
3128
3108
3058
3005
3174
3029
3069
3059
3073
3049
3076
3016
3009
3089
3100
3083
3166
3074
3018
3053
3063
2978
3032
3040
3060
2994
3081
3100
2983
3017
3037
3080
3222
3040
3130
2994
3124
3053
3102
3052
3051
3096
3161
3098
3135
3138
2952
3092
3074
3098
3059
3131
3095
3032
3021
3160
3117
3071
3120
3128
3122
3086
3073
3141
3060
3062
2964
3080
3157
3077
3010
3018
3146
3146
3123
3083
3088
3061
3057
3089
3092
2976
3021
3150
3067
3015
3156
3050
3044
2980
3036
3172
3138
3070
3104
3037
3061
3096
2965
3042
3048
3127
3021
3018
3138
3151
3200
3126
3146
3101
3087
3152
3031
2995
3080
3024
3044
2990
3023
2950
3040
3007
2948
2966
2929
2909
3036
2963
3081
3045
3029
3011
2993
2997
3073
3177
3105
3112
2973
3099
3041
2988
3059
3152
3157
3168
3128
3149
3129
3121
3069
3061
3116
3122
3145
3028
3150
2937
3069
3134
3010
2997
3036
3015
3092
3081
3086
3065
3007
3081
3039
3058
3081
3097
3081
3003
2962
3102
3117
3089
3073
3116
3061
3091
3103
3056
3128
3081
2982
3196
3098
2952
3058
3016
3019
2993
2901
3033
3032
3083
2918
3023
3044
3094
3078
3141
3080
3049
3072
3052
3212
3172
3064
2995
3048
3127
3034
3094
3087
3117
3102
3030
3001
3038
3095
3068
3113
3051
3147
3120
3073
3138
3211
3018
3155
3077
3013
3038
3101
3099
3116
2976
3048
3034
3041
3052
3029
3074
3095
3127
3084
3004
3095
2978
2939
2930
3081
3059
2982
3076
3013
2992
2947
2986
3069
2923
3032
3004
2883
2932
2873
2910
2986
2931
2887
2851
2898
2835
2780
2728
2740
2600
2728
2614
2648
2615
2608
2716
2627
2724
2760
2664
2847
2680
2677
2742
2679
2659
2557
2704
2612
2644
2657
2745
2774
2703
2769
2786
2823
2904
2931
2948
3000
2847
3030
2968
2963
3066
2962
3065
2972
2919
3012
2935
2981
2997
3016
3044
3043
3034
3078
3048
3030
3085
2960
3051
3087
3005
3098
3142
3017
3074
3061
3076
3016
3075
3052
3063
3025
3000
3094
3087
3056
3105
3096
3011
3090
3095
3037
3017
3027
3035
3141
3013
3173
3154
3010
3191
3042
3069
3067
3052
3152
3161
3128
3076
3061
3018
2975
3032
3043
3046
3122
3151
3098
3150
3184
3061
3049
3042
3047
2961
3049
2944
2969
3002
3038
3057
3016
3129
3030
3041
3078
3001
2983
3082
3052
3089
3087
3027
3082
3031
3150
3030
3156
3117
3155
3091
3125
3122
3096
3088
3139
3022
3097
3121
3091
3074
3060
3109
3107
3071
2957
3013
3063
3171
3073
3034
3104
3144
3034
3002
3095
3023
3094
3088
3008
3057
3131
3048
3053
2969
3136
3012
3087
3112
3056
2994
3062
3031
3016
3015
3096
3071
2974
3125
3003
3204
3125
3076
2973
3054
3055
3089
3117
3077
3040
3071
3104
3079
3109
3011
3026
3132
3051
3134
3097
3162
3134
3088
3066
3114
3034
3091
3132
3096
3160
3002
3131
3046
3016
3115
3114
3022
3046
3098
3005
3179
3124
3186
2935
3139
3100
3051
3088
3117
3083
3083
3104
3141
3149
3018
3140
3132
3151
3024
3102
3123
3103
3090
3080
3104
3081
3076
3046
3070
3080
3056
3012
3037
3202
