3109
3177
3129
2963
3169
3070
3068
3016
3131
3120
2990
3086
3083
3076
3088
3091
2902
2991
3111
3165
3019
3071
3069
3208
3045
3081
3136
3037
3113
2950
3193
2949
2983
3031
3041
3013
3140
3046
3103
3063
3066
3164
3069
3112
3006
3112
3040
3167
3085
3052
3100
3094
3162
3010
3146
3199
3062
3034
3061
3181
3103
3050
3160
3077
3143
3015
3072
3098
3113
3033
3030
3062
3126
3143
3023
3041
3051
3056
3142
2966
3035
3075
2993
3127
3144
3143
3031
3189
3067
3035
3056
3090
3125
3090
3108
3086
3165
2957
3070
3169
3116
3044
3094
3062
3115
3138
3078
3103
3079
3041
3140
3073
3072
3123
3234
3054
3181
3108
3046
3187
3149
3028
3077
3050
3078
3036
3071
3056
3035
3059
3129
3056
3070
3070
3100
3077
3056
3127
3108
3172
2990
3042
3091
3030
3042
3050
3022
2975
3117
3087
3051
3078
3045
3015
3135
3016
3102
3183
3109
2968
3146
3093
3132
2998
3052
3066
3103
3195
3161
3084
3071
3113
3089
2986
3111
2941
3133
3039
3037
2950
3025
3127
3078
3089
3086
3156
3092
3142
3032
3106
3095
3058
3055
3057
2976
3178
3070
3065
3128
3030
3174
2937
3147
2997
2986
3108
3175
2934
3060
3054
2972
3028
3089
3047
3080
3126
2941
2981
3005
2958
2899
2904
2909
2928
2997
3039
2926
2962
2917
2981
2898
2919
2836
2800
2807
2730
2708
2677
2643
2597
2687
2588
2697
2725
2718
2718
2693
2790
2753
2669
2783
2727
2664
2705
2661
2587
2689
2673
2666
2795
2738
2844
2837
2822
2915
2902
2896
2952
2940
2951
2924
2903
3031
2951
2968
2976
3057
2958
3028
2963
2938
3069
2974
3089
3003
3047
3098
3017
3039
3153
3081
3071
3097
3058
3043
3001
3120
3034
2958
3017
3097
3066
3076
2988
3104
3204
2956
3113
3079
3024
3105
3046
3002
3033
3045
3128
3007
3138
3194
3132
3114
3023
3155
3041
3122
3106
2980
3085
3033
3080
3071
2989
3080
3036
3055
3024
3055
3031
3057
2958
3022
3014
3023
3073
3109
3054
2998
3084
3047
3035
3137
3045
3115
3128
3070
3031
3075
3094
3101
3092
3028
3012
3144
3057
3046
3016
3119
3078
3086
3122
3153
3059
3187
3031
3137
3105
3191
3094
3186
3082
3091
3096
3043
3082
3130
3155
3086
3041
3055
3062
2997
3161
2970
3029
3150
3109
3053
3024
3055
3142
3103
3106
2970
3098
3103
3063
3195
3114
3057
3144
3100
3098
3036
3085
3197
3033
3007
3153
2994
2997
2937
2980
2947
3131
3050
3118
3099
3018
3094
3137
3069
3103
3147
3113
3135
3155
3149
3211
3132
3035
3100
3087
3074
3096
3085
3077
3107
3060
3128
3067
3032
3143
3093
3019
3227
3144
3092
3052
3148
3053
3057
3172
3149
2995
3120
3062
3043
3090
3112
3112
3054
2994
3154
3119
3167
3052
3033
3033
3087
3039
3095
3107
3167
3150
3111
2967
3112
3114
3107
3088
3097
3041
3015
3035
3123
3152
3138
3124
3072
3043
3070
3078
3013
3150
3075
3108
3115
3155
3156
3045
3099
3057
3092
3022
3079
3036
3068
3128
3207
3109
3050
3026
3133
3150
3055
3073
3098
3094
3075
3142
3175
3041
3158
3138
3086
3066
3031
3113
3135
3034
3105
3097
3109
3157
3162
3144
3145
3065
3018
3127
3113
2996
3052
3138
3056
3035
2956
3002
3177
3141
3037
3094
3057
3090
3070
3111
3150
3063
3095
3124
3078
3133
3017
3115
3098
3178
3057
3119
3141
3058
3086
3240
3103
3135
2985
3176
3000
3134
3214
3069
3166
3026
3206
3072
3131
3093
2985
3114
3160
3082
3014
2930
2979
3036
3010
2985
3093
3046
2962
3121
3024
3023
3117
3088
3117
3057
3042
3004
3076
3061
3147
3069
3034
3060
3094
3082
2992
3097
3066
3096
3031
3086
3082
3144
3038
3033
3089
3124
3037
3068
3174
3163
3114
2964
3087
3032
3049
3158
3056
3012
3117
3026
3098
3083
3061
3015
3009
3050
3098
3038
3071
3031
3018
3054
3078
3038
3050
3134
3059
2959
3116
3175
3121
3079
3023
3135
2984
2953
3010
2996
2957
2998
2945
3163
3037
3021
3088
3083
3062
3116
3017
3161
3103
3021
3104
3122
3095
2998
3095
3082
2925
3039
3064
3028
3154
2988
2994
3045
3118
3090
3086
3122
2965
3067
3016
3090
3180
2949
3052
3050
3108
3100
3153
3107
3070
3056
3163
3044
3057
3087
3099
3014
3124
2987
3038
3017
3016
3048
3067
3047
3057
3057
2954
2952
3062
2938
3003
2944
3015
2975
3031
2997
2998
2946
2967
2949
2980
2980
2836
2900
2784
2791
2783
2702
2581
2611
2650
2673
2633
2641
2658
2608
2750
2863
2721
2666
2670
2782
2715
2544
2552
2648
2647
2643
2672
2701
2723
2864
2857
2794
2910
2954
3006
3005
2917
2976
2949
2952
3000
2907
2949
3093
2930
3000
2985
2991
2982
2909
3046
3083
2988
3111
3038
2912
3125
3101
2944
3029
3083
3019
3033
3069
2984
3077
3038
3061
3059
3046
3017
3095
3085
3082
3100
3110
3074
3146
3040
3125
3076
3100
3021
3128
3118
3047
3108
2997
3046
2991
3132
3076
3085
3047
3058
3172
3071
3045
3121
3161
3066
3082
3056
3070
3133
3016
3055
2937
3213
3043
3089
3180
3013
2967
3003
2998
2980
2994
3033
2971
3030
3067
3049
3077
3030
2991
3128
3091
3065
3137
3046
3110
3157
3018
3009
3177
3109
3201
3086
3073
3140
3117
3059
3056
3094
3083
3036
3061
3115
2999
3043
3179
3060
3037
2971
3126
3097
3048
3095
3131
3056
3047
3186
3096
3121
3061
3125
3040
3075
3033
3015
3067
3095
3072
3113
3095
3052
3099
3049
3040
3092
3027
2961
3073
3003
3025
2996
3043
3045
3080
3191
3111
3027
3107
3100
3042
3162
3127
3148
3110
3048
3187
2960
3049
3155
3103
3126
3114
3197
2994
3125
3092
3096
3139
3033
3112
3029
3141
3130
3043
3147
3118
3035
3027
3155
3037
3050
3192
3079
3068
3106
3084
3174
3124
3093
3089
3071
3115
3152
3029
3023
3122
3093
3135
3111
3023
3168
3056
3069
3080
3065
3024
3088
3088
3035
3088
3021
3119
3026
3021
3001
3105
3193
3202
3037
