3104
3115
3060
3133
3110
3108
3145
2997
2955
3123
3033
3076
3091
3145
3041
3125
3121
3085
3044
3194
3154
2994
3126
3067
3124
3047
3054
3199
3083
3064
3154
3014
3151
3056
3114
3137
3078
3075
3131
3086
3089
3129
3134
3162
2999
3114
3125
3150
3017
3036
3022
3074
3070
3114
3082
3079
3118
3034
3161
3079
3173
2967
3092
3067
3115
3089
3014
2999
3162
3013
3144
3107
3059
3051
3100
3037
2995
3098
3101
3101
3077
3011
3015
3135
3042
3071
3047
3128
3090
3065
3072
3106
3084
3061
3062
3089
3146
3156
3110
3112
3126
3120
3105
3120
3087
3125
3008
3192
3101
3145
3049
3104
3118
3136
3010
3064
2993
3067
3017
3126
3170
3198
3118
3219
3166
2983
3035
3085
3062
3086
3079
3071
3059
3090
3189
3096
3033
2985
3108
2992
3136
3163
3102
2971
2967
3023
3093
3088
3071
3000
3035
3104
3065
3051
3151
3153
3164
3021
3013
3097
2994
3088
3149
3105
3114
3015
3130
3044
3079
3083
3058
3024
3022
3031
3117
3085
3194
3131
3089
3064
3017
3096
3060
3119
3123
3256
3069
3099
3182
3066
3112
3195
3167
3136
2980
3021
2989
3127
3081
3041
3042
3129
3086
3095
3037
2967
3150
3074
3107
3121
3141
2947
3035
3122
3001
3079
3082
3036
3060
2997
2972
3009
3029
2842
2952
2990
2971
2877
2910
3002
2904
2862
2853
2803
2763
2728
2771
2620
2651
2816
2606
2653
2659
2792
2716
2745
2765
2764
2820
2731
2690
2702
2689
2638
2670
2627
2685
2708
2731
2738
2746
2832
2884
2836
2932
2934
2893
2934
2980
2988
2973
3036
2959
2983
3019
3037
2986
3037
2965
3033
2955
3014
2988
3012
3056
3064
3025
3010
3055
3022
3081
3113
3171
3062
3101
3094
3133
3023
2994
3096
3060
3047
3062
3063
3059
3091
3048
3078
3061
3150
3074
2991
3068
3176
3182
3017
3066
3042
3017
3043
3062
3039
3149
3100
2976
3000
3230
3101
3007
3079
3114
3028
3124
2994
3069
3124
3059
3092
3047
2983
2972
3098
3082
3070
2994
3045
3051
2977
3006
3134
3044
2986
3121
2984
3124
3175
3108
3071
3083
3123
2969
3071
2962
3130
3246
3191
3102
3068
3120
3078
3004
3063
3189
3162
3087
3064
3091
3120
3156
3143
3093
3100
3031
3146
3102
3189
3096
2994
3108
3056
3139
2986
2999
3037
3130
3049
3057
3053
3187
3180
3079
3103
3158
3105
3061
3061
3144
3106
3125
3082
3085
2964
3082
3119
3021
3019
3015
2981
3054
2960
3000
3125
2997
3066
2965
3074
3073
3063
3190
3056
3124
3128
3130
3145
3060
3218
3087
3014
3144
3050
3006
3044
3120
3083
2975
3203
3071
3100
3070
3086
3037
3035
3096
3188
3179
3111
3149
3050
3183
3096
3113
3048
3095
3145
3093
3128
3018
3128
3211
3036
3045
3203
3124
2995
3115
3024
3097
3114
3044
3059
3023
3116
3135
3118
3143
3090
3059
3027
3140
3203
2984
3120
3153
3003
3108
2922
3090
3048
3174
3080
3095
3145
3020
3083
3097
3090
3047
3078
3131
3091
3145
3035
3034
3084
3185
3160
3088
3093
3050
3154
3132
3072
3089
3041
3069
3233
3101
3078
3059
3077
3103
3013
3037
3046
3086
3037
3063
3092
3119
3113
3171
3059
3068
3038
3056
3029
3105
3120
3124
3130
3081
3031
3108
3095
3190
3089
3102
3119
3002
3106
3115
2988
3043
3079
3115
2992
2999
3040
3231
3130
3077
3139
3151
2941
3171
3068
3091
3092
3110
3040
3062
3095
3120
3070
3136
2995
3141
3168
3094
3094
3132
3101
3098
3050
3083
3016
3004
3044
3177
3024
3062
2976
3023
3058
2937
3033
3052
3084
2973
2990
2983
3026
3045
3075
3081
3089
2966
3089
3121
3085
3098
3129
3158
3007
3031
3021
3127
3084
3020
3052
3127
3078
3099
3064
3080
3078
3082
3151
3193
3072
3061
3103
3009
3138
3161
3032
3050
3136
3155
3091
3174
3096
3028
3076
3006
3091
3109
3039
3149
3123
3076
3030
3011
2984
3106
3108
3047
3062
3202
3147
3125
3091
3043
3090
2949
2927
2999
2914
2952
3082
2936
3035
3017
3008
3015
2994
2954
3118
3135
3031
3005
3132
3092
3067
3152
3125
3034
3028
3127
3066
3121
3081
3045
3043
3054
3048
3117
3040
3069
3094
3136
3145
3083
3060
3068
3103
2991
3053
3069
3082
3189
3128
3087
3079
3070
3005
3008
3039
3160
3055
3052
3051
3063
3029
3141
3153
2991
3150
3077
2962
3065
3100
3075
3035
3047
3016
3025
3048
3066
2915
3027
2986
2965
2938
2914
2928
2931
2902
2949
2851
2701
2734
2699
2698
2670
2613
2659
2608
2586
2674
2690
2789
2752
2771
2729
2746
2728
2683
2606
2590
2604
2716
2652
2721
2689
2656
2649
2804
2830
2873
2838
2892
2949
3022
3002
2859
3049
2970
2914
2978
3054
3007
3043
3004
2968
3062
2954
3052
3070
3089
3128
3064
3069
3145
2997
3124
3027
3038
2922
3103
3084
3115
3112
3084
2992
3025
3074
3124
2993
3054
3085
3105
3072
3170
3092
3022
3070
3133
3048
3089
3101
3217
3162
3084
3072
3074
3105
3123
3076
3071
2997
3013
3174
3070
3113
3228
3085
3030
3089
3047
3066
3054
3017
3077
3061
3041
3079
3062
3025
3032
3010
3063
2997
3080
3065
2986
3028
3068
3039
3213
3006
3021
3023
3020
3048
3058
3139
3050
2993
3097
3038
3154
3151
3121
3059
3046
3047
3140
3003
3168
3053
3153
3103
3095
3124
3111
3126
2980
3086
3095
3088
3074
3146
2985
3086
3141
3158
3194
3113
3067
3087
2996
3046
3059
3108
3077
3141
3078
3045
3049
3124
2981
3106
3147
3114
3097
3095
3051
3055
3039
3072
3011
3003
2938
3033
3108
3058
3113
3102
3120
3099
2998
3048
3064
3044
3125
3102
3103
3067
2973
3167
3170
3089
3208
3173
3094
3059
3079
3005
3025
3100
3037
3105
3146
3078
3077
3192
3080
3103
3139
3068
3156
3076
3043
3106
3064
3008
3149
3191
3032
3037
3059
3175
3128
3068
3193
3051
3105
3036
3067
3113
3121
3102
3070
2990
3152
3108
3089
3063
3101
3087
3029
3121
3128
3149
3153
3077
3124
3111
3066
2970
3034
3029
