3552
3509
3544
3545
3611
3597
3498
3480
3502
3454
3538
3450
3629
3526
3493
3366
3539
3457
3477
3620
3506
3499
3536
3579
3567
3440
3559
3425
3479
3466
3515
3508
3560
3563
3532
3487
3613
3515
3465
3491
3481
3447
3607
3577
3500
3476
3509
3415
3550
3533
3432
3583
3483
3517
3457
3567
3529
3486
3503
3398
3505
3578
3551
3484
3481
3537
3668
3523
3452
3574
3591
3562
3492
3465
3451
3409
3425
3552
3504
3399
3451
3455
3441
3376
3491
3452
3386
3426
3430
3504
3634
3420
3536
3394
3526
3459
3512
3653
3460
3460
3508
3557
3436
3516
3542
3488
3570
3410
3546
3497
3554
3546
3633
3538
3573
3594
3474
3557
3369
3494
3561
3637
3419
3553
3588
3539
3543
3577
3503
3615
3512
3477
3508
3453
3515
3402
3619
3521
3550
3511
3541
3460
3447
3499
3482
3505
3454
3432
3459
3567
3424
3563
3379
3353
3490
3494
3469
3452
3496
3458
3549
3567
3542
3584
3469
3579
3494
3518
3564
3561
3472
3634
3468
3482
3442
3449
3511
3468
3509
3501
3501
3481
3413
3593
3410
3545
3496
3533
3525
3543
3534
3500
3536
3498
3646
3445
3515
3623
3400
3529
3443
3494
3537
3482
3392
3470
3475
3517
3599
3594
3547
3490
3478
3508
3392
3432
3457
3446
3501
3491
3396
3475
3351
3451
3382
3486
3344
3303
3254
3270
3375
3344
3236
3227
3214
3074
3148
3100
3017
3069
2950
3094
3022
3080
3076
3077
3125
3186
3169
3143
3066
3139
3006
2996
3008
3067
2962
3050
3144
3020
3144
3217
3239
3379
3177
3277
3369
3363
3484
3352
3338
3396
3322
3411
3486
3415
3455
3500
3491
3434
3462
3459
3502
3470
3392
3557
3476
3394
3442
3428
3556
3566
3369
3497
3602
3646
3457
3578
3470
3534
3496
3508
3550
3474
3635
3414
3477
3479
3590
3425
3504
3549
3494
3572
3526
3541
3475
3532
3633
3492
3434
3531
3411
3533
3492
3547
3498
3526
3570
3556
3444
3530
3524
3420
3568
3552
3473
3436
3468
3506
3468
3502
3392
3508
3429
3377
3485
3369
3561
3505
3391
3463
3622
3428
3566
3570
3528
3578
3540
3514
3541
3497
3522
3526
3573
3516
3607
3526
3511
3479
3482
3548
3574
3521
3500
3566
3482
3512
3507
3461
3568
3499
3585
3461
3501
3531
3498
3469
3469
3535
3641
3538
3634
3538
3626
3610
3494
3513
3586
3561
3511
3579
3614
3445
3559
3525
3513
3581
3486
3444
3509
3473
3533
3538
3476
3442
3520
3382
3451
3409
3487
3466
3503
3503
3536
3483
3416
3509
3399
3526
3525
3524
3463
3565
3523
3473
3578
3653
3503
3566
3545
3528
3503
3616
3481
3649
3421
3530
3566
3469
3534
3432
3598
3458
3497
3464
3521
3617
3484
3568
3389
3638
3535
3601
3525
3568
3581
3520
3597
3450
3552
3401
3467
3520
3508
3509
3525
3562
3530
3611
3568
3533
3532
3564
3501
3547
3423
3560
3462
3397
3495
3517
3446
3522
3476
3467
3451
3533
3582
3447
3550
3560
3572
3498
3511
3427
3534
3540
3486
3590
3514
3475
3517
3451
3544
3468
3572
3605
3538
3485
3506
3554
3555
3610
3594
3512
3506
3632
3593
3491
3534
3506
3491
3522
3592
3573
3479
3547
3575
3518
3528
3495
3486
3450
3610
3488
3541
3446
3569
3491
3586
3577
3529
3566
3425
3523
3535
3570
3566
3513
3468
3547
3496
3521
3488
3487
3522
3535
3495
3506
3553
3533
3495
3558
3631
3600
3451
3521
3517
3464
3450
3483
3581
3522
3488
3413
3597
3468
3476
3615
3620
3510
3507
3568
3628
3626
3484
3409
3533
3355
3398
3384
3382
3475
3530
3342
3404
3548
3499
3481
3516
3515
3385
3545
3585
3578
3472
3528
3411
3557
3519
3492
3513
3554
3559
3490
3525
3487
3580
3561
3471
3437
3498
3621
3540
3493
3485
3500
3482
3614
3531
3499
3519
3515
3526
3454
3508
3583
3418
3585
3480
3449
3559
3629
3541
3560
3502
3567
3522
3494
3437
3529
3587
3582
3575
3541
3505
3499
3468
3601
3473
3496
3513
3586
3558
3470
3552
3404
3461
3509
3395
3463
3438
3310
3458
3478
3476
3435
3553
3500
3520
3510
3471
3435
3566
3476
3388
3511
3552
3448
3492
3557
3551
3578
3483
3399
3427
3526
3571
3465
3480
3455
3577
3428
3465
3478
3543
3427
3483
3504
3474
3498
3524
3579
3536
3397
3485
3548
3488
3408
3460
3504
3590
3539
3451
3559
3467
3507
3481
3475
3493
3556
3433
3504
3498
3427
3425
3430
3476
3486
3496
3446
3275
3309
3318
3296
3313
3361
3301
3235
3292
3178
3142
3047
3129
3017
2962
3105
3059
3002
3168
3090
3068
3180
3164
3051
3135
3111
3073
3131
3026
3053
3043
3011
3045
3142
3055
3043
3201
3307
3237
3250
3299
3319
3313
3342
3378
3371
3397
3448
3518
3473
3480
3385
3335
3508
3518
3471
3498
3533
3441
3481
3384
3492
3439
3426
3395
3554
3382
3563
3475
3510
3400
3450
3548
3576
3489
3467
3539
3347
3452
3462
3501
3594
3499
3454
3557
3461
3503
3444
3507
3538
3534
3512
3586
3506
3597
3586
3537
3569
3492
3554
3463
3559
3481
3519
3599
3367
3560
3551
3487
3521
3492
3427
3451
3515
3431
3415
3491
3499
3417
3413
3342
3348
3447
3414
3416
3433
3427
3509
3495
3472
3495
3511
3532
3531
3600
3555
3456
3491
3561
3493
3556
3531
3623
3566
3463
3425
3517
3633
3549
3522
3631
3519
3540
3477
3435
3515
3528
3613
3620
3515
3536
3556
3553
3563
3684
3638
3475
3387
3463
3471
3503
3467
3451
3519
3494
3437
3508
3601
3551
3494
3524
3515
3509
3494
3413
3413
3464
3483
3473
3525
3574
3290
3514
3472
3502
3449
3523
3385
3578
3549
3506
3381
3501
3570
3432
3580
3535
3555
3538
3538
3580
3422
3610
3485
3543
3464
3648
3518
3552
3555
3483
3615
3521
3492
3634
3507
3461
3452
3576
3508
3615
3586
3410
3436
3612
3513
3478
3570
3518
3543
3455
3453
3442
3615
3567
3493
3538
3621
3401
3581
3476
3660
3533
3413
3475
3526
3508
3530
3507
3462
3490
3513
3478
3505
3445
3486
3581
3495
3464
3493
3547
