3049
2981
3032
3045
3139
3023
3072
3163
3055
3115
3028
3144
3125
3193
3067
3123
3114
3116
2987
3138
3117
3087
3170
3149
3088
3152
3152
3104
3050
2979
3113
3078
3053
3037
3094
3172
3136
3102
3054
3101
3103
3046
3038
3116
3100
3064
3182
3071
3034
3027
3060
3129
3163
3091
2981
3031
3031
3156
3218
3030
3073
3061
3154
3167
3236
3161
3117
3016
3069
3125
3190
3142
3157
3071
3083
3054
3074
2987
3169
2910
3051
3010
2921
2941
3035
3095
3027
2982
3024
3160
3081
3019
3002
3076
3097
2962
3017
3095
3042
3141
3019
3113
3089
3074
3145
3039
3019
3034
3132
3061
3053
3143
3036
3019
3030
3075
3157
3032
3053
3048
3133
3035
3018
3106
3011
3102
3070
3170
3095
3098
3048
3064
3197
3075
3181
3108
3069
3122
3013
3116
3071
3093
3041
3055
3098
3015
2953
3017
3037
3093
3107
2980
3241
2967
3080
3010
3158
3129
3107
3100
3070
3123
3071
3182
3066
3101
3053
3110
3150
3131
3172
3020
3195
3016
3088
3147
3029
3100
3155
3084
3129
3075
3099
3090
3166
3111
3113
3163
3028
3128
3095
3061
3131
3023
3122
2962
3148
2958
3116
3058
3180
3013
3074
3031
3149
3096
3101
3074
2966
2964
3074
3020
3088
3096
3095
3010
2976
3103
2955
3022
3149
3039
3025
3025
2931
2928
3068
2895
2970
3079
2908
2937
2845
2829
2723
2799
2697
2658
2821
2598
2606
2705
2620
2700
2700
2756
2754
2832
2788
2774
2798
2747
2680
2634
2583
2579
2621
2695
2733
2679
2811
2722
2862
2818
2828
2869
2979
3023
2973
2817
2976
2996
3041
3056
3028
3085
2970
3044
3022
3039
3096
3113
3071
3059
3117
3101
3031
3103
3023
3025
3278
2977
2913
3134
2940
3036
2990
2935
3085
3055
3069
3130
3096
3097
3083
2973
3057
3182
3027
3101
3022
3084
3142
3021
3163
3035
2998
3069
3058
3070
2999
3068
3050
3036
3018
3097
3210
3158
3105
3059
3098
3108
3128
3058
3010
3041
3033
3019
3019
3105
3101
3093
2948
3031
3065
3127
3140
3003
3085
2997
3113
3106
3013
2927
3068
3113
3053
3049
3118
2971
3134
3161
3112
3108
3198
3061
3063
3100
3030
3121
3040
3106
2994
3164
3150
3116
3034
3084
3123
3161
3108
3198
3002
3025
3127
3185
3072
3099
3203
3185
3086
3203
3098
3126
3026
3088
3033
3081
3125
3064
3097
3027
3102
3042
3165
3042
3080
3037
3019
3114
3043
2956
3009
3048
3018
2950
3066
2955
2879
3050
2994
3058
3125
3077
3095
3059
3095
3036
3077
3056
3050
3126
3093
3115
3115
3025
2991
2925
3138
3046
3044
3151
3079
3004
3047
3040
3123
3069
3209
3100
3058
3072
3047
3151
3016
3121
3127
3175
2993
3105
3066
3059
3156
3052
3053
3048
3151
3091
3029
3097
3054
3092
3112
3065
3082
3108
2963
3101
3061
3070
3083
3093
3095
3199
3027
3155
3025
3103
3063
3143
3081
3086
3090
3140
3056
3115
3108
3171
2996
3018
2994
3148
3031
3043
3106
3047
3116
3107
3086
2981
3072
3094
3163
3096
3100
3013
3052
3109
3130
3048
3127
3131
3091
3060
3089
3056
3063
3051
3198
3044
3024
3079
3150
3153
3123
3154
3137
3073
3195
3136
3126
3093
2998
3121
3078
3050
3154
3097
3053
3010
3086
3037
2986
3096
2980
3121
3083
3101
3058
3081
3200
3017
2973
3063
3125
3135
3048
3135
3156
3098
3118
3172
3139
3035
3031
3046
3013
3126
3051
3207
3060
3172
3010
3020
3165
3083
3082
3086
3056
3146
3059
3112
3196
3075
3060
3100
3004
3073
3092
2996
3073
3075
2937
3035
2943
2913
3004
3083
3085
3089
3013
3069
3108
3119
3084
3058
3072
3064
3081
2978
3020
3059
3111
3109
3083
3047
3103
3116
3051
3027
2998
2992
3114
3031
3080
3087
3111
3063
3113
3036
2960
3077
3101
3134
3094
3136
3054
3031
3259
3105
3095
3003
3117
3049
3146
3101
2989
3049
3097
3001
3086
2949
3142
3101
3131
2966
3121
3077
3068
3074
3038
3133
2996
3134
3029
3038
3006
2944
2958
2974
3043
3013
3145
3041
3026
3012
3100
3088
3062
3078
3078
3005
3158
3130
3087
3027
3069
3002
3009
3037
3073
3019
3093
3138
3025
3171
3026
3031
3068
2987
3049
3026
3036
3082
3122
3032
3073
3055
3094
3081
3078
3053
3099
3097
3122
3181
3080
3195
3127
3112
3051
3058
3044
3139
3026
3089
3114
2982
2980
3022
3099
3108
3019
2974
2957
2902
3061
3043
3037
2933
3009
2896
2937
2931
2990
2822
2861
2877
2897
2791
2765
2757
2790
2606
2660
2562
2649
2632
2562
2621
2731
2677
2696
2747
2779
2783
2725
2661
2729
2791
2609
2614
2566
2602
2733
2766
2733
2724
2804
2925
2852
2791
2969
2957
2930
3033
3024
3023
2884
3021
2950
2947
2906
2968
2918
2974
2895
3134
3087
2988
3026
2971
3041
3110
3023
3015
3142
3099
3068
3066
3096
3053
3065
2932
3064
3021
3116
3042
3046
3018
3041
3050
2994
3117
3119
3093
3088
3101
2962
3079
3114
3050
3021
2984
3013
3148
3063
2991
3054
3133
3088
3088
3061
3045
2989
3129
3059
3072
3020
3060
2993
3053
3067
3042
3167
3002
2975
3005
3105
3130
3046
3010
2998
3045
3039
3100
3034
3065
3049
3091
3022
3118
2980
3136
2985
3031
3143
3121
3130
3149
3109
3145
3089
3167
3047
3039
3074
3022
3047
3093
3173
3020
3072
3121
3161
3033
3141
3124
3165
3143
3071
3038
3054
3103
2962
3051
3074
3108
3056
2956
2987
3033
3072
3009
3006
3145
3162
2964
3166
3103
2908
3088
3117
3014
3000
3060
2952
3015
3033
2981
3082
2932
2935
2896
2981
3079
3067
3011
2955
3071
3056
3056
2986
3025
3039
3064
3058
3111
3018
3053
3092
3107
3061
3104
3033
3052
3080
3078
3104
3172
3060
3086
3071
3134
3104
3234
3167
2986
3153
3128
2959
3138
3030
3076
3111
3138
3058
3031
3025
3092
3148
3062
3021
2936
3138
3175
3032
3042
3151
3039
3168
3088
3149
3154
3120
3115
3105
2999
3009
3107
3098
3086
3141
3007
3146
3119
3092
3102
3132
3007
3145
3076
3136
