3077
3041
3126
3089
3055
3148
3129
3169
3105
3053
3150
3079
3145
3028
3078
3004
3139
3112
3091
3035
3101
3062
3137
2974
3163
3132
3149
3183
3043
3063
2998
3119
3098
3051
3095
3005
3114
3052
3078
3114
3142
3092
2992
3075
3088
3085
3068
3154
3040
3164
3076
3115
2999
3101
3066
3087
3025
3122
3016
3011
3088
3032
3045
3088
3130
3016
3034
3063
3055
3064
3074
3064
3035
3013
3094
3015
3094
2984
2997
3070
3013
3078
3057
3095
2997
3079
3082
3160
3076
3166
3016
3198
3012
3122
2963
3106
3057
3012
2947
3075
3029
3114
3105
3139
3072
3090
3197
3132
3135
3141
3052
2999
3059
3048
3040
3110
3153
3136
3244
2975
3007
3014
3119
3090
3077
3004
3145
3119
2975
3055
3083
3073
3187
3097
3054
3173
3149
3129
3065
3074
3043
3133
3041
3010
2972
3051
2986
2973
3071
3097
3034
3052
3029
3172
3138
3052
3077
3003
3057
3041
3078
3000
3147
3097
2994
3181
3131
3123
3024
3189
3117
3037
3042
2970
3054
3058
3093
3090
3041
3134
3034
3161
3219
3151
3070
3161
3179
3057
3023
3043
3011
3058
3000
3223
3030
3099
3130
3093
3071
3062
3029
3094
3065
3056
3071
3066
3120
3025
3085
3065
3087
2962
3008
2969
3037
3044
3062
2988
2970
3035
2950
3008
2983
2903
2990
3020
3014
2989
2872
2984
2851
2828
2858
2822
2789
2816
2707
2696
2548
2600
2667
2683
2561
2694
2661
2697
2804
2686
2748
2717
2751
2726
2695
2689
2610
2596
2675
2622
2726
2796
2804
2852
2858
2844
2949
2839
3026
2992
2960
2917
3081
2896
2929
3108
2972
3000
2996
2970
2968
3098
3163
3025
3198
3071
3115
3077
3101
3117
2994
2998
3062
3099
3152
3031
3060
3095
2960
3025
3106
3023
3049
3079
3112
3050
3127
3040
3142
3217
3012
3126
3034
3179
3109
3118
3150
3072
3220
3016
3074
3112
3078
3064
3160
3215
3036
3080
3177
3108
3128
3086
3039
3045
3013
3109
3117
3153
3066
2995
3025
3060
3107
3051
2994
3069
2946
3174
3012
3054
3087
3078
3111
3148
3044
3127
3105
3093
3071
3014
3120
3075
3144
3029
3106
3024
3064
3023
3127
3079
3067
3143
2989
3111
3104
3189
3097
3072
3078
3121
3193
3059
3089
3108
3117
3018
3116
3101
3143
3097
3038
3103
3108
3105
3096
3112
3049
2986
3085
3027
3208
3037
3089
3054
3129
3093
3086
3141
3110
3109
3132
3086
3070
3093
3031
2997
3129
3047
3113
3004
2945
2956
3007
3042
3083
3170
3010
3111
3047
3043
3065
3049
3018
3101
3012
3060
3120
3112
3100
3137
3016
3047
3063
3070
3097
3068
3136
3146
3111
3075
3062
3154
3091
3131
3060
2968
3040
3221
3153
3066
3125
3046
3155
3163
3080
3114
3188
3036
3130
3073
3061
3126
3069
3115
3085
3067
3068
3113
3113
3163
3085
3017
3008
3100
3095
3099
3204
3013
3054
3108
3128
3169
3102
3060
3090
3091
3085
3016
3113
3070
3045
3083
3056
3096
3166
3040
3139
3121
3158
2990
3238
3068
3005
3131
3045
3177
3135
3051
3171
3052
3263
3108
3086
2998
3033
3082
3122
3053
3083
3049
3150
3043
3061
3063
3096
3062
3131
3093
3089
3159
3031
3007
3067
3133
3114
3180
3040
3121
3142
3105
3034
3089
3018
3114
3068
3107
3017
3071
3075
3097
3030
3100
3150
3097
3144
3041
3051
3004
3041
3019
3149
3026
3088
3087
3045
3064
3082
3057
3110
3026
3116
3063
3101
3039
3081
3116
3069
3047
3083
3032
3063
3170
3187
3125
3181
3141
2987
3028
3103
3059
2994
2972
3105
2871
3005
2912
2979
3091
2977
3039
3148
2972
3030
3091
2971
3115
2935
3041
3138
3038
3131
3029
3108
3139
3062
3129
3031
3127
3011
3128
3139
3084
3050
3005
3054
3131
3148
3036
3016
3096
3080
3152
3141
3202
3111
3092
3085
3107
3138
3148
3083
3113
3056
3029
3053
3081
3167
3118
3044
3038
3063
3102
2977
3044
3134
3140
3082
3103
3112
2963
3042
3094
3086
3074
3004
3053
3101
2995
2975
3016
3049
2972
3074
2991
3037
3008
3076
3066
3061
3069
3149
3072
3133
3074
3015
3231
3036
3066
3136
3097
3160
3021
3003
2991
3013
3079
3112
3193
3126
3208
3111
3086
3059
3052
2930
2984
3061
3018
3105
3046
3098
3043
2981
3134
3013
3012
3125
3066
2991
3072
3011
3119
3062
3028
3078
3035
3063
3103
3051
3051
3072
3026
3088
3054
3033
2965
3142
2996
3098
3017
2901
2896
2934
2944
2872
3017
3054
3002
2794
2812
2784
2902
2836
2748
2722
2675
2619
2660
2543
2604
2595
2598
2676
2750
2748
2778
2789
2686
2771
2773
2623
2671
2687
2637
2578
2613
2748
2743
2796
2799
2778
2767
2839
2885
2840
2891
2898
2883
2987
2967
3005
2986
3032
2947
2983
3107
2994
2958
2980
2920
3084
3022
3129
2961
3000
3088
3055
3008
3006
3098
3132
3023
3052
3125
3068
3168
3098
2995
2979
3099
3049
2988
3097
3057
3031
3019
3142
3038
3003
3056
2952
3081
3078
3057
3127
3215
3150
3096
3004
3041
3087
3082
3054
3144
3160
3068
3079
3026
3033
3105
3132
3145
3159
3038
3093
3120
3110
3006
3019
3064
3125
3009
3037
2982
2926
3042
3030
3026
3019
2981
3033
3074
2965
3002
3045
3053
3045
3063
3076
3012
3075
3062
3181
2992
3057
3110
3029
3049
2949
3019
3167
3117
3114
3047
3072
3147
3052
3089
3085
3121
3103
3172
3003
3042
3028
3101
3067
3088
3128
3177
3109
3087
3009
3092
3011
3123
3074
3113
3034
3118
3115
3078
2978
3035
3097
3051
3035
3064
3061
3061
3076
3007
2977
3094
2994
3085
2974
3067
3083
3100
3144
3114
3085
3044
2955
3068
3072
3143
3097
3041
3076
3113
3070
3012
3093
3105
3118
3141
3065
3054
3152
3006
3056
3193
3040
3001
3075
3080
3058
3142
3033
3122
3079
3118
3068
3140
2966
3057
3110
3149
3170
3168
3055
3035
2974
3115
3111
3073
3102
3028
3007
2977
3079
3191
3086
3050
3059
3037
3060
3104
3067
3106
3079
3120
3114
3002
3071
3085
3141
3136
3108
3088
3059
3131
3037
