3110
3101
3114
3124
3102
3125
3068
3105
3223
3081
3167
3102
3044
3207
2977
3094
3018
3151
3080
3056
2982
3047
3135
3056
3140
3193
3201
3043
3099
3123
3182
3025
3018
3113
3137
3043
3212
3119
3039
3066
3161
3084
3086
3007
3132
3111
3099
3073
3114
3155
3186
3049
3106
3126
3046
3168
3159
3114
3069
3152
3021
2989
3098
3153
3202
3069
3097
3172
3133
2972
3052
3078
3057
3065
3168
3021
3041
3047
2928
3015
3030
3022
2926
2998
3141
2981
3064
3051
3035
3073
3068
3164
3027
3166
3000
3126
3110
3110
3031
3060
3089
3078
3036
3041
3102
3145
3050
3097
3051
3180
3211
3136
3091
3100
3181
3131
3110
3036
3152
2960
3153
3116
3080
2992
3202
3033
3093
3007
3037
3104
3069
3184
3023
3057
3098
2962
3014
3073
3083
3003
3026
3071
3074
3112
3128
2869
2994
3036
3048
3082
3124
3140
3134
3101
3175
3001
3030
3075
3061
3004
3028
3166
3010
3076
3052
3034
3045
3129
3084
3040
3072
3050
3120
3082
3106
3063
3022
3112
3206
3113
3104
3066
2946
3122
3080
3128
3148
3091
3060
3139
3037
2994
3112
3102
3108
3079
3053
3207
3129
3025
3181
3023
3070
3059
3123
3134
3082
3041
2981
3084
3062
3060
3157
3012
2912
3034
3025
3041
3089
2979
3108
2978
3021
2954
2934
2969
2997
3055
2958
2908
2922
2854
2864
2854
2765
2749
2710
2585
2609
2551
2677
2599
2539
2614
2749
2732
2758
2779
2650
2676
2790
2713
2639
2641
2678
2653
2555
2582
2747
2604
2705
2756
2877
2840
2907
2843
2947
2880
2921
2999
2951
2940
2981
3008
3059
2961
2938
3071
3091
3089
3084
3141
3003
3056
3057
3028
2975
3013
2995
3070
3168
3080
3100
3034
3101
3081
3130
2944
3066
3053
3090
3132
3082
3013
3074
3112
3066
3091
3144
3131
3072
3082
3102
3046
3003
3018
3042
2990
3044
3067
3085
3074
3127
3074
3067
3127
3039
3034
3071
3027
3134
3011
3044
3160
3098
3122
3060
3037
3109
3112
3019
3153
3059
2901
3001
3029
3061
3055
3096
3063
3130
3011
3070
3137
3142
3149
3170
2981
3157
3033
3135
3051
2990
3066
3031
3023
3034
3121
3065
3102
3076
3065
3006
3086
3099
3171
3028
3198
3109
3127
3168
3069
3049
3176
3119
3157
3203
3160
3138
3062
3167
3050
3106
3077
3134
3108
3058
3097
2989
3061
3088
3164
3112
3095
3099
3155
3077
3072
3105
3046
3040
3071
3056
3011
3019
2971
3021
3036
2890
2964
3018
2983
3161
3086
3076
3035
3055
3132
3074
3151
3064
3102
3164
3165
3073
3072
2991
3053
3194
3067
3164
3161
3118
3024
3095
3134
3077
3105
2990
3150
3108
2989
3161
3011
3107
3002
3137
3092
3041
3127
3044
3065
2973
3027
3093
3140
3088
3088
3007
2971
3024
3042
3145
3174
3154
3167
3081
3136
3192
3077
3156
3070
3130
3138
3058
3159
2986
3073
3007
3155
3020
3101
3122
3045
3093
3100
3045
3054
3126
3072
3075
3061
3059
3143
3146
3198
3163
3133
3109
3129
3105
3016
3101
3087
3121
3173
3148
3148
3205
3046
3175
3119
3056
3075
3039
3068
3110
3017
3081
2955
3075
3094
3085
3094
3039
3030
3047
3019
3109
3143
3124
3118
3054
3004
3114
3054
3004
3080
3087
3018
3120
3186
3071
3116
3097
3080
3021
2981
3064
3078
3039
3132
3059
3151
3104
3100
3060
3157
3118
3097
3041
3180
3081
3103
3177
3102
3129
3145
3036
3140
3075
3078
3119
3074
3043
3049
2982
3113
3114
3091
3122
3103
3072
3078
3131
3074
3074
3126
3097
3008
2936
2953
3099
2940
3029
3157
3143
2981
3003
3033
3017
3106
3067
3109
3064
3168
3027
3079
3189
3067
3136
3034
3028
3086
3110
3108
2994
3128
3064
2991
3080
3013
3246
3055
3111
3085
3127
3181
3110
3102
3105
3052
3159
3146
3024
3135
3164
3059
3069
3096
3109
3068
3034
3043
3081
3150
3058
3062
3024
3053
3063
3035
3055
3023
3113
3048
3100
3025
3006
3131
3068
3009
3102
3053
3039
3138
3051
2996
2998
2962
3030
2900
3066
3051
3076
3059
3098
3019
3183
3051
3143
3138
2973
3088
3073
3100
3113
3051
3080
3063
3112
3059
3175
3080
3054
2973
3027
3095
3120
3087
3181
3161
3054
3021
3158
3035
3034
3113
3136
3161
3094
2971
3094
3067
3078
3089
3036
2918
3028
3113
3029
2977
3085
3111
3070
3044
3056
3038
3098
2901
2954
3062
3046
3150
3057
2924
2993
2941
2919
2942
2971
2935
2954
2932
2848
2988
2890
2945
2851
2818
2823
2688
2727
2675
2624
2733
2606
2724
2621
2645
2601
2662
2772
2779
2639
2738
2723
2687
2703
2687
2615
2625
2665
2591
2732
2674
2693
2877
2791
2865
2887
2901
2961
2968
2936
3065
2945
2991
2968
2969
2909
3036
3008
2923
2933
3050
3008
2857
3048
3108
3011
3160
3077
2946
2994
3020
3140
3039
3014
3060
3048
3060
2998
2976
3064
3076
3136
3091
3138
3046
3105
3002
3038
3112
3035
3014
3155
3059
3060
2971
3047
3154
3072
3077
3119
3035
3066
3067
3045
3065
3130
3043
3006
3044
3080
3082
3172
3067
3010
3042
3037
3145
3071
3123
3094
2989
3047
2982
3092
2988
3046
3091
3051
3071
3023
3104
2974
2998
2996
2965
3060
3047
3046
2981
3115
3161
3077
2979
3081
2999
3049
3053
3102
3187
3080
3022
3174
3180
3105
3051
3068
3024
3138
3088
3055
3108
3092
3082
3051
3173
3100
3117
3055
3138
3009
3135
3156
3083
3158
3054
3062
3028
3136
3117
3133
3072
3075
3129
2997
3036
3091
3064
3033
3109
3129
3102
3005
2983
3006
3057
3005
2991
2942
2924
2958
3056
3156
3149
3092
3005
3098
3189
3064
3065
3124
3065
3003
3086
2957
3022
3193
3183
3025
3214
2982
3067
3048
3098
3008
3029
3038
3099
3112
3074
3087
3104
3171
3112
2961
3092
3043
2912
3086
3113
3079
3065
3109
3156
3064
3136
3111
3101
3085
3104
3146
3002
3221
3155
3112
3055
3019
3135
3036
3038
3148
3092
3030
3059
3107
3140
3013
3150
3106
3120
3215
3009
3141
3053
3088
3039
3077
3128
3106
