3064
3036
2986
3166
3068
3066
3010
3151
3129
3135
3031
2988
3077
3020
3124
3040
3110
3095
3050
3083
3099
3132
3194
3206
3187
3037
3207
3046
2989
3102
3139
2989
3126
3068
3188
3199
3077
3101
3092
3107
3146
3007
3040
3185
3047
3092
3126
3073
3111
3037
3133
3090
3223
2963
3090
2997
3121
3110
3119
3083
3071
3087
3104
3151
3072
3075
3110
3138
3166
3045
3036
3120
3062
2997
3082
3060
3039
2981
3043
3059
2985
3041
3121
2999
3018
3051
2999
3075
3152
3053
3025
3092
3068
3168
3140
3046
3173
3070
3101
3188
3106
3110
3091
3105
3160
3122
3051
3057
3050
2992
3043
3159
3111
3073
3127
3056
3172
3163
3104
3087
3159
3100
3027
3175
3076
3018
3159
2985
3058
3131
3081
3085
3144
3108
2954
3022
3040
3028
3102
3115
3072
3016
3118
3096
3120
3038
3058
3077
3015
3075
3136
3038
3086
3175
3166
3048
3048
3095
3106
3063
3116
3121
3035
3105
3103
3088
3104
3152
3048
3126
3193
3069
3175
3025
3107
3113
2949
3100
3133
3030
3097
3013
3123
3058
3066
3019
3074
3090
3106
3056
3104
3124
2974
3037
3160
3112
3079
3157
3112
3073
3118
3179
3087
3006
3020
3148
3164
3051
3145
3159
3041
3061
3208
3046
3023
3164
3104
2980
3032
3025
2995
3047
3040
3140
3089
3086
2921
2925
2951
2953
2882
2809
2902
2727
2851
2813
2737
2688
2621
2660
2618
2668
2585
2629
2685
2683
2771
2792
2802
2687
2732
2675
2707
2570
2625
2679
2537
2638
2722
2786
2667
2846
2767
2928
2863
3024
2971
2917
3052
3040
2938
3003
3053
2985
3018
2936
3100
3028
3089
3003
3025
3062
3049
3204
3103
3050
3079
3138
3143
3124
3076
2947
3103
3105
3086
3065
3048
3101
3075
3065
3007
3157
3116
3111
2968
3107
3096
3166
3022
3150
3026
3027
3204
3110
3078
3128
3033
3134
3065
3195
3090
3067
3091
3150
3116
3076
3073
3065
3005
3046
3125
3082
3074
3005
3004
3056
3057
3073
3083
3026
3031
2962
3025
2996
3115
3160
2964
3028
2955
3070
3090
3084
3058
3105
3202
3077
3011
3177
3205
3095
3022
3095
3132
3048
3088
3011
3075
3087
3099
2991
3111
3077
3115
3153
3044
3086
3143
3162
3164
3081
3214
3138
3075
3058
3174
3111
3119
3025
3064
3074
2966
3087
3068
3091
3138
3125
3134
3096
3096
3163
3073
3117
3055
3069
3088
3094
3154
3154
3048
3004
3134
3079
3051
3080
2967
3026
2989
3063
3086
3061
2995
3061
3076
3147
3112
3058
3075
3029
3057
3086
3123
3159
3146
3091
3136
3129
3083
3074
3117
3095
3095
3100
2974
3077
3105
3103
3153
3169
3138
3105
3097
3083
3139
3049
3109
3066
3055
3130
3073
3047
3183
3123
3145
3038
3140
3068
3081
3068
3171
3022
3170
3066
3025
3013
3073
3083
3095
3113
3027
3208
3086
3137
3233
3014
3141
3087
3112
3144
3141
3034
3030
3049
3012
3131
3162
3145
3197
3015
3163
3027
3052
3060
3006
3188
3115
3096
3127
3165
3020
3087
3044
3076
3174
2987
3158
3120
3092
3128
3085
3041
3114
3136
3171
3129
3099
3093
3093
3148
3094
3070
3072
3038
3004
3083
2991
3138
3040
3175
3060
3060
3056
3166
3063
3055
3073
3142
3148
2943
3092
3089
3148
3179
3144
3093
3095
3226
3143
3078
3025
3030
2989
2980
3153
3158
3014
3124
3173
3114
3026
3141
3049
2966
3141
3096
3066
2981
3147
3094
3041
3060
3152
3097
3134
3072
3085
3011
3178
3076
3140
3040
3093
3138
3164
3015
3173
3113
3158
3067
2987
3001
2987
2974
3075
2990
3044
3020
3124
3101
3080
3030
3031
3108
3029
3009
3054
3067
3001
3079
3132
3111
3133
3083
3125
3104
3095
3084
3086
3039
3027
3146
3131
3068
3029
3109
3156
3090
3027
3135
3153
3096
3111
3076
3029
3040
3037
3179
2939
3088
3059
3058
3018
3199
3059
3167
3017
3207
3152
3139
3107
3144
3111
3060
3063
3135
3099
3149
3087
3068
3189
3081
3091
3030
3157
3065
3108
3061
3013
3124
3048
2998
2976
3083
3111
3116
3088
3034
3035
3084
3041
3063
3057
3032
3110
3129
3067
3074
3166
3226
3113
3145
2991
3046
3116
3115
3040
2984
3053
3029
3098
3151
3170
3111
3064
3111
3082
3171
3166
3234
3089
3027
3002
3081
3117
3092
3067
3094
3003
3110
3025
3129
3095
3031
3055
3081
3120
3029
3259
2928
3003
3026
3034
3052
2998
3024
3069
3059
3028
2940
3008
2950
2968
2939
2978
2961
2995
2908
2996
2935
2866
2843
2814
2821
2673
2681
2649
2657
2575
2520
2624
2675
2612
2685
2774
2808
2731
2793
2670
2724
2715
2613
2636
2587
2564
2545
2647
2746
2736
2718
2788
2832
2799
2865
2880
3014
2999
2986
2953
2953
3040
2997
2945
2951
2959
2953
3017
3088
3086
2994
3107
3032
3054
3049
3019
3058
3029
3058
3078
3018
3090
3013
3057
2960
3125
3073
3099
3033
3084
3074
3144
3021
2973
3085
3157
3091
3063
3041
2983
3103
3041
3118
3066
3118
3055
3119
3096
3113
3067
3197
3159
3118
2998
3187
3088
3041
3128
3067
3145
3199
3114
3070
3012
3121
3112
3169
3014
3020
2968
3114
3124
3084
3050
2970
3069
2981
3075
3015
3088
2987
3044
3030
3058
3060
3025
3028
3030
3134
3145
3097
3190
3009
3143
3010
3016
3069
2984
3077
3113
3014
3165
3132
3036
2995
3069
3125
2971
3052
3105
3079
2993
3094
3096
3142
3125
3085
3026
3153
3117
3060
3131
3049
3113
3065
3124
3005
3065
3060
3002
3149
3027
2978
3199
2977
3050
2999
3012
3007
3148
3018
3005
3088
3027
2973
3029
3020
3021
3054
3081
3102
3090
3209
3119
3005
3167
3096
3009
3122
3150
3018
3143
3139
3113
3017
3120
3028
3028
3116
3116
3042
3109
3105
3039
3202
3069
3004
3021
3016
3035
3140
3058
3093
3117
3052
3016
3071
3162
3137
3108
2980
3093
3098
3095
3111
3145
3029
3055
2970
3070
3076
3211
3122
3036
3044
3064
2936
3116
3134
3102
3168
3108
3080
3165
3086
3081
3125
3054
3194
2988
3081
3090
3193
3090
3186
3227
