22925
22849
22765
22960
23129
22770
23142
22770
22654
22934
22546
23013
22816
23073
23052
22842
22947
22975
22957
22893
23223
23230
23055
23009
22905
23040
23045
23080
22709
23307
23017
22859
22873
22882
22994
22762
22668
23115
22908
22932
22914
22813
22811
22930
22905
23041
23016
23087
22919
22954
23359
22949
22917
22843
22709
22908
22921
23165
23063
23191
23070
23283
22945
23040
23168
22786
23061
23016
22790
23034
22974
22689
22936
22937
22798
22855
22992
22948
23010
22768
22932
23150
22767
22827
22960
22959
22941
23210
22675
22592
22964
23123
22968
22685
23033
22830
22758
23256
22891
22962
22871
23029
23142
22804
23059
22749
22892
22766
23207
22882
22962
22842
22887
22797
22886
22985
23003
23008
22674
22805
23078
23095
22772
22846
22828
22876
23068
23037
22680
22885
22828
22831
23010
22883
23107
23227
22907
22982
22874
22782
22948
23139
23040
22857
22993
22885
22895
22771
22935
22928
22824
22882
23147
22974
22727
22941
22825
22947
23010
23018
22539
22898
22842
22818
22947
22954
22831
22954
22889
22815
22760
22854
22601
22827
22822
22693
22672
22765
22752
22862
22842
22844
22889
22885
22732
22902
22829
22716
22505
22571
22894
23061
22572
22735
22645
22649
22485
22854
22565
22676
22620
22616
22912
22557
22445
22702
22545
22286
22429
22509
22348
22590
22372
22349
22149
22155
21979
21979
22152
21904
21732
21537
21577
20954
21055
20777
20606
20101
19895
19286
19135
18165
17365
16608
16081
15346
14790
14411
14159
13688
13882
13870
13980
14655
15281
15900
16362
16667
16616
16176
15968
15099
14278
14309
13764
13771
13848
13993
14447
15146
15574
16032
16905
17638
18369
18775
19280
19860
20168
20799
20875
21070
21380
21802
21580
21816
21945
22027
22064
21981
22227
22284
22012
22526
22534
22179
22502
22629
22626
22637
22558
22499
22575
22532
22549
22811
22562
22763
22611
22631
22880
22640
22713
22717
22620
22859
22686
22486
22712
22938
23182
22634
22911
22697
22928
22866
23050
22876
22731
22622
22716
22755
22914
22752
23004
22975
22684
23038
22988
22888
22903
22695
22833
23030
22715
23025
22739
23010
22872
22710
22939
22635
22693
22909
22747
22753
23202
22833
23049
22792
23209
22721
22982
23139
22480
23106
22817
22908
22820
22766
23138
23309
22817
22895
22799
22696
23043
23006
22949
22836
22827
23049
23153
22916
22922
22992
22943
22969
22886
23066
23039
22720
22855
22814
22935
22916
22985
23288
23130
23063
23138
23007
22938
22810
22940
22888
23060
22927
22706
22998
23058
23096
22858
23026
22926
22819
22831
23004
23148
22727
22861
23159
22995
22890
23102
22748
23068
22900
23091
22861
23262
22714
22932
23068
22980
23170
23110
23070
23010
22825
22978
22809
22854
23034
23047
23221
22599
22779
22977
22802
22866
23242
23192
23084
22977
22636
23075
23151
22817
23055
22926
22856
22862
23259
22936
22912
23046
22887
22954
22836
22955
22924
23053
22810
23212
22807
23143
22828
22883
23344
22912
22907
22865
22925
23148
22715
23082
23017
22751
23001
22845
23045
22980
22956
23061
22974
22955
22783
23287
22913
23145
23386
23126
23215
22980
22938
22991
23101
22959
22939
22955
22857
22783
22889
23135
22855
22948
23105
22814
23059
23027
23016
23200
22776
22838
22980
22807
22988
23026
23350
22984
22870
22999
23018
22970
22879
22681
22881
22764
22816
22890
22863
22758
22854
22869
22998
23014
23073
22753
23171
22948
22794
23095
22903
22987
22853
22968
22852
23115
23053
23000
22856
23004
22840
23226
22959
23033
22753
23006
22983
22688
22694
22968
22908
22813
22903
22825
23004
23105
22994
23051
22932
22943
23035
22791
23115
22965
22871
22882
22775
22801
23149
22988
22925
22745
23098
23022
22995
22959
22951
22852
22940
23073
22999
22883
22985
23030
22788
22734
23159
23071
22713
22994
22958
22811
22988
22888
22846
23032
22737
22828
23029
23157
22532
23017
22910
22969
23134
22962
22887
22807
22780
23110
22754
22866
22767
23144
22883
23011
22741
22953
22900
22956
22857
23281
23018
22896
22938
22905
22766
23251
22803
23076
23077
23007
22569
22644
22656
22714
23032
22937
23074
22864
22913
22845
22754
23227
22880
22956
22758
23051
22951
23120
22854
22854
22814
22835
22724
22948
22867
23066
22970
22663
22641
22715
22779
22935
22674
22752
22776
22681
22767
22955
22835
22631
22907
22894
22785
22887
22677
22654
23106
22699
22646
22707
22875
22673
22643
22902
22926
22941
22961
22590
22911
22498
22732
22577
22680
22679
22680
22828
22731
22677
22690
22930
22808
22637
22759
22899
22600
22623
22680
22572
22608
22713
22335
22353
22537
22344
22196
22615
22311
22293
22264
22505
22247
22392
22397
22176
22316
22289
21930
22012
21835
22174
21977
21810
21687
21684
21590
20886
21402
20759
20217
20170
19691
19007
18420
17892
17312
16535
15749
15215
14605
14139
13755
13921
13801
13882
14155
14656
15513
15946
16162
16472
16525
15987
15599
14887
14396
14035
13749
13835
14009
14470
14692
14849
15959
16557
16989
17770
18300
19139
19549
19914
20232
20595
20915
21068
21376
21642
21811
21818
22042
21939
21733
22146
22164
22214
22377
22192
22344
22590
22303
22533
22460
22233
22422
22483
22418
22550
22774
22562
22464
22411
22458
22490
22667
22747
22796
22822
22794
22428
22702
22658
22743
22853
22472
22666
22707
22706
22718
22950
22438
22656
22694
22774
22962
23007
22471
22519
22695
23033
22658
22752
22664
22541
22717
22680
22917
22848
23174
22742
22416
22844
22765
22720
22832
22549
22921
22951
22856
22960
22834
22531
22559
22767
22757
22626
22701
22808
22751
22686
22972
23009
22521
23082
22795
22776
22771
22932
22938
22876
23149
23087
22731
22933
22880
22671
22796
22952
22555
22763
22742
23073
23288
22832
23041
22951
23299
22993
22868
22893
22906
23327
23344
22879
23031
22891
22613
22794
23004
23186
22868
23031
22729
23061
22948
23101
22794
22714
22844
22781
22718
22783
23098
22819
22759
22877
22928
22992
23030
22992
23027
22877
22722
23061
22977
22580
22942
22815
22901
22948
22695
22839
22753
23133
23081
22746
22837
22556
23076
23009
22768
23037
22824
22857
22743
23105
22751
23087
22943
22693
22880
22814
22940
22942
22764
22784
22877
22920
23034
23096
22931
23010
22943
22994
22907
22862
22958
23185
23074
23057
22980
23044
22889
22843
22988
22719
23128
22743
22998
22796
23283
22955
22717
22824
22978
23030
23053
22737
22972
22642
23011
22823
23005
22787
22700
23189
22955
22696
23042
22811
