22123
22421
22104
22020
21949
22282
22295
22131
22096
22442
22090
22401
22206
22320
22006
22165
22311
22333
22282
22197
22253
22289
22351
21973
22146
22032
22288
22430
22456
22405
22127
22297
22374
22362
22234
22351
22311
22331
22281
22364
21924
22434
22201
22453
22061
22067
22234
22345
22313
22516
22225
22325
22188
22143
22154
22400
22207
22269
22100
22045
22389
22501
22402
22385
22186
22264
21888
22281
22395
22362
22417
22342
22056
22299
22120
22302
22203
22220
22159
22097
22405
22205
21877
22130
22397
22063
22402
22137
22133
22202
21977
22326
22177
22257
22182
22310
22051
22340
22281
22360
22016
22329
22322
22220
22116
22116
22376
22234
22419
22392
22236
22084
21822
22268
22162
22273
22256
22179
22251
22204
22236
22213
22311
22225
22122
22097
22145
22262
22027
22107
22189
22293
22034
22267
22226
22173
22012
22081
22123
22161
21985
22046
22131
22004
21956
22249
22328
22063
22299
22388
22319
22049
22241
22171
22390
22243
22135
22091
22096
22109
22159
21831
22296
22184
22158
22206
22194
22112
22280
22176
22025
21969
22036
22109
22112
22067
21879
22105
22073
22000
22042
22242
21891
22142
22044
22057
22381
22150
21864
22127
21828
21998
22012
22152
22178
21993
21782
21975
21909
21854
21732
21894
21890
22051
21797
21572
21718
21700
21806
21813
21607
21825
21431
21565
21431
21526
21433
21368
21040
21051
21059
20976
21062
20582
20572
20222
20052
19711
19239
18898
18104
17665
17032
16447
15573
14808
14539
14152
13554
13633
13636
13518
13705
14134
14940
15480
15973
16179
16088
15747
15253
14512
14141
13838
13541
13478
13488
13654
14166
14717
15110
15659
16368
17244
17891
18357
18780
19159
19670
20029
19873
20833
20579
20690
21077
21158
21120
21067
21203
21351
21599
21644
21464
21590
21713
21876
21789
21746
21772
21781
21550
21946
21779
22010
21557
21711
21954
21855
21570
22139
22230
21818
21996
22064
21963
21904
22190
21900
21951
21933
21883
22047
21903
21748
22030
21851
21946
22272
22091
21994
22229
22160
22039
22051
22046
21998
22157
22034
21937
22245
22213
22163
21792
22249
22282
22296
22324
22002
22142
21973
22289
22499
22124
22250
22141
22230
21828
22139
21722
22000
22267
22354
22000
22102
21975
22041
22420
22505
22288
21937
22054
22575
22153
21913
22150
21969
22439
21750
22241
22359
21952
22097
22241
22242
22178
22415
22456
22381
22294
22315
22486
22040
22009
22145
22178
22021
22316
22178
22502
22142
22254
22341
22072
22243
21999
21973
22212
22225
22168
21987
22189
22210
22173
22265
22197
22269
21937
22059
22331
22034
22138
22199
22147
22524
22315
22042
22261
22488
22175
22355
22170
22490
22340
22313
22288
22145
22094
22230
22106
22232
22508
22191
22318
22725
22412
22164
22195
22275
22124
22186
22194
22513
22079
22170
22374
22378
22369
22243
22336
22329
22320
22257
21960
22258
22142
22200
22252
22143
22185
22271
22178
22258
22409
22296
22265
22236
22059
22120
22164
22194
22149
22275
22070
22475
22125
22158
22088
22024
22318
22116
22211
22479
22136
22233
22057
22321
22382
22423
22142
22122
22288
22159
22255
22380
22177
22071
22065
21994
22261
22143
22253
22363
22008
22243
22523
22229
22557
22082
22266
22168
22033
22071
22201
22133
22290
22130
22175
22186
22139
22257
22296
22143
22270
22219
22114
21874
22409
22290
22328
22006
22269
22186
22268
21816
22183
22154
22169
22344
22311
21962
22154
22173
22186
22308
22473
22095
22264
22333
22245
22152
22225
22461
21794
22289
22169
22150
22094
22354
21984
22389
22135
22307
22132
21889
22373
22279
22302
22112
22342
22360
22084
22104
22264
22056
22308
22262
22252
22265
22208
22070
22109
22323
22185
22107
22536
22161
22226
22101
22072
22119
22230
21983
22335
22163
22330
22436
22268
21776
22350
22482
22187
22401
22077
22432
22152
22124
22016
22044
22135
21970
22109
21944
22280
22239
22287
22038
22147
22261
22354
22172
22222
22081
22148
22189
22325
22211
22077
22375
22129
22119
22063
21995
22190
21952
22103
22090
22189
22197
21992
22237
22434
22373
22129
22172
22322
22094
22171
22338
21991
21726
22235
21716
21993
22203
22149
22456
22142
22343
22411
22578
22204
22092
22129
22117
22146
22309
22248
22077
22009
22117
22322
22035
22336
22128
22068
22159
22129
22122
22136
21958
22103
22034
22018
22126
22206
21896
21999
21788
22010
21934
22020
22151
22245
22255
21843
22294
22484
21949
22152
22192
22113
22021
22150
22187
22097
22089
21894
21916
21992
21944
22090
21910
22115
22208
21835
22084
22012
21833
21775
22155
21926
21836
21797
22036
21897
21651
21682
21804
21671
21921
21768
21590
21733
21895
21830
21609
21791
21780
21385
21510
21456
21365
21404
21554
21135
21200
21228
21037
20974
20683
20396
20446
20069
19891
19333
18989
18510
17859
17172
16402
15790
15518
14941
14377
13892
13742
13724
13299
13686
13910
14480
14879
15527
15960
16133
16101
15433
15100
14526
13910
13815
13617
13305
13456
13690
14076
14845
15207
15922
16529
17293
17688
18538
18642
19468
19750
19891
20304
20518
20627
20904
20700
20946
21123
21133
21245
21338
21401
21362
21374
21624
21542
21396
21747
21581
21520
21823
21699
21930
21876
21719
21559
21939
21750
21823
22004
21883
21975
21680
21778
21847
22038
22105
21944
22056
21921
21928
21920
22019
21930
22083
21927
21987
22009
22113
21888
22528
22161
22116
22282
22056
22245
22063
21940
22016
22070
22361
21945
22050
22243
22003
22181
21927
22274
22271
22415
22263
22213
22036
22279
22194
21886
21935
22107
22259
21926
22242
22245
22004
22320
22012
22276
22276
22289
21934
22566
22062
22077
22083
22215
22493
22313
21972
21969
22383
21995
21910
21988
21946
22077
22328
21994
21987
22189
22020
22283
22098
22180
22200
22316
21935
22048
22176
22051
22022
21942
22382
22066
21978
22160
22206
21897
21896
22121
22155
22182
22080
22286
22017
22276
22284
22168
22296
22263
21865
22263
21924
22227
22236
22057
21909
22233
22498
22388
22208
22548
22230
22242
22181
22225
21992
21992
22445
22173
22344
22021
22297
21963
22036
21994
22188
22193
21982
22218
22169
21913
22149
22606
22350
22240
22242
21995
22218
22096
22335
22001
22038
22280
22075
22185
21882
22054
22248
22199
22195
22292
22325
22150
22314
22167
22339
22397
22115
22025
22396
22103
22239
22391
22113
22085
22412
22308
22259
22014
22250
22317
22005
21969
22211
22107
22351
22374
21992
22162
22412
22298
22239
22361
22077
22025
22275
22395
22016
