22398
22562
22202
22411
22419
22434
22381
22434
22630
22210
22192
22540
22365
22358
22503
22192
22212
22275
22196
22310
22322
22584
22354
22320
22487
22192
22431
22410
22468
22437
22598
22429
22460
22262
22477
22483
22112
22330
22523
22347
22164
22404
22100
22509
22278
22535
22489
22561
22245
22147
22532
22473
22405
22430
22475
22419
22496
22255
22550
22151
22333
22314
22465
22455
22253
22189
22358
22382
22707
22676
22194
22478
22323
22564
22197
22473
22483
22313
22562
22560
22274
22437
22320
22297
22190
22296
22584
22230
22054
22229
22329
22288
21977
22217
22657
22484
22233
22390
22252
22409
22395
22413
22429
22353
22421
22341
22141
22223
22527
22393
22434
22347
22583
22403
22417
22347
22436
22238
22386
22643
22595
22409
22273
22364
22626
22135
22240
22080
22132
22385
22243
22398
22413
22157
22236
22512
22493
22484
22267
22407
22079
22286
22277
22161
22585
22376
22275
22259
22232
22104
22480
22458
22303
22499
22431
22581
22393
22264
22169
22045
22534
22547
22454
22394
22199
22309
22349
22208
22285
22404
22141
22197
22304
22144
22223
22451
22554
22377
22191
22438
22200
22313
22456
22016
22106
22060
22323
22241
22512
22170
21917
22161
22365
22050
22222
21683
21987
21926
21979
22233
21899
22222
21712
21763
21867
22299
21891
21905
21996
21815
21982
21922
21988
21670
21602
21619
21700
21473
21172
21443
21193
21151
20787
20930
20681
20244
20004
19597
19415
18884
18311
18130
17303
16521
15967
15427
14676
14192
13818
13538
13577
13648
13980
14557
14951
15588
15900
16026
16178
16224
15488
14885
14504
13845
13502
13387
13451
13712
14092
14520
15156
15817
16427
17123
17544
18422
18828
19367
19740
20118
20573
20630
20762
21024
20952
21173
21695
21405
21387
21457
21298
21768
21468
21794
21858
21705
21587
21902
21980
21968
22118
21712
22019
21804
22001
22038
21944
22155
22194
22231
22092
22180
22221
22106
22129
22037
22178
22015
22065
22310
22153
22118
22093
22113
22118
22274
22290
22425
22400
22304
22139
22539
22100
22450
22431
22317
22253
22381
22265
22307
22289
22204
22410
22353
22178
22093
22387
22424
22279
21983
22177
22545
22354
22370
22333
22364
22207
22245
22211
22277
22162
22459
22296
22309
21934
22245
22238
22493
22686
22301
22369
22314
22466
21999
22318
22099
22178
22155
22244
22128
22196
22231
22397
22434
22305
22198
22411
22437
22317
22171
22453
22370
22261
22509
22312
22581
22130
22363
22437
22355
22450
22285
22556
22317
22428
22410
22467
22269
22577
22297
22398
22194
22214
22432
22279
22122
22324
22171
22290
22281
22540
22269
22097
22342
22344
22392
22221
22521
22181
22342
22167
21887
22166
22764
22315
22372
22366
22142
22269
22194
22469
22466
22258
22267
22419
22228
22357
22412
22188
22332
22223
22442
22523
22508
22460
22542
22590
22311
22272
22385
22440
22313
22445
22516
22384
22526
22403
22384
22397
22661
22551
22253
22536
22264
22655
22299
22350
22189
22728
22042
22582
22218
22548
22232
22457
22247
22401
22225
22358
22353
22722
22689
22245
22439
22284
22352
22667
22491
22093
22182
22310
22539
22208
22181
22178
22515
22376
22356
22240
22479
22239
22291
22180
22509
22562
22222
22333
22365
22489
22285
22120
22440
22308
22492
22459
22395
22377
22188
22493
22173
22216
22470
22278
22324
22213
22271
22144
22321
22262
22316
22290
22434
22425
22560
22465
22327
22498
22398
22421
22267
22293
22218
22480
22482
22382
22270
22229
22350
22454
22315
22765
22415
22204
22373
22456
22469
22315
22463
22466
22483
22389
22556
22085
22459
22247
22422
22363
22271
22290
22579
22580
22244
22245
22213
22453
22351
22463
21910
22146
22510
22313
22186
22371
22339
22347
22517
22538
22486
22148
22393
22144
22427
22187
22368
22341
22455
22395
22600
22267
22263
22166
22329
22412
22326
22259
22240
22471
22353
22318
22366
22502
22326
22329
22391
22340
22385
22087
22047
22313
22412
22428
22617
22298
22308
22321
22216
22203
22262
22226
22322
22418
22406
22470
22307
22324
22154
22557
22126
21988
22246
22236
22103
22116
22278
22105
22277
22278
22323
22263
22096
22305
22497
22374
22198
22297
22547
22081
22198
22422
22335
22234
22184
22191
22308
22226
22229
22185
22302
22396
22472
22124
22251
22263
22322
22479
22049
22381
22449
21949
22379
22545
22094
22140
22122
22054
22040
22389
22427
22020
22106
21724
21872
22314
22149
22338
21841
22218
22422
22461
21960
22044
22374
22182
22030
21956
22288
22022
21890
22331
21978
22080
21843
22280
21829
21958
22238
22281
21960
22272
22143
21754
22094
22094
21994
21913
22030
22090
22022
21960
21709
21968
21570
21959
21714
21960
21690
21432
21612
21565
21639
21581
21536
21552
21188
21368
21207
21081
21161
21193
21157
20543
20334
20200
19844
19338
19265
18508
18136
17358
16937
16127
15459
14791
14481
13922
13490
13551
13497
13851
13923
14554
15046
15699
16018
16068
16012
15508
15276
14694
14164
13682
13439
13287
13755
14219
14405
14932
15689
16055
16912
17631
18168
18796
19005
19886
20038
19865
20294
20620
20948
20919
21225
21185
21316
21193
21234
21333
21403
21707
21445
21566
21690
21986
21800
21599
21687
21543
22222
21862
21496
21875
21790
21980
22096
21961
21986
22052
22045
22143
22006
22002
21921
21895
21907
22121
21752
21776
22118
22233
22369
21908
22149
22001
22093
22085
22184
22112
22056
22246
22344
22244
22220
21874
22193
22306
22178
22287
22208
22275
22085
22281
22466
22213
22209
22047
22288
22242
22221
22179
22292
22239
22240
22298
21975
22021
22332
22091
22304
22254
22256
22319
22171
22133
22301
22326
22150
22250
22286
22057
22439
22403
22401
22357
22205
22511
22406
22161
22196
22038
22214
22090
22149
22171
22284
22248
22322
22536
22339
22407
22552
22460
22131
22303
22339
22454
22429
22348
22376
22550
22179
22461
22280
22186
22338
22062
22338
22546
22202
22085
22345
22113
22401
22180
22469
22105
22770
22417
22188
22445
22390
22436
22540
22172
22563
22459
22404
22604
22337
22363
22478
22473
22304
22460
22276
22322
22367
22477
22428
22277
22225
22456
22323
22661
22312
22340
22035
22553
22481
22091
22213
22152
22240
22159
22200
22318
22142
22401
22161
22488
22408
22626
22403
22500
22395
22467
22210
22482
22102
22526
22267
22393
22358
22532
22284
22471
22339
22524
22180
22244
22422
22059
22501
22144
22395
22246
22407
22024
22365
22383
22506
22568
22483
22275
22447
22437
22574
22492
22490
22193
22124
22371
22251
22668
