22400
22138
22456
22328
22678
22366
22148
22039
22373
22369
22433
22399
22419
22601
22390
22207
22228
22482
22473
22439
22345
22225
22329
22606
22290
22252
22518
22576
22400
22363
22498
22504
22592
22340
22449
22493
22364
22142
22527
22284
22611
22087
22383
22255
22469
22486
22468
22154
22312
22418
22486
22279
22461
22054
22298
22499
22249
22396
22246
22218
22444
22278
22528
22263
22421
22209
22443
22117
22191
22152
22368
22373
22412
22274
22373
22416
22215
22320
22288
22238
22361
22133
22486
22348
22352
22591
22443
22422
22509
22247
22497
21943
22573
22284
22289
22350
22510
22138
22346
22053
22315
22459
22428
22373
22369
22371
22351
22213
22667
22302
22540
22386
22246
22128
22261
22611
22461
22238
22312
22653
22552
22592
22457
22312
22473
22360
22130
22172
22423
22445
22290
22190
22267
22303
22182
22455
22196
22493
22576
22271
22543
22434
22208
22436
22417
22412
22509
22223
22272
22495
22284
22192
22334
22334
22329
22211
22365
22650
22172
22375
22290
22328
22324
22095
22334
22636
22397
22374
22219
22275
22439
22162
22119
22234
22111
22419
22302
22118
22135
22107
22103
22137
22151
22218
22196
22276
21930
22071
22136
22404
22336
22197
22335
22093
22070
22133
22168
22174
21980
21949
21948
21891
21918
21856
21569
22029
21995
21903
21827
21796
21693
21823
21858
21796
21668
21417
21619
21527
21348
21399
21269
20949
20626
21237
20718
20479
20018
19774
19911
18835
18395
17977
17225
16615
16037
15385
14911
14109
14126
13720
13831
13688
13705
14232
14835
15319
15812
16358
16424
16032
15899
15080
14404
14133
13540
13440
13571
13745
14242
14716
15310
15760
16497
17271
17681
18174
18649
19204
19888
20107
20272
20737
20881
21193
21030
21475
21129
21086
21350
21656
21479
21678
21590
21484
21708
21621
21884
21881
22006
22067
22142
21809
21630
21796
21960
22184
21922
22128
22074
21891
21897
21989
22444
22003
22157
22297
22081
22172
22061
22248
22228
22306
21822
22313
22258
22247
22521
22234
22172
22207
22040
21993
22188
22463
22138
22356
21997
22183
22007
22318
22416
22100
22097
21980
22334
22136
22224
21973
22486
22409
22175
22350
22184
22231
22286
22327
22446
22215
22235
21675
22237
22198
22336
22289
22541
22415
22234
22337
22382
22256
22269
22261
22055
22275
22508
22195
22229
22383
22352
22400
22353
22128
22326
22308
22406
22092
22080
22301
22342
22375
22313
22238
22281
22305
22370
22508
22146
22567
22173
22314
21926
22403
22247
22338
22328
22309
21985
22607
22136
22402
22356
22391
22455
22019
22294
22303
22579
22706
22377
22205
22373
22218
22098
22390
22436
22521
22256
22440
22206
22370
22114
22268
22207
22293
22165
22236
22552
22305
22357
22342
22278
22299
22577
22463
22310
22177
22319
22140
22237
22296
22288
22376
22321
22013
22359
22554
22278
22288
22456
22368
22367
22260
22383
22462
22373
22332
22280
22437
22340
22338
22309
22364
22520
22549
22437
22195
22184
22470
22335
22353
22328
22496
22552
22523
22292
22412
22220
22294
22367
22354
22387
22419
22101
22251
22318
22658
22670
22192
22527
22151
22367
22246
22260
22482
22334
22415
22513
22179
22208
22313
22533
22295
22450
22496
22402
22551
22725
22396
22363
22411
22682
22455
22288
22560
22523
22491
22269
22651
22280
22563
22333
22406
22423
22361
22285
22427
22186
22529
22225
22036
22661
22433
22321
21996
22357
22250
22483
22504
22240
22310
22224
22081
22421
22128
22363
22205
22540
22260
22292
22135
22185
22258
22417
22231
22378
22302
22359
22371
22229
22284
22067
22365
22119
22774
22093
22346
22407
22276
22315
22499
22365
22313
22406
22257
22400
22432
22175
22533
22379
22226
22544
22330
22252
22277
22302
22651
22500
22060
22294
22427
22406
22019
22502
22521
22462
22142
22231
22132
22327
22386
22249
22154
22224
22581
22594
22448
22096
22333
22268
22026
22406
22193
22256
22146
22161
22312
22331
22387
22530
22134
22371
22214
22282
21960
22250
22310
22228
22152
22274
22205
22308
22349
22527
22524
22260
22080
22253
22073
22176
22373
22401
22234
22454
22180
22145
22267
22290
22222
22431
22181
22334
22224
22474
21881
22368
22357
22255
22467
22035
22146
22309
22522
22571
22214
22205
22219
22390
22255
22264
22348
22319
22552
22127
22360
22047
22443
22280
22255
22171
22085
21910
22091
22180
22143
22268
22214
21977
22112
22543
22082
22077
22050
22192
22316
22227
22049
22232
22062
22290
22156
22108
22090
22126
22153
22067
21979
22217
22321
21888
22454
22141
22024
22283
22079
22177
22046
22170
22177
22287
21954
22249
22057
22150
22273
22229
22195
22137
21836
21904
22188
21701
21949
21774
21803
21723
21903
21638
21555
21486
21737
21661
21738
21320
21252
21438
21220
21390
21023
21075
20863
20615
20496
20148
19870
19157
19164
18391
18167
17322
16881
16443
15214
14885
14350
14151
13778
13512
13414
13702
14221
14726
15362
16033
16375
16323
16129
15700
15231
14584
14140
13684
13844
13500
13897
14088
14822
15159
15694
16397
16915
17506
17994
18775
19355
19468
19752
20171
20633
20692
20917
21169
21245
20876
21441
21401
21275
21830
21563
21572
21623
21628
21960
21807
21724
21657
21739
21630
21754
22282
21855
21841
21843
21907
21907
21984
21979
21968
22057
22029
21932
22094
21984
22122
21820
22005
22160
22156
21967
22271
22055
22178
22288
22265
22196
22193
22244
22118
22232
22293
22166
22256
22412
22232
22243
22096
22238
22248
22099
22309
22115
22221
22235
22385
22339
22400
22392
22114
22153
22104
22278
22031
22296
22250
22507
22032
22031
22302
22290
22417
22240
21998
22286
22001
22163
22162
21976
22485
22139
22432
22149
22354
22196
22030
22307
22240
22096
22316
22431
22252
22188
22047
22346
21981
22094
21983
22381
22430
22605
22301
22129
22184
22342
22263
22086
22243
22370
22291
22484
22066
22237
22467
22332
22308
22282
22279
22280
22467
22229
21935
22327
22191
22382
22421
22461
22266
22494
22304
22094
22224
22046
22037
22328
22320
22437
22541
22338
22515
22248
22318
22325
22460
22359
22162
22381
22220
22476
22223
22321
22647
22427
22346
22226
22290
22005
22511
22570
22189
22300
22227
22575
22497
22409
22263
22239
22335
22419
22434
22161
22418
22144
22244
22313
22459
22102
22323
22057
22322
22083
22436
22516
22277
22289
22432
22191
22375
22111
22263
22387
22305
22242
22442
22377
22355
22262
22231
22403
22502
22166
22223
22185
22122
22319
22346
22298
22620
22126
22274
22401
22284
22279
22550
22219
22457
