21371
21473
21410
21373
21231
21452
21504
21259
21371
21612
21539
21486
21584
21581
21354
21565
21366
21301
21379
21454
21281
21297
21533
21692
21092
21716
21493
21345
21424
21309
21425
21505
21152
21689
21211
21472
21445
21121
21562
21520
21443
21371
21423
21257
21391
21476
21398
21327
21382
21196
21237
21164
21254
21287
21528
21139
21188
21381
21174
21120
21150
21152
20945
20786
20848
20852
20749
20745
20439
20161
20261
20270
19830
20045
19672
19643
19327
18911
18939
18646
18692
18628
18421
18399
18112
18308
18310
18099
18274
18433
18562
18305
18236
18528
18571
18785
18662
18789
18753
18994
19050
19355
19292
19434
19484
19642
19611
19955
19811
20169
20261
19997
20152
20135
20425
20494
20368
20399
20412
20325
20738
20708
20733
20736
20694
20823
20796
21037
21095
20823
20732
20830
20752
20794
20853
20731
20763
20887
20773
20499
20509
20179
20097
19990
19898
19704
19141
18864
18768
18722
18727
18325
18312
18257
18282
18249
18287
18360
18594
18717
18657
19120
18984
19291
19373
19547
19564
19792
19779
19878
19867
19945
20256
20571
20260
20356
20324
20622
20560
20647
20955
20734
20776
20839
21126
21109
20807
21010
20972
20763
20864
21165
20797
21098
20965
21189
20955
20888
20832
20807
20861
20833
20873
20955
21082
20811
20880
20893
21040
20653
20686
20261
20552
20152
19989
19905
19703
19511
19059
19026
18956
18765
18978
18863
19107
19002
19289
19368
19796
19816
19820
20242
20127
20210
20047
20237
20087
20300
20308
20362
20270
20521
20421
20628
20565
20414
20617
20721
20719
20432
20628
20706
20475
20478
20214
20669
20368
20215
20338
20380
20160
20070
20018
20153
19930
19762
19301
19292
19167
19333
18929
19068
19020
18789
19135
19276
19353
19357
19480
20074
20317
20502
20402
20570
20640
20561
20595
20895
20619
20645
20739
21003
20953
21176
21069
20623
20998
20813
20816
21168
21138
21042
20892
20815
20911
20946
20814
20942
20786
20941
20847
20831
20636
20926
20771
20593
20810
20608
20312
20689
20330
20249
20117
20081
20278
20008
19872
19624
19333
19360
19112
19123
18891
18932
18459
18581
18378
18371
18469
18357
18274
18330
18245
18539
18719
18672
19099
19218
19591
19738
19861
20045
20045
20319
20311
20422
21050
20773
20815
20967
20644
20668
20888
20890
21176
20855
20505
20857
20888
20806
20629
20582
20681
20555
20472
20522
20523
20793
20318
20604
20576
20360
20162
20401
19918
20123
20277
20183
19905
19903
19589
19469
19508
19393
19076
19065
18892
18861
18888
18529
18433
18377
18377
18379
18119
18265
17983
18380
18211
18026
18193
18220
18255
18045
18625
18615
18716
18987
19229
19317
19550
19635
20167
20352
20287
20772
20673
20544
20952
20830
21033
20929
21154
21042
21159
21395
21193
21257
21110
21344
21287
21226
21047
21338
21337
21273
21370
21280
21150
21326
21407
21333
21435
21442
21450
21448
21357
21453
21176
21282
21251
21561
21353
21603
21442
20849
21496
21433
21283
21524
21366
21752
21424
21267
21493
21621
21472
21472
21465
21504
21126
21425
21589
21349
21388
21531
21457
21200
21398
21382
21382
21320
21412
21544
21811
21551
21365
21372
21421
21436
21355
21516
21443
21069
21387
21248
21244
21142
21514
21339
21313
21552
21508
21466
21491
21431
21625
21412
21451
21320
21422
21650
21272
21267
21575
21517
21567
21295
21239
21611
21466
21640
21734
21517
21435
21470
21391
21433
21295
21447
21461
21506
21651
21449
21241
21433
21405
21628
21299
21276
21599
21442
21374
21274
21348
21349
21370
21429
21379
21243
21536
21269
21288
21227
21273
21152
21280
21202
21460
21203
21239
21356
21209
21216
21249
21093
21315
21154
21357
21321
21213
21232
21129
21170
21190
21005
21160
21177
21332
20894
20840
21213
20980
20675
20920
20665
20614
20485
19953
20247
19613
19619
19550
19235
18980
18802
18750
18704
18540
18004
18468
17917
18060
17875
17946
17838
17894
18146
18228
18417
18210
18487
18459
18804
18715
18817
19023
19338
19311
19453
19515
19618
19806
19811
19788
20008
20076
20105
20127
20265
20262
20073
20296
20532
20378
20431
20648
20525
20398
20458
20560
20724
20784
20695
20852
20818
20663
20872
20879
20975
20751
20965
20551
20820
20522
20389
20605
20359
20195
20118
19956
19594
19890
19715
19166
18890
18734
18684
18395
18107
18198
18221
18356
18083
18544
18692
18481
18767
18511
18904
19067
19114
19391
19346
19805
19579
19821
20016
20049
20097
20158
20156
20239
20451
20420
20427
20418
20756
20842
20624
20713
20594
20728
20811
20856
20896
21041
20725
20933
20668
20984
21129
20991
20919
20937
20791
20897
20761
20573
20703
21087
20809
20581
20895
20618
20657
20624
20513
20523
20477
20393
20290
20009
19578
19608
19272
19062
19111
18694
18636
18926
18826
18847
19054
19265
19412
19763
19540
19884
19883
20122
20193
20196
20073
20011
20110
20158
20340
20383
20260
20168
20416
20544
20292
20551
20678
20525
20481
20319
20319
20389
20068
20291
20195
20135
20066
20134
20172
20138
20209
20187
19803
19669
19689
19601
19472
19257
18767
19101
18848
19057
18914
18919
19122
19089
19635
19794
19696
19991
20250
20407
20691
20288
20854
20558
20650
20804
20894
20946
21013
20803
20829
21038
20684
21003
20807
20924
20876
20909
21100
20864
20811
20726
20902
20906
20780
20882
20637
20549
20886
20617
20648
20736
20372
20228
20462
20273
20332
20373
20120
19995
20092
19719
19895
19688
19629
19528
19325
19039
18898
18946
18902
18630
18693
18347
18788
18343
18082
18270
18208
18134
18545
18580
18481
18806
19157
19481
19581
19950
19851
20246
20290
20366
20628
20439
20538
20669
20665
20756
20592
20558
20914
20628
20800
20813
20831
20693
20625
20705
20461
20471
20497
20401
20416
20480
20468
20447
20346
20374
20023
20182
20175
19925
19934
19739
19891
19793
19701
19532
19303
19209
19276
18957
18979
18957
18769
18884
18630
18206
18436
18604
18274
18173
18205
18378
17990
18010
18040
18271
18125
18382
18291
18649
18798
18547
18947
19093
19724
19714
19801
19804
20178
20243
20568
20562
20904
21069
20783
21059
20965
21195
20928
21404
21069
21291
21426
21356
21153
21044
21464
21294
21181
21556
21415
21142
21375
21352
21213
21347
21314
21355
21478
21308
21445
21135
21293
21486
21558
21262
21341
21556
21372
21458
21142
21284
21673
21159
21247
21280
21359
21436
21459
21443
21529
21307
21281
21441
21399
21388
21360
21571
21002
21398
21512
21451
21427
21631
21212
21544
21494
21500
21341
21363
