21114
21145
21148
21230
20935
21208
21076
21052
21129
21299
21169
20999
20876
21095
20868
21058
21165
21118
21255
20937
20931
21091
21202
20978
21346
21077
20982
20913
20924
21302
21002
20981
21025
21060
21127
21229
20928
21207
21104
21037
21234
21165
20863
20725
21165
21135
20851
21012
21034
21068
21102
21146
20956
20645
20986
21233
21204
21028
21163
20969
20712
21045
20938
21121
20623
20809
20891
20865
20870
20758
20918
20745
20739
20794
20469
20494
20439
20425
20305
20429
19937
19835
19880
19443
19513
19528
19391
19368
19165
19013
19260
19121
18979
18878
19030
18915
19131
19094
18865
19105
19171
19135
18960
19189
19122
19044
19248
19294
19162
19079
19613
19759
19432
19488
19566
19608
19511
19505
19842
19962
19702
20031
19941
19772
19710
19841
20112
19758
20019
19880
20016
20017
20172
20130
20253
20325
20147
20339
20190
20116
19945
19954
20084
19806
19858
19630
19581
19670
19590
19415
19365
19154
19140
19131
18943
18762
18758
18579
18520
18610
18552
19000
18895
18845
19043
18961
18977
19191
19067
19089
19280
19126
19155
19344
19457
19605
19521
19673
19705
19674
19798
19919
19759
19855
19928
19673
19913
20099
19829
19899
19835
20206
20192
20331
19861
20170
20401
20311
20110
20179
20011
20371
20182
20142
20455
20362
20125
20368
19887
20118
19949
19751
19849
20016
19727
19473
19566
19344
19105
19009
18831
18692
18835
18762
18751
18488
18704
18671
18845
18648
18814
18940
19103
18864
18770
18801
18887
18619
18960
18711
18538
18899
19076
19057
19237
18942
19459
19194
19404
19312
19202
19284
18874
18923
18781
18802
18515
18612
18698
18861
18745
18870
18963
19052
18934
18819
18918
18722
18902
18495
18898
18742
18774
18962
18955
19003
19269
19223
19439
19407
19761
19951
19499
20129
19887
20035
20265
20171
20230
20209
20107
20237
20161
19925
20104
20332
19971
20371
19994
20254
20307
20100
20055
20358
20186
20269
19988
19951
20002
19953
19913
19971
19676
19769
19677
19726
19770
19808
19766
19434
19501
19381
19273
19324
18736
18896
18950
19244
18915
18836
18791
18933
18727
18560
18651
18476
18628
18812
18890
18872
19072
19042
19071
19301
19255
19323
19741
19739
19939
19617
20258
20251
20096
20283
20178
20263
19902
20126
20200
20027
20400
20001
20234
20094
19729
20000
19907
20115
19897
20023
19754
20139
19933
19686
19742
19786
19800
19483
19650
19684
19615
19601
19807
19282
19104
19326
19158
19020
19013
18972
19369
19056
18932
18988
18936
18989
18855
18995
18903
18716
18914
19046
19068
18681
19101
19205
19228
19061
19210
19156
19585
19571
19639
19877
19864
20295
20328
20201
20349
20407
20451
20662
20699
20708
20738
20909
20716
21009
21115
20928
20913
20960
20912
20990
21155
21094
21129
20971
21052
20879
20690
21067
20808
20911
20990
20928
21174
21088
21194
21044
21219
21214
21163
20842
20740
21064
20840
21126
21157
20948
21280
21276
20903
21116
21115
21021
21074
21058
21079
21000
21081
21025
20761
21118
21073
21044
21184
21061
20977
21041
20933
21201
21081
20993
21017
20986
21078
21158
20966
21436
21023
21091
20901
20959
20951
20888
21286
21006
21131
21164
21067
20943
20939
21053
21335
21117
21144
21119
21091
21303
21035
21228
20904
20800
21202
21168
21153
21100
21222
21403
21188
21259
21150
21131
21137
21344
20966
21291
21292
20925
21012
21004
21180
20990
20961
21033
21054
21077
21252
21221
21121
21152
20920
20945
21351
20885
21178
20926
20957
21126
21109
21201
21081
21160
20994
20840
21083
21132
21156
21051
20871
21017
21124
21133
21281
21120
20835
21039
20850
20973
21048
20939
21139
20925
21231
21055
21149
21100
20990
21153
20997
20919
20867
21058
21021
20984
21048
21156
21069
20832
21175
20900
20821
20798
20796
20766
20664
20842
20592
20780
20559
20272
20341
20131
20294
20201
20126
19968
19890
19890
19833
19614
19633
19531
19170
18943
19237
18911
18931
18946
18928
18636
18817
18712
18953
18720
18901
19009
19198
19033
18965
19052
19116
19020
19169
19331
19449
19430
19286
19406
19314
19345
19527
19867
19903
19676
19587
19696
19792
19787
19826
19887
19840
20001
19817
19763
20078
20249
19744
19994
20120
20241
19947
20267
19958
20172
19991
20078
19935
20180
19995
19811
19928
19831
19628
19739
19589
19274
19402
19379
19081
18785
18870
18694
18784
18711
18694
18614
18673
18269
18999
18807
18820
18877
19050
19094
19255
19132
19165
19248
19187
19258
19357
19701
19488
19491
19523
19842
19793
19597
19972
20202
19835
19958
19898
20093
20199
20090
19859
20106
20292
20214
20037
20149
20309
19985
20243
20018
20104
19960
20079
20253
20072
19877
19981
20339
19987
20078
19735
19607
19767
19702
19570
19456
19376
19252
19232
18996
18606
18694
18730
19047
18697
18678
18676
18472
18932
18853
18517
18962
18830
18715
18785
18637
18809
18730
18709
18618
18625
18696
18761
19072
19018
18858
19262
18950
19202
19114
19023
18708
18803
18589
18451
18503
18783
18696
18606
18890
18870
18813
18900
18821
18693
18816
18883
18783
18747
18797
18793
19061
18763
18798
19126
18977
19432
19254
19607
19601
19676
19726
19602
20101
19977
20011
20007
19944
19968
19977
20015
19886
20305
19786
19987
20126
20020
19870
20149
20202
19829
20027
19992
19927
19883
20073
19870
19931
19739
19972
19785
19512
19700
19599
19671
19624
19660
19780
19301
19590
19334
19389
18990
19147
19051
19043
19015
18956
18853
18863
19012
18622
18737
18556
18558
18512
18591
18759
18805
19026
19075
18615
19332
19275
19459
19521
19700
19607
19934
19838
19742
19803
20272
20124
19880
20097
20135
20149
20096
20057
20022
20139
19933
20043
20127
20081
19993
20075
19832
19738
19868
19658
19830
19727
19703
19663
19717
19645
19604
19383
19357
19188
19450
19462
19285
19380
19437
19218
19064
19262
18978
19156
18862
18928
19267
19022
18999
18576
18948
18998
18955
18924
19043
18857
18713
19301
19296
19366
19382
19467
19628
19946
19689
20017
19718
20134
20404
20407
20229
20359
20564
20482
20632
20571
20698
20802
20813
20781
20935
20920
20656
20897
20871
20800
21073
20932
20930
20953
20998
21039
21084
20809
21069
21169
20878
20847
21330
21236
21142
21018
20950
20962
21380
21058
21045
21226
20997
21026
21036
20973
21053
21107
21016
21161
21136
21074
21106
21203
20899
20812
20921
20803
21262
21140
21400
21244
20954
21388
20986
21314
21161
20753
21304
21078
21233
20963
21051
20895
21345
21208
21186
20972
20906
21204
21048
