20889
20931
20913
20785
20927
20760
21118
20827
21020
21022
20922
21089
20883
20991
20872
20764
20618
20558
20914
21053
20767
20853
20922
20805
20989
20681
20973
20594
20821
20777
21048
20687
21000
20935
20889
20933
20985
21073
20622
20881
21013
21045
20944
20729
20887
20975
20527
20822
20977
20609
20782
21008
20874
21059
20721
20799
21044
20660
20592
21063
20912
20944
20684
20764
20604
20692
20943
20598
20998
20846
20593
20716
20608
20846
21135
20734
21008
20596
20659
20763
20710
20342
20564
20458
20430
20526
20544
20551
20299
20440
20508
20224
20180
20099
20340
20044
19814
20031
19867
20104
19999
19618
19810
19440
19839
19968
19626
19561
19562
19656
19641
19578
19690
19760
19558
19681
19780
19480
19687
19925
19615
19572
19463
19447
19711
19671
19599
19467
19543
19622
19387
19338
19740
19750
19686
19546
19588
19463
19723
19647
19576
19832
19592
19668
19827
19641
19814
19792
19539
19821
19647
19464
19488
19515
19418
19332
19266
19505
19583
19617
19333
19083
19213
18967
19152
19137
18994
19341
19092
19187
19243
19036
18957
19092
19092
19325
19010
19009
19014
18851
19247
19180
19063
19278
19476
19393
19099
19161
19353
19184
19623
19482
19304
19367
19240
19286
19131
19344
19407
19675
19441
19549
19587
19412
19323
19342
19726
19263
19429
19395
19526
19107
19441
19231
19564
19410
19265
19338
19149
18866
18769
18845
18618
18627
18342
18313
18394
18185
17968
18012
17627
17765
17583
17325
17333
17053
16885
16898
16634
16622
16781
16891
16812
17141
17363
17590
17692
17656
17529
17449
17291
17064
17171
16736
16620
16611
16657
16790
16975
16941
17278
17358
17656
17682
17780
17713
18072
18351
18291
18663
18300
18610
18608
18784
19012
18947
19192
19027
19610
19073
19339
19391
19482
19406
19496
19723
19377
19489
19693
19600
19428
19616
19529
19497
19458
19584
19649
19522
19436
19290
19522
19480
19385
19470
19386
19417
19170
19298
19156
19143
19224
18999
19340
19231
19129
18942
19266
19214
19053
19103
18974
18848
18948
18975
19133
19000
18929
18904
19165
19265
19171
18713
19063
19437
19237
19281
19351
19546
19395
19567
19397
19449
19615
19719
19754
19682
19839
19668
19743
20057
19758
19674
19855
19635
19734
19808
19881
19691
19841
19844
19993
19864
19739
19723
19472
19640
19463
19761
19495
19579
19594
19664
19373
19505
19485
19650
19818
19695
19591
19632
19725
19649
19765
19595
19864
19804
19876
19590
19837
19743
19852
19963
19774
19853
19827
20051
20019
19877
19740
19902
19952
20086
20144
20070
20136
20393
20582
20352
20576
20449
20557
20697
20619
20687
20644
20511
20678
20783
20678
20773
20936
20895
20595
20653
20793
20805
20720
20888
21028
20863
20903
20620
20810
20660
20748
20851
20521
20733
20810
20746
20868
21052
20736
20887
20779
20848
20842
20810
21220
20810
20810
21121
20881
20615
21107
20901
20761
20750
20907
20771
20741
20753
20565
20743
20928
20756
21041
20791
21086
20921
20760
20615
20783
20951
20606
20448
20705
20916
20684
20745
20754
20968
20848
21068
20732
20903
20665
20590
20802
21192
20882
20815
20635
20808
20809
20941
20809
20827
20790
20818
20701
20825
20694
20832
20886
20781
21068
20788
20883
20913
20851
21182
20840
21034
20725
20803
21356
21070
20784
20933
20383
20751
20747
21210
21095
20799
20676
20919
20725
20896
20751
20842
21014
20914
20929
20953
20898
20536
20791
20923
20943
20867
20979
21074
20983
20737
21165
20926
20907
20926
20836
20897
20867
20753
20756
20860
20631
20900
21090
20780
21107
20825
21113
20694
20930
20980
20885
20793
20603
20706
21032
20810
20855
20908
20779
20589
20777
20804
21084
21046
20819
20742
20824
21066
20801
20974
20899
20781
20671
21026
20647
20843
20511
20727
20868
20825
20993
20541
20506
20814
20449
20635
20654
21073
20755
20783
20690
20596
20717
20364
20605
20533
20647
20444
20396
20384
20383
20286
19965
20026
20005
19944
20114
19865
19914
20071
19881
19823
19828
19608
19531
19539
19789
19677
19332
19543
19519
19738
19579
19614
19576
19718
19516
19670
19579
19378
19349
19522
19469
19693
19371
19291
19479
19639
19416
19633
19592
19649
19657
19602
19570
19711
19532
19608
19550
19642
19667
19810
19723
19329
19557
19625
19641
19713
19711
19732
19499
19522
19660
19405
19457
19593
19565
19320
19192
19317
19142
19112
19070
19038
19081
19145
19167
19210
19137
18954
19224
18990
19148
19060
19062
19218
18853
19019
19226
19188
18923
19057
19146
19082
19220
19267
19550
19420
19350
18974
19488
19215
19359
19493
19680
19275
19317
19598
19558
19335
19418
19409
19411
19674
19482
19530
19465
19504
19574
19386
19536
19460
19157
19206
19283
19310
19327
19288
19265
19269
18755
18789
18787
18703
18473
18402
18232
17943
18346
17970
17840
17917
17905
17483
17430
17316
17293
16829
16725
16695
16706
16716
16907
16782
17053
17233
17722
17715
17572
17647
17630
17242
17241
17058
16671
16715
16796
16683
16723
16787
16919
17093
17426
17624
17517
17696
17873
17999
17864
18197
18023
18659
18336
18473
18716
18804
18857
19162
19192
19075
19481
18994
19266
19371
19223
19525
19282
19505
19528
19513
19300
19325
19496
19336
19564
19103
19475
19247
19333
19534
19385
19544
19461
19316
19607
19346
19306
19389
19520
19220
19419
19204
19140
18847
19122
19336
19051
18799
18873
19006
18846
18983
18990
18900
18998
18861
18965
18690
19077
19160
19058
19093
18860
19180
19192
18938
19192
19268
19142
19397
19613
19246
19345
19651
19400
19700
19613
19580
19343
19673
19521
19876
19578
19789
19616
19595
19608
19530
19507
19748
19960
19562
19499
19655
19678
19492
19622
19592
19605
19590
19858
19442
19477
19650
19772
19386
19427
19392
19651
19539
19499
19464
19415
19594
19510
19544
19632
19413
19654
19637
19696
19851
19927
20066
20011
19921
19619
19891
19766
20004
19938
19885
20015
20174
19976
20178
20275
20281
20347
20276
20419
20234
20553
20597
20460
20392
20330
20441
20590
20744
20720
20697
20548
20834
20649
20694
20755
20668
20857
20744
20926
20864
20753
20713
20764
20729
20837
20619
20510
20829
21020
20612
20850
20842
20841
20827
20802
20751
20315
20806
20794
20861
20808
20940
20981
20830
20776
20856
20859
20684
21097
20926
21151
20844
20823
20809
20460
21211
20950
20676
20948
20961
20606
20956
20929
20785
20733
20673
20880
20938
20802
21021
20607
21075
20591
21084
20976
21054
20874
20735
20583
20842
20956
20853
20723
21152
20952
