20804
20897
20624
20908
20789
20905
20764
21115
21125
20976
21030
21009
20692
20763
20815
20834
20981
20769
20745
21197
20940
20708
20911
20767
20832
20903
20906
20928
21005
21041
20767
20881
20802
21120
20537
20665
20918
20926
20925
20923
20854
21002
20888
20666
21193
21178
21072
20900
20858
21024
20805
20981
20803
20919
20710
20553
20590
20990
20630
20714
20813
20537
21026
21104
20860
20923
20669
20919
20973
20635
20956
20670
20877
20887
20919
20783
20973
20647
20813
21017
20831
20663
21032
20698
20749
20644
20877
20625
20945
20590
20699
20846
20993
20771
20615
20863
20701
20783
20662
20686
20833
20698
20440
20842
20444
20524
20687
20723
20634
20554
20732
20781
20542
20440
20767
20527
20533
20602
20467
20602
20209
20369
20776
20594
20497
20494
20469
20167
20398
20463
20482
20210
20160
20318
20519
20336
20228
20371
20377
20332
20238
20346
20222
20328
20322
20150
20128
20228
20339
20039
20144
20221
20102
19860
20097
19885
19836
19907
19947
20036
20032
19840
19902
19967
19978
20052
19803
19690
19710
19823
19654
19974
19819
19787
19761
19742
19749
19792
19237
19618
19517
19493
19568
19691
19503
19536
19493
19441
19426
19695
19666
19170
19335
19425
19254
19039
19378
19102
18975
18969
19130
18943
19212
19081
18891
19284
19193
18887
18952
19079
18877
18954
19009
18967
18573
18724
18726
18790
18503
18471
18359
18457
18235
17974
18053
17905
17629
17657
17511
17187
16972
16921
16271
16061
15986
15375
15098
15070
15032
14813
14489
14773
15180
15288
15663
15771
16035
15855
16048
15600
15667
15140
15052
14773
14798
14771
14622
15016
15076
15406
15678
15806
16343
16854
16863
16974
17209
17652
17785
18010
17753
18196
18120
18311
18667
18721
18593
18702
18718
18499
18872
18721
18867
18810
18846
19034
18967
18847
19016
19244
18796
19083
18912
19108
19204
19115
18977
19123
19189
19410
19206
18972
19225
19360
19459
19513
19420
19302
19374
19369
19430
19503
19763
19448
19559
19504
19478
19388
19447
19881
19708
19743
19614
19769
19483
19730
19929
19781
19913
19728
19790
19832
20074
20251
20071
19785
20191
20088
20206
20266
20144
19958
20157
20013
20171
20244
20031
20169
20081
20211
20263
20232
20263
20208
20444
20350
20297
20219
20405
20596
20394
20310
20587
20167
20250
20117
20568
20280
20476
20576
20670
20425
20669
20568
20457
20463
20461
20430
20851
20748
20947
20652
20651
20613
20784
20476
20627
20587
20379
20824
20497
20727
20719
20543
20582
20842
21034
20642
20763
20903
20394
20731
20842
20595
20874
20490
20792
20701
20688
20768
20666
20653
20730
20801
20842
21027
21049
20818
20937
20793
21031
20786
20860
20615
20576
20780
20831
20747
20816
20929
20887
20768
20810
20880
20732
20820
21119
20953
20829
20886
20828
20936
20609
20690
21034
20615
20895
20751
20837
20944
21046
20654
21095
20776
20550
20999
20877
20736
20832
20936
21104
20707
21007
20865
20786
20615
20945
20696
20712
20614
20920
20889
20535
20748
20873
20809
20846
20703
20880
21017
21070
20865
21086
20763
20931
20870
20931
20886
20850
21047
20784
20715
20751
20678
20981
20964
21004
21103
21001
21038
20980
20869
21187
20874
20971
20885
20844
20737
20645
21005
21089
20928
21045
21057
20966
20913
20868
20948
21097
20885
20951
20906
20837
20997
20985
20641
21045
20911
21001
20853
20648
20706
21004
20922
21122
20760
20803
20806
21023
20832
20907
20992
20791
20818
20907
20929
20623
20902
20785
20792
20810
20907
20907
20745
20786
20835
21035
20808
20817
21068
20606
20972
20777
20928
20770
21041
20774
20549
20713
20942
20703
20958
20853
20781
20875
20610
20978
20893
20833
21172
20830
20631
20753
20952
21010
20736
20677
20818
20624
20890
20821
20925
20972
20838
21100
20860
20825
20794
20695
20727
20655
20604
20814
20955
20888
20733
20751
20847
20722
20543
20733
20937
20825
20960
20685
20627
20717
20777
20720
20593
20659
20514
20843
20743
20799
20331
20898
20724
20591
20731
20591
20717
20555
20869
20531
20605
20417
20532
20622
20474
20582
20634
20274
20697
20507
20416
20547
20358
20410
20149
20610
20231
20384
20108
20411
20427
20733
20301
20028
20317
20019
20476
20365
20120
20352
20219
20143
20354
20073
20117
20110
20257
20131
20161
20297
20247
19979
19956
20176
19853
20137
19819
20067
20130
19892
19970
19946
19793
19907
19835
20030
19982
19740
19843
19683
19886
19585
19764
19690
19657
19728
19550
19458
19573
19618
19724
19618
19506
19655
19547
19425
19372
19108
19202
19427
19349
19114
19142
19199
19055
19242
19175
19567
19028
19572
19242
19057
18843
19029
19103
19026
19081
18973
18870
18752
19014
18759
18748
18652
18721
18863
18839
18613
18533
18481
18563
18420
18343
18381
18311
18192
17969
17910
17661
17541
17346
17227
16892
16583
16526
15964
15770
15434
15007
14954
14686
14685
14499
14809
14862
15168
15530
15693
15860
16280
16068
15760
15855
15379
15049
14789
14539
14649
14718
14754
15346
15375
15498
15899
16170
16372
16557
16966
17087
17299
17640
17737
17980
18045
18135
18212
18220
18302
18590
18334
18602
18635
18661
18700
18982
18921
18736
18673
18709
18690
18874
19051
19065
18967
19062
19000
19311
19161
19293
19259
19129
19423
19158
19008
19172
19296
19500
19460
19314
19465
19267
19311
19568
19299
19472
19132
19659
19326
19525
19642
19542
19614
19461
19864
19828
19687
19609
19761
19899
19749
19781
19767
19887
20018
20162
19761
19784
20014
20094
19677
20133
19812
19955
20224
19949
20248
20144
19936
19925
20169
20170
20206
20080
20185
20290
20258
20334
20225
20263
20205
20465
20068
20097
20327
20229
20336
20457
20500
20416
20497
20561
20534
20383
20280
20404
20227
20519
20409
20416
20540
20638
20555
20516
20639
20791
20651
20789
20736
20413
20556
20631
20732
20715
20650
21079
20566
20515
20722
20657
20680
20702
20721
20555
20377
21019
20583
20657
20909
20767
20556
20651
20812
20967
20381
20904
20745
20915
21051
20959
20993
20752
20550
21097
20708
20917
20954
20816
20755
21056
21080
20887
20661
20890
21002
20941
20805
20774
20925
20673
20631
20793
20728
20799
20888
20829
20891
20649
20914
20788
20979
20846
20858
20605
20743
20955
20920
20882
20784
20858
20562
20901
20905
20740
20748
20978
20893
20740
20809
20658
20937
20879
20995
20789
20966
20844
20980
20892
20740
20769
20745
20907
20823
20800
21069
21030
20997
20799
20860
20877
20996
20906
20729
20897
20893
20995
21001
20835
21327
