22117
22463
21893
22083
22029
21822
22070
21822
22115
22322
22129
21873
21777
22073
22239
21863
22118
22174
21851
21829
21820
21514
21941
22001
22076
22144
21968
21821
22121
21944
22120
21979
22140
21958
22229
22064
22010
21913
21690
21904
21994
22008
21616
21805
21772
22082
21990
21755
22026
21847
21686
21672
21801
21642
21743
22062
21376
21893
21610
21520
21680
21612
21350
21288
21094
20795
20272
20327
20035
19872
19388
19249
19186
19002
18962
18429
18525
18225
18308
18081
18096
17962
17751
17813
18028
17929
18181
18561
18664
18597
18687
18890
19146
18951
19424
19441
19552
19960
19922
20250
20074
20374
20548
20726
20569
20846
21259
21152
21047
21150
21249
21062
21151
21298
21089
21240
21523
21484
21599
21576
21777
21651
21644
21575
21765
21768
21867
21758
21908
21792
21675
21501
21642
21660
21633
21348
21329
21079
20982
20685
20576
20514
19892
19587
19458
18848
18759
18874
18504
18337
18546
18193
18374
18568
18539
18737
18917
18953
19138
19509
19741
19634
19912
20302
20218
20292
20876
20817
20712
21109
21240
21197
21181
21448
21443
21725
21881
21817
21565
21875
21620
21688
21913
21824
21926
21746
21833
21638
21528
21994
21761
22162
21881
21948
22008
21915
21684
21715
21763
21649
21817
21866
21695
21824
22014
21503
21666
21382
21548
21249
21270
21183
21028
20747
20607
20216
20000
19505
19503
19083
19180
18979
19239
19498
19754
20010
20101
20421
20738
20824
20927
21041
20976
21286
21614
21597
21625
21546
21650
21618
21408
21709
21513
21734
21666
21602
21628
21784
21800
21650
21845
21559
21646
21649
21512
21523
22025
21555
21823
21577
21713
21461
21239
21364
20912
20695
20539
20283
20019
19949
19682
19545
19305
19216
19114
19194
19460
19811
19906
20382
20616
21022
20826
20934
21424
21497
21621
21533
21782
21598
21549
22028
21768
21896
21677
21959
21956
21691
21771
22028
21630
21681
21884
22104
22083
21800
21777
22096
21947
21717
21631
21763
21700
21816
21293
22010
21601
21609
21770
21387
21427
21393
21237
21489
21370
21123
20769
20783
20635
20547
20458
20150
20066
19703
19617
19289
19028
18915
18573
18501
18270
18346
18111
18084
18037
18270
18626
18829
19016
18982
19582
19695
20032
20305
20795
21153
21153
21374
21355
21366
21606
21348
21483
22068
21767
21768
21900
21774
21699
21669
21526
21847
21651
21380
21816
22182
21880
21610
21377
21459
21592
21573
21587
21165
21110
21454
21132
21209
20871
21009
21361
20743
20712
20746
20676
20068
20321
20035
19839
19703
19380
19280
19127
19003
18849
18501
18260
18336
18119
17952
17899
17972
17627
17581
17742
17839
17702
18080
17988
18334
18619
19008
18960
19264
19613
20125
20253
20459
20742
20857
21193
21305
21664
21276
21445
21602
21785
21629
21624
21705
21749
21840
21781
21933
21770
21894
22269
21996
21751
21623
22001
21966
21884
22229
21877
21836
22248
22150
21824
21883
22054
21845
21820
21930
21830
22128
22152
21856
21884
21872
22139
21771
22120
22179
22109
21991
21924
21720
22159
21995
22016
22008
21996
21771
22133
21930
22049
22104
21772
22049
21977
22224
21996
22185
22176
22095
22117
21783
21963
21879
22097
22079
22064
21769
22002
21837
21873
21906
21957
22176
22060
22085
21936
22097
22090
22018
21998
22207
21760
22382
22083
21676
21779
21966
22108
21963
22026
22054
22026
21902
21824
22035
21904
22148
22013
21814
22029
22084
22102
22290
22132
21568
22079
21888
22041
21913
21923
22026
21969
22112
21868
21978
21840
21976
21895
21975
21978
21963
21805
21880
21931
21780
21781
22112
21759
21848
21819
21776
22167
21868
21824
21863
22080
21947
21833
21930
22183
21825
21556
21870
21830
22023
21841
21779
21873
21701
21817
21373
21595
21552
21185
21143
20999
20799
20543
20186
19945
19632
19303
19186
18947
18362
18503
18252
17932
17783
17932
17858
17656
17792
17781
17721
17859
17910
18409
18436
18637
18709
18822
19061
18892
19538
19697
19985
19730
20037
20106
20114
20351
20562
20599
20828
20903
21132
21097
21135
21360
21170
21437
21433
21064
21565
21433
21540
21687
21695
21728
21457
21629
21670
21652
21771
21850
21510
21608
21753
21559
21566
21618
21520
21486
21345
21434
21336
21306
21205
21104
20570
20667
20251
19920
19574
19237
18846
18846
18645
18469
18155
17923
18278
18036
17951
18377
18515
18646
18912
19255
19509
19544
19943
19950
20623
20677
20681
20656
20764
20903
21086
21255
21187
21456
21236
21650
21582
21549
21574
21562
21742
21750
21479
21877
21751
21928
21481
21543
22018
21780
21929
21915
21786
21736
21840
21660
21793
21644
21966
21814
21776
21593
21752
21808
21465
21527
21480
21504
21395
21226
21516
21201
21179
20896
20734
20445
19951
19881
19612
19161
19203
19198
19321
19102
19193
19615
19895
20089
20361
20550
20875
21148
21228
21217
21149
21266
21366
21354
21628
21749
21555
21642
21660
21502
21919
21747
21656
21849
21597
21634
21584
21556
21268
21375
21634
21558
21391
21705
21618
21175
21604
21302
21095
20995
20995
20992
20805
20408
20159
20106
19746
19473
19211
19399
19154
19368
19117
19459
19852
20041
20047
20275
20812
20912
21051
21176
21119
21582
21496
21642
21567
21600
21609
21419
21608
21352
21635
21879
21614
21816
22080
22031
21966
22009
21612
21508
21798
21685
21690
21579
21536
21805
21477
21726
21529
21591
21755
21542
21878
21554
21390
21293
21161
21473
21091
21249
20849
20684
20682
20561
20153
20184
20238
19850
19869
19439
19227
19125
18833
18590
18551
18462
18198
18150
18266
18173
18262
18444
18615
18689
18973
19344
19845
20324
20426
20655
21045
20950
21288
21184
21321
21346
21249
21372
21772
21497
21698
21828
21677
21345
21696
21642
21537
21673
21649
21438
21581
21780
21371
21486
21430
21350
21272
21051
21162
21376
21054
20842
20576
20909
20980
20571
20434
20518
20289
19951
19905
19884
19712
19804
19376
19183
19301
18944
18996
18726
18535
18602
18485
18345
18155
17885
17898
18059
17978
18087
18123
17921
18191
18400
18874
18786
18971
19087
19654
19394
20155
20098
20415
20485
20596
20954
21295
21292
21527
21486
21397
21654
21870
21621
21819
21899
21770
21741
21689
22026
21955
21758
21961
21862
21844
22010
22005
21956
21901
21584
22053
22002
21932
21946
22048
21934
21724
21994
21810
21974
22069
21945
22094
21534
22002
21867
21966
21808
22074
21954
22031
21968
22317
21859
21863
21854
21754
21815
21948
21883
22172
21966
22245
21994
21655
21974
21934
21855
21914
22287
