20792
20970
20762
20694
20744
20956
20895
20831
20811
20757
20612
20544
20451
20745
20900
20507
20997
20703
20942
20449
20575
20844
20594
20582
20844
20819
20837
20890
20937
20646
20638
20688
20738
20852
20777
20708
20600
20626
20836
20579
20857
20744
20781
20598
20543
20546
20617
20743
20631
20770
20950
20638
20883
20666
20772
20477
20671
20762
20722
20841
20517
20863
20880
20481
20745
20917
20848
20735
20697
20604
20910
20741
20670
20818
20878
20816
20563
20737
20502
20761
20893
20833
20929
20943
20773
20641
20762
20969
20679
20673
20626
21002
20927
20459
20909
20612
20751
20860
20560
20940
20596
20632
20547
20569
20811
20948
20664
20541
20704
20820
20803
20723
20615
20654
20737
20718
20724
20640
20646
20599
20510
20825
20545
20886
20826
20826
20854
20847
20898
20378
20870
20764
20532
20468
20692
20563
20737
20508
20439
20871
20735
20532
20527
20701
20585
20934
20507
20380
20677
20643
20395
20382
20620
20720
20401
20591
20834
20712
20802
20499
20578
20596
20629
20783
20763
20703
20729
20500
20411
20584
20588
20533
20695
20410
20299
20515
20408
20501
20358
20652
20473
20337
20345
20570
20441
20518
20191
20462
20311
20464
20460
20406
20425
20382
20218
20319
20370
20175
20316
20135
19975
20235
20029
20201
20129
20121
19981
20049
19959
19909
19766
19883
19812
19747
19497
19518
19384
19020
19065
19026
19025
18728
19013
18477
18250
17742
17487
17118
17136
16723
16040
15624
14846
14791
14120
13639
13159
12930
12702
12574
12520
12675
12822
13219
13341
13753
14160
14351
14212
13859
13845
13286
12915
12858
12828
12499
12610
12848
13362
13618
13763
14431
14942
15360
15956
16670
16731
17197
17479
17800
17978
18278
18570
18482
18841
18834
18946
19304
19140
19416
19511
19657
19820
19694
19721
19687
20011
19911
20080
20045
20044
20016
20263
20130
20063
20083
20271
20521
19994
20265
20086
20433
20332
20438
20391
20371
20371
20386
20352
20144
20309
20512
20482
20287
20392
20835
20359
20435
20491
20511
20566
20622
20520
20352
20746
20467
20710
20622
20531
20793
20655
20467
20385
20611
20574
20909
20680
20667
20936
20467
20759
20811
20597
20573
20580
20832
20482
20701
20733
20428
20754
20586
20786
20826
20496
20536
20711
20866
20551
20710
20588
20648
20623
20603
20541
20684
20670
20514
20749
20675
20591
20723
20409
21063
20670
20738
20653
20562
20787
20854
20984
20545
20597
20944
20694
20743
20674
20965
20880
20664
20613
20588
20586
20800
20707
20518
20643
20980
20608
20572
20697
20453
20572
20766
20735
20878
20537
20754
20836
20625
20654
21024
20724
20824
20571
20623
20727
20533
20667
20609
20455
20917
20801
20937
20740
20795
20664
20808
20939
20824
20743
20789
20576
20903
20870
20790
20825
21007
20735
20924
20731
20661
20640
20766
20831
20879
20657
20750
20645
20680
20833
20538
20702
20695
21026
20740
20748
20720
20726
20753
20650
20875
20707
20461
20615
20747
20730
20683
20773
20762
20765
20894
20618
20852
20764
20794
20820
20879
20601
20503
20783
20806
20556
20530
20843
20645
20599
20668
20829
20684
20468
20682
20537
20914
20803
20670
20569
20863
20594
21060
20522
20446
20753
20461
20814
20898
20840
20698
20728
20891
20735
20779
20645
20772
20575
20762
20768
20925
20611
20703
20815
20906
20601
20660
20676
20692
20652
20807
20877
20813
20648
20735
20677
20821
20603
20826
20996
20713
20578
20682
21048
20904
20652
20707
20548
20631
20787
20767
20474
20778
20874
20846
20731
20941
20918
20588
20849
20719
20641
20682
20940
20462
20826
20540
20757
20758
20646
20545
20634
20650
20771
20670
20757
20847
20609
20700
20485
20780
20635
20512
20796
20456
20703
20810
20681
21031
20492
20809
20624
20401
20575
20606
20539
20582
20724
20681
20882
20888
20638
20691
20543
20891
20389
20917
20724
20840
20798
20578
20562
20621
20525
20711
20500
20625
20630
20733
20559
20711
20307
20690
20888
20560
20600
20552
20769
20801
20584
20732
20752
20772
20686
20650
20641
20553
20771
20560
20853
20570
20681
20692
20402
20616
20570
20590
20684
20537
20810
20782
20812
20756
20469
21029
20845
20701
20604
20663
20555
20463
20640
20555
20429
20596
20781
20682
20565
20608
20354
20851
20983
20642
20571
20409
20564
20620
20681
20405
20628
20512
20440
20628
20638
20553
20746
20485
20452
20517
20505
20480
20697
20625
20658
20955
20330
20282
20630
20280
20809
20493
20339
20238
20708
20733
20361
20522
20407
20468
20335
20631
20124
20498
20428
20222
20403
20690
20322
20358
20344
20101
20318
20483
20437
20148
20403
20131
20095
19825
20219
20216
20138
19964
20025
19923
20078
19950
19953
19923
19812
19701
19772
19598
19621
19302
19570
19592
19275
18839
19102
18826
18715
18885
18445
17986
17837
17529
17434
16894
16518
16251
15719
15097
14557
14144
13611
13416
12930
12541
12520
12613
12570
12814
13207
13422
13908
13725
14082
14368
13935
13846
13317
12972
12669
12537
12545
12596
12632
13219
13387
13708
14448
14864
15295
15860
16324
16774
16886
17454
17773
17923
18279
18227
18636
18870
18924
19156
19178
19226
19492
19261
19721
19565
19740
19775
20002
19665
19906
19901
20143
19797
19799
20439
19917
20006
20458
20050
20233
20311
19972
20042
20358
20303
20349
20287
20238
20313
20361
20230
20350
20297
20231
20286
20267
20440
20444
20223
20380
20303
20494
20565
20151
20358
20576
20436
20393
20370
20184
20544
20412
20622
20402
20229
20673
20316
20597
20503
20395
20487
20457
20525
20491
20660
20535
20629
20317
20585
20684
20458
20405
20299
20533
20527
20743
20652
20792
20680
20582
20663
20405
20378
20656
20768
20662
20561
20777
20660
20666
20705
20513
20577
20747
20796
20680
20795
20749
20802
20590
20888
20682
20775
20845
20524
20613
20774
20656
20758
20735
20777
20513
20443
20807
20903
20921
20516
20420
20585
20891
20674
20857
20621
20667
20679
20812
20620
20730
20646
20740
20657
20682
20625
20397
20571
20744
20828
20457
20592
20635
20516
20627
20575
20659
20632
20703
20663
20832
20632
20597
20586
20611
20799
20672
20866
20583
20857
20795
20654
20755
20797
20530
20644
20932
20858
20895
20654
20619
20651
20839
20727
20687
20727
20720
20798
20582
20945
20643
20873
20998
20786
20583
20821
20794
20715
20764
20885
21016
20920
20682
20809
20735
20655
20872
21051
20735
20866
21077
20688
20803
20684
20603
20750
20664
20773
20752
20854
20924
20609
20452
20496
20707
20789
20957
20501
20627
20601
20692
