20550
20446
20478
20669
20608
20576
20445
20552
20539
20417
20442
20436
20392
20655
20560
20564
20295
20761
20485
20141
20301
20319
20546
20098
20347
20549
20386
20501
20446
20447
20441
20461
20346
20571
20542
20640
20600
20321
20558
20406
20424
20615
20393
20615
20572
20676
20313
20558
20364
20455
20302
20379
20441
20293
20365
20682
20581
20495
20507
20396
20501
20733
20567
20603
20426
20392
20426
20955
20140
20708
20427
20350
20519
20593
20530
20567
20304
20545
20412
20597
20434
20706
20572
20638
20349
20509
20454
20649
20477
20602
20372
20695
20360
20528
20482
20258
20625
20399
20473
20283
20588
20688
20536
20561
20136
20431
20331
20487
20466
20806
20765
20190
20378
20495
20608
20370
20462
20401
20321
20512
20421
20493
20647
20695
20452
20333
20454
20362
20548
20543
20489
20246
20442
20327
20526
20211
20295
20243
20432
20280
20540
20454
20518
20549
20221
20703
20342
20276
20350
20620
20290
20262
20318
20586
20637
20389
20305
20126
20321
20369
20390
20452
20402
20266
20405
20207
20304
20496
20617
20626
20328
20265
20308
20563
20489
20249
20146
20760
20302
20311
20392
20465
20298
20364
20543
20252
20524
20234
20331
20201
20181
20288
20140
20463
20107
20055
20040
20109
20164
20429
20399
20131
20015
20340
20222
20335
20127
19974
19722
20010
19905
19759
19687
19632
19654
19692
19705
19691
19539
19726
19279
19191
19143
18885
18598
18524
17826
17875
17230
16570
16377
15734
14878
14319
13859
13259
12674
12497
12224
12102
11979
12102
12485
12945
13549
13912
14280
14365
14228
14006
13558
13096
12681
12273
12208
12107
12202
12389
12890
13095
13469
14225
14776
15393
16181
16720
17103
17930
17977
18474
18640
18672
19207
19185
19244
19386
19288
19637
19818
19432
19760
19902
20040
19802
20062
19844
20064
20058
20229
19975
20270
20145
20283
20383
20242
20422
20097
20107
20036
20270
20454
20293
20381
20269
20301
20325
20082
20345
20054
20299
20429
20220
20286
20341
20293
20183
20579
20449
20467
20280
20298
20408
20392
20377
20574
20180
20474
20266
20525
20441
20340
20349
20574
20430
20530
19992
20664
20320
20497
20491
20311
20237
20482
20635
20404
20316
20704
20374
20250
20600
20235
20400
20381
20583
20250
20444
20550
20312
20311
20246
20453
20116
20319
20527
20609
20244
20406
20391
20324
20532
20343
20308
20551
20256
20355
20413
20211
20468
20533
20661
20189
20335
20354
20597
20436
20442
20664
20510
20483
20553
20658
20592
20437
20420
20494
20449
20424
20501
20505
20735
20705
20535
20400
20512
20506
20784
20480
20524
20535
20488
20437
20368
20310
20365
20436
20592
20521
20601
20421
20467
20538
20702
20742
20588
20151
20410
20441
20421
20476
20493
20546
20656
20677
20633
20231
20623
20253
20422
20086
20579
20718
20412
20380
20471
20518
20495
20354
20461
20381
20514
20556
20676
20368
20558
20396
20236
20680
20491
20435
20354
20591
20490
20565
20377
20444
20553
20646
20437
20424
20429
20499
20421
20098
20552
20606
20354
20402
20531
20572
20325
20619
20523
20709
20594
20377
20635
20175
20449
20643
20329
20346
20406
20493
20351
20400
20424
20803
20320
20360
20618
20729
20664
20504
20242
20507
20542
20645
20471
20347
20298
20464
20669
20540
20464
20329
20382
20392
20492
20461
20493
20419
20486
20445
20562
20462
20566
20506
20413
20430
20725
20626
20509
20349
20385
20358
20375
20345
20314
20594
20521
20531
20643
20372
20257
20307
20404
20635
20556
20595
20328
20566
20505
20525
20570
20505
20647
20490
20424
20409
20373
20593
20446
20497
20399
20385
20480
20690
20352
20701
20477
20487
20370
20317
20221
20462
20380
20567
20476
20343
20523
20395
20481
20243
20381
20265
20668
20403
20576
20565
20387
20372
20634
20341
20373
20426
20618
20566
20357
20561
20505
20643
20389
20591
20299
20464
20556
20470
20635
20531
20526
20360
20428
20400
20629
20427
20474
20378
20468
20108
20594
20720
20483
20571
20288
20424
20459
20348
20409
20200
20285
20668
20336
20321
20466
20393
20567
20564
20526
20484
20487
20464
20409
20283
20526
20451
20493
20571
20102
20199
20845
20325
20467
20206
20321
20634
20412
20274
20504
20468
20614
20299
20268
20293
20424
20491
20545
20347
20263
20353
20523
20337
20421
20363
20309
20323
20549
20276
20433
20133
20340
20158
20417
20617
20536
20388
20492
20290
20455
20457
20377
20541
20140
20141
20462
20199
20179
20528
20455
20271
20415
20523
20390
20427
20364
20331
20464
20271
20532
20471
20165
20144
20183
20342
20341
20088
20180
20363
20479
20175
20357
20187
20400
20232
20054
20288
20072
20208
20131
20040
19950
20017
19910
19911
20143
20142
19894
20002
19684
19705
19886
19533
19816
19582
19752
19492
19480
19517
19304
18742
19049
18810
18529
18215
18199
17673
17251
16739
16055
15638
14899
14649
13669
13162
12834
12461
12067
11871
12050
11823
12337
12593
13056
13722
14164
14205
14320
13892
13665
12971
12741
12214
12198
11996
12044
12381
12460
12899
13552
14196
14766
15356
15922
16409
17282
17749
17974
18243
18567
18670
18622
19122
19219
19211
19384
19691
19736
19913
19737
19967
19577
19814
20123
19594
19667
19907
19995
20191
20148
20031
19898
20130
20229
20052
20184
19839
20218
20200
20136
20153
20292
20152
20269
20109
20271
20019
20213
20302
20334
20198
20257
20193
20261
20187
20270
20336
20384
20295
20360
20251
20400
20473
20540
20295
20278
20394
20371
20472
20349
20390
20421
20198
20525
20487
20282
20651
20372
20265
20192
20487
20328
20504
20245
20472
20576
20193
20502
20244
20492
20098
20420
20328
20621
20436
20290
20441
20210
20199
20146
20405
20430
20344
20324
20563
20650
20438
20383
20384
20586
20496
20655
20492
20443
20441
20387
20682
20410
20432
20408
20848
20529
20260
20559
20299
20659
20558
20264
20536
20412
20282
20222
20709
20502
20525
20424
20449
20363
20665
20545
20416
20425
20424
20493
20319
20544
20523
20437
20482
20455
20451
20369
20159
20489
20778
20540
20344
20447
20656
20517
20591
20339
20444
20483
20324
20412
20542
20642
20343
20475
20410
20209
20443
20216
20399
20532
20618
20351
20317
20505
20264
20556
20397
20597
20457
20645
20417
20498
20428
20298
20490
20521
20322
20432
20470
20236
20613
20507
20408
20283
20344
20406
20560
20362
20475
20474
20829
20298
20406
20475
20501
20245
20338
20449
20601
20504
20737
20501
20377
20563
20566
20609
20417
20578
20473
20524
20554
20549
20434
20743
20358
20133
20239
20669
20621
