80886
81018
80976
80649
80901
80789
81023
81165
80815
80809
80586
80842
80977
80800
80702
80512
80300
80845
80632
81340
81032
80960
80770
80891
80563
81174
81207
81114
80724
80855
80827
81152
80760
80963
81268
81109
81359
81059
81325
81325
80470
81282
81129
81158
80720
80977
81019
80575
81286
81370
81125
80590
81086
80402
80871
81346
81082
80879
81189
80944
80915
80703
80936
81348
80899
80909
80264
80802
80353
80902
80798
81067
81712
80819
81106
81069
81056
80984
80662
81167
80613
81022
80874
80657
81211
80371
81047
81079
80856
80506
80757
80641
81141
80982
80642
81156
81214
81324
81559
80739
81062
80664
81042
81467
80582
81101
80942
80466
81150
80899
80952
81001
81558
81224
81022
81021
81298
80758
80936
81092
81387
81004
80943
80566
80975
81093
80843
81087
80865
80935
80949
81133
81239
81013
80945
80677
80284
81033
81361
80789
80809
81369
80289
80700
81378
81059
80590
80421
80647
81216
81051
80520
80422
81071
80745
81248
81203
80935
80846
81120
80765
80179
80956
80521
80307
80923
80474
80962
80957
80418
80649
80890
80607
80954
80635
80750
80310
80756
80454
80289
80466
80697
80542
79587
79968
80432
80312
80115
80198
80248
80167
79982
80430
80416
80020
80107
79344
79964
80214
79294
79292
79598
79455
79952
79424
79524
78893
78801
79132
79275
78843
78684
78856
78939
78487
78109
77470
77745
77224
77623
76487
76166
75491
74892
74586
72866
71490
70079
68645
67147
64770
62123
59643
56878
55566
52933
50840
49148
48218
47446
48073
48017
48991
50802
53296
54748
56060
56631
56388
55347
53275
51192
49514
48000
47555
47544
47776
48368
49690
51990
53891
55907
59071
60991
63797
65525
67404
70378
71000
72447
73402
74400
75022
75511
76686
77254
76759
77258
77802
77845
78307
78110
78845
78947
78878
79034
79383
78721
79112
79272
79128
79423
79177
80134
79250
79413
80335
79861
79833
79601
79989
80264
80751
80153
80675
79879
80342
80489
80308
80365
80283
80215
80502
80853
80788
80750
80772
80379
80139
81055
80769
80697
80269
80911
80343
80106
80652
80444
80338
79858
80917
80821
80385
80901
80235
81145
80831
80570
79983
80956
81116
80728
81072
80693
80997
80633
80376
81164
81329
80994
80564
80454
81652
80815
80578
80673
80554
81258
81305
80715
80486
80730
81287
80499
80695
81077
81084
80754
80378
81035
80564
80954
80586
81142
80902
81312
80931
80974
81414
80969
80402
81157
81496
80837
80713
81001
81188
81248
80923
80734
80688
80951
80702
80774
80867
81297
81050
81253
81191
80851
81692
81787
80872
81328
81349
81381
80886
80847
81045
80750
80978
81293
81488
80915
80874
81037
81394
80541
80914
81235
81203
80888
81255
81319
80760
81130
80942
80912
81291
81144
81351
81047
80992
81117
81080
80750
81433
80975
81086
81221
81091
80856
80528
80950
80924
81112
81071
80820
80450
80980
81167
81246
81007
81076
81410
81156
80945
81272
81121
81021
80863
80873
80844
81071
80867
81324
81196
81128
80772
80915
80893
81383
80923
81126
80932
80803
81276
81086
81062
81135
80994
81313
80595
80621
80900
81273
81057
80855
81203
81213
81153
81540
81481
81309
81573
81063
80925
81410
80783
81245
81107
81028
81045
81323
81471
81105
81361
81050
80980
81545
81190
80829
81233
80835
81118
81062
81077
81089
81101
81212
81181
80869
81184
81106
80687
80989
81323
80582
81281
80749
80928
81329
81251
80696
81092
80464
81169
81207
81063
81005
80991
81011
81161
81145
80578
81243
80743
80676
80681
81620
80948
81103
80393
80997
81328
80134
80856
81384
81009
80549
80824
81247
80933
80975
81074
80788
80972
81169
80941
80645
80779
81044
80715
81718
81113
81566
81032
80481
80551
81316
81015
81185
81243
81151
80624
80559
80699
81094
81124
80786
81315
80302
80912
80929
80356
81076
81185
80627
80872
81089
81202
80931
80503
81097
80804
80904
80980
80919
81318
81000
81113
80842
81235
81093
80780
81443
80246
80978
80942
80060
80806
80582
80431
80765
80751
80591
80572
80907
80491
80595
80750
80794
81226
81024
80699
80511
80934
80956
80848
80385
80513
80367
81435
80915
81278
80045
80884
80520
80482
80881
80797
81238
80826
81096
80760
80578
80826
80951
80773
80837
80953
80833
80023
80675
81021
80836
80735
80298
80994
81170
80562
80593
80837
80377
80876
80545
80631
80860
80183
80419
81207
80312
80086
81446
80432
80584
80153
81045
79980
80449
80466
80585
80800
80277
81000
80362
80350
79865
80168
80223
80563
80737
80043
80128
80120
79855
80560
79976
80084
80361
80287
80205
80349
80617
80136
79943
80215
79883
80250
79357
79427
79153
79988
79140
79311
79513
79120
79501
79582
79434
79140
79087
78771
79570
78665
78873
78685
78847
78293
78282
78404
78391
77831
77408
77184
77592
76531
76490
75488
75116
73755
73230
72508
71145
69893
68421
66687
64411
61958
59482
56988
54944
52415
50447
49076
47751
47472
47215
47815
48934
50183
52683
54128
55952
57001
56096
55323
53187
51441
49926
47959
47317
47014
47487
48371
50017
51719
53247
55873
58233
61398
63451
65601
67894
69405
71086
72442
72863
73917
75173
75410
75948
76572
76606
77190
77523
77226
77833
78344
78214
78268
78191
78529
78977
78572
79423
79594
78733
79070
79018
79332
79201
79332
79137
79746
79377
80016
79928
80359
80222
79779
79760
80113
80223
80079
80408
79996
80181
80807
80502
80018
80120
80221
80641
80060
80454
81005
80320
80618
80010
80112
80008
80653
80579
80697
80945
80386
80181
80721
80174
80475
80231
80472
80223
80218
80575
80565
80734
80262
80802
80561
80875
80276
80628
79852
80232
80843
80291
80760
81072
80776
80486
80328
80714
80205
80523
80465
80617
80712
80676
80849
80673
80607
81009
80132
80656
80521
80745
81029
80587
81299
80751
80644
81145
80769
81124
80825
80612
80937
81043
80479
80958
81324
81260
81157
80595
80371
80508
80887
80117
81261
81154
80463
80775
81047
81068
80894
81275
80513
80578
80701
81062
80909
80391
81097
80552
80325
80726
80768
80611
80736
80721
80867
81123
80777
80457
80811
80796
80727
80892
80350
80704
80731
80942
80773
80818
80901
81167
80582
80955
80568
80879
80768
81149
80655
80859
81031
80729
81183
80360
81051
81045
81114
80838
79936
81192
80713
81211
81346
81253
81187
80501
81170
80649
81123
81046
80930
81080
80623
80799
80819
80610
80967
81203
80666
80948
81208
81166
80949
81292
81467
80601
80624
81629
81418
81015
81091
80864
80830
81022
80910
80969
81212
81398
80994
80976
81319
81046
80931
80465
81002
81252
80946
