20475
20620
20425
20340
20515
20438
20392
20696
20495
20549
20605
20544
20486
20447
20648
20524
20775
20437
20283
20648
20699
20592
20489
20465
20428
20296
20599
20525
20604
20629
20364
20391
20472
20225
20499
20788
20883
20396
20824
20475
20691
20489
20385
20625
20516
20262
20390
20509
20427
20736
20558
20491
20335
20448
20747
20243
20461
20634
20728
20369
20591
20436
20344
20421
20387
20541
20571
20518
20520
20389
20488
20375
20638
20582
20597
20345
20655
20635
20697
20477
20522
20521
20487
20469
20452
20296
20458
20476
20402
20491
20627
20447
20564
20438
20741
20388
20279
20684
20737
20450
20553
20561
20597
20219
20544
20551
20455
20594
20652
20559
20423
20277
20485
20438
20432
20583
20583
20577
20546
20386
20501
20537
20459
20599
20810
20685
20447
20481
20691
20634
20628
20412
20432
20550
20507
20309
20674
20289
20597
20265
20659
20244
20494
20690
20345
20507
20454
20581
20480
20309
20486
20292
20715
20270
20477
20387
20269
20558
20536
20429
20222
20712
20145
20512
20657
20539
20616
20423
20371
20305
20554
20425
20420
20315
20219
20441
20110
20513
20293
20284
20450
20403
20344
20306
20272
20187
20168
20223
19940
20598
20611
20100
19983
20396
20242
20269
20005
20235
20257
20222
20245
20134
20248
19992
19934
20258
19964
19898
19885
19728
19845
19804
19964
19884
19540
20008
19567
19348
19493
19366
19345
19562
19064
18987
18838
18551
18220
17837
17582
17060
16421
15814
15058
14695
13863
13615
12890
12508
12255
12242
11985
12162
12466
12831
13220
13965
14129
14313
14473
14360
13918
13135
12492
12066
12092
12022
12069
12275
12649
13286
13744
14274
14816
15396
16080
16793
16875
17609
17851
18263
18553
18805
19030
19206
19482
19474
19252
19624
19653
19990
19707
19821
19747
19806
20089
19795
20036
20156
20131
19827
20090
20201
20304
19929
20124
20133
20212
20079
20321
20127
20033
20016
20204
20385
20577
20288
20191
20332
20219
20218
20355
20535
20199
20152
20425
20421
20421
20663
20514
20516
20350
20590
20227
20542
20562
20639
20526
20556
20751
20345
20440
20492
20640
20464
20448
20642
20241
19960
20438
20510
20439
20588
20417
20642
20217
20633
20575
20457
20458
20364
20475
20531
20282
20525
20429
20387
20839
20572
20562
20547
20410
20386
20408
20581
20315
20878
20556
20296
20550
20574
20524
20547
20391
20568
20577
20622
20616
20666
20267
20415
20515
20432
20072
20265
20565
20642
20553
20562
20379
20458
20584
20638
20557
20420
20611
20285
20450
20650
20239
20435
20790
20339
20614
20444
20384
20490
20597
20951
20589
20340
20538
20597
20410
20622
20543
20711
20502
20539
20523
20584
20571
20525
20722
20488
20574
20796
20440
20285
20506
20561
20608
20403
20525
20550
20290
20518
20426
20452
20591
20352
20584
20897
20471
20447
20237
20492
20457
20318
20378
20776
20680
20484
20559
20698
20618
20670
20493
20445
20542
20460
20608
20357
20459
20521
20776
20672
20438
20536
20219
20702
20636
20539
20484
20535
20557
20319
20309
20408
20722
20506
20635
20405
20362
20501
20399
20514
20199
20433
20339
20549
20607
20523
20536
20670
20525
20321
20688
20737
20588
20638
20750
20541
20610
20642
20655
20829
20616
20660
20651
20277
20563
20412
20537
20420
20555
20379
20523
20513
20631
20482
20462
20720
20664
20344
20328
20693
20481
20416
20325
20499
20439
20426
20513
20376
20445
20459
20276
20472
20575
20291
20682
20350
20606
20479
20652
20468
20584
20266
20239
20602
20660
20702
20489
20551
20575
20533
20168
20335
20366
20228
20705
20205
20618
20395
20291
20512
20166
20666
20233
20081
20469
20335
20623
20667
20554
20453
20355
20444
20209
20573
20749
20517
20488
20535
20572
20468
20371
20498
20272
20301
20421
20533
20287
20509
20411
20445
20480
20660
20432
20462
20626
20464
20417
20404
20278
20623
20508
20341
20283
20325
20432
20438
20292
20686
20522
20249
20476
20039
20438
20178
20531
20485
20687
20673
20140
20459
20644
20561
20549
20180
20382
20408
20490
20375
20521
20329
20383
20291
20493
20596
20248
20271
20410
20343
20202
20374
20196
20533
20333
20488
20567
20537
20472
20530
20223
20286
20582
20329
20517
20258
20301
20516
20504
20070
20578
20634
20262
20328
20354
20307
20300
20219
20254
20446
20386
20256
20233
20338
20379
20495
20411
20503
20389
20387
20475
20369
20189
20351
20351
20271
20055
20062
20277
20619
20554
20271
20430
20419
20307
20523
20334
20323
20361
20247
20309
20634
20280
20473
20242
20404
20340
20317
20329
20485
20172
20309
20168
20189
20244
20512
20101
20080
20140
19995
20016
20380
20067
20077
20095
20007
20095
19977
19950
20130
19998
19813
20070
20061
19638
20031
19772
19626
19393
19636
19436
19697
19499
19238
19338
18926
18675
18734
18381
18068
17638
17506
16999
16334
15865
14903
14477
13960
13302
12781
12542
12169
12038
12092
11919
12247
12746
13260
13799
14344
14457
14342
13907
13632
13142
12485
12273
12091
11994
12028
12229
12591
12983
13608
14475
14979
15558
16029
16684
17310
17489
18166
18296
18584
18603
18967
19263
19188
19208
19503
19549
19716
19567
19846
19833
19711
19790
19743
19872
19789
19843
20228
20007
20067
20153
19952
20213
19853
20318
20218
20201
20138
20248
19982
20259
20157
20311
20239
19948
20085
19912
20119
20422
20218
20381
20028
20475
20513
20494
20362
20493
20298
20555
20266
20102
20485
20373
20244
20285
20452
20376
20364
20471
20535
20473
20188
20548
20357
20079
20127
20428
20598
20316
20337
20277
20382
20440
20431
20035
20320
20607
20614
20332
20293
20178
20120
20196
20488
20532
20477
20539
20329
20740
20205
20552
20397
20257
20420
20365
20272
20328
20587
20354
20392
20518
20578
20618
20631
20241
20484
20346
20540
20391
20444
20356
20253
20364
20523
20553
20574
20360
20330
20332
20661
20458
20423
20564
20376
20482
20532
20609
20396
20323
20238
20534
20154
20529
20727
20237
20467
20405
20338
20379
20495
20171
20378
20379
20559
20388
20426
20500
20715
20537
20257
20639
20416
20627
20290
20641
20516
20475
20691
20489
20561
20342
20520
20473
20483
20624
20459
20627
20631
20296
20548
20150
20346
20635
20533
20370
20401
20483
20359
20568
20388
20500
20436
20525
20441
20629
20462
20544
20492
20496
20191
20699
20643
20584
20154
20562
20520
20703
20630
20136
20145
20417
20479
20528
20630
20561
20703
20677
20358
20493
20635
20330
20481
20698
20460
20811
20344
20333
20322
20417
20694
20475
20618
20388
20454
20396
