22216
22308
22090
22270
22196
22414
22356
22147
22406
22086
22072
22257
22410
22187
22394
22134
22051
22176
22273
22043
22417
22129
22087
22315
22126
22284
22199
21871
22485
22001
22435
22416
22222
22518
22544
22431
22209
22199
22272
22156
22020
22217
22250
22180
22167
22594
22082
22161
22310
22383
22189
22184
22378
22178
22101
22228
22105
22215
22164
22401
22306
22137
22196
22062
22194
22042
22282
22197
22204
22222
22217
22025
22258
22210
22247
22393
22315
22151
22102
22135
22242
22046
21998
22210
22136
22269
22136
22313
21821
22205
22371
22125
22082
22174
22508
22238
22206
21926
22029
21924
22279
22246
22090
22248
22258
22549
22290
22201
22565
22311
22318
22333
22551
22237
22526
22337
21974
22184
22132
22322
22210
22086
22331
22478
22302
22264
22259
22262
22136
22252
22306
22265
22325
22210
22204
22466
22033
22164
22309
22251
21972
22076
21997
22616
22008
22312
22246
22099
22101
22114
22209
22403
22429
22469
21993
22143
22143
22016
22359
22314
22031
21829
22237
22453
22081
22130
22102
22138
22039
22056
22302
22554
22100
22074
22027
22271
22120
22187
22190
22174
21968
22141
22187
22059
22041
21968
22446
22073
21927
21875
22141
21953
22113
22268
22380
21743
21906
21906
21944
21846
21951
21662
22149
22214
21628
22002
21809
21860
21786
21668
21883
21544
21948
21815
21386
21122
21192
21643
21469
21261
21208
20733
21075
20557
20404
20425
19867
19515
19212
18354
18202
17579
16865
16138
15362
14805
14233
13656
13362
13359
13343
13279
13822
13855
14809
15310
15628
15985
15941
15903
15035
14573
14106
13496
13466
13258
13616
13678
14101
14429
15127
15667
16462
16806
17651
18323
18772
19355
19728
19767
20400
20361
20518
20835
20977
20958
21454
21265
21379
21452
21477
21443
21421
21564
21531
21620
21358
21757
21876
21793
21759
21829
21995
21833
21862
21847
22007
21802
21937
21691
21971
21815
22061
22103
22060
21985
21886
21934
21951
22113
22151
22202
22157
21839
21988
22205
22418
21961
22048
22147
21793
22114
22161
22282
22071
21882
22068
22062
22135
22232
22089
22085
22222
22071
22121
22280
21996
22271
21983
22060
22260
22125
22176
22721
22334
22411
21917
22104
22085
22187
22249
22356
22168
22237
22275
22413
22259
22060
22016
22415
22182
22275
22319
22360
22305
22107
22384
22618
22249
22207
22170
22197
22046
22347
22361
22167
22054
22240
22414
22271
22333
22247
22314
22238
22313
22212
22134
22167
22333
22383
22234
21990
22435
22174
22070
22218
22113
22270
22125
22171
21944
22370
22250
22333
22556
22197
22456
22270
22436
22242
22305
22369
22221
22318
22377
22145
22153
22211
22152
22172
22173
22477
22375
22334
22220
22098
22328
22198
22082
22500
22623
22288
22161
22129
22202
22394
22088
22467
21918
22079
22376
22251
22427
22392
22176
22235
22361
22145
22169
22156
22044
22021
22460
22261
22012
22173
22477
22232
22425
22511
22445
22397
22208
22389
22203
22406
21945
22329
22464
22354
22084
22234
22302
22270
22617
22241
22077
22316
22246
22229
22146
22399
22277
22071
22180
22089
22166
22061
22195
22249
22358
21921
22270
22371
22158
22465
22319
22086
22229
22118
22620
22064
22097
22154
22358
22045
22370
21953
22307
21925
22297
22398
22305
21980
21863
22481
22219
22182
22180
22412
22198
22150
22522
22322
22345
21956
22179
22240
22122
22207
22478
22337
22146
22456
22440
22146
22201
22221
21800
22036
22450
22123
22223
22345
22248
22322
22342
21960
22136
22311
22186
22424
21952
22331
22598
22033
22224
22283
22024
21986
22246
22253
22159
22168
22467
22238
22400
22290
22377
22198
22155
22283
22245
22296
21890
22372
22194
22126
22521
22287
22311
22210
22097
22236
22210
22098
22181
22079
22063
22251
22371
21963
22114
22098
22343
22092
22219
21987
21894
22249
22323
21980
22067
22510
21993
22031
22263
22127
22209
22005
22187
21940
22323
22038
22188
22384
22352
22279
22349
22406
22096
22227
22199
22040
22078
22237
22320
22182
22234
22339
22101
22519
22047
22167
21996
22010
22409
22085
22384
22268
21943
21868
22026
22097
22235
22446
22061
22229
22112
22343
21950
22349
22199
21893
22152
22237
22151
22118
22066
21857
22236
22126
22103
22304
22237
22260
22295
21764
22092
22007
22221
22080
22098
22041
22303
22241
22008
22182
22022
22028
22184
21895
22263
22098
21922
21934
21982
21734
22015
21918
22101
21929
22104
22173
22131
21916
22024
21966
22040
21933
22099
22200
22087
21939
22057
22081
22050
22110
22200
22165
22186
21921
21820
22105
21808
22026
21791
21797
22254
21895
21909
22297
21531
21733
21767
21885
21986
21695
21598
21855
21803
21393
21935
21563
21564
21560
21651
21733
21681
21619
21574
21397
21613
21255
21349
21144
20991
21026
20565
20731
20613
20619
20102
19773
19492
19158
18427
17701
17259
16668
16085
15220
14610
14135
13744
13513
13251
13345
13591
13613
13879
14744
15304
15774
15867
15980
15509
14668
14289
14071
13421
13212
13364
13425
13685
14054
14518
15140
15512
16447
17027
17932
18424
18795
19143
19730
20136
20283
20574
20706
21117
20940
20991
21352
21049
21229
21224
21346
21454
21578
21628
21460
21640
21608
21673
22048
21667
21639
21877
21806
21920
21766
21970
21743
21957
21819
21821
21970
22162
22059
21832
21791
22124
22141
21994
22031
21931
21743
22080
21939
21952
22365
21867
21912
21852
21950
22193
22030
22106
22043
21947
22041
22116
22308
22142
22110
22059
22054
22190
22221
21753
22077
22396
21937
21946
21823
22166
22141
22116
22232
21874
22023
22003
22077
22083
22132
22083
22339
22202
21838
21933
22320
22177
22075
22153
21999
22050
22150
22300
22136
22214
22188
22309
21757
22058
21895
22192
22268
22007
22097
22274
22341
22319
22343
21963
22211
22233
22313
22210
22144
21884
21943
22521
22279
22216
22404
22435
22212
21949
22533
22184
21947
22006
22309
22094
22326
22029
22247
22218
21985
22069
22151
22282
22239
21991
22248
22182
22335
22163
22386
22274
22093
22275
22405
22118
22358
22331
22357
22198
21988
22241
22409
22236
22155
22055
22166
22012
22164
22061
22467
22121
22075
21966
22052
22219
22307
22210
22343
22465
22315
22262
22335
22217
22352
22388
22343
22441
22262
22082
22090
22146
22088
22418
22331
22025
22316
22202
21963
22292
22294
22297
22171
22022
22343
22208
21904
22347
22325
22379
22234
22132
22203
22085
22441
22153
22254
22098
22193
22120
22214
22303
22453
22359
22145
22178
22584
22163
22255
22100
22194
22065
22327
22229
