86344
86545
85938
86487
86409
85934
86213
86524
86407
86675
86180
86474
85979
85923
86400
86440
86096
86437
85950
86041
87204
85802
86276
86803
86081
86089
86245
85938
86323
86311
86306
86475
86023
85733
85617
86445
86376
86495
86008
85870
86167
86559
86501
86303
86780
86196
86591
86260
85870
86785
86263
86388
86154
86466
86530
85984
86506
86709
86751
86523
86497
86114
86442
86149
86239
86058
86242
86407
86682
86128
86426
85708
86277
86522
86207
86042
86377
86132
86202
86262
86529
86422
86054
86002
86451
86424
86051
86796
86529
86359
86676
86092
86430
86013
86244
86393
86000
86161
86177
85810
86243
86033
85968
86275
86620
86492
86172
86142
85964
86526
86345
86003
86103
85840
86408
86494
86105
86031
85933
86311
86058
86468
86145
85970
85966
86578
86242
85891
86204
86035
85926
86558
86324
86329
85812
85333
85410
84876
84994
84628
82644
81414
79142
76883
75488
77278
80156
81936
83288
84383
84720
84937
85188
85734
85350
85921
85757
85899
86040
85880
86187
86319
85959
85932
85776
86271
86128
86056
85906
86130
86496
86354
86176
86175
85964
86209
86284
85814
85848
85820
85437
85975
86107
85338
85312
85145
84831
83871
83050
81709
78886
77511
78380
80126
82145
83098
84481
85206
85184
85407
85749
85943
85949
86166
85943
86075
86060
86227
86296
86495
86520
85724
86044
85941
85914
87002
86320
86294
86271
86499
86184
86509
86450
86319
86727
85959
86043
86052
85799
86184
85954
86321
85836
85561
85693
85227
84498
84011
82572
82364
82264
83430
84222
84311
86185
86165
85786
85758
85611
85819
86040
86052
86289
85771
86389
85502
85894
86399
86118
86105
86325
86000
85979
86368
85797
85828
86553
86096
86111
85498
85928
85261
84732
83377
83094
81941
82218
83987
84750
85175
85305
86049
85421
85846
85525
86379
86553
86129
85914
86522
86673
86060
86271
86035
85782
85917
86182
86063
86414
86148
85998
86764
86310
86099
86267
86489
85908
86307
86039
86298
86194
86124
85479
86049
86302
85308
84925
85019
84561
83257
82178
79390
77622
77663
79736
81160
83458
84056
84340
85268
85118
85523
86104
85992
86001
85593
86049
85660
86344
85931
86509
86273
86445
85961
85794
85986
85539
85887
86448
86230
86147
85760
86168
85823
86132
85460
85931
85876
86123
85840
85686
85701
84963
84630
84532
84354
83157
81742
79433
76736
75543
77874
80446
82008
83562
84023
84853
85244
85314
85854
85510
86154
85700
85826
86086
85929
85805
86143
86078
85573
85968
85981
86431
86130
86215
86170
85973
86329
86002
86294
86161
86638
86682
85521
86641
86181
86440
85968
86096
86247
86336
86290
85931
86618
86028
86356
86359
86126
86107
86466
86893
86095
86069
86187
86543
86245
86890
86281
86510
85965
86643
86754
86030
86791
86299
86081
86302
87019
86587
86133
85881
86298
86003
86214
86522
86531
85993
86307
85809
86066
86094
86578
85974
86261
86334
86371
86433
86315
86175
86657
85730
86315
86085
86396
85939
86290
86266
85763
86367
86324
86337
85884
86312
86811
86296
86778
86090
85646
86403
86533
86292
86165
86834
86565
86485
86707
85813
86025
86664
86051
86478
85954
86742
86418
86151
86063
86320
85910
86374
86911
86451
86287
86042
86195
86287
85874
86480
86050
86211
86664
86673
86142
86568
86315
86230
86224
86157
85956
86145
86532
85699
85653
85678
86310
86469
85944
85958
86986
86183
86104
86191
85956
85995
86497
86198
85874
86317
86254
86280
86213
86274
86603
86142
86198
86153
85812
85831
86223
86247
86301
86484
86095
86023
85896
85765
86028
86221
86066
86244
86014
86039
85937
85761
86104
85914
86345
85875
86286
86251
86216
85998
86299
86084
86099
85852
85845
86261
86508
86308
85921
86143
85846
85782
86765
86204
86519
86222
85951
86665
85756
86451
86059
86037
86396
85812
86060
86393
86105
85561
85738
85929
85889
86139
86090
86245
85554
86413
86150
85851
86205
86567
85912
85951
86085
86049
86097
86523
86041
85964
86366
85679
86029
86500
86114
85887
86405
86238
85657
86456
86221
86340
86200
86304
85808
86110
86133
86490
85568
86069
85695
85460
85187
85582
85186
84516
84320
84346
83592
82985
80314
78205
75482
75868
78558
80580
82726
83798
84486
85175
85382
85496
84885
85598
85591
85212
85159
85451
85650
85631
85896
85878
86102
86027
86277
86392
85756
85725
86038
85882
85715
85873
86220
85857
86121
85881
85543
85843
85361
85756
85537
85984
84989
85061
84597
83598
83056
81664
79638
77550
77104
78611
80997
82986
83947
84499
84884
85463
85655
85494
85526
85740
85610
86064
85931
85692
85861
85993
85731
85824
85258
86013
85894
85489
85975
85230
85947
85803
85723
85962
85637
85915
85938
85619
86542
85582
85814
86141
85525
85451
85523
85422
85252
85200
84487
84003
82623
82015
81912
83159
83893
85279
85333
85322
85367
85578
85803
85829
86166
85581
86324
85759
85791
85792
86094
85781
86053
85729
85596
85767
86717
85709
86066
85856
85740
86251
85216
85701
85123
85051
84597
84045
82856
82022
81866
83222
84124
84836
85952
85738
85689
85472
85915
85928
85976
85660
85953
85267
85619
85395
86402
86144
85397
85961
86199
86160
85582
85929
85916
86012
85572
86665
86563
86002
85669
86272
85679
85472
85901
85801
85326
85949
85425
85660
85175
85120
84478
84106
82396
80948
78449
77191
78127
80106
82034
83274
83938
84497
85040
84775
85476
85893
85768
86076
85687
85482
86182
85724
86116
86667
85840
86229
85825
86168
86061
86143
86427
85674
85874
85835
86069
85854
85699
86236
86342
86382
85527
85840
85676
85628
85304
84760
84315
84163
83385
82253
80505
77853
75757
75459
78364
81129
82420
84108
84681
84849
85260
84959
85106
85284
86003
86133
85730
85587
86060
85450
86038
85699
85876
85435
86323
85857
85433
85921
86141
86467
85669
86046
86232
85597
86273
86147
86095
86009
86055
86024
86418
86249
86274
85852
86222
86109
86233
86450
86039
85656
85808
86172
86037
86235
86503
86063
86322
85958
86800
86094
86763
86470
86263
86037
86162
85668
86147
86033
86100
85876
86509
85617
86080
85819
85705
85950
86490
86043
86173
86508
86321
86567
86305
86068
85642
86165
86297
85765
85988
85955
86328
85808
85979
86553
86075
85840
86325
86078
86408
86157
86108
86209
85796
86297
86904
85921
86584
86039
86025
86120
86364
86378
86218
86181
86664
85795
86631
86045
86545
85994
86301
86217
86445
86402
86190
87064
86375
86409
85967
86214
86049
86209
86562
86055
86278
86514
86237
85910
86188
85995
86164
86420
86595
85786
86178
86216
86060
86074
